0.0,0.0,0.0,0.0,0.0,0.0,0.0,0.0
0.0,0.0,0.0,0.0,0.0,0.0,0.0,0.0
0.0,0.0,0.0,0.0,0.0,0.0,0.0,0.0
0.0,0.0,0.0,0.0,0.0,0.0,0.0,0.0
0.0,0.0,0.0,0.0,0.0,0.0,0.0,0.0
0.0,0.0,0.0,0.0,0.0,0.0,0.0,0.0
0.0,0.0,0.0,0.0,0.0,0.0,0.0,0.0
0.0,0.0,0.0,0.0,0.0,0.0,0.0,0.0
0.0,0.0,0.0,0.0,0.0,0.0,0.0,0.0
0.0,0.0,0.0,0.0,0.0,0.0,0.0,0.0
0.0,0.0,0.0,0.0,0.0,0.0,0.0,0.0
0.0,0.0,0.0,0.0,0.0,0.0,0.0,0.0
0.0,0.0,0.0,0.0,0.0,0.0,0.0,0.0
0.0,0.0,0.0,0.0,0.0,0.0,0.0,0.0
0.0,0.0,0.0,0.0,0.0,0.0,0.0,0.0
0.0,0.0,0.0,0.0,0.0,0.0,0.0,0.0
0.0,0.0,0.0,0.0,0.0,0.0,0.0,0.0
0.0,0.0,0.0,0.0,0.0,0.0,0.0,0.0
0.0,0.0,0.0,0.0,0.0,0.0,0.0,0.0
0.0,0.0,0.0,0.0,0.0,0.0,0.0,0.0
0.0,0.0,0.0,0.0,0.0,0.0,0.0,0.0
0.0,0.0,0.0,0.0,0.0,0.0,0.0,0.0
0.0,0.0,0.0,0.0,0.0,0.0,0.0,0.0
0.0,0.0,0.0,0.0,0.0,0.0,0.0,0.0
0.0,0.0,0.0,0.0,0.0,0.0,0.0,0.0
0.0,0.0,0.0,0.0,0.0,0.0,0.0,0.0
0.0,0.0,0.0,0.0,0.0,0.0,0.0,0.0
0.0,0.0,0.0,0.0,0.0,0.0,0.0,0.0
0.0,0.0,0.0,0.0,0.0,0.0,0.0,0.0
0.0,0.0,0.0,0.0,0.0,0.0,0.0,0.0
0.0,0.0,0.0,0.0,0.0,0.0,0.0,0.0
0.0,0.0,0.0,0.0,0.0,0.0,0.0,0.0
0.0,0.0,0.0,0.0,0.0,0.0,0.0,0.0
0.0,0.0,0.0,0.0,0.0,0.0,0.0,0.0
0.0,0.0,0.0,0.0,0.0,0.0,0.0,0.0
0.0,0.0,0.0,0.0,0.0,0.0,0.0,0.0
3.5,3.5,3.5,3.5,3.5,3.5,3.5,3.5
3.5,3.5,3.5,3.5,3.5,3.5,3.5,3.5
3.5,3.5,3.5,3.5,3.5,3.5,3.5,3.5
3.5,3.5,3.5,3.5,3.5,3.5,3.5,3.5
12.8,12.8,12.8,12.8,12.8,12.8,12.8,12.8
12.8,12.8,12.8,12.8,12.8,12.8,12.8,12.8
12.8,12.8,12.8,12.8,12.8,12.8,12.8,12.8
12.8,12.8,12.8,12.8,12.8,12.8,12.8,12.8
81.4,61.0,163.0,59.8,92.1,84.4,117.7,71.2
81.4,61.0,163.0,59.8,92.1,84.4,117.7,71.2
81.4,61.0,163.0,59.8,92.1,84.4,117.7,71.2
81.4,61.0,163.0,59.8,92.1,84.4,117.7,71.2
15.5,15.5,15.5,15.5,15.5,15.5,15.5,15.5
15.5,15.5,15.5,15.5,15.5,15.5,15.5,15.5
15.5,15.5,15.5,15.5,15.5,15.5,15.5,15.5
15.5,15.5,15.5,15.5,15.5,15.5,15.5,15.5
14.6,14.6,14.6,14.6,14.6,14.6,14.6,14.6
14.6,14.6,14.6,14.6,14.6,14.6,14.6,14.6
14.6,14.6,14.6,14.6,14.6,14.6,14.6,14.6
14.6,14.6,14.6,14.6,14.6,14.6,14.6,14.6
84.5,63.5,169.6,70.3,97.4,86.9,122.2,74.8
84.5,63.5,169.6,62.7,97.4,86.9,122.2,74.8
84.5,63.5,169.6,62.7,97.4,86.9,122.2,74.8
84.5,63.5,169.6,62.7,97.4,86.9,122.2,74.8
6.0,6.0,6.0,6.0,6.0,6.0,6.0,6.0
6.0,6.0,6.0,6.0,6.0,6.0,6.0,6.0
6.0,6.0,6.0,6.0,6.0,6.0,6.0,6.0
6.0,6.0,6.0,6.0,6.0,6.0,6.0,6.0
1.7,1.7,1.7,1.7,1.7,1.7,1.7,1.7
1.7,1.7,1.7,1.7,1.7,1.7,1.7,1.7
1.7,1.7,1.7,1.7,1.7,1.7,1.7,1.7
1.7,1.7,1.7,1.7,1.7,1.7,1.7,1.7
0.0,0.0,0.0,0.0,0.0,0.0,0.0,0.0
0.0,0.0,0.0,0.0,0.0,0.0,0.0,0.0
0.0,0.0,0.0,0.0,0.0,0.0,0.0,0.0
0.0,0.0,0.0,0.0,0.0,0.0,0.0,0.0
0.0,0.0,0.0,0.0,0.0,0.0,0.0,0.0
0.0,0.0,0.0,0.0,0.0,0.0,0.0,0.0
0.0,0.0,0.0,0.0,0.0,0.0,0.0,0.0
0.0,0.0,0.0,0.0,0.0,0.0,0.0,0.0
0.0,0.0,0.0,0.0,0.0,0.0,0.0,0.0
0.0,0.0,0.0,0.0,0.0,0.0,0.0,0.0
0.0,0.0,0.0,0.0,0.0,0.0,0.0,0.0
0.0,0.0,0.0,0.0,0.0,0.0,0.0,0.0
0.0,0.0,0.0,0.0,0.0,0.0,0.0,0.0
0.0,0.0,0.0,0.0,0.0,0.0,0.0,0.0
0.0,0.0,0.0,0.0,0.0,0.0,0.0,0.0
0.0,0.0,0.0,0.0,0.0,0.0,0.0,0.0
0.0,0.0,0.0,0.0,0.0,0.0,0.0,0.0
0.0,0.0,0.0,0.0,0.0,0.0,0.0,0.0
0.0,0.0,0.0,0.0,0.0,0.0,0.0,0.0
0.0,0.0,0.0,0.0,0.0,0.0,0.0,0.0
0.0,0.0,0.0,0.0,0.0,0.0,0.0,0.0
0.0,0.0,0.0,0.0,0.0,0.0,0.0,0.0
0.0,0.0,0.0,0.0,0.0,0.0,0.0,0.0
0.0,0.0,0.0,0.0,0.0,0.0,0.0,0.0
0.0,0.0,0.0,0.0,0.0,0.0,0.0,0.0
0.0,0.0,0.0,0.0,0.0,0.0,0.0,0.0
0.0,0.0,0.0,0.0,0.0,0.0,0.0,0.0
0.0,0.0,0.0,0.0,0.0,0.0,0.0,0.0
0.0,0.0,0.0,0.0,0.0,0.0,0.0,0.0
0.0,0.0,0.0,0.0,0.0,0.0,0.0,0.0
0.0,0.0,0.0,0.0,0.0,0.0,0.0,0.0
0.0,0.0,0.0,0.0,0.0,0.0,0.0,0.0
0.0,0.0,0.0,0.0,0.0,0.0,0.0,0.0
0.0,0.0,0.0,0.0,0.0,0.0,0.0,0.0
0.0,0.0,0.0,0.0,0.0,0.0,0.0,0.0
0.0,0.0,0.0,0.0,0.0,0.0,0.0,0.0
0.0,0.0,0.0,0.0,0.0,0.0,0.0,0.0
0.0,0.0,0.0,0.0,0.0,0.0,0.0,0.0
0.0,0.0,0.0,0.0,0.0,0.0,0.0,0.0
0.0,0.0,0.0,0.0,0.0,0.0,0.0,0.0
0.0,0.0,0.0,0.0,0.0,0.0,0.0,0.0
0.0,0.0,0.0,0.0,0.0,0.0,0.0,0.0
0.0,0.0,0.0,0.0,0.0,0.0,0.0,0.0
0.0,0.0,0.0,0.0,0.0,0.0,0.0,0.0
0.0,0.0,0.0,0.0,0.0,0.0,0.0,0.0
0.0,0.0,0.0,0.0,0.0,0.0,0.0,0.0
0.0,0.0,0.0,0.0,0.0,0.0,0.0,0.0
0.0,0.0,0.0,0.0,0.0,0.0,0.0,0.0
0.0,0.0,0.0,0.0,0.0,0.0,0.0,0.0
0.0,0.0,0.0,0.0,0.0,0.0,0.0,0.0
0.0,0.0,0.0,0.0,0.0,0.0,0.0,0.0
0.0,0.0,0.0,0.0,0.0,0.0,0.0,0.0
0.0,0.0,0.0,0.0,0.0,0.0,0.0,0.0
0.0,0.0,0.0,0.0,0.0,0.0,0.0,0.0
0.0,0.0,0.0,0.0,0.0,0.0,0.0,0.0
0.0,0.0,0.0,0.0,0.0,0.0,0.0,0.0
0.0,0.0,0.0,0.0,0.0,0.0,0.0,0.0
0.0,0.0,0.0,0.0,0.0,0.0,0.0,0.0
0.0,0.0,0.0,0.0,0.0,0.0,0.0,0.0
0.0,0.0,0.0,0.0,0.0,0.0,0.0,0.0
0.0,0.0,0.0,0.0,0.0,0.0,0.0,0.0
0.0,0.0,0.0,0.0,0.0,0.0,0.0,0.0
0.0,0.0,0.0,0.0,0.0,0.0,0.0,0.0
0.0,0.0,0.0,0.0,0.0,0.0,0.0,0.0
3.5,3.5,3.5,3.5,3.5,3.5,3.5,3.5
3.5,3.5,3.5,3.5,3.5,3.5,3.5,3.5
3.5,3.5,3.5,3.5,3.5,3.5,3.5,3.5
3.5,3.5,3.5,3.5,3.5,3.5,3.5,3.5
8.7,8.7,8.7,8.7,8.7,8.7,8.7,8.7
8.7,8.7,8.7,8.7,8.7,8.7,8.7,8.7
8.7,8.7,8.7,8.7,8.7,8.7,8.7,8.7
8.7,8.7,8.7,8.7,8.7,8.7,8.7,8.7
13.0,13.0,13.0,13.0,13.0,13.0,13.0,13.0
13.0,13.0,13.0,13.0,13.0,13.0,13.0,13.0
13.0,13.0,13.0,13.0,13.0,13.0,13.0,13.0
13.0,13.0,13.0,13.0,13.0,13.0,13.0,13.0
15.6,15.6,15.6,15.6,15.6,15.6,15.6,15.6
15.6,15.6,15.6,15.6,15.6,15.6,15.6,15.6
15.6,15.6,15.6,15.6,15.6,15.6,15.6,15.6
15.6,15.6,15.6,15.6,15.6,15.6,15.6,15.6
14.7,14.7,14.7,14.7,14.7,14.7,14.7,14.7
14.7,14.7,14.7,14.7,14.7,14.7,14.7,14.7
14.7,14.7,14.7,14.7,14.7,14.7,14.7,14.7
14.7,14.7,14.7,14.7,14.7,14.7,14.7,14.7
687.8,336.0,169.6,62.7,97.4,86.9,278.8,74.8
687.8,336.0,169.6,62.7,97.4,86.9,278.8,74.8
687.8,336.0,169.6,62.7,97.4,86.9,278.8,74.8
687.8,336.0,169.6,62.7,97.4,86.9,122.2,74.8
6.1,6.1,6.1,6.1,6.1,6.1,6.1,6.1
6.1,6.1,6.1,6.1,6.1,6.1,6.1,6.1
6.1,6.1,6.1,6.1,6.1,6.1,6.1,6.1
6.1,6.1,6.1,6.1,6.1,6.1,6.1,6.1
1.8,1.8,1.8,1.8,1.8,1.8,1.8,1.8
1.8,1.8,1.8,1.8,1.8,1.8,1.8,1.8
1.8,1.8,1.8,1.8,1.8,1.8,1.8,1.8
1.8,1.8,1.8,1.8,1.8,1.8,1.8,1.8
0.0,0.0,0.0,0.0,0.0,0.0,0.0,0.0
0.0,0.0,0.0,0.0,0.0,0.0,0.0,0.0
0.0,0.0,0.0,0.0,0.0,0.0,0.0,0.0
0.0,0.0,0.0,0.0,0.0,0.0,0.0,0.0
0.0,0.0,0.0,0.0,0.0,0.0,0.0,0.0
0.0,0.0,0.0,0.0,0.0,0.0,0.0,0.0
0.0,0.0,0.0,0.0,0.0,0.0,0.0,0.0
0.0,0.0,0.0,0.0,0.0,0.0,0.0,0.0
0.0,0.0,0.0,0.0,0.0,0.0,0.0,0.0
0.0,0.0,0.0,0.0,0.0,0.0,0.0,0.0
0.0,0.0,0.0,0.0,0.0,0.0,0.0,0.0
0.0,0.0,0.0,0.0,0.0,0.0,0.0,0.0
0.0,0.0,0.0,0.0,0.0,0.0,0.0,0.0
0.0,0.0,0.0,0.0,0.0,0.0,0.0,0.0
0.0,0.0,0.0,0.0,0.0,0.0,0.0,0.0
0.0,0.0,0.0,0.0,0.0,0.0,0.0,0.0
0.0,0.0,0.0,0.0,0.0,0.0,0.0,0.0
0.0,0.0,0.0,0.0,0.0,0.0,0.0,0.0
0.0,0.0,0.0,0.0,0.0,0.0,0.0,0.0
0.0,0.0,0.0,0.0,0.0,0.0,0.0,0.0
0.0,0.0,0.0,0.0,0.0,0.0,0.0,0.0
0.0,0.0,0.0,0.0,0.0,0.0,0.0,0.0
0.0,0.0,0.0,0.0,0.0,0.0,0.0,0.0
0.0,0.0,0.0,0.0,0.0,0.0,0.0,0.0
0.0,0.0,0.0,0.0,0.0,0.0,0.0,0.0
0.0,0.0,0.0,0.0,0.0,0.0,0.0,0.0
0.0,0.0,0.0,0.0,0.0,0.0,0.0,0.0
0.0,0.0,0.0,0.0,0.0,0.0,0.0,0.0
0.0,0.0,0.0,0.0,0.0,0.0,0.0,0.0
0.0,0.0,0.0,0.0,0.0,0.0,0.0,0.0
0.0,0.0,0.0,0.0,0.0,0.0,0.0,0.0
0.0,0.0,0.0,0.0,0.0,0.0,0.0,0.0
0.0,0.0,0.0,0.0,0.0,0.0,0.0,0.0
0.0,0.0,0.0,0.0,0.0,0.0,0.0,0.0
0.0,0.0,0.0,0.0,0.0,0.0,0.0,0.0
0.0,0.0,0.0,0.0,0.0,0.0,0.0,0.0
0.0,0.0,0.0,0.0,0.0,0.0,0.0,0.0
0.0,0.0,0.0,0.0,0.0,0.0,0.0,0.0
0.0,0.0,0.0,0.0,0.0,0.0,0.0,0.0
0.0,0.0,0.0,0.0,0.0,0.0,0.0,0.0
0.0,0.0,0.0,0.0,0.0,0.0,0.0,0.0
0.0,0.0,0.0,0.0,0.0,0.0,0.0,0.0
0.0,0.0,0.0,0.0,0.0,0.0,0.0,0.0
0.0,0.0,0.0,0.0,0.0,0.0,0.0,0.0
0.0,0.0,0.0,0.0,0.0,0.0,0.0,0.0
0.0,0.0,0.0,0.0,0.0,0.0,0.0,0.0
0.0,0.0,0.0,0.0,0.0,0.0,0.0,0.0
0.0,0.0,0.0,0.0,0.0,0.0,0.0,0.0
0.0,0.0,0.0,0.0,0.0,0.0,0.0,0.0
0.0,0.0,0.0,0.0,0.0,0.0,0.0,0.0
0.0,0.0,0.0,0.0,0.0,0.0,0.0,0.0
0.0,0.0,0.0,0.0,0.0,0.0,0.0,0.0
0.0,0.0,0.0,0.0,0.0,0.0,0.0,0.0
0.0,0.0,0.0,0.0,0.0,0.0,0.0,0.0
0.0,0.0,0.0,0.0,0.0,0.0,0.0,0.0
0.0,0.0,0.0,0.0,0.0,0.0,0.0,0.0
0.0,0.0,0.0,0.0,0.0,0.0,0.0,0.0
0.0,0.0,0.0,0.0,0.0,0.0,0.0,0.0
0.0,0.0,0.0,0.0,0.0,0.0,0.0,0.0
0.0,0.0,0.0,0.0,0.0,0.0,0.0,0.0
0.0,0.0,0.0,0.0,0.0,0.0,0.0,0.0
0.0,0.0,0.0,0.0,0.0,0.0,0.0,0.0
0.0,0.0,0.0,0.0,0.0,0.0,0.0,0.0
0.0,0.0,0.0,0.0,0.0,0.0,0.0,0.0
3.5,3.5,3.5,3.5,3.5,3.5,3.5,3.5
3.5,3.5,3.5,3.5,3.5,3.5,3.5,3.5
3.5,3.5,3.5,3.5,3.5,3.5,3.5,3.5
3.5,3.5,3.5,3.5,3.5,3.5,3.5,3.5
8.7,8.7,8.7,8.7,8.7,8.7,8.7,8.7
8.7,8.7,8.7,8.7,8.7,8.7,8.7,8.7
8.7,8.7,8.7,8.7,8.7,8.7,8.7,8.7
8.7,8.7,8.7,8.7,8.7,8.7,8.7,8.7
13.0,13.0,13.0,13.0,13.0,13.0,13.0,13.0
13.0,13.0,13.0,13.0,13.0,13.0,13.0,13.0
13.0,13.0,13.0,13.0,13.0,13.0,13.0,13.0
13.0,13.0,13.0,13.0,13.0,13.0,13.0,13.0
8.7,8.7,8.7,8.7,8.7,8.7,8.7,8.7
8.7,8.7,8.7,8.7,8.7,8.7,8.7,8.7
8.7,8.7,8.7,8.7,8.7,8.7,8.7,8.7
8.7,8.7,8.7,8.7,8.7,8.7,8.7,8.7
13.9,13.9,13.9,13.9,13.9,13.9,13.9,13.9
13.9,13.9,13.9,13.9,13.9,13.9,13.9,13.9
13.9,13.9,13.9,13.9,13.9,13.9,13.9,13.9
13.9,13.9,13.9,13.9,13.9,13.9,13.9,13.9
11.3,11.3,11.3,11.3,11.3,11.3,11.3,11.3
11.3,11.3,11.3,11.3,11.3,11.3,11.3,11.3
11.3,11.3,11.3,11.3,11.3,11.3,11.3,11.3
11.3,11.3,11.3,11.3,11.3,11.3,11.3,11.3
6.1,6.1,6.1,6.1,6.1,6.1,6.1,6.1
6.1,6.1,6.1,6.1,6.1,6.1,6.1,6.1
6.1,6.1,6.1,6.1,6.1,6.1,6.1,6.1
6.1,6.1,6.1,6.1,6.1,6.1,6.1,6.1
1.8,1.8,1.8,1.8,1.8,1.8,1.8,1.8
1.8,1.8,1.8,1.8,1.8,1.8,1.8,1.8
1.8,1.8,1.8,1.8,1.8,1.8,1.8,1.8
1.8,1.8,1.8,1.8,1.8,1.8,1.8,1.8
0.0,0.0,0.0,0.0,0.0,0.0,0.0,0.0
0.0,0.0,0.0,0.0,0.0,0.0,0.0,0.0
0.0,0.0,0.0,0.0,0.0,0.0,0.0,0.0
0.0,0.0,0.0,0.0,0.0,0.0,0.0,0.0
0.0,0.0,0.0,0.0,0.0,0.0,0.0,0.0
0.0,0.0,0.0,0.0,0.0,0.0,0.0,0.0
0.0,0.0,0.0,0.0,0.0,0.0,0.0,0.0
0.0,0.0,0.0,0.0,0.0,0.0,0.0,0.0
0.0,0.0,0.0,0.0,0.0,0.0,0.0,0.0
0.0,0.0,0.0,0.0,0.0,0.0,0.0,0.0
0.0,0.0,0.0,0.0,0.0,0.0,0.0,0.0
0.0,0.0,0.0,0.0,0.0,0.0,0.0,0.0
0.0,0.0,0.0,0.0,0.0,0.0,0.0,0.0
0.0,0.0,0.0,0.0,0.0,0.0,0.0,0.0
0.0,0.0,0.0,0.0,0.0,0.0,0.0,0.0
0.0,0.0,0.0,0.0,0.0,0.0,0.0,0.0
0.0,0.0,0.0,0.0,0.0,0.0,0.0,0.0
0.0,0.0,0.0,0.0,0.0,0.0,0.0,0.0
0.0,0.0,0.0,0.0,0.0,0.0,0.0,0.0
0.0,0.0,0.0,0.0,0.0,0.0,0.0,0.0
0.0,0.0,0.0,0.0,0.0,0.0,0.0,0.0
0.0,0.0,0.0,0.0,0.0,0.0,0.0,0.0
0.0,0.0,0.0,0.0,0.0,0.0,0.0,0.0
0.0,0.0,0.0,0.0,0.0,0.0,0.0,0.0
0.0,0.0,0.0,0.0,0.0,0.0,0.0,0.0
0.0,0.0,0.0,0.0,0.0,0.0,0.0,0.0
0.0,0.0,0.0,0.0,0.0,0.0,0.0,0.0
0.0,0.0,0.0,0.0,0.0,0.0,0.0,0.0
0.0,0.0,0.0,0.0,0.0,0.0,0.0,0.0
0.0,0.0,0.0,0.0,0.0,0.0,0.0,0.0
0.0,0.0,0.0,0.0,0.0,0.0,0.0,0.0
0.0,0.0,0.0,0.0,0.0,0.0,0.0,0.0
0.0,0.0,0.0,0.0,0.0,0.0,0.0,0.0
0.0,0.0,0.0,0.0,0.0,0.0,0.0,0.0
0.0,0.0,0.0,0.0,0.0,0.0,0.0,0.0
0.0,0.0,0.0,0.0,0.0,0.0,0.0,0.0
0.0,0.0,0.0,0.0,0.0,0.0,0.0,0.0
0.0,0.0,0.0,0.0,0.0,0.0,0.0,0.0
0.0,0.0,0.0,0.0,0.0,0.0,0.0,0.0
0.0,0.0,0.0,0.0,0.0,0.0,0.0,0.0
0.0,0.0,0.0,0.0,0.0,0.0,0.0,0.0
0.0,0.0,0.0,0.0,0.0,0.0,0.0,0.0
0.0,0.0,0.0,0.0,0.0,0.0,0.0,0.0
0.0,0.0,0.0,0.0,0.0,0.0,0.0,0.0
0.0,0.0,0.0,0.0,0.0,0.0,0.0,0.0
0.0,0.0,0.0,0.0,0.0,0.0,0.0,0.0
0.0,0.0,0.0,0.0,0.0,0.0,0.0,0.0
0.0,0.0,0.0,0.0,0.0,0.0,0.0,0.0
0.0,0.0,0.0,0.0,0.0,0.0,0.0,0.0
0.0,0.0,0.0,0.0,0.0,0.0,0.0,0.0
0.0,0.0,0.0,0.0,0.0,0.0,0.0,0.0
0.0,0.0,0.0,0.0,0.0,0.0,0.0,0.0
0.0,0.0,0.0,0.0,0.0,0.0,0.0,0.0
0.0,0.0,0.0,0.0,0.0,0.0,0.0,0.0
0.0,0.0,0.0,0.0,0.0,0.0,0.0,0.0
0.0,0.0,0.0,0.0,0.0,0.0,0.0,0.0
0.0,0.0,0.0,0.0,0.0,0.0,0.0,0.0
0.0,0.0,0.0,0.0,0.0,0.0,0.0,0.0
0.0,0.0,0.0,0.0,0.0,0.0,0.0,0.0
0.0,0.0,0.0,0.0,0.0,0.0,0.0,0.0
0.0,0.0,0.0,0.0,0.0,0.0,0.0,0.0
0.0,0.0,0.0,0.0,0.0,0.0,0.0,0.0
0.0,0.0,0.0,0.0,0.0,0.0,0.0,0.0
0.0,0.0,0.0,0.0,0.0,0.0,0.0,0.0
4.4,4.4,4.4,4.4,4.4,4.4,4.4,4.4
4.4,4.4,4.4,4.4,4.4,4.4,4.4,4.4
4.4,4.4,4.4,4.4,4.4,4.4,4.4,4.4
4.4,4.4,4.4,4.4,4.4,4.4,4.4,4.4
8.7,8.7,8.7,8.7,8.7,8.7,8.7,8.7
8.7,8.7,8.7,8.7,8.7,8.7,8.7,8.7
8.7,8.7,8.7,8.7,8.7,8.7,8.7,8.7
8.7,8.7,8.7,8.7,8.7,8.7,8.7,8.7
7.9,7.9,7.9,7.9,7.9,7.9,7.9,7.9
7.9,7.9,7.9,7.9,7.9,7.9,7.9,7.9
7.9,7.9,7.9,7.9,7.9,7.9,7.9,7.9
7.9,7.9,7.9,7.9,7.9,7.9,7.9,7.9
8.7,8.7,8.7,8.7,8.7,8.7,8.7,8.7
8.7,8.7,8.7,8.7,8.7,8.7,8.7,8.7
8.7,8.7,8.7,8.7,8.7,8.7,8.7,8.7
8.7,8.7,8.7,8.7,8.7,8.7,8.7,8.7
8.7,8.7,8.7,8.7,8.7,8.7,8.7,8.7
8.7,8.7,8.7,8.7,8.7,8.7,8.7,8.7
8.7,8.7,8.7,8.7,8.7,8.7,8.7,8.7
8.7,8.7,8.7,8.7,8.7,8.7,8.7,8.7
7.0,7.0,7.0,7.0,7.0,7.0,7.0,7.0
7.0,7.0,7.0,7.0,7.0,7.0,7.0,7.0
7.0,7.0,7.0,7.0,7.0,7.0,7.0,7.0
7.0,7.0,7.0,7.0,7.0,7.0,7.0,7.0
5.3,5.3,5.3,5.3,5.3,5.3,5.3,5.3
5.3,5.3,5.3,5.3,5.3,5.3,5.3,5.3
5.3,5.3,5.3,5.3,5.3,5.3,5.3,5.3
5.3,5.3,5.3,5.3,5.3,5.3,5.3,5.3
2.6,2.6,2.6,2.6,2.6,2.6,2.6,2.6
2.6,2.6,2.6,2.6,2.6,2.6,2.6,2.6
2.6,2.6,2.6,2.6,2.6,2.6,2.6,2.6
2.6,2.6,2.6,2.6,2.6,2.6,2.6,2.6
0.0,0.0,0.0,0.0,0.0,0.0,0.0,0.0
0.0,0.0,0.0,0.0,0.0,0.0,0.0,0.0
0.0,0.0,0.0,0.0,0.0,0.0,0.0,0.0
0.0,0.0,0.0,0.0,0.0,0.0,0.0,0.0
0.0,0.0,0.0,0.0,0.0,0.0,0.0,0.0
0.0,0.0,0.0,0.0,0.0,0.0,0.0,0.0
0.0,0.0,0.0,0.0,0.0,0.0,0.0,0.0
0.0,0.0,0.0,0.0,0.0,0.0,0.0,0.0
0.0,0.0,0.0,0.0,0.0,0.0,0.0,0.0
0.0,0.0,0.0,0.0,0.0,0.0,0.0,0.0
0.0,0.0,0.0,0.0,0.0,0.0,0.0,0.0
0.0,0.0,0.0,0.0,0.0,0.0,0.0,0.0
0.0,0.0,0.0,0.0,0.0,0.0,0.0,0.0
0.0,0.0,0.0,0.0,0.0,0.0,0.0,0.0
0.0,0.0,0.0,0.0,0.0,0.0,0.0,0.0
0.0,0.0,0.0,0.0,0.0,0.0,0.0,0.0
0.0,0.0,0.0,0.0,0.0,0.0,0.0,0.0
0.0,0.0,0.0,0.0,0.0,0.0,0.0,0.0
0.0,0.0,0.0,0.0,0.0,0.0,0.0,0.0
0.0,0.0,0.0,0.0,0.0,0.0,0.0,0.0
0.0,0.0,0.0,0.0,0.0,0.0,0.0,0.0
0.0,0.0,0.0,0.0,0.0,0.0,0.0,0.0
0.0,0.0,0.0,0.0,0.0,0.0,0.0,0.0
0.0,0.0,0.0,0.0,0.0,0.0,0.0,0.0
0.0,0.0,0.0,0.0,0.0,0.0,0.0,0.0
0.0,0.0,0.0,0.0,0.0,0.0,0.0,0.0
0.0,0.0,0.0,0.0,0.0,0.0,0.0,0.0
0.0,0.0,0.0,0.0,0.0,0.0,0.0,0.0
0.0,0.0,0.0,0.0,0.0,0.0,0.0,0.0
0.0,0.0,0.0,0.0,0.0,0.0,0.0,0.0
0.0,0.0,0.0,0.0,0.0,0.0,0.0,0.0
0.0,0.0,0.0,0.0,0.0,0.0,0.0,0.0
0.0,0.0,0.0,0.0,0.0,0.0,0.0,0.0
0.0,0.0,0.0,0.0,0.0,0.0,0.0,0.0
0.0,0.0,0.0,0.0,0.0,0.0,0.0,0.0
0.0,0.0,0.0,0.0,0.0,0.0,0.0,0.0
0.0,0.0,0.0,0.0,0.0,0.0,0.0,0.0
0.0,0.0,0.0,0.0,0.0,0.0,0.0,0.0
0.0,0.0,0.0,0.0,0.0,0.0,0.0,0.0
0.0,0.0,0.0,0.0,0.0,0.0,0.0,0.0
0.0,0.0,0.0,0.0,0.0,0.0,0.0,0.0
0.0,0.0,0.0,0.0,0.0,0.0,0.0,0.0
0.0,0.0,0.0,0.0,0.0,0.0,0.0,0.0
0.0,0.0,0.0,0.0,0.0,0.0,0.0,0.0
0.0,0.0,0.0,0.0,0.0,0.0,0.0,0.0
0.0,0.0,0.0,0.0,0.0,0.0,0.0,0.0
0.0,0.0,0.0,0.0,0.0,0.0,0.0,0.0
0.0,0.0,0.0,0.0,0.0,0.0,0.0,0.0
0.0,0.0,0.0,0.0,0.0,0.0,0.0,0.0
0.0,0.0,0.0,0.0,0.0,0.0,0.0,0.0
0.0,0.0,0.0,0.0,0.0,0.0,0.0,0.0
0.0,0.0,0.0,0.0,0.0,0.0,0.0,0.0
0.0,0.0,0.0,0.0,0.0,0.0,0.0,0.0
0.0,0.0,0.0,0.0,0.0,0.0,0.0,0.0
0.0,0.0,0.0,0.0,0.0,0.0,0.0,0.0
0.0,0.0,0.0,0.0,0.0,0.0,0.0,0.0
0.0,0.0,0.0,0.0,0.0,0.0,0.0,0.0
0.0,0.0,0.0,0.0,0.0,0.0,0.0,0.0
0.0,0.0,0.0,0.0,0.0,0.0,0.0,0.0
0.0,0.0,0.0,0.0,0.0,0.0,0.0,0.0
0.0,0.0,0.0,0.0,0.0,0.0,0.0,0.0
0.0,0.0,0.0,0.0,0.0,0.0,0.0,0.0
0.0,0.0,0.0,0.0,0.0,0.0,0.0,0.0
0.0,0.0,0.0,0.0,0.0,0.0,0.0,0.0
3.5,3.5,3.5,3.5,3.5,3.5,3.5,3.5
3.5,3.5,3.5,3.5,3.5,3.5,3.5,3.5
3.5,3.5,3.5,3.5,3.5,3.5,3.5,3.5
3.5,3.5,3.5,3.5,3.5,3.5,3.5,3.5
6.1,6.1,6.1,6.1,6.1,6.1,6.1,6.1
6.1,6.1,6.1,6.1,6.1,6.1,6.1,6.1
6.1,6.1,6.1,6.1,6.1,6.1,6.1,6.1
6.1,6.1,6.1,6.1,6.1,6.1,6.1,6.1
13.0,13.0,13.0,13.0,13.0,13.0,13.0,13.0
13.0,13.0,13.0,13.0,13.0,13.0,13.0,13.0
13.0,13.0,13.0,13.0,13.0,13.0,13.0,13.0
13.0,13.0,13.0,13.0,13.0,13.0,13.0,13.0
15.6,15.6,15.6,15.6,15.6,15.6,15.6,15.6
15.6,15.6,15.6,15.6,15.6,15.6,15.6,15.6
15.6,15.6,15.6,15.6,15.6,15.6,15.6,15.6
15.6,15.6,15.6,15.6,15.6,15.6,15.6,15.6
14.7,14.7,14.7,14.7,14.7,14.7,14.7,14.7
14.7,14.7,14.7,14.7,14.7,14.7,14.7,14.7
14.7,14.7,14.7,14.7,14.7,14.7,14.7,14.7
14.7,14.7,14.7,14.7,14.7,14.7,14.7,14.7
84.5,63.5,169.6,62.7,97.4,86.9,122.2,74.8
84.5,63.5,169.6,524.7,97.4,86.9,122.2,74.8
84.5,63.5,169.6,524.7,97.4,86.9,122.2,74.8
84.5,63.5,169.6,524.7,97.4,86.9,122.2,74.8
85.1,64.0,171.0,525.2,98.5,87.4,123.2,75.5
85.1,64.0,171.0,525.2,98.5,87.4,123.2,75.5
85.1,64.0,171.0,525.2,98.5,87.4,123.2,75.5
1153.1,64.0,171.0,525.2,98.5,87.4,123.2,75.5
366.9,65.5,156.9,232.3,101.7,89.0,125.9,77.7
530.6,65.5,160.6,64.9,101.7,89.0,125.9,77.7
530.6,65.5,160.6,64.9,101.7,89.0,125.9,77.7
530.6,65.5,160.6,64.9,101.7,89.0,125.9,77.7
0.0,0.0,0.0,0.0,0.0,0.0,0.0,0.0
0.0,0.0,0.0,0.0,0.0,0.0,0.0,0.0
0.0,0.0,0.0,0.0,0.0,0.0,0.0,0.0
0.0,0.0,0.0,0.0,0.0,0.0,0.0,0.0
0.0,0.0,0.0,0.0,0.0,0.0,0.0,0.0
0.0,0.0,0.0,0.0,0.0,0.0,0.0,0.0
0.0,0.0,0.0,0.0,0.0,0.0,0.0,0.0
0.0,0.0,0.0,0.0,0.0,0.0,0.0,0.0
0.0,0.0,0.0,0.0,0.0,0.0,0.0,0.0
0.0,0.0,0.0,0.0,0.0,0.0,0.0,0.0
0.0,0.0,0.0,0.0,0.0,0.0,0.0,0.0
0.0,0.0,0.0,0.0,0.0,0.0,0.0,0.0
0.0,0.0,0.0,0.0,0.0,0.0,0.0,0.0
0.0,0.0,0.0,0.0,0.0,0.0,0.0,0.0
0.0,0.0,0.0,0.0,0.0,0.0,0.0,0.0
0.0,0.0,0.0,0.0,0.0,0.0,0.0,0.0
0.0,0.0,0.0,0.0,0.0,0.0,0.0,0.0
0.0,0.0,0.0,0.0,0.0,0.0,0.0,0.0
0.0,0.0,0.0,0.0,0.0,0.0,0.0,0.0
0.0,0.0,0.0,0.0,0.0,0.0,0.0,0.0
0.0,0.0,0.0,0.0,0.0,0.0,0.0,0.0
0.0,0.0,0.0,0.0,0.0,0.0,0.0,0.0
0.0,0.0,0.0,0.0,0.0,0.0,0.0,0.0
0.0,0.0,0.0,0.0,0.0,0.0,0.0,0.0
0.0,0.0,0.0,0.0,0.0,0.0,0.0,0.0
0.0,0.0,0.0,0.0,0.0,0.0,0.0,0.0
0.0,0.0,0.0,0.0,0.0,0.0,0.0,0.0
0.0,0.0,0.0,0.0,0.0,0.0,0.0,0.0
0.0,0.0,0.0,0.0,0.0,0.0,0.0,0.0
0.0,0.0,0.0,0.0,0.0,0.0,0.0,0.0
0.0,0.0,0.0,0.0,0.0,0.0,0.0,0.0
0.0,0.0,0.0,0.0,0.0,0.0,0.0,0.0
0.0,0.0,0.0,0.0,0.0,0.0,0.0,0.0
0.0,0.0,0.0,0.0,0.0,0.0,0.0,0.0
0.0,0.0,0.0,0.0,0.0,0.0,0.0,0.0
0.0,0.0,0.0,0.0,0.0,0.0,0.0,0.0
0.0,0.0,0.0,0.0,0.0,0.0,0.0,0.0
0.0,0.0,0.0,0.0,0.0,0.0,0.0,0.0
0.0,0.0,0.0,0.0,0.0,0.0,0.0,0.0
0.0,0.0,0.0,0.0,0.0,0.0,0.0,0.0
0.0,0.0,0.0,0.0,0.0,0.0,0.0,0.0
0.0,0.0,0.0,0.0,0.0,0.0,0.0,0.0
0.0,0.0,0.0,0.0,0.0,0.0,0.0,0.0
0.0,0.0,0.0,0.0,0.0,0.0,0.0,0.0
0.0,0.0,0.0,0.0,0.0,0.0,0.0,0.0
0.0,0.0,0.0,0.0,0.0,0.0,0.0,0.0
0.0,0.0,0.0,0.0,0.0,0.0,0.0,0.0
0.0,0.0,0.0,0.0,0.0,0.0,0.0,0.0
0.0,0.0,0.0,0.0,0.0,0.0,0.0,0.0
0.0,0.0,0.0,0.0,0.0,0.0,0.0,0.0
0.0,0.0,0.0,0.0,0.0,0.0,0.0,0.0
0.0,0.0,0.0,0.0,0.0,0.0,0.0,0.0
0.0,0.0,0.0,0.0,0.0,0.0,0.0,0.0
0.0,0.0,0.0,0.0,0.0,0.0,0.0,0.0
0.0,0.0,0.0,0.0,0.0,0.0,0.0,0.0
0.0,0.0,0.0,0.0,0.0,0.0,0.0,0.0
0.0,0.0,0.0,0.0,0.0,0.0,0.0,0.0
0.0,0.0,0.0,0.0,0.0,0.0,0.0,0.0
0.0,0.0,0.0,0.0,0.0,0.0,0.0,0.0
0.0,0.0,0.0,0.0,0.0,0.0,0.0,0.0
0.0,0.0,0.0,0.0,0.0,0.0,0.0,0.0
0.0,0.0,0.0,0.0,0.0,0.0,0.0,0.0
0.0,0.0,0.0,0.0,0.0,0.0,0.0,0.0
0.0,0.0,0.0,0.0,0.0,0.0,0.0,0.0
3.5,3.5,3.5,3.5,3.5,3.5,3.5,3.5
3.5,3.5,3.5,3.5,3.5,3.5,3.5,3.5
3.5,3.5,3.5,3.5,3.5,3.5,3.5,3.5
3.5,3.5,3.5,3.5,3.5,3.5,3.5,3.5
9.9,9.9,9.9,9.9,9.9,9.9,9.9,9.9
9.9,9.9,9.9,9.9,9.9,9.9,9.9,9.9
9.9,9.9,9.9,9.9,9.9,9.9,9.9,9.9
9.9,9.9,9.9,9.9,9.9,9.9,9.9,9.9
7.8,7.8,7.8,7.8,7.8,7.8,7.8,7.8
7.8,7.8,7.8,7.8,7.8,7.8,7.8,7.8
7.8,7.8,7.8,7.8,7.8,7.8,7.8,7.8
7.8,7.8,7.8,7.8,7.8,7.8,7.8,7.8
8.7,8.7,8.7,8.7,8.7,8.7,8.7,8.7
8.7,8.7,8.7,8.7,8.7,8.7,8.7,8.7
8.7,8.7,8.7,8.7,8.7,8.7,8.7,8.7
8.7,8.7,8.7,8.7,8.7,8.7,8.7,8.7
14.7,14.7,14.7,14.7,14.7,14.7,14.7,14.7
14.7,14.7,14.7,14.7,14.7,14.7,14.7,14.7
14.7,14.7,14.7,14.7,14.7,14.7,14.7,14.7
14.7,14.7,14.7,14.7,14.7,14.7,14.7,14.7
6.9,6.9,6.9,6.9,6.9,6.9,6.9,6.9
6.9,6.9,6.9,6.9,6.9,6.9,6.9,6.9
6.9,6.9,6.9,6.9,6.9,6.9,6.9,6.9
6.9,6.9,6.9,6.9,6.9,6.9,6.9,6.9
5.2,5.2,5.2,5.2,5.2,5.2,5.2,5.2
5.2,5.2,5.2,5.2,5.2,5.2,5.2,5.2
5.2,5.2,5.2,5.2,5.2,5.2,5.2,5.2
5.2,5.2,5.2,5.2,5.2,5.2,5.2,5.2
2.6,2.6,2.6,2.6,2.6,2.6,2.6,2.6
2.6,2.6,2.6,2.6,2.6,2.6,2.6,2.6
2.6,2.6,2.6,2.6,2.6,2.6,2.6,2.6
2.6,2.6,2.6,2.6,2.6,2.6,2.6,2.6
0.0,0.0,0.0,0.0,0.0,0.0,0.0,0.0
0.0,0.0,0.0,0.0,0.0,0.0,0.0,0.0
0.0,0.0,0.0,0.0,0.0,0.0,0.0,0.0
0.0,0.0,0.0,0.0,0.0,0.0,0.0,0.0
0.0,0.0,0.0,0.0,0.0,0.0,0.0,0.0
0.0,0.0,0.0,0.0,0.0,0.0,0.0,0.0
0.0,0.0,0.0,0.0,0.0,0.0,0.0,0.0
0.0,0.0,0.0,0.0,0.0,0.0,0.0,0.0
0.0,0.0,0.0,0.0,0.0,0.0,0.0,0.0
0.0,0.0,0.0,0.0,0.0,0.0,0.0,0.0
0.0,0.0,0.0,0.0,0.0,0.0,0.0,0.0
0.0,0.0,0.0,0.0,0.0,0.0,0.0,0.0
0.0,0.0,0.0,0.0,0.0,0.0,0.0,0.0
0.0,0.0,0.0,0.0,0.0,0.0,0.0,0.0
0.0,0.0,0.0,0.0,0.0,0.0,0.0,0.0
0.0,0.0,0.0,0.0,0.0,0.0,0.0,0.0
0.0,0.0,0.0,0.0,0.0,0.0,0.0,0.0
0.0,0.0,0.0,0.0,0.0,0.0,0.0,0.0
0.0,0.0,0.0,0.0,0.0,0.0,0.0,0.0
0.0,0.0,0.0,0.0,0.0,0.0,0.0,0.0
0.0,0.0,0.0,0.0,0.0,0.0,0.0,0.0
0.0,0.0,0.0,0.0,0.0,0.0,0.0,0.0
0.0,0.0,0.0,0.0,0.0,0.0,0.0,0.0
0.0,0.0,0.0,0.0,0.0,0.0,0.0,0.0
0.0,0.0,0.0,0.0,0.0,0.0,0.0,0.0
0.0,0.0,0.0,0.0,0.0,0.0,0.0,0.0
0.0,0.0,0.0,0.0,0.0,0.0,0.0,0.0
0.0,0.0,0.0,0.0,0.0,0.0,0.0,0.0
0.0,0.0,0.0,0.0,0.0,0.0,0.0,0.0
0.0,0.0,0.0,0.0,0.0,0.0,0.0,0.0
0.0,0.0,0.0,0.0,0.0,0.0,0.0,0.0
0.0,0.0,0.0,0.0,0.0,0.0,0.0,0.0
0.0,0.0,0.0,0.0,0.0,0.0,0.0,0.0
0.0,0.0,0.0,0.0,0.0,0.0,0.0,0.0
0.0,0.0,0.0,0.0,0.0,0.0,0.0,0.0
0.0,0.0,0.0,0.0,0.0,0.0,0.0,0.0
0.0,0.0,0.0,0.0,0.0,0.0,0.0,0.0
0.0,0.0,0.0,0.0,0.0,0.0,0.0,0.0
0.0,0.0,0.0,0.0,0.0,0.0,0.0,0.0
0.0,0.0,0.0,0.0,0.0,0.0,0.0,0.0
0.0,0.0,0.0,0.0,0.0,0.0,0.0,0.0
0.0,0.0,0.0,0.0,0.0,0.0,0.0,0.0
0.0,0.0,0.0,0.0,0.0,0.0,0.0,0.0
0.0,0.0,0.0,0.0,0.0,0.0,0.0,0.0
0.0,0.0,0.0,0.0,0.0,0.0,0.0,0.0
0.0,0.0,0.0,0.0,0.0,0.0,0.0,0.0
0.0,0.0,0.0,0.0,0.0,0.0,0.0,0.0
0.0,0.0,0.0,0.0,0.0,0.0,0.0,0.0
0.0,0.0,0.0,0.0,0.0,0.0,0.0,0.0
0.0,0.0,0.0,0.0,0.0,0.0,0.0,0.0
0.0,0.0,0.0,0.0,0.0,0.0,0.0,0.0
0.0,0.0,0.0,0.0,0.0,0.0,0.0,0.0
0.0,0.0,0.0,0.0,0.0,0.0,0.0,0.0
0.0,0.0,0.0,0.0,0.0,0.0,0.0,0.0
0.0,0.0,0.0,0.0,0.0,0.0,0.0,0.0
0.0,0.0,0.0,0.0,0.0,0.0,0.0,0.0
0.0,0.0,0.0,0.0,0.0,0.0,0.0,0.0
0.0,0.0,0.0,0.0,0.0,0.0,0.0,0.0
0.0,0.0,0.0,0.0,0.0,0.0,0.0,0.0
0.0,0.0,0.0,0.0,0.0,0.0,0.0,0.0
0.0,0.0,0.0,0.0,0.0,0.0,0.0,0.0
0.0,0.0,0.0,0.0,0.0,0.0,0.0,0.0
0.0,0.0,0.0,0.0,0.0,0.0,0.0,0.0
0.0,0.0,0.0,0.0,0.0,0.0,0.0,0.0
3.5,3.5,3.5,3.5,3.5,3.5,3.5,3.5
3.5,3.5,3.5,3.5,3.5,3.5,3.5,3.5
3.5,3.5,3.5,3.5,3.5,3.5,3.5,3.5
3.5,3.5,3.5,3.5,3.5,3.5,3.5,3.5
6.1,6.1,6.1,6.1,6.1,6.1,6.1,6.1
6.1,6.1,6.1,6.1,6.1,6.1,6.1,6.1
6.1,6.1,6.1,6.1,6.1,6.1,6.1,6.1
6.1,6.1,6.1,6.1,6.1,6.1,6.1,6.1
12.1,12.1,12.1,12.1,12.1,12.1,12.1,12.1
12.1,12.1,12.1,12.1,12.1,12.1,12.1,12.1
12.1,12.1,12.1,12.1,12.1,12.1,12.1,12.1
12.1,12.1,12.1,12.1,12.1,12.1,12.1,12.1
8.7,8.7,8.7,8.7,8.7,8.7,8.7,8.7
8.7,8.7,8.7,8.7,8.7,8.7,8.7,8.7
8.7,8.7,8.7,8.7,8.7,8.7,8.7,8.7
8.7,8.7,8.7,8.7,8.7,8.7,8.7,8.7
10.4,10.4,10.4,10.4,10.4,10.4,10.4,10.4
10.4,10.4,10.4,10.4,10.4,10.4,10.4,10.4
10.4,10.4,10.4,10.4,10.4,10.4,10.4,10.4
10.4,10.4,10.4,10.4,10.4,10.4,10.4,10.4
7.8,7.8,7.8,7.8,7.8,7.8,7.8,7.8
7.8,7.8,7.8,7.8,7.8,7.8,7.8,7.8
7.8,7.8,7.8,7.8,7.8,7.8,7.8,7.8
7.8,7.8,7.8,7.8,7.8,7.8,7.8,7.8
6.1,6.1,6.1,6.1,6.1,6.1,6.1,6.1
6.1,6.1,6.1,6.1,6.1,6.1,6.1,6.1
6.1,6.1,6.1,6.1,6.1,6.1,6.1,6.1
6.1,6.1,6.1,6.1,6.1,6.1,6.1,6.1
1.7,1.7,1.7,1.7,1.7,1.7,1.7,1.7
1.7,1.7,1.7,1.7,1.7,1.7,1.7,1.7
1.7,1.7,1.7,1.7,1.7,1.7,1.7,1.7
1.7,1.7,1.7,1.7,1.7,1.7,1.7,1.7
0.0,0.0,0.0,0.0,0.0,0.0,0.0,0.0
0.0,0.0,0.0,0.0,0.0,0.0,0.0,0.0
0.0,0.0,0.0,0.0,0.0,0.0,0.0,0.0
0.0,0.0,0.0,0.0,0.0,0.0,0.0,0.0
0.0,0.0,0.0,0.0,0.0,0.0,0.0,0.0
0.0,0.0,0.0,0.0,0.0,0.0,0.0,0.0
0.0,0.0,0.0,0.0,0.0,0.0,0.0,0.0
0.0,0.0,0.0,0.0,0.0,0.0,0.0,0.0
0.0,0.0,0.0,0.0,0.0,0.0,0.0,0.0
0.0,0.0,0.0,0.0,0.0,0.0,0.0,0.0
0.0,0.0,0.0,0.0,0.0,0.0,0.0,0.0
0.0,0.0,0.0,0.0,0.0,0.0,0.0,0.0
0.0,0.0,0.0,0.0,0.0,0.0,0.0,0.0
0.0,0.0,0.0,0.0,0.0,0.0,0.0,0.0
0.0,0.0,0.0,0.0,0.0,0.0,0.0,0.0
0.0,0.0,0.0,0.0,0.0,0.0,0.0,0.0
0.0,0.0,0.0,0.0,0.0,0.0,0.0,0.0
0.0,0.0,0.0,0.0,0.0,0.0,0.0,0.0
0.0,0.0,0.0,0.0,0.0,0.0,0.0,0.0
0.0,0.0,0.0,0.0,0.0,0.0,0.0,0.0
0.0,0.0,0.0,0.0,0.0,0.0,0.0,0.0
0.0,0.0,0.0,0.0,0.0,0.0,0.0,0.0
0.0,0.0,0.0,0.0,0.0,0.0,0.0,0.0
0.0,0.0,0.0,0.0,0.0,0.0,0.0,0.0
0.0,0.0,0.0,0.0,0.0,0.0,0.0,0.0
0.0,0.0,0.0,0.0,0.0,0.0,0.0,0.0
0.0,0.0,0.0,0.0,0.0,0.0,0.0,0.0
0.0,0.0,0.0,0.0,0.0,0.0,0.0,0.0
0.0,0.0,0.0,0.0,0.0,0.0,0.0,0.0
0.0,0.0,0.0,0.0,0.0,0.0,0.0,0.0
0.0,0.0,0.0,0.0,0.0,0.0,0.0,0.0
0.0,0.0,0.0,0.0,0.0,0.0,0.0,0.0
0.0,0.0,0.0,0.0,0.0,0.0,0.0,0.0
0.0,0.0,0.0,0.0,0.0,0.0,0.0,0.0
0.0,0.0,0.0,0.0,0.0,0.0,0.0,0.0
0.0,0.0,0.0,0.0,0.0,0.0,0.0,0.0
0.0,0.0,0.0,0.0,0.0,0.0,0.0,0.0
0.0,0.0,0.0,0.0,0.0,0.0,0.0,0.0
0.0,0.0,0.0,0.0,0.0,0.0,0.0,0.0
0.0,0.0,0.0,0.0,0.0,0.0,0.0,0.0
0.0,0.0,0.0,0.0,0.0,0.0,0.0,0.0
0.0,0.0,0.0,0.0,0.0,0.0,0.0,0.0
0.0,0.0,0.0,0.0,0.0,0.0,0.0,0.0
0.0,0.0,0.0,0.0,0.0,0.0,0.0,0.0
0.0,0.0,0.0,0.0,0.0,0.0,0.0,0.0
0.0,0.0,0.0,0.0,0.0,0.0,0.0,0.0
0.0,0.0,0.0,0.0,0.0,0.0,0.0,0.0
0.0,0.0,0.0,0.0,0.0,0.0,0.0,0.0
0.0,0.0,0.0,0.0,0.0,0.0,0.0,0.0
0.0,0.0,0.0,0.0,0.0,0.0,0.0,0.0
0.0,0.0,0.0,0.0,0.0,0.0,0.0,0.0
0.0,0.0,0.0,0.0,0.0,0.0,0.0,0.0
0.0,0.0,0.0,0.0,0.0,0.0,0.0,0.0
0.0,0.0,0.0,0.0,0.0,0.0,0.0,0.0
0.0,0.0,0.0,0.0,0.0,0.0,0.0,0.0
0.0,0.0,0.0,0.0,0.0,0.0,0.0,0.0
0.0,0.0,0.0,0.0,0.0,0.0,0.0,0.0
0.0,0.0,0.0,0.0,0.0,0.0,0.0,0.0
0.0,0.0,0.0,0.0,0.0,0.0,0.0,0.0
0.0,0.0,0.0,0.0,0.0,0.0,0.0,0.0
0.0,0.0,0.0,0.0,0.0,0.0,0.0,0.0
0.0,0.0,0.0,0.0,0.0,0.0,0.0,0.0
0.0,0.0,0.0,0.0,0.0,0.0,0.0,0.0
0.0,0.0,0.0,0.0,0.0,0.0,0.0,0.0
3.5,3.5,3.5,3.5,3.5,3.5,3.5,3.5
3.5,3.5,3.5,3.5,3.5,3.5,3.5,3.5
3.5,3.5,3.5,3.5,3.5,3.5,3.5,3.5
3.5,3.5,3.5,3.5,3.5,3.5,3.5,3.5
8.7,8.7,8.7,8.7,8.7,8.7,8.7,8.7
8.7,8.7,8.7,8.7,8.7,8.7,8.7,8.7
8.7,8.7,8.7,8.7,8.7,8.7,8.7,8.7
8.7,8.7,8.7,8.7,8.7,8.7,8.7,8.7
13.0,13.0,13.0,13.0,13.0,13.0,13.0,13.0
13.0,13.0,13.0,13.0,13.0,13.0,13.0,13.0
13.0,13.0,13.0,13.0,13.0,13.0,13.0,13.0
13.0,13.0,13.0,13.0,13.0,13.0,13.0,13.0
15.5,15.5,15.5,15.5,15.5,15.5,15.5,15.5
15.5,15.5,15.5,15.5,15.5,15.5,15.5,15.5
15.5,15.5,15.5,15.5,15.5,15.5,15.5,15.5
15.5,15.5,15.5,15.5,15.5,15.5,15.5,15.5
14.7,14.7,14.7,14.7,14.7,14.7,14.7,14.7
14.7,14.7,14.7,14.7,14.7,14.7,14.7,14.7
14.7,14.7,14.7,14.7,14.7,14.7,14.7,14.7
14.7,14.7,14.7,14.7,14.7,14.7,14.7,14.7
44.0,44.0,44.0,44.0,44.0,44.0,44.0,44.0
44.0,44.0,44.0,44.0,44.0,44.0,44.0,44.0
44.0,44.0,44.0,44.0,44.0,44.0,44.0,44.0
44.0,44.0,44.0,44.0,44.0,44.0,44.0,44.0
26.8,26.8,26.8,26.8,26.8,26.8,26.8,26.8
26.8,26.8,26.8,26.8,26.8,26.8,26.8,26.8
26.8,26.8,26.8,26.8,26.8,26.8,26.8,26.8
26.8,26.8,26.8,26.8,26.8,26.8,26.8,26.8
7.8,7.8,7.8,7.8,7.8,7.8,7.8,7.8
7.8,7.8,7.8,7.8,7.8,7.8,7.8,7.8
7.8,7.8,7.8,7.8,7.8,7.8,7.8,7.8
7.8,7.8,7.8,7.8,7.8,7.8,7.8,7.8
0.0,0.0,0.0,0.0,0.0,0.0,0.0,0.0
0.0,0.0,0.0,0.0,0.0,0.0,0.0,0.0
0.0,0.0,0.0,0.0,0.0,0.0,0.0,0.0
0.0,0.0,0.0,0.0,0.0,0.0,0.0,0.0
0.0,0.0,0.0,0.0,0.0,0.0,0.0,0.0
0.0,0.0,0.0,0.0,0.0,0.0,0.0,0.0
0.0,0.0,0.0,0.0,0.0,0.0,0.0,0.0
0.0,0.0,0.0,0.0,0.0,0.0,0.0,0.0
0.0,0.0,0.0,0.0,0.0,0.0,0.0,0.0
0.0,0.0,0.0,0.0,0.0,0.0,0.0,0.0
0.0,0.0,0.0,0.0,0.0,0.0,0.0,0.0
0.0,0.0,0.0,0.0,0.0,0.0,0.0,0.0
0.0,0.0,0.0,0.0,0.0,0.0,0.0,0.0
0.0,0.0,0.0,0.0,0.0,0.0,0.0,0.0
0.0,0.0,0.0,0.0,0.0,0.0,0.0,0.0
0.0,0.0,0.0,0.0,0.0,0.0,0.0,0.0
0.0,0.0,0.0,0.0,0.0,0.0,0.0,0.0
0.0,0.0,0.0,0.0,0.0,0.0,0.0,0.0
0.0,0.0,0.0,0.0,0.0,0.0,0.0,0.0
0.0,0.0,0.0,0.0,0.0,0.0,0.0,0.0
0.0,0.0,0.0,0.0,0.0,0.0,0.0,0.0
0.0,0.0,0.0,0.0,0.0,0.0,0.0,0.0
0.0,0.0,0.0,0.0,0.0,0.0,0.0,0.0
0.0,0.0,0.0,0.0,0.0,0.0,0.0,0.0
0.0,0.0,0.0,0.0,0.0,0.0,0.0,0.0
0.0,0.0,0.0,0.0,0.0,0.0,0.0,0.0
0.0,0.0,0.0,0.0,0.0,0.0,0.0,0.0
0.0,0.0,0.0,0.0,0.0,0.0,0.0,0.0
0.0,0.0,0.0,0.0,0.0,0.0,0.0,0.0
0.0,0.0,0.0,0.0,0.0,0.0,0.0,0.0
0.0,0.0,0.0,0.0,0.0,0.0,0.0,0.0
0.0,0.0,0.0,0.0,0.0,0.0,0.0,0.0
0.0,0.0,0.0,0.0,0.0,0.0,0.0,0.0
0.0,0.0,0.0,0.0,0.0,0.0,0.0,0.0
0.0,0.0,0.0,0.0,0.0,0.0,0.0,0.0
0.0,0.0,0.0,0.0,0.0,0.0,0.0,0.0
0.0,0.0,0.0,0.0,0.0,0.0,0.0,0.0
0.0,0.0,0.0,0.0,0.0,0.0,0.0,0.0
0.0,0.0,0.0,0.0,0.0,0.0,0.0,0.0
0.0,0.0,0.0,0.0,0.0,0.0,0.0,0.0
0.0,0.0,0.0,0.0,0.0,0.0,0.0,0.0
0.0,0.0,0.0,0.0,0.0,0.0,0.0,0.0
0.0,0.0,0.0,0.0,0.0,0.0,0.0,0.0
0.0,0.0,0.0,0.0,0.0,0.0,0.0,0.0
0.0,0.0,0.0,0.0,0.0,0.0,0.0,0.0
0.0,0.0,0.0,0.0,0.0,0.0,0.0,0.0
0.0,0.0,0.0,0.0,0.0,0.0,0.0,0.0
0.0,0.0,0.0,0.0,0.0,0.0,0.0,0.0
0.0,0.0,0.0,0.0,0.0,0.0,0.0,0.0
0.0,0.0,0.0,0.0,0.0,0.0,0.0,0.0
0.0,0.0,0.0,0.0,0.0,0.0,0.0,0.0
0.0,0.0,0.0,0.0,0.0,0.0,0.0,0.0
0.0,0.0,0.0,0.0,0.0,0.0,0.0,0.0
0.0,0.0,0.0,0.0,0.0,0.0,0.0,0.0
0.0,0.0,0.0,0.0,0.0,0.0,0.0,0.0
0.0,0.0,0.0,0.0,0.0,0.0,0.0,0.0
0.0,0.0,0.0,0.0,0.0,0.0,0.0,0.0
0.0,0.0,0.0,0.0,0.0,0.0,0.0,0.0
0.0,0.0,0.0,0.0,0.0,0.0,0.0,0.0
0.0,0.0,0.0,0.0,0.0,0.0,0.0,0.0
0.0,0.0,0.0,0.0,0.0,0.0,0.0,0.0
0.0,0.0,0.0,0.0,0.0,0.0,0.0,0.0
0.0,0.0,0.0,0.0,0.0,0.0,0.0,0.0
0.0,0.0,0.0,0.0,0.0,0.0,0.0,0.0
7.9,7.9,7.9,7.9,7.9,7.9,7.9,7.9
7.9,7.9,7.9,7.9,7.9,7.9,7.9,7.9
7.9,7.9,7.9,7.9,7.9,7.9,7.9,7.9
7.9,7.9,7.9,7.9,7.9,7.9,7.9,7.9
34.0,34.0,34.0,34.0,34.0,34.0,34.0,34.0
34.0,34.0,34.0,34.0,34.0,34.0,34.0,34.0
34.0,34.0,34.0,34.0,34.0,34.0,34.0,34.0
34.0,34.0,34.0,34.0,34.0,34.0,34.0,34.0
50.3,50.3,50.3,50.3,50.3,50.3,50.3,50.3
50.3,50.3,50.3,50.3,50.3,50.3,50.3,50.3
50.3,50.3,50.3,50.3,50.3,50.3,50.3,50.3
50.3,50.3,50.3,50.3,50.3,50.3,50.3,50.3
84.5,125.3,88.7,62.7,87.5,86.9,87.9,74.8
84.5,125.3,88.7,62.7,87.5,86.9,87.9,74.8
94.0,109.1,88.1,70.3,87.4,86.9,87.6,74.8
84.5,63.5,123.8,70.3,91.8,86.9,102.8,74.8
68.5,65.0,69.7,68.3,68.7,68.6,69.0,68.4
68.7,65.0,70.4,64.4,71.3,68.7,69.4,68.5
68.7,65.0,70.4,64.4,71.3,68.7,69.4,68.5
68.7,65.0,70.4,64.4,71.3,68.7,69.4,68.5
12.1,12.1,12.1,12.1,12.1,12.1,12.1,12.1
12.1,12.1,12.1,12.1,12.1,12.1,12.1,12.1
12.1,12.1,12.1,12.1,12.1,12.1,12.1,12.1
12.1,12.1,12.1,12.1,12.1,12.1,12.1,12.1
7.0,7.0,7.0,7.0,7.0,7.0,7.0,7.0
7.0,7.0,7.0,7.0,7.0,7.0,7.0,7.0
7.0,7.0,7.0,7.0,7.0,7.0,7.0,7.0
7.0,7.0,7.0,7.0,7.0,7.0,7.0,7.0
2.6,2.6,2.6,2.6,2.6,2.6,2.6,2.6
2.6,2.6,2.6,2.6,2.6,2.6,2.6,2.6
2.6,2.6,2.6,2.6,2.6,2.6,2.6,2.6
2.6,2.6,2.6,2.6,2.6,2.6,2.6,2.6
0.0,0.0,0.0,0.0,0.0,0.0,0.0,0.0
0.0,0.0,0.0,0.0,0.0,0.0,0.0,0.0
0.0,0.0,0.0,0.0,0.0,0.0,0.0,0.0
0.0,0.0,0.0,0.0,0.0,0.0,0.0,0.0
0.0,0.0,0.0,0.0,0.0,0.0,0.0,0.0
0.0,0.0,0.0,0.0,0.0,0.0,0.0,0.0
0.0,0.0,0.0,0.0,0.0,0.0,0.0,0.0
0.0,0.0,0.0,0.0,0.0,0.0,0.0,0.0
0.0,0.0,0.0,0.0,0.0,0.0,0.0,0.0
0.0,0.0,0.0,0.0,0.0,0.0,0.0,0.0
0.0,0.0,0.0,0.0,0.0,0.0,0.0,0.0
0.0,0.0,0.0,0.0,0.0,0.0,0.0,0.0
0.0,0.0,0.0,0.0,0.0,0.0,0.0,0.0
0.0,0.0,0.0,0.0,0.0,0.0,0.0,0.0
0.0,0.0,0.0,0.0,0.0,0.0,0.0,0.0
0.0,0.0,0.0,0.0,0.0,0.0,0.0,0.0
0.0,0.0,0.0,0.0,0.0,0.0,0.0,0.0
0.0,0.0,0.0,0.0,0.0,0.0,0.0,0.0
0.0,0.0,0.0,0.0,0.0,0.0,0.0,0.0
0.0,0.0,0.0,0.0,0.0,0.0,0.0,0.0
0.0,0.0,0.0,0.0,0.0,0.0,0.0,0.0
0.0,0.0,0.0,0.0,0.0,0.0,0.0,0.0
0.0,0.0,0.0,0.0,0.0,0.0,0.0,0.0
0.0,0.0,0.0,0.0,0.0,0.0,0.0,0.0
0.0,0.0,0.0,0.0,0.0,0.0,0.0,0.0
0.0,0.0,0.0,0.0,0.0,0.0,0.0,0.0
0.0,0.0,0.0,0.0,0.0,0.0,0.0,0.0
0.0,0.0,0.0,0.0,0.0,0.0,0.0,0.0
0.0,0.0,0.0,0.0,0.0,0.0,0.0,0.0
0.0,0.0,0.0,0.0,0.0,0.0,0.0,0.0
0.0,0.0,0.0,0.0,0.0,0.0,0.0,0.0
0.0,0.0,0.0,0.0,0.0,0.0,0.0,0.0
0.0,0.0,0.0,0.0,0.0,0.0,0.0,0.0
0.0,0.0,0.0,0.0,0.0,0.0,0.0,0.0
0.0,0.0,0.0,0.0,0.0,0.0,0.0,0.0
0.0,0.0,0.0,0.0,0.0,0.0,0.0,0.0
0.0,0.0,0.0,0.0,0.0,0.0,0.0,0.0
0.0,0.0,0.0,0.0,0.0,0.0,0.0,0.0
0.0,0.0,0.0,0.0,0.0,0.0,0.0,0.0
0.0,0.0,0.0,0.0,0.0,0.0,0.0,0.0
0.0,0.0,0.0,0.0,0.0,0.0,0.0,0.0
0.0,0.0,0.0,0.0,0.0,0.0,0.0,0.0
0.0,0.0,0.0,0.0,0.0,0.0,0.0,0.0
0.0,0.0,0.0,0.0,0.0,0.0,0.0,0.0
0.0,0.0,0.0,0.0,0.0,0.0,0.0,0.0
0.0,0.0,0.0,0.0,0.0,0.0,0.0,0.0
0.0,0.0,0.0,0.0,0.0,0.0,0.0,0.0
0.0,0.0,0.0,0.0,0.0,0.0,0.0,0.0
0.0,0.0,0.0,0.0,0.0,0.0,0.0,0.0
0.0,0.0,0.0,0.0,0.0,0.0,0.0,0.0
0.0,0.0,0.0,0.0,0.0,0.0,0.0,0.0
0.0,0.0,0.0,0.0,0.0,0.0,0.0,0.0
0.0,0.0,0.0,0.0,0.0,0.0,0.0,0.0
0.0,0.0,0.0,0.0,0.0,0.0,0.0,0.0
0.0,0.0,0.0,0.0,0.0,0.0,0.0,0.0
0.0,0.0,0.0,0.0,0.0,0.0,0.0,0.0
0.0,0.0,0.0,0.0,0.0,0.0,0.0,0.0
0.0,0.0,0.0,0.0,0.0,0.0,0.0,0.0
0.0,0.0,0.0,0.0,0.0,0.0,0.0,0.0
0.0,0.0,0.0,0.0,0.0,0.0,0.0,0.0
0.0,0.0,0.0,0.0,0.0,0.0,0.0,0.0
0.0,0.0,0.0,0.0,0.0,0.0,0.0,0.0
0.0,0.0,0.0,0.0,0.0,0.0,0.0,0.0
0.0,0.0,0.0,0.0,0.0,0.0,0.0,0.0
4.4,4.4,4.4,4.4,4.4,4.4,4.4,4.4
4.4,4.4,4.4,4.4,4.4,4.4,4.4,4.4
4.4,4.4,4.4,4.4,4.4,4.4,4.4,4.4
4.4,4.4,4.4,4.4,4.4,4.4,4.4,4.4
6.2,6.2,6.2,6.2,6.2,6.2,6.2,6.2
6.2,6.2,6.2,6.2,6.2,6.2,6.2,6.2
6.2,6.2,6.2,6.2,6.2,6.2,6.2,6.2
6.2,6.2,6.2,6.2,6.2,6.2,6.2,6.2
7.9,7.9,7.9,7.9,7.9,7.9,7.9,7.9
7.9,7.9,7.9,7.9,7.9,7.9,7.9,7.9
7.9,7.9,7.9,7.9,7.9,7.9,7.9,7.9
7.9,7.9,7.9,7.9,7.9,7.9,7.9,7.9
8.8,8.8,8.8,8.8,8.8,8.8,8.8,8.8
8.8,8.8,8.8,8.8,8.8,8.8,8.8,8.8
8.8,8.8,8.8,8.8,8.8,8.8,8.8,8.8
8.8,8.8,8.8,8.8,8.8,8.8,8.8,8.8
58.4,58.4,58.4,58.4,58.4,58.4,58.4,58.4
58.4,58.4,58.4,58.4,58.4,58.4,58.4,58.4
58.4,58.4,58.4,58.4,58.4,58.4,58.4,58.4
58.4,58.4,58.4,58.4,58.4,58.4,58.4,58.4
8.7,8.7,8.7,8.7,8.7,8.7,8.7,8.7
8.7,8.7,8.7,8.7,8.7,8.7,8.7,8.7
8.7,8.7,8.7,8.7,8.7,8.7,8.7,8.7
8.7,8.7,8.7,8.7,8.7,8.7,8.7,8.7
6.1,6.1,6.1,6.1,6.1,6.1,6.1,6.1
6.1,6.1,6.1,6.1,6.1,6.1,6.1,6.1
6.1,6.1,6.1,6.1,6.1,6.1,6.1,6.1
6.1,6.1,6.1,6.1,6.1,6.1,6.1,6.1
3.5,3.5,3.5,3.5,3.5,3.5,3.5,3.5
3.5,3.5,3.5,3.5,3.5,3.5,3.5,3.5
3.5,3.5,3.5,3.5,3.5,3.5,3.5,3.5
3.5,3.5,3.5,3.5,3.5,3.5,3.5,3.5
0.0,0.0,0.0,0.0,0.0,0.0,0.0,0.0
0.0,0.0,0.0,0.0,0.0,0.0,0.0,0.0
0.0,0.0,0.0,0.0,0.0,0.0,0.0,0.0
0.0,0.0,0.0,0.0,0.0,0.0,0.0,0.0
0.0,0.0,0.0,0.0,0.0,0.0,0.0,0.0
0.0,0.0,0.0,0.0,0.0,0.0,0.0,0.0
0.0,0.0,0.0,0.0,0.0,0.0,0.0,0.0
0.0,0.0,0.0,0.0,0.0,0.0,0.0,0.0
0.0,0.0,0.0,0.0,0.0,0.0,0.0,0.0
0.0,0.0,0.0,0.0,0.0,0.0,0.0,0.0
0.0,0.0,0.0,0.0,0.0,0.0,0.0,0.0
0.0,0.0,0.0,0.0,0.0,0.0,0.0,0.0
0.0,0.0,0.0,0.0,0.0,0.0,0.0,0.0
0.0,0.0,0.0,0.0,0.0,0.0,0.0,0.0
0.0,0.0,0.0,0.0,0.0,0.0,0.0,0.0
0.0,0.0,0.0,0.0,0.0,0.0,0.0,0.0
0.0,0.0,0.0,0.0,0.0,0.0,0.0,0.0
0.0,0.0,0.0,0.0,0.0,0.0,0.0,0.0
0.0,0.0,0.0,0.0,0.0,0.0,0.0,0.0
0.0,0.0,0.0,0.0,0.0,0.0,0.0,0.0
0.0,0.0,0.0,0.0,0.0,0.0,0.0,0.0
0.0,0.0,0.0,0.0,0.0,0.0,0.0,0.0
0.0,0.0,0.0,0.0,0.0,0.0,0.0,0.0
0.0,0.0,0.0,0.0,0.0,0.0,0.0,0.0
0.0,0.0,0.0,0.0,0.0,0.0,0.0,0.0
0.0,0.0,0.0,0.0,0.0,0.0,0.0,0.0
0.0,0.0,0.0,0.0,0.0,0.0,0.0,0.0
0.0,0.0,0.0,0.0,0.0,0.0,0.0,0.0
0.0,0.0,0.0,0.0,0.0,0.0,0.0,0.0
0.0,0.0,0.0,0.0,0.0,0.0,0.0,0.0
0.0,0.0,0.0,0.0,0.0,0.0,0.0,0.0
0.0,0.0,0.0,0.0,0.0,0.0,0.0,0.0
0.0,0.0,0.0,0.0,0.0,0.0,0.0,0.0
0.0,0.0,0.0,0.0,0.0,0.0,0.0,0.0
0.0,0.0,0.0,0.0,0.0,0.0,0.0,0.0
0.0,0.0,0.0,0.0,0.0,0.0,0.0,0.0
0.0,0.0,0.0,0.0,0.0,0.0,0.0,0.0
0.0,0.0,0.0,0.0,0.0,0.0,0.0,0.0
0.0,0.0,0.0,0.0,0.0,0.0,0.0,0.0
0.0,0.0,0.0,0.0,0.0,0.0,0.0,0.0
0.0,0.0,0.0,0.0,0.0,0.0,0.0,0.0
0.0,0.0,0.0,0.0,0.0,0.0,0.0,0.0
0.0,0.0,0.0,0.0,0.0,0.0,0.0,0.0
0.0,0.0,0.0,0.0,0.0,0.0,0.0,0.0
0.0,0.0,0.0,0.0,0.0,0.0,0.0,0.0
0.0,0.0,0.0,0.0,0.0,0.0,0.0,0.0
0.0,0.0,0.0,0.0,0.0,0.0,0.0,0.0
0.0,0.0,0.0,0.0,0.0,0.0,0.0,0.0
0.0,0.0,0.0,0.0,0.0,0.0,0.0,0.0
0.0,0.0,0.0,0.0,0.0,0.0,0.0,0.0
0.0,0.0,0.0,0.0,0.0,0.0,0.0,0.0
0.0,0.0,0.0,0.0,0.0,0.0,0.0,0.0
0.0,0.0,0.0,0.0,0.0,0.0,0.0,0.0
0.0,0.0,0.0,0.0,0.0,0.0,0.0,0.0
0.0,0.0,0.0,0.0,0.0,0.0,0.0,0.0
0.0,0.0,0.0,0.0,0.0,0.0,0.0,0.0
0.0,0.0,0.0,0.0,0.0,0.0,0.0,0.0
0.0,0.0,0.0,0.0,0.0,0.0,0.0,0.0
0.0,0.0,0.0,0.0,0.0,0.0,0.0,0.0
0.0,0.0,0.0,0.0,0.0,0.0,0.0,0.0
0.0,0.0,0.0,0.0,0.0,0.0,0.0,0.0
0.0,0.0,0.0,0.0,0.0,0.0,0.0,0.0
0.0,0.0,0.0,0.0,0.0,0.0,0.0,0.0
0.0,0.0,0.0,0.0,0.0,0.0,0.0,0.0
4.3,4.3,4.3,4.3,4.3,4.3,4.3,4.3
4.3,4.3,4.3,4.3,4.3,4.3,4.3,4.3
4.3,4.3,4.3,4.3,4.3,4.3,4.3,4.3
4.3,4.3,4.3,4.3,4.3,4.3,4.3,4.3
8.7,8.7,8.7,8.7,8.7,8.7,8.7,8.7
8.7,8.7,8.7,8.7,8.7,8.7,8.7,8.7
8.7,8.7,8.7,8.7,8.7,8.7,8.7,8.7
8.7,8.7,8.7,8.7,8.7,8.7,8.7,8.7
7.8,7.8,7.8,7.8,7.8,7.8,7.8,7.8
7.8,7.8,7.8,7.8,7.8,7.8,7.8,7.8
7.8,7.8,7.8,7.8,7.8,7.8,7.8,7.8
7.8,7.8,7.8,7.8,7.8,7.8,7.8,7.8
15.5,15.5,15.5,15.5,15.5,15.5,15.5,15.5
15.5,15.5,15.5,15.5,15.5,15.5,15.5,15.5
15.5,15.5,15.5,15.5,15.5,15.5,15.5,15.5
15.5,15.5,15.5,15.5,15.5,15.5,15.5,15.5
14.7,14.7,14.7,14.7,14.7,14.7,14.7,14.7
14.7,14.7,14.7,14.7,14.7,14.7,14.7,14.7
14.7,14.7,14.7,14.7,14.7,14.7,14.7,14.7
14.7,14.7,14.7,14.7,14.7,14.7,14.7,14.7
8.6,8.6,8.6,8.6,8.6,8.6,8.6,8.6
8.6,8.6,8.6,8.6,8.6,8.6,8.6,8.6
8.6,8.6,8.6,8.6,8.6,8.6,8.6,8.6
8.6,8.6,8.6,8.6,8.6,8.6,8.6,8.6
6.9,6.9,6.9,6.9,6.9,6.9,6.9,6.9
6.9,6.9,6.9,6.9,6.9,6.9,6.9,6.9
6.9,6.9,6.9,6.9,6.9,6.9,6.9,6.9
6.9,6.9,6.9,6.9,6.9,6.9,6.9,6.9
2.6,2.6,2.6,2.6,2.6,2.6,2.6,2.6
2.6,2.6,2.6,2.6,2.6,2.6,2.6,2.6
2.6,2.6,2.6,2.6,2.6,2.6,2.6,2.6
2.6,2.6,2.6,2.6,2.6,2.6,2.6,2.6
0.0,0.0,0.0,0.0,0.0,0.0,0.0,0.0
0.0,0.0,0.0,0.0,0.0,0.0,0.0,0.0
0.0,0.0,0.0,0.0,0.0,0.0,0.0,0.0
0.0,0.0,0.0,0.0,0.0,0.0,0.0,0.0
0.0,0.0,0.0,0.0,0.0,0.0,0.0,0.0
0.0,0.0,0.0,0.0,0.0,0.0,0.0,0.0
0.0,0.0,0.0,0.0,0.0,0.0,0.0,0.0
0.0,0.0,0.0,0.0,0.0,0.0,0.0,0.0
0.0,0.0,0.0,0.0,0.0,0.0,0.0,0.0
0.0,0.0,0.0,0.0,0.0,0.0,0.0,0.0
0.0,0.0,0.0,0.0,0.0,0.0,0.0,0.0
0.0,0.0,0.0,0.0,0.0,0.0,0.0,0.0
0.0,0.0,0.0,0.0,0.0,0.0,0.0,0.0
0.0,0.0,0.0,0.0,0.0,0.0,0.0,0.0
0.0,0.0,0.0,0.0,0.0,0.0,0.0,0.0
0.0,0.0,0.0,0.0,0.0,0.0,0.0,0.0
0.0,0.0,0.0,0.0,0.0,0.0,0.0,0.0
0.0,0.0,0.0,0.0,0.0,0.0,0.0,0.0
0.0,0.0,0.0,0.0,0.0,0.0,0.0,0.0
0.0,0.0,0.0,0.0,0.0,0.0,0.0,0.0
0.0,0.0,0.0,0.0,0.0,0.0,0.0,0.0
0.0,0.0,0.0,0.0,0.0,0.0,0.0,0.0
0.0,0.0,0.0,0.0,0.0,0.0,0.0,0.0
0.0,0.0,0.0,0.0,0.0,0.0,0.0,0.0
0.0,0.0,0.0,0.0,0.0,0.0,0.0,0.0
0.0,0.0,0.0,0.0,0.0,0.0,0.0,0.0
0.0,0.0,0.0,0.0,0.0,0.0,0.0,0.0
0.0,0.0,0.0,0.0,0.0,0.0,0.0,0.0
0.0,0.0,0.0,0.0,0.0,0.0,0.0,0.0
0.0,0.0,0.0,0.0,0.0,0.0,0.0,0.0
0.0,0.0,0.0,0.0,0.0,0.0,0.0,0.0
0.0,0.0,0.0,0.0,0.0,0.0,0.0,0.0
0.0,0.0,0.0,0.0,0.0,0.0,0.0,0.0
0.0,0.0,0.0,0.0,0.0,0.0,0.0,0.0
0.0,0.0,0.0,0.0,0.0,0.0,0.0,0.0
0.0,0.0,0.0,0.0,0.0,0.0,0.0,0.0
0.0,0.0,0.0,0.0,0.0,0.0,0.0,0.0
0.0,0.0,0.0,0.0,0.0,0.0,0.0,0.0
0.0,0.0,0.0,0.0,0.0,0.0,0.0,0.0
0.0,0.0,0.0,0.0,0.0,0.0,0.0,0.0
0.0,0.0,0.0,0.0,0.0,0.0,0.0,0.0
0.0,0.0,0.0,0.0,0.0,0.0,0.0,0.0
0.0,0.0,0.0,0.0,0.0,0.0,0.0,0.0
0.0,0.0,0.0,0.0,0.0,0.0,0.0,0.0
0.0,0.0,0.0,0.0,0.0,0.0,0.0,0.0
0.0,0.0,0.0,0.0,0.0,0.0,0.0,0.0
0.0,0.0,0.0,0.0,0.0,0.0,0.0,0.0
0.0,0.0,0.0,0.0,0.0,0.0,0.0,0.0
0.0,0.0,0.0,0.0,0.0,0.0,0.0,0.0
0.0,0.0,0.0,0.0,0.0,0.0,0.0,0.0
0.0,0.0,0.0,0.0,0.0,0.0,0.0,0.0
0.0,0.0,0.0,0.0,0.0,0.0,0.0,0.0
0.0,0.0,0.0,0.0,0.0,0.0,0.0,0.0
0.0,0.0,0.0,0.0,0.0,0.0,0.0,0.0
0.0,0.0,0.0,0.0,0.0,0.0,0.0,0.0
0.0,0.0,0.0,0.0,0.0,0.0,0.0,0.0
0.0,0.0,0.0,0.0,0.0,0.0,0.0,0.0
0.0,0.0,0.0,0.0,0.0,0.0,0.0,0.0
0.0,0.0,0.0,0.0,0.0,0.0,0.0,0.0
0.0,0.0,0.0,0.0,0.0,0.0,0.0,0.0
0.0,0.0,0.0,0.0,0.0,0.0,0.0,0.0
0.0,0.0,0.0,0.0,0.0,0.0,0.0,0.0
0.0,0.0,0.0,0.0,0.0,0.0,0.0,0.0
0.0,0.0,0.0,0.0,0.0,0.0,0.0,0.0
4.4,4.4,4.4,4.4,4.4,4.4,4.4,4.4
4.4,4.4,4.4,4.4,4.4,4.4,4.4,4.4
4.4,4.4,4.4,4.4,4.4,4.4,4.4,4.4
4.4,4.4,4.4,4.4,4.4,4.4,4.4,4.4
7.0,7.0,7.0,7.0,7.0,7.0,7.0,7.0
7.0,7.0,7.0,7.0,7.0,7.0,7.0,7.0
7.0,7.0,7.0,7.0,7.0,7.0,7.0,7.0
7.0,7.0,7.0,7.0,7.0,7.0,7.0,7.0
9.5,9.5,9.5,9.5,9.5,9.5,9.5,9.5
9.5,9.5,9.5,9.5,9.5,9.5,9.5,9.5
9.5,9.5,9.5,9.5,9.5,9.5,9.5,9.5
9.5,9.5,9.5,9.5,9.5,9.5,9.5,9.5
11.3,11.3,11.3,11.3,11.3,11.3,11.3,11.3
11.3,11.3,11.3,11.3,11.3,11.3,11.3,11.3
11.3,11.3,11.3,11.3,11.3,11.3,11.3,11.3
11.3,11.3,11.3,11.3,11.3,11.3,11.3,11.3
8.6,8.6,8.6,8.6,8.6,8.6,8.6,8.6
8.6,8.6,8.6,8.6,8.6,8.6,8.6,8.6
8.6,8.6,8.6,8.6,8.6,8.6,8.6,8.6
8.6,8.6,8.6,8.6,8.6,8.6,8.6,8.6
8.6,8.6,8.6,8.6,8.6,8.6,8.6,8.6
8.6,8.6,8.6,8.6,8.6,8.6,8.6,8.6
8.6,8.6,8.6,8.6,8.6,8.6,8.6,8.6
8.6,8.6,8.6,8.6,8.6,8.6,8.6,8.6
6.0,6.0,6.0,6.0,6.0,6.0,6.0,6.0
6.0,6.0,6.0,6.0,6.0,6.0,6.0,6.0
6.0,6.0,6.0,6.0,6.0,6.0,6.0,6.0
6.0,6.0,6.0,6.0,6.0,6.0,6.0,6.0
3.5,3.5,3.5,3.5,3.5,3.5,3.5,3.5
3.5,3.5,3.5,3.5,3.5,3.5,3.5,3.5
3.5,3.5,3.5,3.5,3.5,3.5,3.5,3.5
3.5,3.5,3.5,3.5,3.5,3.5,3.5,3.5
0.0,0.0,0.0,0.0,0.0,0.0,0.0,0.0
0.0,0.0,0.0,0.0,0.0,0.0,0.0,0.0
0.0,0.0,0.0,0.0,0.0,0.0,0.0,0.0
0.0,0.0,0.0,0.0,0.0,0.0,0.0,0.0
0.0,0.0,0.0,0.0,0.0,0.0,0.0,0.0
0.0,0.0,0.0,0.0,0.0,0.0,0.0,0.0
0.0,0.0,0.0,0.0,0.0,0.0,0.0,0.0
0.0,0.0,0.0,0.0,0.0,0.0,0.0,0.0
0.0,0.0,0.0,0.0,0.0,0.0,0.0,0.0
0.0,0.0,0.0,0.0,0.0,0.0,0.0,0.0
0.0,0.0,0.0,0.0,0.0,0.0,0.0,0.0
0.0,0.0,0.0,0.0,0.0,0.0,0.0,0.0
0.0,0.0,0.0,0.0,0.0,0.0,0.0,0.0
0.0,0.0,0.0,0.0,0.0,0.0,0.0,0.0
0.0,0.0,0.0,0.0,0.0,0.0,0.0,0.0
0.0,0.0,0.0,0.0,0.0,0.0,0.0,0.0
0.0,0.0,0.0,0.0,0.0,0.0,0.0,0.0
0.0,0.0,0.0,0.0,0.0,0.0,0.0,0.0
0.0,0.0,0.0,0.0,0.0,0.0,0.0,0.0
0.0,0.0,0.0,0.0,0.0,0.0,0.0,0.0
0.0,0.0,0.0,0.0,0.0,0.0,0.0,0.0
0.0,0.0,0.0,0.0,0.0,0.0,0.0,0.0
0.0,0.0,0.0,0.0,0.0,0.0,0.0,0.0
0.0,0.0,0.0,0.0,0.0,0.0,0.0,0.0
0.0,0.0,0.0,0.0,0.0,0.0,0.0,0.0
0.0,0.0,0.0,0.0,0.0,0.0,0.0,0.0
0.0,0.0,0.0,0.0,0.0,0.0,0.0,0.0
0.0,0.0,0.0,0.0,0.0,0.0,0.0,0.0
0.0,0.0,0.0,0.0,0.0,0.0,0.0,0.0
0.0,0.0,0.0,0.0,0.0,0.0,0.0,0.0
0.0,0.0,0.0,0.0,0.0,0.0,0.0,0.0
0.0,0.0,0.0,0.0,0.0,0.0,0.0,0.0
0.0,0.0,0.0,0.0,0.0,0.0,0.0,0.0
0.0,0.0,0.0,0.0,0.0,0.0,0.0,0.0
0.0,0.0,0.0,0.0,0.0,0.0,0.0,0.0
0.0,0.0,0.0,0.0,0.0,0.0,0.0,0.0
0.0,0.0,0.0,0.0,0.0,0.0,0.0,0.0
0.0,0.0,0.0,0.0,0.0,0.0,0.0,0.0
0.0,0.0,0.0,0.0,0.0,0.0,0.0,0.0
0.0,0.0,0.0,0.0,0.0,0.0,0.0,0.0
0.0,0.0,0.0,0.0,0.0,0.0,0.0,0.0
0.0,0.0,0.0,0.0,0.0,0.0,0.0,0.0
0.0,0.0,0.0,0.0,0.0,0.0,0.0,0.0
0.0,0.0,0.0,0.0,0.0,0.0,0.0,0.0
0.0,0.0,0.0,0.0,0.0,0.0,0.0,0.0
0.0,0.0,0.0,0.0,0.0,0.0,0.0,0.0
0.0,0.0,0.0,0.0,0.0,0.0,0.0,0.0
0.0,0.0,0.0,0.0,0.0,0.0,0.0,0.0
0.0,0.0,0.0,0.0,0.0,0.0,0.0,0.0
0.0,0.0,0.0,0.0,0.0,0.0,0.0,0.0
0.0,0.0,0.0,0.0,0.0,0.0,0.0,0.0
0.0,0.0,0.0,0.0,0.0,0.0,0.0,0.0
0.0,0.0,0.0,0.0,0.0,0.0,0.0,0.0
0.0,0.0,0.0,0.0,0.0,0.0,0.0,0.0
0.0,0.0,0.0,0.0,0.0,0.0,0.0,0.0
0.0,0.0,0.0,0.0,0.0,0.0,0.0,0.0
0.0,0.0,0.0,0.0,0.0,0.0,0.0,0.0
0.0,0.0,0.0,0.0,0.0,0.0,0.0,0.0
0.0,0.0,0.0,0.0,0.0,0.0,0.0,0.0
0.0,0.0,0.0,0.0,0.0,0.0,0.0,0.0
0.0,0.0,0.0,0.0,0.0,0.0,0.0,0.0
0.0,0.0,0.0,0.0,0.0,0.0,0.0,0.0
0.0,0.0,0.0,0.0,0.0,0.0,0.0,0.0
0.0,0.0,0.0,0.0,0.0,0.0,0.0,0.0
4.3,4.3,4.3,4.3,4.3,4.3,4.3,4.3
4.3,4.3,4.3,4.3,4.3,4.3,4.3,4.3
4.3,4.3,4.3,4.3,4.3,4.3,4.3,4.3
4.3,4.3,4.3,4.3,4.3,4.3,4.3,4.3
6.0,6.0,6.0,6.0,6.0,6.0,6.0,6.0
6.0,6.0,6.0,6.0,6.0,6.0,6.0,6.0
6.0,6.0,6.0,6.0,6.0,6.0,6.0,6.0
6.0,6.0,6.0,6.0,6.0,6.0,6.0,6.0
7.7,7.7,7.7,7.7,7.7,7.7,7.7,7.7
7.7,7.7,7.7,7.7,7.7,7.7,7.7,7.7
7.7,7.7,7.7,7.7,7.7,7.7,7.7,7.7
7.7,7.7,7.7,7.7,7.7,7.7,7.7,7.7
8.6,8.6,8.6,8.6,8.6,8.6,8.6,8.6
8.6,8.6,8.6,8.6,8.6,8.6,8.6,8.6
8.6,8.6,8.6,8.6,8.6,8.6,8.6,8.6
8.6,8.6,8.6,8.6,8.6,8.6,8.6,8.6
8.6,8.6,8.6,8.6,8.6,8.6,8.6,8.6
8.6,8.6,8.6,8.6,8.6,8.6,8.6,8.6
8.6,8.6,8.6,8.6,8.6,8.6,8.6,8.6
8.6,8.6,8.6,8.6,8.6,8.6,8.6,8.6
8.6,8.6,8.6,8.6,8.6,8.6,8.6,8.6
8.6,8.6,8.6,8.6,8.6,8.6,8.6,8.6
8.6,8.6,8.6,8.6,8.6,8.6,8.6,8.6
8.6,8.6,8.6,8.6,8.6,8.6,8.6,8.6
6.0,6.0,6.0,6.0,6.0,6.0,6.0,6.0
6.0,6.0,6.0,6.0,6.0,6.0,6.0,6.0
6.0,6.0,6.0,6.0,6.0,6.0,6.0,6.0
6.0,6.0,6.0,6.0,6.0,6.0,6.0,6.0
3.4,3.4,3.4,3.4,3.4,3.4,3.4,3.4
3.4,3.4,3.4,3.4,3.4,3.4,3.4,3.4
3.4,3.4,3.4,3.4,3.4,3.4,3.4,3.4
3.4,3.4,3.4,3.4,3.4,3.4,3.4,3.4
0.0,0.0,0.0,0.0,0.0,0.0,0.0,0.0
0.0,0.0,0.0,0.0,0.0,0.0,0.0,0.0
0.0,0.0,0.0,0.0,0.0,0.0,0.0,0.0
0.0,0.0,0.0,0.0,0.0,0.0,0.0,0.0
0.0,0.0,0.0,0.0,0.0,0.0,0.0,0.0
0.0,0.0,0.0,0.0,0.0,0.0,0.0,0.0
0.0,0.0,0.0,0.0,0.0,0.0,0.0,0.0
0.0,0.0,0.0,0.0,0.0,0.0,0.0,0.0
0.0,0.0,0.0,0.0,0.0,0.0,0.0,0.0
0.0,0.0,0.0,0.0,0.0,0.0,0.0,0.0
0.0,0.0,0.0,0.0,0.0,0.0,0.0,0.0
0.0,0.0,0.0,0.0,0.0,0.0,0.0,0.0
0.0,0.0,0.0,0.0,0.0,0.0,0.0,0.0
0.0,0.0,0.0,0.0,0.0,0.0,0.0,0.0
0.0,0.0,0.0,0.0,0.0,0.0,0.0,0.0
0.0,0.0,0.0,0.0,0.0,0.0,0.0,0.0
0.0,0.0,0.0,0.0,0.0,0.0,0.0,0.0
0.0,0.0,0.0,0.0,0.0,0.0,0.0,0.0
0.0,0.0,0.0,0.0,0.0,0.0,0.0,0.0
0.0,0.0,0.0,0.0,0.0,0.0,0.0,0.0
0.0,0.0,0.0,0.0,0.0,0.0,0.0,0.0
0.0,0.0,0.0,0.0,0.0,0.0,0.0,0.0
0.0,0.0,0.0,0.0,0.0,0.0,0.0,0.0
0.0,0.0,0.0,0.0,0.0,0.0,0.0,0.0
0.0,0.0,0.0,0.0,0.0,0.0,0.0,0.0
0.0,0.0,0.0,0.0,0.0,0.0,0.0,0.0
0.0,0.0,0.0,0.0,0.0,0.0,0.0,0.0
0.0,0.0,0.0,0.0,0.0,0.0,0.0,0.0
0.0,0.0,0.0,0.0,0.0,0.0,0.0,0.0
0.0,0.0,0.0,0.0,0.0,0.0,0.0,0.0
0.0,0.0,0.0,0.0,0.0,0.0,0.0,0.0
0.0,0.0,0.0,0.0,0.0,0.0,0.0,0.0
0.0,0.0,0.0,0.0,0.0,0.0,0.0,0.0
0.0,0.0,0.0,0.0,0.0,0.0,0.0,0.0
0.0,0.0,0.0,0.0,0.0,0.0,0.0,0.0
0.0,0.0,0.0,0.0,0.0,0.0,0.0,0.0
0.0,0.0,0.0,0.0,0.0,0.0,0.0,0.0
0.0,0.0,0.0,0.0,0.0,0.0,0.0,0.0
0.0,0.0,0.0,0.0,0.0,0.0,0.0,0.0
0.0,0.0,0.0,0.0,0.0,0.0,0.0,0.0
0.0,0.0,0.0,0.0,0.0,0.0,0.0,0.0
0.0,0.0,0.0,0.0,0.0,0.0,0.0,0.0
0.0,0.0,0.0,0.0,0.0,0.0,0.0,0.0
0.0,0.0,0.0,0.0,0.0,0.0,0.0,0.0
0.0,0.0,0.0,0.0,0.0,0.0,0.0,0.0
0.0,0.0,0.0,0.0,0.0,0.0,0.0,0.0
0.0,0.0,0.0,0.0,0.0,0.0,0.0,0.0
0.0,0.0,0.0,0.0,0.0,0.0,0.0,0.0
0.0,0.0,0.0,0.0,0.0,0.0,0.0,0.0
0.0,0.0,0.0,0.0,0.0,0.0,0.0,0.0
0.0,0.0,0.0,0.0,0.0,0.0,0.0,0.0
0.0,0.0,0.0,0.0,0.0,0.0,0.0,0.0
0.0,0.0,0.0,0.0,0.0,0.0,0.0,0.0
0.0,0.0,0.0,0.0,0.0,0.0,0.0,0.0
0.0,0.0,0.0,0.0,0.0,0.0,0.0,0.0
0.0,0.0,0.0,0.0,0.0,0.0,0.0,0.0
0.0,0.0,0.0,0.0,0.0,0.0,0.0,0.0
0.0,0.0,0.0,0.0,0.0,0.0,0.0,0.0
0.0,0.0,0.0,0.0,0.0,0.0,0.0,0.0
0.0,0.0,0.0,0.0,0.0,0.0,0.0,0.0
0.0,0.0,0.0,0.0,0.0,0.0,0.0,0.0
0.0,0.0,0.0,0.0,0.0,0.0,0.0,0.0
0.0,0.0,0.0,0.0,0.0,0.0,0.0,0.0
0.0,0.0,0.0,0.0,0.0,0.0,0.0,0.0
4.3,4.3,4.3,4.3,4.3,4.3,4.3,4.3
4.3,4.3,4.3,4.3,4.3,4.3,4.3,4.3
4.3,4.3,4.3,4.3,4.3,4.3,4.3,4.3
4.3,4.3,4.3,4.3,4.3,4.3,4.3,4.3
9.5,9.5,9.5,9.5,9.5,9.5,9.5,9.5
9.5,9.5,9.5,9.5,9.5,9.5,9.5,9.5
9.5,9.5,9.5,9.5,9.5,9.5,9.5,9.5
9.5,9.5,9.5,9.5,9.5,9.5,9.5,9.5
13.8,13.8,13.8,13.8,13.8,13.8,13.8,13.8
13.8,13.8,13.8,13.8,13.8,13.8,13.8,13.8
13.8,13.8,13.8,13.8,13.8,13.8,13.8,13.8
13.8,13.8,13.8,13.8,13.8,13.8,13.8,13.8
17.3,17.3,17.3,17.3,17.3,17.3,17.3,17.3
17.3,17.3,17.3,17.3,17.3,17.3,17.3,17.3
17.3,17.3,17.3,17.3,17.3,17.3,17.3,17.3
17.3,17.3,17.3,17.3,17.3,17.3,17.3,17.3
74.7,65.0,79.3,64.4,75.5,74.8,84.9,74.2
74.7,65.0,79.3,64.4,75.5,74.8,84.9,74.2
75.2,65.0,83.2,64.4,76.5,75.4,78.7,74.4
75.0,65.0,81.2,64.4,76.0,79.1,77.8,74.3
84.5,63.5,169.6,62.7,97.4,86.9,122.2,74.8
84.5,63.5,169.6,62.7,97.4,86.9,122.2,74.8
84.5,63.5,169.6,62.7,97.4,86.9,122.2,74.8
84.5,63.5,169.6,62.7,97.4,86.9,122.2,74.8
18.2,18.2,18.2,18.2,18.2,18.2,18.2,18.2
18.2,18.2,18.2,18.2,18.2,18.2,18.2,18.2
18.2,18.2,18.2,18.2,18.2,18.2,18.2,18.2
18.2,18.2,18.2,18.2,18.2,18.2,18.2,18.2
6.1,6.1,6.1,6.1,6.1,6.1,6.1,6.1
6.1,6.1,6.1,6.1,6.1,6.1,6.1,6.1
6.1,6.1,6.1,6.1,6.1,6.1,6.1,6.1
6.1,6.1,6.1,6.1,6.1,6.1,6.1,6.1
0.0,0.0,0.0,0.0,0.0,0.0,0.0,0.0
0.0,0.0,0.0,0.0,0.0,0.0,0.0,0.0
0.0,0.0,0.0,0.0,0.0,0.0,0.0,0.0
0.0,0.0,0.0,0.0,0.0,0.0,0.0,0.0
0.0,0.0,0.0,0.0,0.0,0.0,0.0,0.0
0.0,0.0,0.0,0.0,0.0,0.0,0.0,0.0
0.0,0.0,0.0,0.0,0.0,0.0,0.0,0.0
0.0,0.0,0.0,0.0,0.0,0.0,0.0,0.0
0.0,0.0,0.0,0.0,0.0,0.0,0.0,0.0
0.0,0.0,0.0,0.0,0.0,0.0,0.0,0.0
0.0,0.0,0.0,0.0,0.0,0.0,0.0,0.0
0.0,0.0,0.0,0.0,0.0,0.0,0.0,0.0
0.0,0.0,0.0,0.0,0.0,0.0,0.0,0.0
0.0,0.0,0.0,0.0,0.0,0.0,0.0,0.0
0.0,0.0,0.0,0.0,0.0,0.0,0.0,0.0
0.0,0.0,0.0,0.0,0.0,0.0,0.0,0.0
0.0,0.0,0.0,0.0,0.0,0.0,0.0,0.0
0.0,0.0,0.0,0.0,0.0,0.0,0.0,0.0
0.0,0.0,0.0,0.0,0.0,0.0,0.0,0.0
0.0,0.0,0.0,0.0,0.0,0.0,0.0,0.0
0.0,0.0,0.0,0.0,0.0,0.0,0.0,0.0
0.0,0.0,0.0,0.0,0.0,0.0,0.0,0.0
0.0,0.0,0.0,0.0,0.0,0.0,0.0,0.0
0.0,0.0,0.0,0.0,0.0,0.0,0.0,0.0
0.0,0.0,0.0,0.0,0.0,0.0,0.0,0.0
0.0,0.0,0.0,0.0,0.0,0.0,0.0,0.0
0.0,0.0,0.0,0.0,0.0,0.0,0.0,0.0
0.0,0.0,0.0,0.0,0.0,0.0,0.0,0.0
0.0,0.0,0.0,0.0,0.0,0.0,0.0,0.0
0.0,0.0,0.0,0.0,0.0,0.0,0.0,0.0
0.0,0.0,0.0,0.0,0.0,0.0,0.0,0.0
0.0,0.0,0.0,0.0,0.0,0.0,0.0,0.0
0.0,0.0,0.0,0.0,0.0,0.0,0.0,0.0
0.0,0.0,0.0,0.0,0.0,0.0,0.0,0.0
0.0,0.0,0.0,0.0,0.0,0.0,0.0,0.0
0.0,0.0,0.0,0.0,0.0,0.0,0.0,0.0
0.0,0.0,0.0,0.0,0.0,0.0,0.0,0.0
0.0,0.0,0.0,0.0,0.0,0.0,0.0,0.0
0.0,0.0,0.0,0.0,0.0,0.0,0.0,0.0
0.0,0.0,0.0,0.0,0.0,0.0,0.0,0.0
0.0,0.0,0.0,0.0,0.0,0.0,0.0,0.0
0.0,0.0,0.0,0.0,0.0,0.0,0.0,0.0
0.0,0.0,0.0,0.0,0.0,0.0,0.0,0.0
0.0,0.0,0.0,0.0,0.0,0.0,0.0,0.0
0.0,0.0,0.0,0.0,0.0,0.0,0.0,0.0
0.0,0.0,0.0,0.0,0.0,0.0,0.0,0.0
0.0,0.0,0.0,0.0,0.0,0.0,0.0,0.0
0.0,0.0,0.0,0.0,0.0,0.0,0.0,0.0
0.0,0.0,0.0,0.0,0.0,0.0,0.0,0.0
0.0,0.0,0.0,0.0,0.0,0.0,0.0,0.0
0.0,0.0,0.0,0.0,0.0,0.0,0.0,0.0
0.0,0.0,0.0,0.0,0.0,0.0,0.0,0.0
0.0,0.0,0.0,0.0,0.0,0.0,0.0,0.0
0.0,0.0,0.0,0.0,0.0,0.0,0.0,0.0
0.0,0.0,0.0,0.0,0.0,0.0,0.0,0.0
0.0,0.0,0.0,0.0,0.0,0.0,0.0,0.0
0.0,0.0,0.0,0.0,0.0,0.0,0.0,0.0
0.0,0.0,0.0,0.0,0.0,0.0,0.0,0.0
0.0,0.0,0.0,0.0,0.0,0.0,0.0,0.0
0.0,0.0,0.0,0.0,0.0,0.0,0.0,0.0
0.0,0.0,0.0,0.0,0.0,0.0,0.0,0.0
0.0,0.0,0.0,0.0,0.0,0.0,0.0,0.0
0.0,0.0,0.0,0.0,0.0,0.0,0.0,0.0
0.0,0.0,0.0,0.0,0.0,0.0,0.0,0.0
4.4,4.4,4.4,4.4,4.4,4.4,4.4,4.4
4.4,4.4,4.4,4.4,4.4,4.4,4.4,4.4
4.4,4.4,4.4,4.4,4.4,4.4,4.4,4.4
4.4,4.4,4.4,4.4,4.4,4.4,4.4,4.4
6.1,6.1,6.1,6.1,6.1,6.1,6.1,6.1
6.1,6.1,6.1,6.1,6.1,6.1,6.1,6.1
6.1,6.1,6.1,6.1,6.1,6.1,6.1,6.1
6.1,6.1,6.1,6.1,6.1,6.1,6.1,6.1
8.7,8.7,8.7,8.7,8.7,8.7,8.7,8.7
8.7,8.7,8.7,8.7,8.7,8.7,8.7,8.7
8.7,8.7,8.7,8.7,8.7,8.7,8.7,8.7
8.7,8.7,8.7,8.7,8.7,8.7,8.7,8.7
17.3,17.3,17.3,17.3,17.3,17.3,17.3,17.3
17.3,17.3,17.3,17.3,17.3,17.3,17.3,17.3
17.3,17.3,17.3,17.3,17.3,17.3,17.3,17.3
17.3,17.3,17.3,17.3,17.3,17.3,17.3,17.3
9.5,9.5,9.5,9.5,9.5,9.5,9.5,9.5
9.5,9.5,9.5,9.5,9.5,9.5,9.5,9.5
9.5,9.5,9.5,9.5,9.5,9.5,9.5,9.5
9.5,9.5,9.5,9.5,9.5,9.5,9.5,9.5
7.8,7.8,7.8,7.8,7.8,7.8,7.8,7.8
7.8,7.8,7.8,7.8,7.8,7.8,7.8,7.8
7.8,7.8,7.8,7.8,7.8,7.8,7.8,7.8
7.8,7.8,7.8,7.8,7.8,7.8,7.8,7.8
7.8,7.8,7.8,7.8,7.8,7.8,7.8,7.8
7.8,7.8,7.8,7.8,7.8,7.8,7.8,7.8
7.8,7.8,7.8,7.8,7.8,7.8,7.8,7.8
7.8,7.8,7.8,7.8,7.8,7.8,7.8,7.8
555.0,65.5,174.9,64.9,101.7,89.0,125.9,77.7
555.0,65.5,174.9,64.9,101.7,89.0,125.9,77.7
555.0,65.5,174.9,64.9,101.7,89.0,125.9,77.7
87.0,65.5,174.9,64.9,101.7,89.0,125.9,77.7
0.0,0.0,0.0,0.0,0.0,0.0,0.0,0.0
0.0,0.0,0.0,0.0,0.0,0.0,0.0,0.0
0.0,0.0,0.0,0.0,0.0,0.0,0.0,0.0
0.0,0.0,0.0,0.0,0.0,0.0,0.0,0.0
0.0,0.0,0.0,0.0,0.0,0.0,0.0,0.0
0.0,0.0,0.0,0.0,0.0,0.0,0.0,0.0
0.0,0.0,0.0,0.0,0.0,0.0,0.0,0.0
0.0,0.0,0.0,0.0,0.0,0.0,0.0,0.0
0.0,0.0,0.0,0.0,0.0,0.0,0.0,0.0
0.0,0.0,0.0,0.0,0.0,0.0,0.0,0.0
0.0,0.0,0.0,0.0,0.0,0.0,0.0,0.0
0.0,0.0,0.0,0.0,0.0,0.0,0.0,0.0
0.0,0.0,0.0,0.0,0.0,0.0,0.0,0.0
0.0,0.0,0.0,0.0,0.0,0.0,0.0,0.0
0.0,0.0,0.0,0.0,0.0,0.0,0.0,0.0
0.0,0.0,0.0,0.0,0.0,0.0,0.0,0.0
0.0,0.0,0.0,0.0,0.0,0.0,0.0,0.0
0.0,0.0,0.0,0.0,0.0,0.0,0.0,0.0
0.0,0.0,0.0,0.0,0.0,0.0,0.0,0.0
0.0,0.0,0.0,0.0,0.0,0.0,0.0,0.0
0.0,0.0,0.0,0.0,0.0,0.0,0.0,0.0
0.0,0.0,0.0,0.0,0.0,0.0,0.0,0.0
0.0,0.0,0.0,0.0,0.0,0.0,0.0,0.0
0.0,0.0,0.0,0.0,0.0,0.0,0.0,0.0
0.0,0.0,0.0,0.0,0.0,0.0,0.0,0.0
0.0,0.0,0.0,0.0,0.0,0.0,0.0,0.0
0.0,0.0,0.0,0.0,0.0,0.0,0.0,0.0
0.0,0.0,0.0,0.0,0.0,0.0,0.0,0.0
0.0,0.0,0.0,0.0,0.0,0.0,0.0,0.0
0.0,0.0,0.0,0.0,0.0,0.0,0.0,0.0
0.0,0.0,0.0,0.0,0.0,0.0,0.0,0.0
0.0,0.0,0.0,0.0,0.0,0.0,0.0,0.0
0.0,0.0,0.0,0.0,0.0,0.0,0.0,0.0
0.0,0.0,0.0,0.0,0.0,0.0,0.0,0.0
0.0,0.0,0.0,0.0,0.0,0.0,0.0,0.0
0.0,0.0,0.0,0.0,0.0,0.0,0.0,0.0
0.0,0.0,0.0,0.0,0.0,0.0,0.0,0.0
0.0,0.0,0.0,0.0,0.0,0.0,0.0,0.0
0.0,0.0,0.0,0.0,0.0,0.0,0.0,0.0
0.0,0.0,0.0,0.0,0.0,0.0,0.0,0.0
0.0,0.0,0.0,0.0,0.0,0.0,0.0,0.0
0.0,0.0,0.0,0.0,0.0,0.0,0.0,0.0
0.0,0.0,0.0,0.0,0.0,0.0,0.0,0.0
0.0,0.0,0.0,0.0,0.0,0.0,0.0,0.0
0.0,0.0,0.0,0.0,0.0,0.0,0.0,0.0
0.0,0.0,0.0,0.0,0.0,0.0,0.0,0.0
0.0,0.0,0.0,0.0,0.0,0.0,0.0,0.0
0.0,0.0,0.0,0.0,0.0,0.0,0.0,0.0
0.0,0.0,0.0,0.0,0.0,0.0,0.0,0.0
0.0,0.0,0.0,0.0,0.0,0.0,0.0,0.0
0.0,0.0,0.0,0.0,0.0,0.0,0.0,0.0
0.0,0.0,0.0,0.0,0.0,0.0,0.0,0.0
0.0,0.0,0.0,0.0,0.0,0.0,0.0,0.0
0.0,0.0,0.0,0.0,0.0,0.0,0.0,0.0
0.0,0.0,0.0,0.0,0.0,0.0,0.0,0.0
0.0,0.0,0.0,0.0,0.0,0.0,0.0,0.0
0.0,0.0,0.0,0.0,0.0,0.0,0.0,0.0
0.0,0.0,0.0,0.0,0.0,0.0,0.0,0.0
0.0,0.0,0.0,0.0,0.0,0.0,0.0,0.0
0.0,0.0,0.0,0.0,0.0,0.0,0.0,0.0
0.0,0.0,0.0,0.0,0.0,0.0,0.0,0.0
0.0,0.0,0.0,0.0,0.0,0.0,0.0,0.0
0.0,0.0,0.0,0.0,0.0,0.0,0.0,0.0
0.0,0.0,0.0,0.0,0.0,0.0,0.0,0.0
4.4,4.4,4.4,4.4,4.4,4.4,4.4,4.4
4.4,4.4,4.4,4.4,4.4,4.4,4.4,4.4
4.4,4.4,4.4,4.4,4.4,4.4,4.4,4.4
4.4,4.4,4.4,4.4,4.4,4.4,4.4,4.4
6.1,6.1,6.1,6.1,6.1,6.1,6.1,6.1
6.1,6.1,6.1,6.1,6.1,6.1,6.1,6.1
6.1,6.1,6.1,6.1,6.1,6.1,6.1,6.1
6.1,6.1,6.1,6.1,6.1,6.1,6.1,6.1
8.7,8.7,8.7,8.7,8.7,8.7,8.7,8.7
8.7,8.7,8.7,8.7,8.7,8.7,8.7,8.7
8.7,8.7,8.7,8.7,8.7,8.7,8.7,8.7
8.7,8.7,8.7,8.7,8.7,8.7,8.7,8.7
17.4,17.4,17.4,17.4,17.4,17.4,17.4,17.4
17.4,17.4,17.4,17.4,17.4,17.4,17.4,17.4
17.4,17.4,17.4,17.4,17.4,17.4,17.4,17.4
17.4,17.4,17.4,17.4,17.4,17.4,17.4,17.4
11.3,11.3,11.3,11.3,11.3,11.3,11.3,11.3
11.3,11.3,11.3,11.3,11.3,11.3,11.3,11.3
11.3,11.3,11.3,11.3,11.3,11.3,11.3,11.3
11.3,11.3,11.3,11.3,11.3,11.3,11.3,11.3
9.6,9.6,9.6,9.6,9.6,9.6,9.6,9.6
9.6,9.6,9.6,9.6,9.6,9.6,9.6,9.6
9.6,9.6,9.6,9.6,9.6,9.6,9.6,9.6
9.6,9.6,9.6,9.6,9.6,9.6,9.6,9.6
7.0,7.0,7.0,7.0,7.0,7.0,7.0,7.0
7.0,7.0,7.0,7.0,7.0,7.0,7.0,7.0
7.0,7.0,7.0,7.0,7.0,7.0,7.0,7.0
7.0,7.0,7.0,7.0,7.0,7.0,7.0,7.0
4.4,4.4,4.4,4.4,4.4,4.4,4.4,4.4
4.4,4.4,4.4,4.4,4.4,4.4,4.4,4.4
4.4,4.4,4.4,4.4,4.4,4.4,4.4,4.4
4.4,4.4,4.4,4.4,4.4,4.4,4.4,4.4
0.0,0.0,0.0,0.0,0.0,0.0,0.0,0.0
0.0,0.0,0.0,0.0,0.0,0.0,0.0,0.0
0.0,0.0,0.0,0.0,0.0,0.0,0.0,0.0
0.0,0.0,0.0,0.0,0.0,0.0,0.0,0.0
0.0,0.0,0.0,0.0,0.0,0.0,0.0,0.0
0.0,0.0,0.0,0.0,0.0,0.0,0.0,0.0
0.0,0.0,0.0,0.0,0.0,0.0,0.0,0.0
0.0,0.0,0.0,0.0,0.0,0.0,0.0,0.0
0.0,0.0,0.0,0.0,0.0,0.0,0.0,0.0
0.0,0.0,0.0,0.0,0.0,0.0,0.0,0.0
0.0,0.0,0.0,0.0,0.0,0.0,0.0,0.0
0.0,0.0,0.0,0.0,0.0,0.0,0.0,0.0
0.0,0.0,0.0,0.0,0.0,0.0,0.0,0.0
0.0,0.0,0.0,0.0,0.0,0.0,0.0,0.0
0.0,0.0,0.0,0.0,0.0,0.0,0.0,0.0
0.0,0.0,0.0,0.0,0.0,0.0,0.0,0.0
0.0,0.0,0.0,0.0,0.0,0.0,0.0,0.0
0.0,0.0,0.0,0.0,0.0,0.0,0.0,0.0
0.0,0.0,0.0,0.0,0.0,0.0,0.0,0.0
0.0,0.0,0.0,0.0,0.0,0.0,0.0,0.0
0.0,0.0,0.0,0.0,0.0,0.0,0.0,0.0
0.0,0.0,0.0,0.0,0.0,0.0,0.0,0.0
0.0,0.0,0.0,0.0,0.0,0.0,0.0,0.0
0.0,0.0,0.0,0.0,0.0,0.0,0.0,0.0
0.0,0.0,0.0,0.0,0.0,0.0,0.0,0.0
0.0,0.0,0.0,0.0,0.0,0.0,0.0,0.0
0.0,0.0,0.0,0.0,0.0,0.0,0.0,0.0
0.0,0.0,0.0,0.0,0.0,0.0,0.0,0.0
0.0,0.0,0.0,0.0,0.0,0.0,0.0,0.0
0.0,0.0,0.0,0.0,0.0,0.0,0.0,0.0
0.0,0.0,0.0,0.0,0.0,0.0,0.0,0.0
0.0,0.0,0.0,0.0,0.0,0.0,0.0,0.0
0.0,0.0,0.0,0.0,0.0,0.0,0.0,0.0
0.0,0.0,0.0,0.0,0.0,0.0,0.0,0.0
0.0,0.0,0.0,0.0,0.0,0.0,0.0,0.0
0.0,0.0,0.0,0.0,0.0,0.0,0.0,0.0
0.0,0.0,0.0,0.0,0.0,0.0,0.0,0.0
0.0,0.0,0.0,0.0,0.0,0.0,0.0,0.0
0.0,0.0,0.0,0.0,0.0,0.0,0.0,0.0
0.0,0.0,0.0,0.0,0.0,0.0,0.0,0.0
0.0,0.0,0.0,0.0,0.0,0.0,0.0,0.0
0.0,0.0,0.0,0.0,0.0,0.0,0.0,0.0
0.0,0.0,0.0,0.0,0.0,0.0,0.0,0.0
0.0,0.0,0.0,0.0,0.0,0.0,0.0,0.0
0.0,0.0,0.0,0.0,0.0,0.0,0.0,0.0
0.0,0.0,0.0,0.0,0.0,0.0,0.0,0.0
0.0,0.0,0.0,0.0,0.0,0.0,0.0,0.0
0.0,0.0,0.0,0.0,0.0,0.0,0.0,0.0
0.0,0.0,0.0,0.0,0.0,0.0,0.0,0.0
0.0,0.0,0.0,0.0,0.0,0.0,0.0,0.0
0.0,0.0,0.0,0.0,0.0,0.0,0.0,0.0
0.0,0.0,0.0,0.0,0.0,0.0,0.0,0.0
0.0,0.0,0.0,0.0,0.0,0.0,0.0,0.0
0.0,0.0,0.0,0.0,0.0,0.0,0.0,0.0
0.0,0.0,0.0,0.0,0.0,0.0,0.0,0.0
0.0,0.0,0.0,0.0,0.0,0.0,0.0,0.0
0.0,0.0,0.0,0.0,0.0,0.0,0.0,0.0
0.0,0.0,0.0,0.0,0.0,0.0,0.0,0.0
0.0,0.0,0.0,0.0,0.0,0.0,0.0,0.0
0.0,0.0,0.0,0.0,0.0,0.0,0.0,0.0
0.0,0.0,0.0,0.0,0.0,0.0,0.0,0.0
0.0,0.0,0.0,0.0,0.0,0.0,0.0,0.0
0.0,0.0,0.0,0.0,0.0,0.0,0.0,0.0
0.0,0.0,0.0,0.0,0.0,0.0,0.0,0.0
4.4,4.4,4.4,4.4,4.4,4.4,4.4,4.4
4.4,4.4,4.4,4.4,4.4,4.4,4.4,4.4
4.4,4.4,4.4,4.4,4.4,4.4,4.4,4.4
4.4,4.4,4.4,4.4,4.4,4.4,4.4,4.4
7.9,7.9,7.9,7.9,7.9,7.9,7.9,7.9
7.9,7.9,7.9,7.9,7.9,7.9,7.9,7.9
7.9,7.9,7.9,7.9,7.9,7.9,7.9,7.9
7.9,7.9,7.9,7.9,7.9,7.9,7.9,7.9
14.8,14.8,14.8,14.8,14.8,14.8,14.8,14.8
14.8,14.8,14.8,14.8,14.8,14.8,14.8,14.8
14.8,14.8,14.8,14.8,14.8,14.8,14.8,14.8
14.8,14.8,14.8,14.8,14.8,14.8,14.8,14.8
18.3,18.3,18.3,18.3,18.3,18.3,18.3,18.3
18.3,18.3,18.3,18.3,18.3,18.3,18.3,18.3
18.3,18.3,18.3,18.3,18.3,18.3,18.3,18.3
18.3,18.3,18.3,18.3,18.3,18.3,18.3,18.3
17.4,17.4,17.4,17.4,17.4,17.4,17.4,17.4
17.4,17.4,17.4,17.4,17.4,17.4,17.4,17.4
17.4,17.4,17.4,17.4,17.4,17.4,17.4,17.4
17.4,17.4,17.4,17.4,17.4,17.4,17.4,17.4
14.0,14.0,14.0,14.0,14.0,14.0,14.0,14.0
14.0,14.0,14.0,14.0,14.0,14.0,14.0,14.0
14.0,14.0,14.0,14.0,14.0,14.0,14.0,14.0
14.0,14.0,14.0,14.0,14.0,14.0,14.0,14.0
8.8,8.8,8.8,8.8,8.8,8.8,8.8,8.8
8.8,8.8,8.8,8.8,8.8,8.8,8.8,8.8
8.8,8.8,8.8,8.8,8.8,8.8,8.8,8.8
8.8,8.8,8.8,8.8,8.8,8.8,8.8,8.8
3.5,3.5,3.5,3.5,3.5,3.5,3.5,3.5
3.5,3.5,3.5,3.5,3.5,3.5,3.5,3.5
3.5,3.5,3.5,3.5,3.5,3.5,3.5,3.5
3.5,3.5,3.5,3.5,3.5,3.5,3.5,3.5
0.0,0.0,0.0,0.0,0.0,0.0,0.0,0.0
0.0,0.0,0.0,0.0,0.0,0.0,0.0,0.0
0.0,0.0,0.0,0.0,0.0,0.0,0.0,0.0
0.0,0.0,0.0,0.0,0.0,0.0,0.0,0.0
0.0,0.0,0.0,0.0,0.0,0.0,0.0,0.0
0.0,0.0,0.0,0.0,0.0,0.0,0.0,0.0
0.0,0.0,0.0,0.0,0.0,0.0,0.0,0.0
0.0,0.0,0.0,0.0,0.0,0.0,0.0,0.0
0.0,0.0,0.0,0.0,0.0,0.0,0.0,0.0
0.0,0.0,0.0,0.0,0.0,0.0,0.0,0.0
0.0,0.0,0.0,0.0,0.0,0.0,0.0,0.0
0.0,0.0,0.0,0.0,0.0,0.0,0.0,0.0
0.0,0.0,0.0,0.0,0.0,0.0,0.0,0.0
0.0,0.0,0.0,0.0,0.0,0.0,0.0,0.0
0.0,0.0,0.0,0.0,0.0,0.0,0.0,0.0
0.0,0.0,0.0,0.0,0.0,0.0,0.0,0.0
0.0,0.0,0.0,0.0,0.0,0.0,0.0,0.0
0.0,0.0,0.0,0.0,0.0,0.0,0.0,0.0
0.0,0.0,0.0,0.0,0.0,0.0,0.0,0.0
0.0,0.0,0.0,0.0,0.0,0.0,0.0,0.0
0.0,0.0,0.0,0.0,0.0,0.0,0.0,0.0
0.0,0.0,0.0,0.0,0.0,0.0,0.0,0.0
0.0,0.0,0.0,0.0,0.0,0.0,0.0,0.0
0.0,0.0,0.0,0.0,0.0,0.0,0.0,0.0
0.0,0.0,0.0,0.0,0.0,0.0,0.0,0.0
0.0,0.0,0.0,0.0,0.0,0.0,0.0,0.0
0.0,0.0,0.0,0.0,0.0,0.0,0.0,0.0
0.0,0.0,0.0,0.0,0.0,0.0,0.0,0.0
0.0,0.0,0.0,0.0,0.0,0.0,0.0,0.0
0.0,0.0,0.0,0.0,0.0,0.0,0.0,0.0
0.0,0.0,0.0,0.0,0.0,0.0,0.0,0.0
0.0,0.0,0.0,0.0,0.0,0.0,0.0,0.0
0.0,0.0,0.0,0.0,0.0,0.0,0.0,0.0
0.0,0.0,0.0,0.0,0.0,0.0,0.0,0.0
0.0,0.0,0.0,0.0,0.0,0.0,0.0,0.0
0.0,0.0,0.0,0.0,0.0,0.0,0.0,0.0
0.0,0.0,0.0,0.0,0.0,0.0,0.0,0.0
0.0,0.0,0.0,0.0,0.0,0.0,0.0,0.0
0.0,0.0,0.0,0.0,0.0,0.0,0.0,0.0
0.0,0.0,0.0,0.0,0.0,0.0,0.0,0.0
0.0,0.0,0.0,0.0,0.0,0.0,0.0,0.0
0.0,0.0,0.0,0.0,0.0,0.0,0.0,0.0
0.0,0.0,0.0,0.0,0.0,0.0,0.0,0.0
0.0,0.0,0.0,0.0,0.0,0.0,0.0,0.0
0.0,0.0,0.0,0.0,0.0,0.0,0.0,0.0
0.0,0.0,0.0,0.0,0.0,0.0,0.0,0.0
0.0,0.0,0.0,0.0,0.0,0.0,0.0,0.0
0.0,0.0,0.0,0.0,0.0,0.0,0.0,0.0
0.0,0.0,0.0,0.0,0.0,0.0,0.0,0.0
0.0,0.0,0.0,0.0,0.0,0.0,0.0,0.0
0.0,0.0,0.0,0.0,0.0,0.0,0.0,0.0
0.0,0.0,0.0,0.0,0.0,0.0,0.0,0.0
0.0,0.0,0.0,0.0,0.0,0.0,0.0,0.0
0.0,0.0,0.0,0.0,0.0,0.0,0.0,0.0
0.0,0.0,0.0,0.0,0.0,0.0,0.0,0.0
0.0,0.0,0.0,0.0,0.0,0.0,0.0,0.0
0.0,0.0,0.0,0.0,0.0,0.0,0.0,0.0
0.0,0.0,0.0,0.0,0.0,0.0,0.0,0.0
0.0,0.0,0.0,0.0,0.0,0.0,0.0,0.0
0.0,0.0,0.0,0.0,0.0,0.0,0.0,0.0
0.0,0.0,0.0,0.0,0.0,0.0,0.0,0.0
0.0,0.0,0.0,0.0,0.0,0.0,0.0,0.0
0.0,0.0,0.0,0.0,0.0,0.0,0.0,0.0
0.0,0.0,0.0,0.0,0.0,0.0,0.0,0.0
5.3,5.3,5.3,5.3,5.3,5.3,5.3,5.3
5.3,5.3,5.3,5.3,5.3,5.3,5.3,5.3
5.3,5.3,5.3,5.3,5.3,5.3,5.3,5.3
5.3,5.3,5.3,5.3,5.3,5.3,5.3,5.3
7.9,7.9,7.9,7.9,7.9,7.9,7.9,7.9
7.9,7.9,7.9,7.9,7.9,7.9,7.9,7.9
7.9,7.9,7.9,7.9,7.9,7.9,7.9,7.9
7.9,7.9,7.9,7.9,7.9,7.9,7.9,7.9
21.9,21.9,21.9,21.9,21.9,21.9,21.9,21.9
21.9,21.9,21.9,21.9,21.9,21.9,21.9,21.9
21.9,21.9,21.9,21.9,21.9,21.9,21.9,21.9
21.9,21.9,21.9,21.9,21.9,21.9,21.9,21.9
21.0,21.0,21.0,21.0,21.0,21.0,21.0,21.0
21.0,21.0,21.0,21.0,21.0,21.0,21.0,21.0
21.0,21.0,21.0,21.0,21.0,21.0,21.0,21.0
21.0,21.0,21.0,21.0,21.0,21.0,21.0,21.0
17.5,17.5,17.5,17.5,17.5,17.5,17.5,17.5
17.5,17.5,17.5,17.5,17.5,17.5,17.5,17.5
17.5,17.5,17.5,17.5,17.5,17.5,17.5,17.5
17.5,17.5,17.5,17.5,17.5,17.5,17.5,17.5
78.7,63.5,102.7,62.7,79.2,78.8,80.2,81.9
78.7,63.5,102.7,62.7,79.2,78.8,80.2,81.9
78.8,63.5,109.1,62.7,79.4,78.9,80.7,74.8
78.8,63.5,109.1,62.7,79.4,78.9,80.7,74.8
35.1,35.1,35.1,35.1,35.1,35.1,35.1,35.1
35.1,35.1,35.1,35.1,35.1,35.1,35.1,35.1
35.1,35.1,35.1,35.1,35.1,35.1,35.1,35.1
35.1,35.1,35.1,35.1,35.1,35.1,35.1,35.1
18.6,18.6,18.6,18.6,18.6,18.6,18.6,18.6
18.6,18.6,18.6,18.6,18.6,18.6,18.6,18.6
18.6,18.6,18.6,18.6,18.6,18.6,18.6,18.6
18.6,18.6,18.6,18.6,18.6,18.6,18.6,18.6
0.0,0.0,0.0,0.0,0.0,0.0,0.0,0.0
0.0,0.0,0.0,0.0,0.0,0.0,0.0,0.0
0.0,0.0,0.0,0.0,0.0,0.0,0.0,0.0
0.0,0.0,0.0,0.0,0.0,0.0,0.0,0.0
0.0,0.0,0.0,0.0,0.0,0.0,0.0,0.0
0.0,0.0,0.0,0.0,0.0,0.0,0.0,0.0
0.0,0.0,0.0,0.0,0.0,0.0,0.0,0.0
0.0,0.0,0.0,0.0,0.0,0.0,0.0,0.0
0.0,0.0,0.0,0.0,0.0,0.0,0.0,0.0
0.0,0.0,0.0,0.0,0.0,0.0,0.0,0.0
0.0,0.0,0.0,0.0,0.0,0.0,0.0,0.0
0.0,0.0,0.0,0.0,0.0,0.0,0.0,0.0
0.0,0.0,0.0,0.0,0.0,0.0,0.0,0.0
0.0,0.0,0.0,0.0,0.0,0.0,0.0,0.0
0.0,0.0,0.0,0.0,0.0,0.0,0.0,0.0
0.0,0.0,0.0,0.0,0.0,0.0,0.0,0.0
0.0,0.0,0.0,0.0,0.0,0.0,0.0,0.0
0.0,0.0,0.0,0.0,0.0,0.0,0.0,0.0
0.0,0.0,0.0,0.0,0.0,0.0,0.0,0.0
0.0,0.0,0.0,0.0,0.0,0.0,0.0,0.0
0.0,0.0,0.0,0.0,0.0,0.0,0.0,0.0
0.0,0.0,0.0,0.0,0.0,0.0,0.0,0.0
0.0,0.0,0.0,0.0,0.0,0.0,0.0,0.0
0.0,0.0,0.0,0.0,0.0,0.0,0.0,0.0
0.0,0.0,0.0,0.0,0.0,0.0,0.0,0.0
0.0,0.0,0.0,0.0,0.0,0.0,0.0,0.0
0.0,0.0,0.0,0.0,0.0,0.0,0.0,0.0
0.0,0.0,0.0,0.0,0.0,0.0,0.0,0.0
0.0,0.0,0.0,0.0,0.0,0.0,0.0,0.0
0.0,0.0,0.0,0.0,0.0,0.0,0.0,0.0
0.0,0.0,0.0,0.0,0.0,0.0,0.0,0.0
0.0,0.0,0.0,0.0,0.0,0.0,0.0,0.0
0.0,0.0,0.0,0.0,0.0,0.0,0.0,0.0
0.0,0.0,0.0,0.0,0.0,0.0,0.0,0.0
0.0,0.0,0.0,0.0,0.0,0.0,0.0,0.0
0.0,0.0,0.0,0.0,0.0,0.0,0.0,0.0
0.0,0.0,0.0,0.0,0.0,0.0,0.0,0.0
0.0,0.0,0.0,0.0,0.0,0.0,0.0,0.0
0.0,0.0,0.0,0.0,0.0,0.0,0.0,0.0
0.0,0.0,0.0,0.0,0.0,0.0,0.0,0.0
0.0,0.0,0.0,0.0,0.0,0.0,0.0,0.0
0.0,0.0,0.0,0.0,0.0,0.0,0.0,0.0
0.0,0.0,0.0,0.0,0.0,0.0,0.0,0.0
0.0,0.0,0.0,0.0,0.0,0.0,0.0,0.0
0.0,0.0,0.0,0.0,0.0,0.0,0.0,0.0
0.0,0.0,0.0,0.0,0.0,0.0,0.0,0.0
0.0,0.0,0.0,0.0,0.0,0.0,0.0,0.0
0.0,0.0,0.0,0.0,0.0,0.0,0.0,0.0
0.0,0.0,0.0,0.0,0.0,0.0,0.0,0.0
0.0,0.0,0.0,0.0,0.0,0.0,0.0,0.0
0.0,0.0,0.0,0.0,0.0,0.0,0.0,0.0
0.0,0.0,0.0,0.0,0.0,0.0,0.0,0.0
0.0,0.0,0.0,0.0,0.0,0.0,0.0,0.0
0.0,0.0,0.0,0.0,0.0,0.0,0.0,0.0
0.0,0.0,0.0,0.0,0.0,0.0,0.0,0.0
0.0,0.0,0.0,0.0,0.0,0.0,0.0,0.0
0.0,0.0,0.0,0.0,0.0,0.0,0.0,0.0
0.0,0.0,0.0,0.0,0.0,0.0,0.0,0.0
0.0,0.0,0.0,0.0,0.0,0.0,0.0,0.0
0.0,0.0,0.0,0.0,0.0,0.0,0.0,0.0
0.0,0.0,0.0,0.0,0.0,0.0,0.0,0.0
0.0,0.0,0.0,0.0,0.0,0.0,0.0,0.0
0.0,0.0,0.0,0.0,0.0,0.0,0.0,0.0
0.0,0.0,0.0,0.0,0.0,0.0,0.0,0.0
0.0,0.0,0.0,0.0,0.0,0.0,0.0,0.0
0.0,0.0,0.0,0.0,0.0,0.0,0.0,0.0
0.0,0.0,0.0,0.0,0.0,0.0,0.0,0.0
0.0,0.0,0.0,0.0,0.0,0.0,0.0,0.0
0.0,0.0,0.0,0.0,0.0,0.0,0.0,0.0
0.0,0.0,0.0,0.0,0.0,0.0,0.0,0.0
0.0,0.0,0.0,0.0,0.0,0.0,0.0,0.0
0.0,0.0,0.0,0.0,0.0,0.0,0.0,0.0
81.4,61.0,137.7,59.8,90.3,84.4,107.4,71.2
81.4,61.0,137.7,59.8,90.3,84.4,107.4,71.2
81.4,61.0,137.7,59.8,90.3,84.4,107.4,71.2
81.4,61.0,137.7,59.8,90.3,84.4,107.4,71.2
84.5,63.5,169.6,62.7,97.4,86.9,122.2,74.8
755.2,63.5,169.6,62.7,97.4,86.9,122.2,74.8
84.5,63.5,169.6,62.7,97.4,86.9,122.2,74.8
84.5,377.4,169.6,62.7,97.4,86.9,122.2,74.8
86.4,65.0,173.6,64.4,100.6,88.5,125.0,77.0
86.4,65.0,173.6,64.4,100.6,88.5,125.0,213.7
86.4,65.0,173.6,64.4,100.6,88.5,125.0,213.7
86.4,65.0,173.6,64.4,100.6,144.1,125.0,77.0
84.5,63.5,169.6,62.7,97.4,86.9,122.2,74.8
809.5,63.5,169.6,62.7,97.4,302.9,122.2,74.8
809.5,63.5,169.6,62.7,97.4,86.9,122.2,74.8
809.5,63.5,169.6,62.7,97.4,86.9,122.2,74.8
810.1,64.0,171.0,63.2,98.5,87.4,123.2,75.5
85.1,64.0,171.0,63.2,98.5,87.4,123.2,75.5
85.1,64.0,171.0,63.2,98.5,87.4,123.2,75.5
85.1,64.0,171.0,63.2,98.5,87.4,123.2,75.5
87.0,65.5,174.9,64.9,101.7,89.0,125.9,77.7
87.0,65.5,641.3,64.9,101.7,89.0,125.9,77.7
87.0,65.5,641.3,64.9,101.7,89.0,125.9,77.7
87.0,65.5,641.3,64.9,101.7,89.0,125.9,77.7
0.0,0.0,0.0,0.0,0.0,0.0,0.0,0.0
0.0,0.0,0.0,0.0,0.0,0.0,0.0,0.0
0.0,0.0,0.0,0.0,0.0,0.0,0.0,0.0
0.0,0.0,0.0,0.0,0.0,0.0,0.0,0.0
0.0,0.0,0.0,0.0,0.0,0.0,0.0,0.0
0.0,0.0,0.0,0.0,0.0,0.0,0.0,0.0
0.0,0.0,0.0,0.0,0.0,0.0,0.0,0.0
0.0,0.0,0.0,0.0,0.0,0.0,0.0,0.0
0.0,0.0,0.0,0.0,0.0,0.0,0.0,0.0
0.0,0.0,0.0,0.0,0.0,0.0,0.0,0.0
0.0,0.0,0.0,0.0,0.0,0.0,0.0,0.0
0.0,0.0,0.0,0.0,0.0,0.0,0.0,0.0
0.0,0.0,0.0,0.0,0.0,0.0,0.0,0.0
0.0,0.0,0.0,0.0,0.0,0.0,0.0,0.0
0.0,0.0,0.0,0.0,0.0,0.0,0.0,0.0
0.0,0.0,0.0,0.0,0.0,0.0,0.0,0.0
0.0,0.0,0.0,0.0,0.0,0.0,0.0,0.0
0.0,0.0,0.0,0.0,0.0,0.0,0.0,0.0
0.0,0.0,0.0,0.0,0.0,0.0,0.0,0.0
0.0,0.0,0.0,0.0,0.0,0.0,0.0,0.0
0.0,0.0,0.0,0.0,0.0,0.0,0.0,0.0
0.0,0.0,0.0,0.0,0.0,0.0,0.0,0.0
0.0,0.0,0.0,0.0,0.0,0.0,0.0,0.0
0.0,0.0,0.0,0.0,0.0,0.0,0.0,0.0
0.0,0.0,0.0,0.0,0.0,0.0,0.0,0.0
0.0,0.0,0.0,0.0,0.0,0.0,0.0,0.0
0.0,0.0,0.0,0.0,0.0,0.0,0.0,0.0
0.0,0.0,0.0,0.0,0.0,0.0,0.0,0.0
0.0,0.0,0.0,0.0,0.0,0.0,0.0,0.0
0.0,0.0,0.0,0.0,0.0,0.0,0.0,0.0
0.0,0.0,0.0,0.0,0.0,0.0,0.0,0.0
0.0,0.0,0.0,0.0,0.0,0.0,0.0,0.0
0.0,0.0,0.0,0.0,0.0,0.0,0.0,0.0
0.0,0.0,0.0,0.0,0.0,0.0,0.0,0.0
0.0,0.0,0.0,0.0,0.0,0.0,0.0,0.0
0.0,0.0,0.0,0.0,0.0,0.0,0.0,0.0
0.0,0.0,0.0,0.0,0.0,0.0,0.0,0.0
0.0,0.0,0.0,0.0,0.0,0.0,0.0,0.0
0.0,0.0,0.0,0.0,0.0,0.0,0.0,0.0
0.0,0.0,0.0,0.0,0.0,0.0,0.0,0.0
0.0,0.0,0.0,0.0,0.0,0.0,0.0,0.0
0.0,0.0,0.0,0.0,0.0,0.0,0.0,0.0
0.0,0.0,0.0,0.0,0.0,0.0,0.0,0.0
0.0,0.0,0.0,0.0,0.0,0.0,0.0,0.0
0.0,0.0,0.0,0.0,0.0,0.0,0.0,0.0
0.0,0.0,0.0,0.0,0.0,0.0,0.0,0.0
0.0,0.0,0.0,0.0,0.0,0.0,0.0,0.0
0.0,0.0,0.0,0.0,0.0,0.0,0.0,0.0
0.0,0.0,0.0,0.0,0.0,0.0,0.0,0.0
0.0,0.0,0.0,0.0,0.0,0.0,0.0,0.0
0.0,0.0,0.0,0.0,0.0,0.0,0.0,0.0
0.0,0.0,0.0,0.0,0.0,0.0,0.0,0.0
0.0,0.0,0.0,0.0,0.0,0.0,0.0,0.0
0.0,0.0,0.0,0.0,0.0,0.0,0.0,0.0
0.0,0.0,0.0,0.0,0.0,0.0,0.0,0.0
0.0,0.0,0.0,0.0,0.0,0.0,0.0,0.0
0.0,0.0,0.0,0.0,0.0,0.0,0.0,0.0
0.0,0.0,0.0,0.0,0.0,0.0,0.0,0.0
0.0,0.0,0.0,0.0,0.0,0.0,0.0,0.0
0.0,0.0,0.0,0.0,0.0,0.0,0.0,0.0
0.0,0.0,0.0,0.0,0.0,0.0,0.0,0.0
0.0,0.0,0.0,0.0,0.0,0.0,0.0,0.0
0.0,0.0,0.0,0.0,0.0,0.0,0.0,0.0
0.0,0.0,0.0,0.0,0.0,0.0,0.0,0.0
0.0,0.0,0.0,0.0,0.0,0.0,0.0,0.0
0.0,0.0,0.0,0.0,0.0,0.0,0.0,0.0
0.0,0.0,0.0,0.0,0.0,0.0,0.0,0.0
0.0,0.0,0.0,0.0,0.0,0.0,0.0,0.0
0.0,0.0,0.0,0.0,0.0,0.0,0.0,0.0
0.0,0.0,0.0,0.0,0.0,0.0,0.0,0.0
0.0,0.0,0.0,0.0,0.0,0.0,0.0,0.0
0.0,0.0,0.0,0.0,0.0,0.0,0.0,0.0
81.4,61.0,426.6,59.8,92.1,84.4,117.7,71.2
81.4,61.0,426.6,59.8,92.1,84.4,117.7,71.2
81.4,217.9,443.3,59.8,92.1,84.4,117.7,71.2
81.4,217.9,443.3,71.3,92.1,84.4,117.7,71.2
84.5,63.5,449.9,74.1,97.4,86.9,122.2,166.0
3187.9,63.5,694.8,62.7,97.4,86.9,122.2,166.0
84.5,63.5,1257.6,62.7,443.1,86.9,122.2,166.0
84.5,63.5,3433.6,62.7,97.4,86.9,122.2,74.8
86.4,65.0,4525.6,64.4,100.6,88.5,125.0,77.0
86.4,65.0,3437.6,64.4,100.6,88.5,125.0,77.0
86.4,468.4,2214.3,64.4,100.6,88.5,3090.6,77.0
86.4,468.4,2214.3,64.4,100.6,88.5,3090.6,77.0
84.5,466.9,3078.4,62.7,97.4,86.9,122.2,74.8
84.5,466.9,3078.4,62.7,97.4,86.9,122.2,74.8
84.5,466.9,1990.4,62.7,97.4,86.9,122.2,74.8
84.5,466.9,902.4,62.7,97.4,86.9,122.2,74.8
85.1,467.4,903.8,63.2,98.5,87.4,123.2,75.5
85.1,64.0,171.0,63.2,98.5,87.4,123.2,75.5
85.1,64.0,171.0,63.2,98.5,87.4,123.2,75.5
85.1,64.0,171.0,63.2,98.5,87.4,123.2,75.5
87.0,65.5,174.9,64.9,101.7,89.0,125.9,77.7
87.0,65.5,174.9,64.9,101.7,89.0,125.9,77.7
87.0,65.5,174.9,64.9,101.7,89.0,125.9,77.7
87.0,65.5,174.9,64.9,101.7,89.0,125.9,77.7
0.0,0.0,0.0,0.0,0.0,0.0,0.0,0.0
0.0,0.0,0.0,0.0,0.0,0.0,0.0,0.0
0.0,0.0,0.0,0.0,0.0,0.0,0.0,0.0
0.0,0.0,0.0,0.0,0.0,0.0,0.0,0.0
0.0,0.0,0.0,0.0,0.0,0.0,0.0,0.0
0.0,0.0,0.0,0.0,0.0,0.0,0.0,0.0
0.0,0.0,0.0,0.0,0.0,0.0,0.0,0.0
0.0,0.0,0.0,0.0,0.0,0.0,0.0,0.0
0.0,0.0,0.0,0.0,0.0,0.0,0.0,0.0
0.0,0.0,0.0,0.0,0.0,0.0,0.0,0.0
0.0,0.0,0.0,0.0,0.0,0.0,0.0,0.0
0.0,0.0,0.0,0.0,0.0,0.0,0.0,0.0
0.0,0.0,0.0,0.0,0.0,0.0,0.0,0.0
0.0,0.0,0.0,0.0,0.0,0.0,0.0,0.0
0.0,0.0,0.0,0.0,0.0,0.0,0.0,0.0
0.0,0.0,0.0,0.0,0.0,0.0,0.0,0.0
0.0,0.0,0.0,0.0,0.0,0.0,0.0,0.0
0.0,0.0,0.0,0.0,0.0,0.0,0.0,0.0
0.0,0.0,0.0,0.0,0.0,0.0,0.0,0.0
0.0,0.0,0.0,0.0,0.0,0.0,0.0,0.0
0.0,0.0,0.0,0.0,0.0,0.0,0.0,0.0
0.0,0.0,0.0,0.0,0.0,0.0,0.0,0.0
0.0,0.0,0.0,0.0,0.0,0.0,0.0,0.0
0.0,0.0,0.0,0.0,0.0,0.0,0.0,0.0
0.0,0.0,0.0,0.0,0.0,0.0,0.0,0.0
0.0,0.0,0.0,0.0,0.0,0.0,0.0,0.0
0.0,0.0,0.0,0.0,0.0,0.0,0.0,0.0
0.0,0.0,0.0,0.0,0.0,0.0,0.0,0.0
0.0,0.0,0.0,0.0,0.0,0.0,0.0,0.0
0.0,0.0,0.0,0.0,0.0,0.0,0.0,0.0
0.0,0.0,0.0,0.0,0.0,0.0,0.0,0.0
0.0,0.0,0.0,0.0,0.0,0.0,0.0,0.0
0.0,0.0,0.0,0.0,0.0,0.0,0.0,0.0
0.0,0.0,0.0,0.0,0.0,0.0,0.0,0.0
0.0,0.0,0.0,0.0,0.0,0.0,0.0,0.0
0.0,0.0,0.0,0.0,0.0,0.0,0.0,0.0
0.0,0.0,0.0,0.0,0.0,0.0,0.0,0.0
0.0,0.0,0.0,0.0,0.0,0.0,0.0,0.0
0.0,0.0,0.0,0.0,0.0,0.0,0.0,0.0
0.0,0.0,0.0,0.0,0.0,0.0,0.0,0.0
0.0,0.0,0.0,0.0,0.0,0.0,0.0,0.0
0.0,0.0,0.0,0.0,0.0,0.0,0.0,0.0
0.0,0.0,0.0,0.0,0.0,0.0,0.0,0.0
0.0,0.0,0.0,0.0,0.0,0.0,0.0,0.0
0.0,0.0,0.0,0.0,0.0,0.0,0.0,0.0
0.0,0.0,0.0,0.0,0.0,0.0,0.0,0.0
0.0,0.0,0.0,0.0,0.0,0.0,0.0,0.0
0.0,0.0,0.0,0.0,0.0,0.0,0.0,0.0
0.0,0.0,0.0,0.0,0.0,0.0,0.0,0.0
0.0,0.0,0.0,0.0,0.0,0.0,0.0,0.0
0.0,0.0,0.0,0.0,0.0,0.0,0.0,0.0
0.0,0.0,0.0,0.0,0.0,0.0,0.0,0.0
0.0,0.0,0.0,0.0,0.0,0.0,0.0,0.0
0.0,0.0,0.0,0.0,0.0,0.0,0.0,0.0
0.0,0.0,0.0,0.0,0.0,0.0,0.0,0.0
0.0,0.0,0.0,0.0,0.0,0.0,0.0,0.0
0.0,0.0,0.0,0.0,0.0,0.0,0.0,0.0
0.0,0.0,0.0,0.0,0.0,0.0,0.0,0.0
0.0,0.0,0.0,0.0,0.0,0.0,0.0,0.0
0.0,0.0,0.0,0.0,0.0,0.0,0.0,0.0
0.0,0.0,0.0,0.0,0.0,0.0,0.0,0.0
0.0,0.0,0.0,0.0,0.0,0.0,0.0,0.0
0.0,0.0,0.0,0.0,0.0,0.0,0.0,0.0
0.0,0.0,0.0,0.0,0.0,0.0,0.0,0.0
0.0,0.0,0.0,0.0,0.0,0.0,0.0,0.0
0.0,0.0,0.0,0.0,0.0,0.0,0.0,0.0
0.0,0.0,0.0,0.0,0.0,0.0,0.0,0.0
0.0,0.0,0.0,0.0,0.0,0.0,0.0,0.0
0.0,0.0,0.0,0.0,0.0,0.0,0.0,0.0
0.0,0.0,0.0,0.0,0.0,0.0,0.0,0.0
0.0,0.0,0.0,0.0,0.0,0.0,0.0,0.0
0.0,0.0,0.0,0.0,0.0,0.0,0.0,0.0
81.4,61.0,163.0,59.8,92.1,84.4,117.7,71.2
81.4,61.0,163.0,59.8,92.1,84.4,117.7,71.2
81.4,1554.5,163.0,59.8,92.1,84.4,117.7,71.2
81.4,61.0,163.0,59.8,92.1,84.4,117.7,71.2
84.5,63.5,169.6,62.7,97.4,86.9,122.2,1988.8
84.5,63.5,169.6,62.7,97.4,86.9,122.2,1988.8
1190.5,63.5,169.6,62.7,97.4,86.9,122.2,1988.8
1190.5,63.5,169.6,62.7,97.4,86.9,122.2,74.8
86.4,65.0,173.6,64.4,100.6,88.5,125.0,77.0
86.4,65.0,173.6,64.4,100.6,88.5,125.0,77.0
86.4,65.0,173.6,64.4,100.6,88.5,125.0,77.0
86.4,65.0,173.6,64.4,100.6,88.5,125.0,77.0
84.5,63.5,194.6,62.7,97.4,86.9,122.2,74.8
84.5,63.5,194.6,62.7,97.4,86.9,122.2,74.8
84.5,63.5,169.6,62.7,97.4,86.9,122.2,74.8
84.5,63.5,169.6,62.7,97.4,86.9,122.2,74.8
56.4,56.4,56.4,56.4,56.4,56.4,56.4,56.4
56.4,56.4,56.4,56.4,56.4,56.4,56.4,56.4
56.4,56.4,56.4,56.4,56.4,56.4,56.4,56.4
56.4,56.4,56.4,56.4,56.4,56.4,56.4,56.4
87.0,65.5,833.2,64.9,101.7,89.0,125.9,77.7
87.0,65.5,833.2,64.9,101.7,89.0,125.9,77.7
87.0,65.5,833.2,64.9,101.7,89.0,125.9,77.7
87.0,65.5,174.9,64.9,101.7,89.0,125.9,77.7
0.0,0.0,0.0,0.0,0.0,0.0,0.0,0.0
0.0,0.0,0.0,0.0,0.0,0.0,0.0,0.0
0.0,0.0,0.0,0.0,0.0,0.0,0.0,0.0
0.0,0.0,0.0,0.0,0.0,0.0,0.0,0.0
0.0,0.0,0.0,0.0,0.0,0.0,0.0,0.0
0.0,0.0,0.0,0.0,0.0,0.0,0.0,0.0
0.0,0.0,0.0,0.0,0.0,0.0,0.0,0.0
0.0,0.0,0.0,0.0,0.0,0.0,0.0,0.0
0.0,0.0,0.0,0.0,0.0,0.0,0.0,0.0
0.0,0.0,0.0,0.0,0.0,0.0,0.0,0.0
0.0,0.0,0.0,0.0,0.0,0.0,0.0,0.0
0.0,0.0,0.0,0.0,0.0,0.0,0.0,0.0
0.0,0.0,0.0,0.0,0.0,0.0,0.0,0.0
0.0,0.0,0.0,0.0,0.0,0.0,0.0,0.0
0.0,0.0,0.0,0.0,0.0,0.0,0.0,0.0
0.0,0.0,0.0,0.0,0.0,0.0,0.0,0.0
0.0,0.0,0.0,0.0,0.0,0.0,0.0,0.0
0.0,0.0,0.0,0.0,0.0,0.0,0.0,0.0
0.0,0.0,0.0,0.0,0.0,0.0,0.0,0.0
0.0,0.0,0.0,0.0,0.0,0.0,0.0,0.0
0.0,0.0,0.0,0.0,0.0,0.0,0.0,0.0
0.0,0.0,0.0,0.0,0.0,0.0,0.0,0.0
0.0,0.0,0.0,0.0,0.0,0.0,0.0,0.0
0.0,0.0,0.0,0.0,0.0,0.0,0.0,0.0
0.0,0.0,0.0,0.0,0.0,0.0,0.0,0.0
0.0,0.0,0.0,0.0,0.0,0.0,0.0,0.0
0.0,0.0,0.0,0.0,0.0,0.0,0.0,0.0
0.0,0.0,0.0,0.0,0.0,0.0,0.0,0.0
0.0,0.0,0.0,0.0,0.0,0.0,0.0,0.0
0.0,0.0,0.0,0.0,0.0,0.0,0.0,0.0
0.0,0.0,0.0,0.0,0.0,0.0,0.0,0.0
0.0,0.0,0.0,0.0,0.0,0.0,0.0,0.0
0.0,0.0,0.0,0.0,0.0,0.0,0.0,0.0
0.0,0.0,0.0,0.0,0.0,0.0,0.0,0.0
0.0,0.0,0.0,0.0,0.0,0.0,0.0,0.0
0.0,0.0,0.0,0.0,0.0,0.0,0.0,0.0
0.0,0.0,0.0,0.0,0.0,0.0,0.0,0.0
0.0,0.0,0.0,0.0,0.0,0.0,0.0,0.0
0.0,0.0,0.0,0.0,0.0,0.0,0.0,0.0
0.0,0.0,0.0,0.0,0.0,0.0,0.0,0.0
0.0,0.0,0.0,0.0,0.0,0.0,0.0,0.0
0.0,0.0,0.0,0.0,0.0,0.0,0.0,0.0
0.0,0.0,0.0,0.0,0.0,0.0,0.0,0.0
0.0,0.0,0.0,0.0,0.0,0.0,0.0,0.0
0.0,0.0,0.0,0.0,0.0,0.0,0.0,0.0
0.0,0.0,0.0,0.0,0.0,0.0,0.0,0.0
0.0,0.0,0.0,0.0,0.0,0.0,0.0,0.0
0.0,0.0,0.0,0.0,0.0,0.0,0.0,0.0
0.0,0.0,0.0,0.0,0.0,0.0,0.0,0.0
0.0,0.0,0.0,0.0,0.0,0.0,0.0,0.0
0.0,0.0,0.0,0.0,0.0,0.0,0.0,0.0
0.0,0.0,0.0,0.0,0.0,0.0,0.0,0.0
0.0,0.0,0.0,0.0,0.0,0.0,0.0,0.0
0.0,0.0,0.0,0.0,0.0,0.0,0.0,0.0
0.0,0.0,0.0,0.0,0.0,0.0,0.0,0.0
0.0,0.0,0.0,0.0,0.0,0.0,0.0,0.0
0.0,0.0,0.0,0.0,0.0,0.0,0.0,0.0
0.0,0.0,0.0,0.0,0.0,0.0,0.0,0.0
0.0,0.0,0.0,0.0,0.0,0.0,0.0,0.0
0.0,0.0,0.0,0.0,0.0,0.0,0.0,0.0
0.0,0.0,0.0,0.0,0.0,0.0,0.0,0.0
0.0,0.0,0.0,0.0,0.0,0.0,0.0,0.0
0.0,0.0,0.0,0.0,0.0,0.0,0.0,0.0
0.0,0.0,0.0,0.0,0.0,0.0,0.0,0.0
9.8,9.8,9.8,9.8,9.8,9.8,9.8,9.8
9.8,9.8,9.8,9.8,9.8,9.8,9.8,9.8
9.8,9.8,9.8,9.8,9.8,9.8,9.8,9.8
9.8,9.8,9.8,9.8,9.8,9.8,9.8,9.8
15.2,15.2,15.2,15.2,15.2,15.2,15.2,15.2
15.2,15.2,15.2,15.2,15.2,15.2,15.2,15.2
15.2,15.2,15.2,15.2,15.2,15.2,15.2,15.2
15.2,15.2,15.2,15.2,15.2,15.2,15.2,15.2
19.6,19.6,19.6,19.6,19.6,19.6,19.6,19.6
19.6,19.6,19.6,19.6,19.6,19.6,19.6,19.6
19.6,19.6,19.6,19.6,19.6,19.6,19.6,19.6
19.6,19.6,19.6,19.6,19.6,19.6,19.6,19.6
23.1,23.1,23.1,23.1,23.1,23.1,23.1,23.1
23.1,23.1,23.1,23.1,23.1,23.1,23.1,23.1
23.1,23.1,23.1,23.1,23.1,23.1,23.1,23.1
23.1,23.1,23.1,23.1,23.1,23.1,23.1,23.1
23.1,23.1,23.1,23.1,23.1,23.1,23.1,23.1
23.1,23.1,23.1,23.1,23.1,23.1,23.1,23.1
23.1,23.1,23.1,23.1,23.1,23.1,23.1,23.1
23.1,23.1,23.1,23.1,23.1,23.1,23.1,23.1
18.6,18.6,18.6,18.6,18.6,18.6,18.6,18.6
18.6,18.6,18.6,18.6,18.6,18.6,18.6,18.6
18.6,18.6,18.6,18.6,18.6,18.6,18.6,18.6
18.6,18.6,18.6,18.6,18.6,18.6,18.6,18.6
14.2,14.2,14.2,14.2,14.2,14.2,14.2,14.2
14.2,14.2,14.2,14.2,14.2,14.2,14.2,14.2
14.2,14.2,14.2,14.2,14.2,14.2,14.2,14.2
14.2,14.2,14.2,14.2,14.2,14.2,14.2,14.2
8.9,8.9,8.9,8.9,8.9,8.9,8.9,8.9
8.9,8.9,8.9,8.9,8.9,8.9,8.9,8.9
8.9,8.9,8.9,8.9,8.9,8.9,8.9,8.9
8.9,8.9,8.9,8.9,8.9,8.9,8.9,8.9
0.0,0.0,0.0,0.0,0.0,0.0,0.0,0.0
0.0,0.0,0.0,0.0,0.0,0.0,0.0,0.0
0.0,0.0,0.0,0.0,0.0,0.0,0.0,0.0
0.0,0.0,0.0,0.0,0.0,0.0,0.0,0.0
0.0,0.0,0.0,0.0,0.0,0.0,0.0,0.0
0.0,0.0,0.0,0.0,0.0,0.0,0.0,0.0
0.0,0.0,0.0,0.0,0.0,0.0,0.0,0.0
0.0,0.0,0.0,0.0,0.0,0.0,0.0,0.0
0.0,0.0,0.0,0.0,0.0,0.0,0.0,0.0
0.0,0.0,0.0,0.0,0.0,0.0,0.0,0.0
0.0,0.0,0.0,0.0,0.0,0.0,0.0,0.0
0.0,0.0,0.0,0.0,0.0,0.0,0.0,0.0
0.0,0.0,0.0,0.0,0.0,0.0,0.0,0.0
0.0,0.0,0.0,0.0,0.0,0.0,0.0,0.0
0.0,0.0,0.0,0.0,0.0,0.0,0.0,0.0
0.0,0.0,0.0,0.0,0.0,0.0,0.0,0.0
0.0,0.0,0.0,0.0,0.0,0.0,0.0,0.0
0.0,0.0,0.0,0.0,0.0,0.0,0.0,0.0
0.0,0.0,0.0,0.0,0.0,0.0,0.0,0.0
0.0,0.0,0.0,0.0,0.0,0.0,0.0,0.0
0.0,0.0,0.0,0.0,0.0,0.0,0.0,0.0
0.0,0.0,0.0,0.0,0.0,0.0,0.0,0.0
0.0,0.0,0.0,0.0,0.0,0.0,0.0,0.0
0.0,0.0,0.0,0.0,0.0,0.0,0.0,0.0
0.0,0.0,0.0,0.0,0.0,0.0,0.0,0.0
0.0,0.0,0.0,0.0,0.0,0.0,0.0,0.0
0.0,0.0,0.0,0.0,0.0,0.0,0.0,0.0
0.0,0.0,0.0,0.0,0.0,0.0,0.0,0.0
0.0,0.0,0.0,0.0,0.0,0.0,0.0,0.0
0.0,0.0,0.0,0.0,0.0,0.0,0.0,0.0
0.0,0.0,0.0,0.0,0.0,0.0,0.0,0.0
0.0,0.0,0.0,0.0,0.0,0.0,0.0,0.0
0.0,0.0,0.0,0.0,0.0,0.0,0.0,0.0
0.0,0.0,0.0,0.0,0.0,0.0,0.0,0.0
0.0,0.0,0.0,0.0,0.0,0.0,0.0,0.0
0.0,0.0,0.0,0.0,0.0,0.0,0.0,0.0
0.0,0.0,0.0,0.0,0.0,0.0,0.0,0.0
0.0,0.0,0.0,0.0,0.0,0.0,0.0,0.0
0.0,0.0,0.0,0.0,0.0,0.0,0.0,0.0
0.0,0.0,0.0,0.0,0.0,0.0,0.0,0.0
0.0,0.0,0.0,0.0,0.0,0.0,0.0,0.0
0.0,0.0,0.0,0.0,0.0,0.0,0.0,0.0
0.0,0.0,0.0,0.0,0.0,0.0,0.0,0.0
0.0,0.0,0.0,0.0,0.0,0.0,0.0,0.0
0.0,0.0,0.0,0.0,0.0,0.0,0.0,0.0
0.0,0.0,0.0,0.0,0.0,0.0,0.0,0.0
0.0,0.0,0.0,0.0,0.0,0.0,0.0,0.0
0.0,0.0,0.0,0.0,0.0,0.0,0.0,0.0
0.0,0.0,0.0,0.0,0.0,0.0,0.0,0.0
0.0,0.0,0.0,0.0,0.0,0.0,0.0,0.0
0.0,0.0,0.0,0.0,0.0,0.0,0.0,0.0
0.0,0.0,0.0,0.0,0.0,0.0,0.0,0.0
0.0,0.0,0.0,0.0,0.0,0.0,0.0,0.0
0.0,0.0,0.0,0.0,0.0,0.0,0.0,0.0
0.0,0.0,0.0,0.0,0.0,0.0,0.0,0.0
0.0,0.0,0.0,0.0,0.0,0.0,0.0,0.0
0.0,0.0,0.0,0.0,0.0,0.0,0.0,0.0
0.0,0.0,0.0,0.0,0.0,0.0,0.0,0.0
0.0,0.0,0.0,0.0,0.0,0.0,0.0,0.0
0.0,0.0,0.0,0.0,0.0,0.0,0.0,0.0
0.0,0.0,0.0,0.0,0.0,0.0,0.0,0.0
0.0,0.0,0.0,0.0,0.0,0.0,0.0,0.0
0.0,0.0,0.0,0.0,0.0,0.0,0.0,0.0
0.0,0.0,0.0,0.0,0.0,0.0,0.0,0.0
35.1,35.1,35.1,35.1,35.1,35.1,35.1,35.1
35.1,35.1,35.1,35.1,35.1,35.1,35.1,35.1
35.1,35.1,35.1,35.1,35.1,35.1,35.1,35.1
35.1,35.1,35.1,35.1,35.1,35.1,35.1,35.1
73.2,60.0,86.1,58.7,74.8,73.8,79.0,69.8
73.2,60.0,86.1,58.7,74.8,73.8,79.0,69.8
73.2,60.0,86.1,58.7,74.8,73.8,79.0,69.8
73.2,60.0,86.1,58.7,74.8,73.8,79.0,69.8
81.4,61.0,163.0,59.8,92.1,84.4,117.7,71.2
81.4,61.0,163.0,59.8,92.1,84.4,117.7,71.2
81.4,61.0,163.0,59.8,92.1,84.4,117.7,71.2
81.4,61.0,163.0,59.8,92.1,84.4,117.7,71.2
532.5,63.5,169.6,62.7,97.4,86.9,278.8,74.8
532.5,63.5,169.6,62.7,97.4,86.9,278.8,74.8
463.3,63.5,169.6,62.7,97.4,86.9,278.8,1798.7
84.5,63.5,623.4,62.7,97.4,86.9,122.2,1880.4
86.4,65.0,801.6,64.4,273.5,88.5,125.0,77.0
86.4,65.0,801.6,603.9,273.5,88.5,125.0,77.0
86.4,65.0,801.6,603.9,100.6,88.5,125.0,77.0
421.7,65.0,223.6,603.9,100.6,107.0,125.0,77.0
100.3,63.5,90.9,107.2,88.2,88.5,89.1,74.8
84.5,63.5,92.8,119.5,88.4,88.9,89.9,74.8
84.5,63.5,93.1,121.1,88.4,86.9,90.0,74.8
84.5,63.5,93.1,121.1,88.4,86.9,90.0,74.8
85.1,64.0,171.0,602.7,98.5,87.4,123.2,75.5
85.1,64.0,171.0,63.2,98.5,87.4,123.2,75.5
85.1,64.0,171.0,63.2,98.5,87.4,123.2,75.5
285.1,64.0,171.0,63.2,98.5,87.4,123.2,75.5
287.0,65.5,174.9,64.9,101.7,89.0,125.9,77.7
287.0,65.5,174.9,64.9,101.7,89.0,125.9,77.7
287.0,65.5,174.9,64.9,101.7,89.0,125.9,77.7
287.0,65.5,174.9,64.9,101.7,89.0,125.9,77.7
0.0,0.0,0.0,0.0,0.0,0.0,0.0,0.0
0.0,0.0,0.0,0.0,0.0,0.0,0.0,0.0
0.0,0.0,0.0,0.0,0.0,0.0,0.0,0.0
0.0,0.0,0.0,0.0,0.0,0.0,0.0,0.0
0.0,0.0,0.0,0.0,0.0,0.0,0.0,0.0
0.0,0.0,0.0,0.0,0.0,0.0,0.0,0.0
0.0,0.0,0.0,0.0,0.0,0.0,0.0,0.0
0.0,0.0,0.0,0.0,0.0,0.0,0.0,0.0
0.0,0.0,0.0,0.0,0.0,0.0,0.0,0.0
0.0,0.0,0.0,0.0,0.0,0.0,0.0,0.0
0.0,0.0,0.0,0.0,0.0,0.0,0.0,0.0
0.0,0.0,0.0,0.0,0.0,0.0,0.0,0.0
0.0,0.0,0.0,0.0,0.0,0.0,0.0,0.0
0.0,0.0,0.0,0.0,0.0,0.0,0.0,0.0
0.0,0.0,0.0,0.0,0.0,0.0,0.0,0.0
0.0,0.0,0.0,0.0,0.0,0.0,0.0,0.0
0.0,0.0,0.0,0.0,0.0,0.0,0.0,0.0
0.0,0.0,0.0,0.0,0.0,0.0,0.0,0.0
0.0,0.0,0.0,0.0,0.0,0.0,0.0,0.0
0.0,0.0,0.0,0.0,0.0,0.0,0.0,0.0
0.0,0.0,0.0,0.0,0.0,0.0,0.0,0.0
0.0,0.0,0.0,0.0,0.0,0.0,0.0,0.0
0.0,0.0,0.0,0.0,0.0,0.0,0.0,0.0
0.0,0.0,0.0,0.0,0.0,0.0,0.0,0.0
0.0,0.0,0.0,0.0,0.0,0.0,0.0,0.0
0.0,0.0,0.0,0.0,0.0,0.0,0.0,0.0
0.0,0.0,0.0,0.0,0.0,0.0,0.0,0.0
0.0,0.0,0.0,0.0,0.0,0.0,0.0,0.0
0.0,0.0,0.0,0.0,0.0,0.0,0.0,0.0
0.0,0.0,0.0,0.0,0.0,0.0,0.0,0.0
0.0,0.0,0.0,0.0,0.0,0.0,0.0,0.0
0.0,0.0,0.0,0.0,0.0,0.0,0.0,0.0
0.0,0.0,0.0,0.0,0.0,0.0,0.0,0.0
0.0,0.0,0.0,0.0,0.0,0.0,0.0,0.0
0.0,0.0,0.0,0.0,0.0,0.0,0.0,0.0
0.0,0.0,0.0,0.0,0.0,0.0,0.0,0.0
0.0,0.0,0.0,0.0,0.0,0.0,0.0,0.0
0.0,0.0,0.0,0.0,0.0,0.0,0.0,0.0
0.0,0.0,0.0,0.0,0.0,0.0,0.0,0.0
0.0,0.0,0.0,0.0,0.0,0.0,0.0,0.0
0.0,0.0,0.0,0.0,0.0,0.0,0.0,0.0
0.0,0.0,0.0,0.0,0.0,0.0,0.0,0.0
0.0,0.0,0.0,0.0,0.0,0.0,0.0,0.0
0.0,0.0,0.0,0.0,0.0,0.0,0.0,0.0
0.0,0.0,0.0,0.0,0.0,0.0,0.0,0.0
0.0,0.0,0.0,0.0,0.0,0.0,0.0,0.0
0.0,0.0,0.0,0.0,0.0,0.0,0.0,0.0
0.0,0.0,0.0,0.0,0.0,0.0,0.0,0.0
0.0,0.0,0.0,0.0,0.0,0.0,0.0,0.0
0.0,0.0,0.0,0.0,0.0,0.0,0.0,0.0
0.0,0.0,0.0,0.0,0.0,0.0,0.0,0.0
0.0,0.0,0.0,0.0,0.0,0.0,0.0,0.0
0.0,0.0,0.0,0.0,0.0,0.0,0.0,0.0
0.0,0.0,0.0,0.0,0.0,0.0,0.0,0.0
0.0,0.0,0.0,0.0,0.0,0.0,0.0,0.0
0.0,0.0,0.0,0.0,0.0,0.0,0.0,0.0
0.0,0.0,0.0,0.0,0.0,0.0,0.0,0.0
0.0,0.0,0.0,0.0,0.0,0.0,0.0,0.0
0.0,0.0,0.0,0.0,0.0,0.0,0.0,0.0
0.0,0.0,0.0,0.0,0.0,0.0,0.0,0.0
0.0,0.0,0.0,0.0,0.0,0.0,0.0,0.0
0.0,0.0,0.0,0.0,0.0,0.0,0.0,0.0
0.0,0.0,0.0,0.0,0.0,0.0,0.0,0.0
0.0,0.0,0.0,0.0,0.0,0.0,0.0,0.0
0.0,0.0,0.0,0.0,0.0,0.0,0.0,0.0
0.0,0.0,0.0,0.0,0.0,0.0,0.0,0.0
0.0,0.0,0.0,0.0,0.0,0.0,0.0,0.0
0.0,0.0,0.0,0.0,0.0,0.0,0.0,0.0
31.4,31.4,31.4,31.4,31.4,31.4,31.4,31.4
31.4,31.4,31.4,31.4,31.4,31.4,31.4,31.4
31.4,31.4,31.4,31.4,31.4,31.4,31.4,31.4
31.4,31.4,31.4,31.4,31.4,31.4,31.4,31.4
33.5,33.5,33.5,33.5,33.5,33.5,33.5,33.5
33.5,33.5,33.5,33.5,33.5,33.5,33.5,33.5
33.5,33.5,33.5,33.5,33.5,33.5,33.5,33.5
33.5,33.5,33.5,33.5,33.5,33.5,33.5,33.5
66.0,66.5,68.1,62.7,66.0,66.0,66.1,65.9
66.0,66.5,68.1,62.7,66.0,66.0,66.1,65.9
66.0,68.6,66.2,62.7,66.0,65.9,65.9,65.9
66.4,66.3,67.4,62.7,66.6,65.9,66.0,65.9
254.8,236.7,457.9,64.4,298.6,88.5,125.0,168.1
254.8,236.7,457.9,64.4,298.6,88.5,125.0,168.1
321.5,275.3,190.3,64.4,433.1,116.3,125.0,168.1
323.5,65.0,173.6,64.4,437.0,116.3,125.0,77.0
657.0,63.5,529.6,62.7,433.9,86.9,122.2,74.8
419.9,63.5,529.6,62.7,433.9,86.9,122.2,74.8
84.5,63.5,529.6,62.7,433.9,86.9,122.2,74.8
84.5,63.5,169.6,62.7,97.4,86.9,122.2,74.8
85.1,64.0,171.0,63.2,98.5,87.4,123.2,75.5
85.1,64.0,171.0,63.2,98.5,87.4,123.2,75.5
85.1,64.0,171.0,63.2,98.5,87.4,123.2,75.5
85.1,64.0,171.0,63.2,98.5,87.4,123.2,75.5
87.0,65.5,174.9,64.9,101.7,89.0,125.9,77.7
87.0,65.5,174.9,64.9,101.7,89.0,125.9,77.7
87.0,65.5,174.9,64.9,101.7,89.0,125.9,77.7
87.0,65.5,174.9,64.9,101.7,89.0,125.9,77.7
0.0,0.0,0.0,0.0,0.0,0.0,0.0,0.0
0.0,0.0,0.0,0.0,0.0,0.0,0.0,0.0
0.0,0.0,0.0,0.0,0.0,0.0,0.0,0.0
0.0,0.0,0.0,0.0,0.0,0.0,0.0,0.0
0.0,0.0,0.0,0.0,0.0,0.0,0.0,0.0
0.0,0.0,0.0,0.0,0.0,0.0,0.0,0.0
0.0,0.0,0.0,0.0,0.0,0.0,0.0,0.0
0.0,0.0,0.0,0.0,0.0,0.0,0.0,0.0
0.0,0.0,0.0,0.0,0.0,0.0,0.0,0.0
0.0,0.0,0.0,0.0,0.0,0.0,0.0,0.0
0.0,0.0,0.0,0.0,0.0,0.0,0.0,0.0
0.0,0.0,0.0,0.0,0.0,0.0,0.0,0.0
0.0,0.0,0.0,0.0,0.0,0.0,0.0,0.0
0.0,0.0,0.0,0.0,0.0,0.0,0.0,0.0
0.0,0.0,0.0,0.0,0.0,0.0,0.0,0.0
0.0,0.0,0.0,0.0,0.0,0.0,0.0,0.0
0.0,0.0,0.0,0.0,0.0,0.0,0.0,0.0
0.0,0.0,0.0,0.0,0.0,0.0,0.0,0.0
0.0,0.0,0.0,0.0,0.0,0.0,0.0,0.0
0.0,0.0,0.0,0.0,0.0,0.0,0.0,0.0
0.0,0.0,0.0,0.0,0.0,0.0,0.0,0.0
0.0,0.0,0.0,0.0,0.0,0.0,0.0,0.0
0.0,0.0,0.0,0.0,0.0,0.0,0.0,0.0
0.0,0.0,0.0,0.0,0.0,0.0,0.0,0.0
0.0,0.0,0.0,0.0,0.0,0.0,0.0,0.0
0.0,0.0,0.0,0.0,0.0,0.0,0.0,0.0
0.0,0.0,0.0,0.0,0.0,0.0,0.0,0.0
0.0,0.0,0.0,0.0,0.0,0.0,0.0,0.0
0.0,0.0,0.0,0.0,0.0,0.0,0.0,0.0
0.0,0.0,0.0,0.0,0.0,0.0,0.0,0.0
0.0,0.0,0.0,0.0,0.0,0.0,0.0,0.0
0.0,0.0,0.0,0.0,0.0,0.0,0.0,0.0
0.0,0.0,0.0,0.0,0.0,0.0,0.0,0.0
0.0,0.0,0.0,0.0,0.0,0.0,0.0,0.0
0.0,0.0,0.0,0.0,0.0,0.0,0.0,0.0
0.0,0.0,0.0,0.0,0.0,0.0,0.0,0.0
0.0,0.0,0.0,0.0,0.0,0.0,0.0,0.0
0.0,0.0,0.0,0.0,0.0,0.0,0.0,0.0
0.0,0.0,0.0,0.0,0.0,0.0,0.0,0.0
0.0,0.0,0.0,0.0,0.0,0.0,0.0,0.0
0.0,0.0,0.0,0.0,0.0,0.0,0.0,0.0
0.0,0.0,0.0,0.0,0.0,0.0,0.0,0.0
0.0,0.0,0.0,0.0,0.0,0.0,0.0,0.0
0.0,0.0,0.0,0.0,0.0,0.0,0.0,0.0
0.0,0.0,0.0,0.0,0.0,0.0,0.0,0.0
0.0,0.0,0.0,0.0,0.0,0.0,0.0,0.0
0.0,0.0,0.0,0.0,0.0,0.0,0.0,0.0
0.0,0.0,0.0,0.0,0.0,0.0,0.0,0.0
0.0,0.0,0.0,0.0,0.0,0.0,0.0,0.0
0.0,0.0,0.0,0.0,0.0,0.0,0.0,0.0
0.0,0.0,0.0,0.0,0.0,0.0,0.0,0.0
0.0,0.0,0.0,0.0,0.0,0.0,0.0,0.0
0.0,0.0,0.0,0.0,0.0,0.0,0.0,0.0
0.0,0.0,0.0,0.0,0.0,0.0,0.0,0.0
0.0,0.0,0.0,0.0,0.0,0.0,0.0,0.0
0.0,0.0,0.0,0.0,0.0,0.0,0.0,0.0
0.0,0.0,0.0,0.0,0.0,0.0,0.0,0.0
0.0,0.0,0.0,0.0,0.0,0.0,0.0,0.0
0.0,0.0,0.0,0.0,0.0,0.0,0.0,0.0
0.0,0.0,0.0,0.0,0.0,0.0,0.0,0.0
0.0,0.0,0.0,0.0,0.0,0.0,0.0,0.0
0.0,0.0,0.0,0.0,0.0,0.0,0.0,0.0
0.0,0.0,0.0,0.0,0.0,0.0,0.0,0.0
0.0,0.0,0.0,0.0,0.0,0.0,0.0,0.0
18.6,18.6,18.6,18.6,18.6,18.6,18.6,18.6
18.6,18.6,18.6,18.6,18.6,18.6,18.6,18.6
18.6,18.6,18.6,18.6,18.6,18.6,18.6,18.6
18.6,18.6,18.6,18.6,18.6,18.6,18.6,18.6
42.4,42.4,42.4,42.4,42.4,42.4,42.4,42.4
42.4,42.4,42.4,42.4,42.4,42.4,42.4,42.4
42.4,42.4,42.4,42.4,42.4,42.4,42.4,42.4
42.4,42.4,42.4,42.4,42.4,42.4,42.4,42.4
31.7,31.7,31.7,31.7,31.7,31.7,31.7,31.7
31.7,31.7,31.7,31.7,31.7,31.7,31.7,31.7
31.7,31.7,31.7,31.7,31.7,31.7,31.7,31.7
31.7,31.7,31.7,31.7,31.7,31.7,31.7,31.7
36.9,36.9,36.9,36.9,36.9,36.9,36.9,36.9
36.9,36.9,36.9,36.9,36.9,36.9,36.9,36.9
36.9,36.9,36.9,36.9,36.9,36.9,36.9,36.9
36.9,36.9,36.9,36.9,36.9,36.9,36.9,36.9
51.8,51.8,51.8,51.8,51.8,51.8,51.8,51.8
51.8,51.8,51.8,51.8,51.8,51.8,51.8,51.8
51.8,51.8,51.8,51.8,51.8,51.8,51.8,51.8
51.8,51.8,51.8,51.8,51.8,51.8,51.8,51.8
29.9,29.9,29.9,29.9,29.9,29.9,29.9,29.9
29.9,29.9,29.9,29.9,29.9,29.9,29.9,29.9
29.9,29.9,29.9,29.9,29.9,29.9,29.9,29.9
29.9,29.9,29.9,29.9,29.9,29.9,29.9,29.9
39.6,39.6,39.6,39.6,39.6,39.6,39.6,39.6
39.6,39.6,39.6,39.6,39.6,39.6,39.6,39.6
39.6,39.6,39.6,39.6,39.6,39.6,39.6,39.6
39.6,39.6,39.6,39.6,39.6,39.6,39.6,39.6
7.9,7.9,7.9,7.9,7.9,7.9,7.9,7.9
7.9,7.9,7.9,7.9,7.9,7.9,7.9,7.9
7.9,7.9,7.9,7.9,7.9,7.9,7.9,7.9
7.9,7.9,7.9,7.9,7.9,7.9,7.9,7.9
0.0,0.0,0.0,0.0,0.0,0.0,0.0,0.0
0.0,0.0,0.0,0.0,0.0,0.0,0.0,0.0
0.0,0.0,0.0,0.0,0.0,0.0,0.0,0.0
0.0,0.0,0.0,0.0,0.0,0.0,0.0,0.0
0.0,0.0,0.0,0.0,0.0,0.0,0.0,0.0
0.0,0.0,0.0,0.0,0.0,0.0,0.0,0.0
0.0,0.0,0.0,0.0,0.0,0.0,0.0,0.0
0.0,0.0,0.0,0.0,0.0,0.0,0.0,0.0
0.0,0.0,0.0,0.0,0.0,0.0,0.0,0.0
0.0,0.0,0.0,0.0,0.0,0.0,0.0,0.0
0.0,0.0,0.0,0.0,0.0,0.0,0.0,0.0
0.0,0.0,0.0,0.0,0.0,0.0,0.0,0.0
0.0,0.0,0.0,0.0,0.0,0.0,0.0,0.0
0.0,0.0,0.0,0.0,0.0,0.0,0.0,0.0
0.0,0.0,0.0,0.0,0.0,0.0,0.0,0.0
0.0,0.0,0.0,0.0,0.0,0.0,0.0,0.0
0.0,0.0,0.0,0.0,0.0,0.0,0.0,0.0
0.0,0.0,0.0,0.0,0.0,0.0,0.0,0.0
0.0,0.0,0.0,0.0,0.0,0.0,0.0,0.0
0.0,0.0,0.0,0.0,0.0,0.0,0.0,0.0
0.0,0.0,0.0,0.0,0.0,0.0,0.0,0.0
0.0,0.0,0.0,0.0,0.0,0.0,0.0,0.0
0.0,0.0,0.0,0.0,0.0,0.0,0.0,0.0
0.0,0.0,0.0,0.0,0.0,0.0,0.0,0.0
0.0,0.0,0.0,0.0,0.0,0.0,0.0,0.0
0.0,0.0,0.0,0.0,0.0,0.0,0.0,0.0
0.0,0.0,0.0,0.0,0.0,0.0,0.0,0.0
0.0,0.0,0.0,0.0,0.0,0.0,0.0,0.0
0.0,0.0,0.0,0.0,0.0,0.0,0.0,0.0
0.0,0.0,0.0,0.0,0.0,0.0,0.0,0.0
0.0,0.0,0.0,0.0,0.0,0.0,0.0,0.0
0.0,0.0,0.0,0.0,0.0,0.0,0.0,0.0
0.0,0.0,0.0,0.0,0.0,0.0,0.0,0.0
0.0,0.0,0.0,0.0,0.0,0.0,0.0,0.0
0.0,0.0,0.0,0.0,0.0,0.0,0.0,0.0
0.0,0.0,0.0,0.0,0.0,0.0,0.0,0.0
0.0,0.0,0.0,0.0,0.0,0.0,0.0,0.0
0.0,0.0,0.0,0.0,0.0,0.0,0.0,0.0
0.0,0.0,0.0,0.0,0.0,0.0,0.0,0.0
0.0,0.0,0.0,0.0,0.0,0.0,0.0,0.0
0.0,0.0,0.0,0.0,0.0,0.0,0.0,0.0
0.0,0.0,0.0,0.0,0.0,0.0,0.0,0.0
0.0,0.0,0.0,0.0,0.0,0.0,0.0,0.0
0.0,0.0,0.0,0.0,0.0,0.0,0.0,0.0
0.0,0.0,0.0,0.0,0.0,0.0,0.0,0.0
0.0,0.0,0.0,0.0,0.0,0.0,0.0,0.0
0.0,0.0,0.0,0.0,0.0,0.0,0.0,0.0
0.0,0.0,0.0,0.0,0.0,0.0,0.0,0.0
0.0,0.0,0.0,0.0,0.0,0.0,0.0,0.0
0.0,0.0,0.0,0.0,0.0,0.0,0.0,0.0
0.0,0.0,0.0,0.0,0.0,0.0,0.0,0.0
0.0,0.0,0.0,0.0,0.0,0.0,0.0,0.0
0.0,0.0,0.0,0.0,0.0,0.0,0.0,0.0
0.0,0.0,0.0,0.0,0.0,0.0,0.0,0.0
0.0,0.0,0.0,0.0,0.0,0.0,0.0,0.0
0.0,0.0,0.0,0.0,0.0,0.0,0.0,0.0
0.0,0.0,0.0,0.0,0.0,0.0,0.0,0.0
0.0,0.0,0.0,0.0,0.0,0.0,0.0,0.0
0.0,0.0,0.0,0.0,0.0,0.0,0.0,0.0
0.0,0.0,0.0,0.0,0.0,0.0,0.0,0.0
0.0,0.0,0.0,0.0,0.0,0.0,0.0,0.0
0.0,0.0,0.0,0.0,0.0,0.0,0.0,0.0
0.0,0.0,0.0,0.0,0.0,0.0,0.0,0.0
0.0,0.0,0.0,0.0,0.0,0.0,0.0,0.0
4.4,4.4,4.4,4.4,4.4,4.4,4.4,4.4
4.4,4.4,4.4,4.4,4.4,4.4,4.4,4.4
4.4,4.4,4.4,4.4,4.4,4.4,4.4,4.4
4.4,4.4,4.4,4.4,4.4,4.4,4.4,4.4
7.0,7.0,7.0,7.0,7.0,7.0,7.0,7.0
7.0,7.0,7.0,7.0,7.0,7.0,7.0,7.0
7.0,7.0,7.0,7.0,7.0,7.0,7.0,7.0
7.0,7.0,7.0,7.0,7.0,7.0,7.0,7.0
20.9,20.9,20.9,20.9,20.9,20.9,20.9,20.9
20.9,20.9,20.9,20.9,20.9,20.9,20.9,20.9
20.9,20.9,20.9,20.9,20.9,20.9,20.9,20.9
20.9,20.9,20.9,20.9,20.9,20.9,20.9,20.9
26.1,26.1,26.1,26.1,26.1,26.1,26.1,26.1
26.1,26.1,26.1,26.1,26.1,26.1,26.1,26.1
26.1,26.1,26.1,26.1,26.1,26.1,26.1,26.1
26.1,26.1,26.1,26.1,26.1,26.1,26.1,26.1
25.2,25.2,25.2,25.2,25.2,25.2,25.2,25.2
25.2,25.2,25.2,25.2,25.2,25.2,25.2,25.2
25.2,25.2,25.2,25.2,25.2,25.2,25.2,25.2
25.2,25.2,25.2,25.2,25.2,25.2,25.2,25.2
25.2,25.2,25.2,25.2,25.2,25.2,25.2,25.2
25.2,25.2,25.2,25.2,25.2,25.2,25.2,25.2
25.2,25.2,25.2,25.2,25.2,25.2,25.2,25.2
25.2,25.2,25.2,25.2,25.2,25.2,25.2,25.2
10.5,10.5,10.5,10.5,10.5,10.5,10.5,10.5
10.5,10.5,10.5,10.5,10.5,10.5,10.5,10.5
10.5,10.5,10.5,10.5,10.5,10.5,10.5,10.5
10.5,10.5,10.5,10.5,10.5,10.5,10.5,10.5
10.5,10.5,10.5,10.5,10.5,10.5,10.5,10.5
10.5,10.5,10.5,10.5,10.5,10.5,10.5,10.5
10.5,10.5,10.5,10.5,10.5,10.5,10.5,10.5
10.5,10.5,10.5,10.5,10.5,10.5,10.5,10.5
0.0,0.0,0.0,0.0,0.0,0.0,0.0,0.0
0.0,0.0,0.0,0.0,0.0,0.0,0.0,0.0
0.0,0.0,0.0,0.0,0.0,0.0,0.0,0.0
0.0,0.0,0.0,0.0,0.0,0.0,0.0,0.0
0.0,0.0,0.0,0.0,0.0,0.0,0.0,0.0
0.0,0.0,0.0,0.0,0.0,0.0,0.0,0.0
0.0,0.0,0.0,0.0,0.0,0.0,0.0,0.0
0.0,0.0,0.0,0.0,0.0,0.0,0.0,0.0
0.0,0.0,0.0,0.0,0.0,0.0,0.0,0.0
0.0,0.0,0.0,0.0,0.0,0.0,0.0,0.0
0.0,0.0,0.0,0.0,0.0,0.0,0.0,0.0
0.0,0.0,0.0,0.0,0.0,0.0,0.0,0.0
0.0,0.0,0.0,0.0,0.0,0.0,0.0,0.0
0.0,0.0,0.0,0.0,0.0,0.0,0.0,0.0
0.0,0.0,0.0,0.0,0.0,0.0,0.0,0.0
0.0,0.0,0.0,0.0,0.0,0.0,0.0,0.0
0.0,0.0,0.0,0.0,0.0,0.0,0.0,0.0
0.0,0.0,0.0,0.0,0.0,0.0,0.0,0.0
0.0,0.0,0.0,0.0,0.0,0.0,0.0,0.0
0.0,0.0,0.0,0.0,0.0,0.0,0.0,0.0
0.0,0.0,0.0,0.0,0.0,0.0,0.0,0.0
0.0,0.0,0.0,0.0,0.0,0.0,0.0,0.0
0.0,0.0,0.0,0.0,0.0,0.0,0.0,0.0
0.0,0.0,0.0,0.0,0.0,0.0,0.0,0.0
0.0,0.0,0.0,0.0,0.0,0.0,0.0,0.0
0.0,0.0,0.0,0.0,0.0,0.0,0.0,0.0
0.0,0.0,0.0,0.0,0.0,0.0,0.0,0.0
0.0,0.0,0.0,0.0,0.0,0.0,0.0,0.0
0.0,0.0,0.0,0.0,0.0,0.0,0.0,0.0
0.0,0.0,0.0,0.0,0.0,0.0,0.0,0.0
0.0,0.0,0.0,0.0,0.0,0.0,0.0,0.0
0.0,0.0,0.0,0.0,0.0,0.0,0.0,0.0
0.0,0.0,0.0,0.0,0.0,0.0,0.0,0.0
0.0,0.0,0.0,0.0,0.0,0.0,0.0,0.0
0.0,0.0,0.0,0.0,0.0,0.0,0.0,0.0
0.0,0.0,0.0,0.0,0.0,0.0,0.0,0.0
0.0,0.0,0.0,0.0,0.0,0.0,0.0,0.0
0.0,0.0,0.0,0.0,0.0,0.0,0.0,0.0
0.0,0.0,0.0,0.0,0.0,0.0,0.0,0.0
0.0,0.0,0.0,0.0,0.0,0.0,0.0,0.0
0.0,0.0,0.0,0.0,0.0,0.0,0.0,0.0
0.0,0.0,0.0,0.0,0.0,0.0,0.0,0.0
0.0,0.0,0.0,0.0,0.0,0.0,0.0,0.0
0.0,0.0,0.0,0.0,0.0,0.0,0.0,0.0
0.0,0.0,0.0,0.0,0.0,0.0,0.0,0.0
0.0,0.0,0.0,0.0,0.0,0.0,0.0,0.0
0.0,0.0,0.0,0.0,0.0,0.0,0.0,0.0
0.0,0.0,0.0,0.0,0.0,0.0,0.0,0.0
0.0,0.0,0.0,0.0,0.0,0.0,0.0,0.0
0.0,0.0,0.0,0.0,0.0,0.0,0.0,0.0
0.0,0.0,0.0,0.0,0.0,0.0,0.0,0.0
0.0,0.0,0.0,0.0,0.0,0.0,0.0,0.0
0.0,0.0,0.0,0.0,0.0,0.0,0.0,0.0
0.0,0.0,0.0,0.0,0.0,0.0,0.0,0.0
0.0,0.0,0.0,0.0,0.0,0.0,0.0,0.0
0.0,0.0,0.0,0.0,0.0,0.0,0.0,0.0
0.0,0.0,0.0,0.0,0.0,0.0,0.0,0.0
0.0,0.0,0.0,0.0,0.0,0.0,0.0,0.0
0.0,0.0,0.0,0.0,0.0,0.0,0.0,0.0
0.0,0.0,0.0,0.0,0.0,0.0,0.0,0.0
0.0,0.0,0.0,0.0,0.0,0.0,0.0,0.0
0.0,0.0,0.0,0.0,0.0,0.0,0.0,0.0
0.0,0.0,0.0,0.0,0.0,0.0,0.0,0.0
0.0,0.0,0.0,0.0,0.0,0.0,0.0,0.0
5.3,5.3,5.3,5.3,5.3,5.3,5.3,5.3
5.3,5.3,5.3,5.3,5.3,5.3,5.3,5.3
5.3,5.3,5.3,5.3,5.3,5.3,5.3,5.3
5.3,5.3,5.3,5.3,5.3,5.3,5.3,5.3
7.9,7.9,7.9,7.9,7.9,7.9,7.9,7.9
7.9,7.9,7.9,7.9,7.9,7.9,7.9,7.9
7.9,7.9,7.9,7.9,7.9,7.9,7.9,7.9
7.9,7.9,7.9,7.9,7.9,7.9,7.9,7.9
11.3,11.3,11.3,11.3,11.3,11.3,11.3,11.3
11.3,11.3,11.3,11.3,11.3,11.3,11.3,11.3
11.3,11.3,11.3,11.3,11.3,11.3,11.3,11.3
11.3,11.3,11.3,11.3,11.3,11.3,11.3,11.3
13.1,13.1,13.1,13.1,13.1,13.1,13.1,13.1
13.1,13.1,13.1,13.1,13.1,13.1,13.1,13.1
13.1,13.1,13.1,13.1,13.1,13.1,13.1,13.1
13.1,13.1,13.1,13.1,13.1,13.1,13.1,13.1
22.6,22.6,22.6,22.6,22.6,22.6,22.6,22.6
22.6,22.6,22.6,22.6,22.6,22.6,22.6,22.6
22.6,22.6,22.6,22.6,22.6,22.6,22.6,22.6
22.6,22.6,22.6,22.6,22.6,22.6,22.6,22.6
11.4,11.4,11.4,11.4,11.4,11.4,11.4,11.4
11.4,11.4,11.4,11.4,11.4,11.4,11.4,11.4
11.4,11.4,11.4,11.4,11.4,11.4,11.4,11.4
11.4,11.4,11.4,11.4,11.4,11.4,11.4,11.4
10.5,10.5,10.5,10.5,10.5,10.5,10.5,10.5
10.5,10.5,10.5,10.5,10.5,10.5,10.5,10.5
10.5,10.5,10.5,10.5,10.5,10.5,10.5,10.5
10.5,10.5,10.5,10.5,10.5,10.5,10.5,10.5
5.3,5.3,5.3,5.3,5.3,5.3,5.3,5.3
5.3,5.3,5.3,5.3,5.3,5.3,5.3,5.3
5.3,5.3,5.3,5.3,5.3,5.3,5.3,5.3
5.3,5.3,5.3,5.3,5.3,5.3,5.3,5.3
0.0,0.0,0.0,0.0,0.0,0.0,0.0,0.0
0.0,0.0,0.0,0.0,0.0,0.0,0.0,0.0
0.0,0.0,0.0,0.0,0.0,0.0,0.0,0.0
0.0,0.0,0.0,0.0,0.0,0.0,0.0,0.0
0.0,0.0,0.0,0.0,0.0,0.0,0.0,0.0
0.0,0.0,0.0,0.0,0.0,0.0,0.0,0.0
0.0,0.0,0.0,0.0,0.0,0.0,0.0,0.0
0.0,0.0,0.0,0.0,0.0,0.0,0.0,0.0
0.0,0.0,0.0,0.0,0.0,0.0,0.0,0.0
0.0,0.0,0.0,0.0,0.0,0.0,0.0,0.0
0.0,0.0,0.0,0.0,0.0,0.0,0.0,0.0
0.0,0.0,0.0,0.0,0.0,0.0,0.0,0.0
0.0,0.0,0.0,0.0,0.0,0.0,0.0,0.0
0.0,0.0,0.0,0.0,0.0,0.0,0.0,0.0
0.0,0.0,0.0,0.0,0.0,0.0,0.0,0.0
0.0,0.0,0.0,0.0,0.0,0.0,0.0,0.0
0.0,0.0,0.0,0.0,0.0,0.0,0.0,0.0
0.0,0.0,0.0,0.0,0.0,0.0,0.0,0.0
0.0,0.0,0.0,0.0,0.0,0.0,0.0,0.0
0.0,0.0,0.0,0.0,0.0,0.0,0.0,0.0
0.0,0.0,0.0,0.0,0.0,0.0,0.0,0.0
0.0,0.0,0.0,0.0,0.0,0.0,0.0,0.0
0.0,0.0,0.0,0.0,0.0,0.0,0.0,0.0
0.0,0.0,0.0,0.0,0.0,0.0,0.0,0.0
0.0,0.0,0.0,0.0,0.0,0.0,0.0,0.0
0.0,0.0,0.0,0.0,0.0,0.0,0.0,0.0
0.0,0.0,0.0,0.0,0.0,0.0,0.0,0.0
0.0,0.0,0.0,0.0,0.0,0.0,0.0,0.0
0.0,0.0,0.0,0.0,0.0,0.0,0.0,0.0
0.0,0.0,0.0,0.0,0.0,0.0,0.0,0.0
0.0,0.0,0.0,0.0,0.0,0.0,0.0,0.0
0.0,0.0,0.0,0.0,0.0,0.0,0.0,0.0
0.0,0.0,0.0,0.0,0.0,0.0,0.0,0.0
0.0,0.0,0.0,0.0,0.0,0.0,0.0,0.0
0.0,0.0,0.0,0.0,0.0,0.0,0.0,0.0
0.0,0.0,0.0,0.0,0.0,0.0,0.0,0.0
0.0,0.0,0.0,0.0,0.0,0.0,0.0,0.0
0.0,0.0,0.0,0.0,0.0,0.0,0.0,0.0
0.0,0.0,0.0,0.0,0.0,0.0,0.0,0.0
0.0,0.0,0.0,0.0,0.0,0.0,0.0,0.0
0.0,0.0,0.0,0.0,0.0,0.0,0.0,0.0
0.0,0.0,0.0,0.0,0.0,0.0,0.0,0.0
0.0,0.0,0.0,0.0,0.0,0.0,0.0,0.0
0.0,0.0,0.0,0.0,0.0,0.0,0.0,0.0
0.0,0.0,0.0,0.0,0.0,0.0,0.0,0.0
0.0,0.0,0.0,0.0,0.0,0.0,0.0,0.0
0.0,0.0,0.0,0.0,0.0,0.0,0.0,0.0
0.0,0.0,0.0,0.0,0.0,0.0,0.0,0.0
0.0,0.0,0.0,0.0,0.0,0.0,0.0,0.0
0.0,0.0,0.0,0.0,0.0,0.0,0.0,0.0
0.0,0.0,0.0,0.0,0.0,0.0,0.0,0.0
0.0,0.0,0.0,0.0,0.0,0.0,0.0,0.0
0.0,0.0,0.0,0.0,0.0,0.0,0.0,0.0
0.0,0.0,0.0,0.0,0.0,0.0,0.0,0.0
0.0,0.0,0.0,0.0,0.0,0.0,0.0,0.0
0.0,0.0,0.0,0.0,0.0,0.0,0.0,0.0
0.0,0.0,0.0,0.0,0.0,0.0,0.0,0.0
0.0,0.0,0.0,0.0,0.0,0.0,0.0,0.0
0.0,0.0,0.0,0.0,0.0,0.0,0.0,0.0
0.0,0.0,0.0,0.0,0.0,0.0,0.0,0.0
0.0,0.0,0.0,0.0,0.0,0.0,0.0,0.0
0.0,0.0,0.0,0.0,0.0,0.0,0.0,0.0
0.0,0.0,0.0,0.0,0.0,0.0,0.0,0.0
0.0,0.0,0.0,0.0,0.0,0.0,0.0,0.0
8.7,8.7,8.7,8.7,8.7,8.7,8.7,8.7
8.7,8.7,8.7,8.7,8.7,8.7,8.7,8.7
8.7,8.7,8.7,8.7,8.7,8.7,8.7,8.7
8.7,8.7,8.7,8.7,8.7,8.7,8.7,8.7
18.3,18.3,18.3,18.3,18.3,18.3,18.3,18.3
18.3,18.3,18.3,18.3,18.3,18.3,18.3,18.3
18.3,18.3,18.3,18.3,18.3,18.3,18.3,18.3
18.3,18.3,18.3,18.3,18.3,18.3,18.3,18.3
17.4,17.4,17.4,17.4,17.4,17.4,17.4,17.4
17.4,17.4,17.4,17.4,17.4,17.4,17.4,17.4
17.4,17.4,17.4,17.4,17.4,17.4,17.4,17.4
17.4,17.4,17.4,17.4,17.4,17.4,17.4,17.4
21.7,21.7,21.7,21.7,21.7,21.7,21.7,21.7
21.7,21.7,21.7,21.7,21.7,21.7,21.7,21.7
21.7,21.7,21.7,21.7,21.7,21.7,21.7,21.7
21.7,21.7,21.7,21.7,21.7,21.7,21.7,21.7
73.1,65.0,75.0,76.1,73.4,73.2,74.0,72.9
73.1,65.0,75.0,76.1,73.4,73.2,74.0,72.9
72.9,65.0,73.2,73.3,79.7,72.9,73.0,72.9
74.2,65.0,73.5,64.4,86.8,72.9,73.1,72.9
16.5,16.5,16.5,16.5,16.5,16.5,16.5,16.5
16.5,16.5,16.5,16.5,16.5,16.5,16.5,16.5
16.5,16.5,16.5,16.5,16.5,16.5,16.5,16.5
16.5,16.5,16.5,16.5,16.5,16.5,16.5,16.5
11.3,11.3,11.3,11.3,11.3,11.3,11.3,11.3
11.3,11.3,11.3,11.3,11.3,11.3,11.3,11.3
11.3,11.3,11.3,11.3,11.3,11.3,11.3,11.3
11.3,11.3,11.3,11.3,11.3,11.3,11.3,11.3
5.3,5.3,5.3,5.3,5.3,5.3,5.3,5.3
5.3,5.3,5.3,5.3,5.3,5.3,5.3,5.3
5.3,5.3,5.3,5.3,5.3,5.3,5.3,5.3
5.3,5.3,5.3,5.3,5.3,5.3,5.3,5.3
0.0,0.0,0.0,0.0,0.0,0.0,0.0,0.0
0.0,0.0,0.0,0.0,0.0,0.0,0.0,0.0
0.0,0.0,0.0,0.0,0.0,0.0,0.0,0.0
0.0,0.0,0.0,0.0,0.0,0.0,0.0,0.0
0.0,0.0,0.0,0.0,0.0,0.0,0.0,0.0
0.0,0.0,0.0,0.0,0.0,0.0,0.0,0.0
0.0,0.0,0.0,0.0,0.0,0.0,0.0,0.0
0.0,0.0,0.0,0.0,0.0,0.0,0.0,0.0
0.0,0.0,0.0,0.0,0.0,0.0,0.0,0.0
0.0,0.0,0.0,0.0,0.0,0.0,0.0,0.0
0.0,0.0,0.0,0.0,0.0,0.0,0.0,0.0
0.0,0.0,0.0,0.0,0.0,0.0,0.0,0.0
0.0,0.0,0.0,0.0,0.0,0.0,0.0,0.0
0.0,0.0,0.0,0.0,0.0,0.0,0.0,0.0
0.0,0.0,0.0,0.0,0.0,0.0,0.0,0.0
0.0,0.0,0.0,0.0,0.0,0.0,0.0,0.0
0.0,0.0,0.0,0.0,0.0,0.0,0.0,0.0
0.0,0.0,0.0,0.0,0.0,0.0,0.0,0.0
0.0,0.0,0.0,0.0,0.0,0.0,0.0,0.0
0.0,0.0,0.0,0.0,0.0,0.0,0.0,0.0
0.0,0.0,0.0,0.0,0.0,0.0,0.0,0.0
0.0,0.0,0.0,0.0,0.0,0.0,0.0,0.0
0.0,0.0,0.0,0.0,0.0,0.0,0.0,0.0
0.0,0.0,0.0,0.0,0.0,0.0,0.0,0.0
0.0,0.0,0.0,0.0,0.0,0.0,0.0,0.0
0.0,0.0,0.0,0.0,0.0,0.0,0.0,0.0
0.0,0.0,0.0,0.0,0.0,0.0,0.0,0.0
0.0,0.0,0.0,0.0,0.0,0.0,0.0,0.0
0.0,0.0,0.0,0.0,0.0,0.0,0.0,0.0
0.0,0.0,0.0,0.0,0.0,0.0,0.0,0.0
0.0,0.0,0.0,0.0,0.0,0.0,0.0,0.0
0.0,0.0,0.0,0.0,0.0,0.0,0.0,0.0
0.0,0.0,0.0,0.0,0.0,0.0,0.0,0.0
0.0,0.0,0.0,0.0,0.0,0.0,0.0,0.0
0.0,0.0,0.0,0.0,0.0,0.0,0.0,0.0
0.0,0.0,0.0,0.0,0.0,0.0,0.0,0.0
0.0,0.0,0.0,0.0,0.0,0.0,0.0,0.0
0.0,0.0,0.0,0.0,0.0,0.0,0.0,0.0
0.0,0.0,0.0,0.0,0.0,0.0,0.0,0.0
0.0,0.0,0.0,0.0,0.0,0.0,0.0,0.0
0.0,0.0,0.0,0.0,0.0,0.0,0.0,0.0
0.0,0.0,0.0,0.0,0.0,0.0,0.0,0.0
0.0,0.0,0.0,0.0,0.0,0.0,0.0,0.0
0.0,0.0,0.0,0.0,0.0,0.0,0.0,0.0
0.0,0.0,0.0,0.0,0.0,0.0,0.0,0.0
0.0,0.0,0.0,0.0,0.0,0.0,0.0,0.0
0.0,0.0,0.0,0.0,0.0,0.0,0.0,0.0
0.0,0.0,0.0,0.0,0.0,0.0,0.0,0.0
0.0,0.0,0.0,0.0,0.0,0.0,0.0,0.0
0.0,0.0,0.0,0.0,0.0,0.0,0.0,0.0
0.0,0.0,0.0,0.0,0.0,0.0,0.0,0.0
0.0,0.0,0.0,0.0,0.0,0.0,0.0,0.0
0.0,0.0,0.0,0.0,0.0,0.0,0.0,0.0
0.0,0.0,0.0,0.0,0.0,0.0,0.0,0.0
0.0,0.0,0.0,0.0,0.0,0.0,0.0,0.0
0.0,0.0,0.0,0.0,0.0,0.0,0.0,0.0
0.0,0.0,0.0,0.0,0.0,0.0,0.0,0.0
0.0,0.0,0.0,0.0,0.0,0.0,0.0,0.0
0.0,0.0,0.0,0.0,0.0,0.0,0.0,0.0
0.0,0.0,0.0,0.0,0.0,0.0,0.0,0.0
0.0,0.0,0.0,0.0,0.0,0.0,0.0,0.0
0.0,0.0,0.0,0.0,0.0,0.0,0.0,0.0
0.0,0.0,0.0,0.0,0.0,0.0,0.0,0.0
0.0,0.0,0.0,0.0,0.0,0.0,0.0,0.0
13.3,13.3,13.3,13.3,13.3,13.3,13.3,13.3
13.3,13.3,13.3,13.3,13.3,13.3,13.3,13.3
13.3,13.3,13.3,13.3,13.3,13.3,13.3,13.3
13.3,13.3,13.3,13.3,13.3,13.3,13.3,13.3
29.1,29.1,29.1,29.1,29.1,29.1,29.1,29.1
29.1,29.1,29.1,29.1,29.1,29.1,29.1,29.1
29.1,29.1,29.1,29.1,29.1,29.1,29.1,29.1
29.1,29.1,29.1,29.1,29.1,29.1,29.1,29.1
81.4,61.0,163.0,59.8,92.1,84.4,117.7,71.2
81.4,61.0,163.0,59.8,92.1,84.4,117.7,71.2
81.4,61.0,163.0,59.8,92.1,84.4,117.7,71.2
81.4,61.0,163.0,59.8,92.1,84.4,117.7,71.2
84.5,63.5,194.6,62.7,97.4,86.9,122.2,74.8
84.5,63.5,194.6,62.7,97.4,86.9,122.2,74.8
84.5,63.5,169.6,62.7,97.4,86.9,122.2,74.8
84.5,63.5,169.6,62.7,443.1,86.9,592.1,74.8
86.4,65.0,173.6,64.4,100.6,88.5,125.0,77.0
86.4,65.0,120.0,64.4,100.1,88.5,106.8,168.3
86.4,65.0,173.6,64.4,100.6,88.5,125.0,77.0
180.1,65.0,118.3,64.4,100.1,88.5,106.2,77.0
79.5,63.5,75.0,73.2,73.6,73.4,74.1,73.2
73.8,63.5,77.9,73.2,74.4,73.9,75.6,73.3
74.4,63.5,83.1,62.7,75.7,74.6,78.3,73.4
74.4,63.5,83.1,62.7,75.7,74.6,78.3,73.4
55.1,55.1,55.1,55.1,55.1,55.1,55.1,55.1
55.1,55.1,55.1,55.1,55.1,55.1,55.1,55.1
55.1,55.1,55.1,55.1,55.1,55.1,55.1,55.1
55.1,55.1,55.1,55.1,55.1,55.1,55.1,55.1
25.5,25.5,25.5,25.5,25.5,25.5,25.5,25.5
25.5,25.5,25.5,25.5,25.5,25.5,25.5,25.5
25.5,25.5,25.5,25.5,25.5,25.5,25.5,25.5
25.5,25.5,25.5,25.5,25.5,25.5,25.5,25.5
0.0,0.0,0.0,0.0,0.0,0.0,0.0,0.0
0.0,0.0,0.0,0.0,0.0,0.0,0.0,0.0
0.0,0.0,0.0,0.0,0.0,0.0,0.0,0.0
0.0,0.0,0.0,0.0,0.0,0.0,0.0,0.0
0.0,0.0,0.0,0.0,0.0,0.0,0.0,0.0
0.0,0.0,0.0,0.0,0.0,0.0,0.0,0.0
0.0,0.0,0.0,0.0,0.0,0.0,0.0,0.0
0.0,0.0,0.0,0.0,0.0,0.0,0.0,0.0
0.0,0.0,0.0,0.0,0.0,0.0,0.0,0.0
0.0,0.0,0.0,0.0,0.0,0.0,0.0,0.0
0.0,0.0,0.0,0.0,0.0,0.0,0.0,0.0
0.0,0.0,0.0,0.0,0.0,0.0,0.0,0.0
0.0,0.0,0.0,0.0,0.0,0.0,0.0,0.0
0.0,0.0,0.0,0.0,0.0,0.0,0.0,0.0
0.0,0.0,0.0,0.0,0.0,0.0,0.0,0.0
0.0,0.0,0.0,0.0,0.0,0.0,0.0,0.0
0.0,0.0,0.0,0.0,0.0,0.0,0.0,0.0
0.0,0.0,0.0,0.0,0.0,0.0,0.0,0.0
0.0,0.0,0.0,0.0,0.0,0.0,0.0,0.0
0.0,0.0,0.0,0.0,0.0,0.0,0.0,0.0
0.0,0.0,0.0,0.0,0.0,0.0,0.0,0.0
0.0,0.0,0.0,0.0,0.0,0.0,0.0,0.0
0.0,0.0,0.0,0.0,0.0,0.0,0.0,0.0
0.0,0.0,0.0,0.0,0.0,0.0,0.0,0.0
0.0,0.0,0.0,0.0,0.0,0.0,0.0,0.0
0.0,0.0,0.0,0.0,0.0,0.0,0.0,0.0
0.0,0.0,0.0,0.0,0.0,0.0,0.0,0.0
0.0,0.0,0.0,0.0,0.0,0.0,0.0,0.0
0.0,0.0,0.0,0.0,0.0,0.0,0.0,0.0
0.0,0.0,0.0,0.0,0.0,0.0,0.0,0.0
0.0,0.0,0.0,0.0,0.0,0.0,0.0,0.0
0.0,0.0,0.0,0.0,0.0,0.0,0.0,0.0
0.0,0.0,0.0,0.0,0.0,0.0,0.0,0.0
0.0,0.0,0.0,0.0,0.0,0.0,0.0,0.0
0.0,0.0,0.0,0.0,0.0,0.0,0.0,0.0
0.0,0.0,0.0,0.0,0.0,0.0,0.0,0.0
0.0,0.0,0.0,0.0,0.0,0.0,0.0,0.0
0.0,0.0,0.0,0.0,0.0,0.0,0.0,0.0
0.0,0.0,0.0,0.0,0.0,0.0,0.0,0.0
0.0,0.0,0.0,0.0,0.0,0.0,0.0,0.0
0.0,0.0,0.0,0.0,0.0,0.0,0.0,0.0
0.0,0.0,0.0,0.0,0.0,0.0,0.0,0.0
0.0,0.0,0.0,0.0,0.0,0.0,0.0,0.0
0.0,0.0,0.0,0.0,0.0,0.0,0.0,0.0
0.0,0.0,0.0,0.0,0.0,0.0,0.0,0.0
0.0,0.0,0.0,0.0,0.0,0.0,0.0,0.0
0.0,0.0,0.0,0.0,0.0,0.0,0.0,0.0
0.0,0.0,0.0,0.0,0.0,0.0,0.0,0.0
0.0,0.0,0.0,0.0,0.0,0.0,0.0,0.0
0.0,0.0,0.0,0.0,0.0,0.0,0.0,0.0
0.0,0.0,0.0,0.0,0.0,0.0,0.0,0.0
0.0,0.0,0.0,0.0,0.0,0.0,0.0,0.0
0.0,0.0,0.0,0.0,0.0,0.0,0.0,0.0
0.0,0.0,0.0,0.0,0.0,0.0,0.0,0.0
0.0,0.0,0.0,0.0,0.0,0.0,0.0,0.0
0.0,0.0,0.0,0.0,0.0,0.0,0.0,0.0
0.0,0.0,0.0,0.0,0.0,0.0,0.0,0.0
0.0,0.0,0.0,0.0,0.0,0.0,0.0,0.0
0.0,0.0,0.0,0.0,0.0,0.0,0.0,0.0
0.0,0.0,0.0,0.0,0.0,0.0,0.0,0.0
0.0,0.0,0.0,0.0,0.0,0.0,0.0,0.0
0.0,0.0,0.0,0.0,0.0,0.0,0.0,0.0
0.0,0.0,0.0,0.0,0.0,0.0,0.0,0.0
0.0,0.0,0.0,0.0,0.0,0.0,0.0,0.0
10.6,10.6,10.6,10.6,10.6,10.6,10.6,10.6
10.6,10.6,10.6,10.6,10.6,10.6,10.6,10.6
10.6,10.6,10.6,10.6,10.6,10.6,10.6,10.6
10.6,10.6,10.6,10.6,10.6,10.6,10.6,10.6
16.8,16.8,16.8,16.8,16.8,16.8,16.8,16.8
16.8,16.8,16.8,16.8,16.8,16.8,16.8,16.8
16.8,16.8,16.8,16.8,16.8,16.8,16.8,16.8
16.8,16.8,16.8,16.8,16.8,16.8,16.8,16.8
23.0,23.0,23.0,23.0,23.0,23.0,23.0,23.0
23.0,23.0,23.0,23.0,23.0,23.0,23.0,23.0
23.0,23.0,23.0,23.0,23.0,23.0,23.0,23.0
23.0,23.0,23.0,23.0,23.0,23.0,23.0,23.0
26.5,26.5,26.5,26.5,26.5,26.5,26.5,26.5
26.5,26.5,26.5,26.5,26.5,26.5,26.5,26.5
26.5,26.5,26.5,26.5,26.5,26.5,26.5,26.5
26.5,26.5,26.5,26.5,26.5,26.5,26.5,26.5
26.4,26.4,26.4,26.4,26.4,26.4,26.4,26.4
26.4,26.4,26.4,26.4,26.4,26.4,26.4,26.4
26.4,26.4,26.4,26.4,26.4,26.4,26.4,26.4
26.4,26.4,26.4,26.4,26.4,26.4,26.4,26.4
22.0,22.0,22.0,22.0,22.0,22.0,22.0,22.0
22.0,22.0,22.0,22.0,22.0,22.0,22.0,22.0
22.0,22.0,22.0,22.0,22.0,22.0,22.0,22.0
22.0,22.0,22.0,22.0,22.0,22.0,22.0,22.0
15.9,15.9,15.9,15.9,15.9,15.9,15.9,15.9
15.9,15.9,15.9,15.9,15.9,15.9,15.9,15.9
15.9,15.9,15.9,15.9,15.9,15.9,15.9,15.9
15.9,15.9,15.9,15.9,15.9,15.9,15.9,15.9
10.6,10.6,10.6,10.6,10.6,10.6,10.6,10.6
10.6,10.6,10.6,10.6,10.6,10.6,10.6,10.6
10.6,10.6,10.6,10.6,10.6,10.6,10.6,10.6
10.6,10.6,10.6,10.6,10.6,10.6,10.6,10.6
0.0,0.0,0.0,0.0,0.0,0.0,0.0,0.0
0.0,0.0,0.0,0.0,0.0,0.0,0.0,0.0
0.0,0.0,0.0,0.0,0.0,0.0,0.0,0.0
0.0,0.0,0.0,0.0,0.0,0.0,0.0,0.0
0.0,0.0,0.0,0.0,0.0,0.0,0.0,0.0
0.0,0.0,0.0,0.0,0.0,0.0,0.0,0.0
0.0,0.0,0.0,0.0,0.0,0.0,0.0,0.0
0.0,0.0,0.0,0.0,0.0,0.0,0.0,0.0
0.0,0.0,0.0,0.0,0.0,0.0,0.0,0.0
0.0,0.0,0.0,0.0,0.0,0.0,0.0,0.0
0.0,0.0,0.0,0.0,0.0,0.0,0.0,0.0
0.0,0.0,0.0,0.0,0.0,0.0,0.0,0.0
0.0,0.0,0.0,0.0,0.0,0.0,0.0,0.0
0.0,0.0,0.0,0.0,0.0,0.0,0.0,0.0
0.0,0.0,0.0,0.0,0.0,0.0,0.0,0.0
0.0,0.0,0.0,0.0,0.0,0.0,0.0,0.0
0.0,0.0,0.0,0.0,0.0,0.0,0.0,0.0
0.0,0.0,0.0,0.0,0.0,0.0,0.0,0.0
0.0,0.0,0.0,0.0,0.0,0.0,0.0,0.0
0.0,0.0,0.0,0.0,0.0,0.0,0.0,0.0
0.0,0.0,0.0,0.0,0.0,0.0,0.0,0.0
0.0,0.0,0.0,0.0,0.0,0.0,0.0,0.0
0.0,0.0,0.0,0.0,0.0,0.0,0.0,0.0
0.0,0.0,0.0,0.0,0.0,0.0,0.0,0.0
0.0,0.0,0.0,0.0,0.0,0.0,0.0,0.0
0.0,0.0,0.0,0.0,0.0,0.0,0.0,0.0
0.0,0.0,0.0,0.0,0.0,0.0,0.0,0.0
0.0,0.0,0.0,0.0,0.0,0.0,0.0,0.0
0.0,0.0,0.0,0.0,0.0,0.0,0.0,0.0
0.0,0.0,0.0,0.0,0.0,0.0,0.0,0.0
0.0,0.0,0.0,0.0,0.0,0.0,0.0,0.0
0.0,0.0,0.0,0.0,0.0,0.0,0.0,0.0
0.0,0.0,0.0,0.0,0.0,0.0,0.0,0.0
0.0,0.0,0.0,0.0,0.0,0.0,0.0,0.0
0.0,0.0,0.0,0.0,0.0,0.0,0.0,0.0
0.0,0.0,0.0,0.0,0.0,0.0,0.0,0.0
0.0,0.0,0.0,0.0,0.0,0.0,0.0,0.0
0.0,0.0,0.0,0.0,0.0,0.0,0.0,0.0
0.0,0.0,0.0,0.0,0.0,0.0,0.0,0.0
0.0,0.0,0.0,0.0,0.0,0.0,0.0,0.0
0.0,0.0,0.0,0.0,0.0,0.0,0.0,0.0
0.0,0.0,0.0,0.0,0.0,0.0,0.0,0.0
0.0,0.0,0.0,0.0,0.0,0.0,0.0,0.0
0.0,0.0,0.0,0.0,0.0,0.0,0.0,0.0
0.0,0.0,0.0,0.0,0.0,0.0,0.0,0.0
0.0,0.0,0.0,0.0,0.0,0.0,0.0,0.0
0.0,0.0,0.0,0.0,0.0,0.0,0.0,0.0
0.0,0.0,0.0,0.0,0.0,0.0,0.0,0.0
0.0,0.0,0.0,0.0,0.0,0.0,0.0,0.0
0.0,0.0,0.0,0.0,0.0,0.0,0.0,0.0
0.0,0.0,0.0,0.0,0.0,0.0,0.0,0.0
0.0,0.0,0.0,0.0,0.0,0.0,0.0,0.0
0.0,0.0,0.0,0.0,0.0,0.0,0.0,0.0
0.0,0.0,0.0,0.0,0.0,0.0,0.0,0.0
0.0,0.0,0.0,0.0,0.0,0.0,0.0,0.0
0.0,0.0,0.0,0.0,0.0,0.0,0.0,0.0
0.0,0.0,0.0,0.0,0.0,0.0,0.0,0.0
0.0,0.0,0.0,0.0,0.0,0.0,0.0,0.0
0.0,0.0,0.0,0.0,0.0,0.0,0.0,0.0
0.0,0.0,0.0,0.0,0.0,0.0,0.0,0.0
0.0,0.0,0.0,0.0,0.0,0.0,0.0,0.0
0.0,0.0,0.0,0.0,0.0,0.0,0.0,0.0
0.0,0.0,0.0,0.0,0.0,0.0,0.0,0.0
0.0,0.0,0.0,0.0,0.0,0.0,0.0,0.0
0.0,0.0,0.0,0.0,0.0,0.0,0.0,0.0
0.0,0.0,0.0,0.0,0.0,0.0,0.0,0.0
0.0,0.0,0.0,0.0,0.0,0.0,0.0,0.0
0.0,0.0,0.0,0.0,0.0,0.0,0.0,0.0
69.9,60.0,78.0,58.7,70.9,70.2,73.5,68.9
69.9,60.0,78.0,58.7,70.9,70.2,73.5,68.9
69.9,60.0,78.0,58.7,70.9,70.2,73.5,68.9
69.9,60.0,78.0,58.7,70.9,70.2,73.5,68.9
81.4,61.0,129.2,59.8,92.1,84.4,229.7,71.2
81.4,61.0,129.2,59.8,92.1,84.4,229.7,71.2
81.4,61.0,129.2,59.8,92.1,84.4,229.7,71.2
81.4,61.0,129.2,59.8,92.1,84.4,229.7,71.2
84.5,63.5,140.8,62.7,97.4,86.9,227.5,211.7
84.5,63.5,161.6,62.7,97.4,86.9,343.6,74.8
84.5,63.5,178.0,62.7,97.4,86.9,327.3,74.8
84.5,127.5,130.8,218.6,97.4,86.9,154.5,74.8
86.4,130.2,130.8,246.4,100.6,88.5,123.2,77.0
86.4,130.1,130.7,246.6,100.6,88.5,123.2,77.0
86.4,65.0,134.6,307.6,100.6,88.5,123.4,77.0
86.4,65.0,173.6,72.0,100.6,144.1,125.0,77.0
84.5,63.5,169.6,473.6,97.4,86.9,122.2,74.8
84.5,63.5,169.6,473.6,97.4,86.9,122.2,74.8
84.5,63.5,169.6,473.6,97.4,86.9,122.2,74.8
84.5,63.5,856.8,473.6,97.4,86.9,122.2,74.8
85.1,64.0,858.2,474.1,98.5,87.4,123.2,75.5
85.1,64.0,858.2,474.1,98.5,87.4,123.2,75.5
85.1,64.0,858.2,474.1,98.5,87.4,123.2,75.5
85.1,64.0,858.2,474.1,98.5,87.4,123.2,75.5
87.0,65.5,174.9,475.8,101.7,89.0,125.9,77.7
87.0,65.5,174.9,475.8,474.0,89.0,125.9,77.7
87.0,65.5,174.9,475.8,474.0,89.0,125.9,77.7
87.0,65.5,174.9,64.9,474.0,89.0,125.9,77.7
0.0,0.0,0.0,0.0,0.0,0.0,0.0,0.0
0.0,0.0,0.0,0.0,0.0,0.0,0.0,0.0
0.0,0.0,0.0,0.0,0.0,0.0,0.0,0.0
0.0,0.0,0.0,0.0,0.0,0.0,0.0,0.0
0.0,0.0,0.0,0.0,0.0,0.0,0.0,0.0
0.0,0.0,0.0,0.0,0.0,0.0,0.0,0.0
0.0,0.0,0.0,0.0,0.0,0.0,0.0,0.0
0.0,0.0,0.0,0.0,0.0,0.0,0.0,0.0
0.0,0.0,0.0,0.0,0.0,0.0,0.0,0.0
0.0,0.0,0.0,0.0,0.0,0.0,0.0,0.0
0.0,0.0,0.0,0.0,0.0,0.0,0.0,0.0
0.0,0.0,0.0,0.0,0.0,0.0,0.0,0.0
0.0,0.0,0.0,0.0,0.0,0.0,0.0,0.0
0.0,0.0,0.0,0.0,0.0,0.0,0.0,0.0
0.0,0.0,0.0,0.0,0.0,0.0,0.0,0.0
0.0,0.0,0.0,0.0,0.0,0.0,0.0,0.0
0.0,0.0,0.0,0.0,0.0,0.0,0.0,0.0
0.0,0.0,0.0,0.0,0.0,0.0,0.0,0.0
0.0,0.0,0.0,0.0,0.0,0.0,0.0,0.0
0.0,0.0,0.0,0.0,0.0,0.0,0.0,0.0
0.0,0.0,0.0,0.0,0.0,0.0,0.0,0.0
0.0,0.0,0.0,0.0,0.0,0.0,0.0,0.0
0.0,0.0,0.0,0.0,0.0,0.0,0.0,0.0
0.0,0.0,0.0,0.0,0.0,0.0,0.0,0.0
0.0,0.0,0.0,0.0,0.0,0.0,0.0,0.0
0.0,0.0,0.0,0.0,0.0,0.0,0.0,0.0
0.0,0.0,0.0,0.0,0.0,0.0,0.0,0.0
0.0,0.0,0.0,0.0,0.0,0.0,0.0,0.0
0.0,0.0,0.0,0.0,0.0,0.0,0.0,0.0
0.0,0.0,0.0,0.0,0.0,0.0,0.0,0.0
0.0,0.0,0.0,0.0,0.0,0.0,0.0,0.0
0.0,0.0,0.0,0.0,0.0,0.0,0.0,0.0
0.0,0.0,0.0,0.0,0.0,0.0,0.0,0.0
0.0,0.0,0.0,0.0,0.0,0.0,0.0,0.0
0.0,0.0,0.0,0.0,0.0,0.0,0.0,0.0
0.0,0.0,0.0,0.0,0.0,0.0,0.0,0.0
0.0,0.0,0.0,0.0,0.0,0.0,0.0,0.0
0.0,0.0,0.0,0.0,0.0,0.0,0.0,0.0
0.0,0.0,0.0,0.0,0.0,0.0,0.0,0.0
0.0,0.0,0.0,0.0,0.0,0.0,0.0,0.0
0.0,0.0,0.0,0.0,0.0,0.0,0.0,0.0
0.0,0.0,0.0,0.0,0.0,0.0,0.0,0.0
0.0,0.0,0.0,0.0,0.0,0.0,0.0,0.0
0.0,0.0,0.0,0.0,0.0,0.0,0.0,0.0
0.0,0.0,0.0,0.0,0.0,0.0,0.0,0.0
0.0,0.0,0.0,0.0,0.0,0.0,0.0,0.0
0.0,0.0,0.0,0.0,0.0,0.0,0.0,0.0
0.0,0.0,0.0,0.0,0.0,0.0,0.0,0.0
0.0,0.0,0.0,0.0,0.0,0.0,0.0,0.0
0.0,0.0,0.0,0.0,0.0,0.0,0.0,0.0
0.0,0.0,0.0,0.0,0.0,0.0,0.0,0.0
0.0,0.0,0.0,0.0,0.0,0.0,0.0,0.0
0.0,0.0,0.0,0.0,0.0,0.0,0.0,0.0
0.0,0.0,0.0,0.0,0.0,0.0,0.0,0.0
0.0,0.0,0.0,0.0,0.0,0.0,0.0,0.0
0.0,0.0,0.0,0.0,0.0,0.0,0.0,0.0
0.0,0.0,0.0,0.0,0.0,0.0,0.0,0.0
0.0,0.0,0.0,0.0,0.0,0.0,0.0,0.0
0.0,0.0,0.0,0.0,0.0,0.0,0.0,0.0
0.0,0.0,0.0,0.0,0.0,0.0,0.0,0.0
3.0,3.0,3.0,3.0,3.0,3.0,3.0,3.0
3.0,3.0,3.0,3.0,3.0,3.0,3.0,3.0
3.0,3.0,3.0,3.0,3.0,3.0,3.0,3.0
3.0,3.0,3.0,3.0,3.0,3.0,3.0,3.0
0.0,0.0,0.0,0.0,0.0,0.0,0.0,0.0
0.0,0.0,0.0,0.0,0.0,0.0,0.0,0.0
0.0,0.0,0.0,0.0,0.0,0.0,0.0,0.0
0.0,0.0,0.0,0.0,0.0,0.0,0.0,0.0
40.4,40.4,40.4,40.4,40.4,40.4,40.4,40.4
40.4,40.4,40.4,40.4,40.4,40.4,40.4,40.4
40.4,40.4,40.4,40.4,40.4,40.4,40.4,40.4
40.4,40.4,40.4,40.4,40.4,40.4,40.4,40.4
37.7,37.7,37.7,37.7,37.7,37.7,37.7,37.7
37.7,37.7,37.7,37.7,37.7,37.7,37.7,37.7
37.7,37.7,37.7,37.7,37.7,37.7,37.7,37.7
37.7,37.7,37.7,37.7,37.7,37.7,37.7,37.7
45.4,45.4,45.4,45.4,45.4,45.4,45.4,45.4
45.4,45.4,45.4,45.4,45.4,45.4,45.4,45.4
45.4,45.4,45.4,45.4,45.4,45.4,45.4,45.4
45.4,45.4,45.4,45.4,45.4,45.4,45.4,45.4
46.2,46.2,46.2,46.2,46.2,46.2,46.2,46.2
46.2,46.2,46.2,46.2,46.2,46.2,46.2,46.2
46.2,46.2,46.2,46.2,46.2,46.2,46.2,46.2
46.2,46.2,46.2,46.2,46.2,46.2,46.2,46.2
84.5,1223.6,169.6,62.7,97.4,86.9,122.2,74.8
84.5,1223.6,169.6,62.7,97.4,86.9,122.2,74.8
84.5,1223.6,169.6,62.7,97.4,86.9,122.2,74.8
84.5,1223.6,169.6,62.7,97.4,86.9,122.2,74.8
52.5,52.5,52.5,52.5,52.5,52.5,52.5,52.5
52.5,52.5,52.5,52.5,52.5,52.5,52.5,52.5
52.5,52.5,52.5,52.5,52.5,52.5,52.5,52.5
52.5,52.5,52.5,52.5,52.5,52.5,52.5,52.5
22.9,22.9,22.9,22.9,22.9,22.9,22.9,22.9
22.9,22.9,22.9,22.9,22.9,22.9,22.9,22.9
22.9,22.9,22.9,22.9,22.9,22.9,22.9,22.9
22.9,22.9,22.9,22.9,22.9,22.9,22.9,22.9
0.0,0.0,0.0,0.0,0.0,0.0,0.0,0.0
0.0,0.0,0.0,0.0,0.0,0.0,0.0,0.0
0.0,0.0,0.0,0.0,0.0,0.0,0.0,0.0
0.0,0.0,0.0,0.0,0.0,0.0,0.0,0.0
0.0,0.0,0.0,0.0,0.0,0.0,0.0,0.0
0.0,0.0,0.0,0.0,0.0,0.0,0.0,0.0
0.0,0.0,0.0,0.0,0.0,0.0,0.0,0.0
0.0,0.0,0.0,0.0,0.0,0.0,0.0,0.0
0.0,0.0,0.0,0.0,0.0,0.0,0.0,0.0
0.0,0.0,0.0,0.0,0.0,0.0,0.0,0.0
0.0,0.0,0.0,0.0,0.0,0.0,0.0,0.0
0.0,0.0,0.0,0.0,0.0,0.0,0.0,0.0
0.0,0.0,0.0,0.0,0.0,0.0,0.0,0.0
0.0,0.0,0.0,0.0,0.0,0.0,0.0,0.0
0.0,0.0,0.0,0.0,0.0,0.0,0.0,0.0
0.0,0.0,0.0,0.0,0.0,0.0,0.0,0.0
0.0,0.0,0.0,0.0,0.0,0.0,0.0,0.0
0.0,0.0,0.0,0.0,0.0,0.0,0.0,0.0
0.0,0.0,0.0,0.0,0.0,0.0,0.0,0.0
0.0,0.0,0.0,0.0,0.0,0.0,0.0,0.0
0.0,0.0,0.0,0.0,0.0,0.0,0.0,0.0
0.0,0.0,0.0,0.0,0.0,0.0,0.0,0.0
0.0,0.0,0.0,0.0,0.0,0.0,0.0,0.0
0.0,0.0,0.0,0.0,0.0,0.0,0.0,0.0
0.0,0.0,0.0,0.0,0.0,0.0,0.0,0.0
0.0,0.0,0.0,0.0,0.0,0.0,0.0,0.0
0.0,0.0,0.0,0.0,0.0,0.0,0.0,0.0
0.0,0.0,0.0,0.0,0.0,0.0,0.0,0.0
0.0,0.0,0.0,0.0,0.0,0.0,0.0,0.0
0.0,0.0,0.0,0.0,0.0,0.0,0.0,0.0
0.0,0.0,0.0,0.0,0.0,0.0,0.0,0.0
0.0,0.0,0.0,0.0,0.0,0.0,0.0,0.0
0.0,0.0,0.0,0.0,0.0,0.0,0.0,0.0
0.0,0.0,0.0,0.0,0.0,0.0,0.0,0.0
0.0,0.0,0.0,0.0,0.0,0.0,0.0,0.0
0.0,0.0,0.0,0.0,0.0,0.0,0.0,0.0
0.0,0.0,0.0,0.0,0.0,0.0,0.0,0.0
0.0,0.0,0.0,0.0,0.0,0.0,0.0,0.0
0.0,0.0,0.0,0.0,0.0,0.0,0.0,0.0
0.0,0.0,0.0,0.0,0.0,0.0,0.0,0.0
0.0,0.0,0.0,0.0,0.0,0.0,0.0,0.0
0.0,0.0,0.0,0.0,0.0,0.0,0.0,0.0
0.0,0.0,0.0,0.0,0.0,0.0,0.0,0.0
0.0,0.0,0.0,0.0,0.0,0.0,0.0,0.0
0.0,0.0,0.0,0.0,0.0,0.0,0.0,0.0
0.0,0.0,0.0,0.0,0.0,0.0,0.0,0.0
0.0,0.0,0.0,0.0,0.0,0.0,0.0,0.0
0.0,0.0,0.0,0.0,0.0,0.0,0.0,0.0
0.0,0.0,0.0,0.0,0.0,0.0,0.0,0.0
0.0,0.0,0.0,0.0,0.0,0.0,0.0,0.0
0.0,0.0,0.0,0.0,0.0,0.0,0.0,0.0
0.0,0.0,0.0,0.0,0.0,0.0,0.0,0.0
0.0,0.0,0.0,0.0,0.0,0.0,0.0,0.0
0.0,0.0,0.0,0.0,0.0,0.0,0.0,0.0
0.0,0.0,0.0,0.0,0.0,0.0,0.0,0.0
0.0,0.0,0.0,0.0,0.0,0.0,0.0,0.0
0.0,0.0,0.0,0.0,0.0,0.0,0.0,0.0
0.0,0.0,0.0,0.0,0.0,0.0,0.0,0.0
0.0,0.0,0.0,0.0,0.0,0.0,0.0,0.0
0.0,0.0,0.0,0.0,0.0,0.0,0.0,0.0
0.0,0.0,0.0,0.0,0.0,0.0,0.0,0.0
0.0,0.0,0.0,0.0,0.0,0.0,0.0,0.0
0.0,0.0,0.0,0.0,0.0,0.0,0.0,0.0
0.0,0.0,0.0,0.0,0.0,0.0,0.0,0.0
22.9,22.9,22.9,22.9,22.9,22.9,22.9,22.9
22.9,22.9,22.9,22.9,22.9,22.9,22.9,22.9
22.9,22.9,22.9,22.9,22.9,22.9,22.9,22.9
22.9,22.9,22.9,22.9,22.9,22.9,22.9,22.9
40.5,40.5,40.5,40.5,40.5,40.5,40.5,40.5
40.5,40.5,40.5,40.5,40.5,40.5,40.5,40.5
40.5,40.5,40.5,40.5,40.5,40.5,40.5,40.5
40.5,40.5,40.5,40.5,40.5,40.5,40.5,40.5
81.4,61.0,163.0,59.8,92.1,84.4,117.7,71.2
81.4,61.0,163.0,59.8,92.1,84.4,117.7,71.2
81.4,61.0,163.0,59.8,92.1,84.4,117.7,71.2
81.4,61.0,163.0,59.8,92.1,84.4,117.7,71.2
84.5,63.5,169.6,62.7,97.4,86.9,122.2,74.8
84.5,63.5,169.6,62.7,97.4,86.9,122.2,74.8
84.5,63.5,108.7,62.7,97.4,86.9,106.6,236.2
84.5,63.5,108.7,62.7,97.4,86.9,106.6,236.2
44.7,44.7,44.7,44.7,44.7,44.7,44.7,44.7
44.7,44.7,44.7,44.7,44.7,44.7,44.7,44.7
44.7,44.7,44.7,44.7,44.7,44.7,44.7,44.7
44.7,44.7,44.7,44.7,44.7,44.7,44.7,44.7
86.1,63.5,87.4,79.7,79.9,79.8,86.1,74.8
95.9,63.5,99.3,62.7,80.2,79.9,81.0,74.8
95.9,63.5,99.3,62.7,80.2,79.9,81.0,74.8
95.9,63.5,99.3,62.7,80.2,79.9,81.0,74.8
24.6,24.6,24.6,24.6,24.6,24.6,24.6,24.6
24.6,24.6,24.6,24.6,24.6,24.6,24.6,24.6
24.6,24.6,24.6,24.6,24.6,24.6,24.6,24.6
24.6,24.6,24.6,24.6,24.6,24.6,24.6,24.6
12.3,12.3,12.3,12.3,12.3,12.3,12.3,12.3
12.3,12.3,12.3,12.3,12.3,12.3,12.3,12.3
12.3,12.3,12.3,12.3,12.3,12.3,12.3,12.3
12.3,12.3,12.3,12.3,12.3,12.3,12.3,12.3
0.0,0.0,0.0,0.0,0.0,0.0,0.0,0.0
0.0,0.0,0.0,0.0,0.0,0.0,0.0,0.0
0.0,0.0,0.0,0.0,0.0,0.0,0.0,0.0
0.0,0.0,0.0,0.0,0.0,0.0,0.0,0.0
0.0,0.0,0.0,0.0,0.0,0.0,0.0,0.0
0.0,0.0,0.0,0.0,0.0,0.0,0.0,0.0
0.0,0.0,0.0,0.0,0.0,0.0,0.0,0.0
0.0,0.0,0.0,0.0,0.0,0.0,0.0,0.0
0.0,0.0,0.0,0.0,0.0,0.0,0.0,0.0
0.0,0.0,0.0,0.0,0.0,0.0,0.0,0.0
0.0,0.0,0.0,0.0,0.0,0.0,0.0,0.0
0.0,0.0,0.0,0.0,0.0,0.0,0.0,0.0
0.0,0.0,0.0,0.0,0.0,0.0,0.0,0.0
0.0,0.0,0.0,0.0,0.0,0.0,0.0,0.0
0.0,0.0,0.0,0.0,0.0,0.0,0.0,0.0
0.0,0.0,0.0,0.0,0.0,0.0,0.0,0.0
0.0,0.0,0.0,0.0,0.0,0.0,0.0,0.0
0.0,0.0,0.0,0.0,0.0,0.0,0.0,0.0
0.0,0.0,0.0,0.0,0.0,0.0,0.0,0.0
0.0,0.0,0.0,0.0,0.0,0.0,0.0,0.0
0.0,0.0,0.0,0.0,0.0,0.0,0.0,0.0
0.0,0.0,0.0,0.0,0.0,0.0,0.0,0.0
0.0,0.0,0.0,0.0,0.0,0.0,0.0,0.0
0.0,0.0,0.0,0.0,0.0,0.0,0.0,0.0
0.0,0.0,0.0,0.0,0.0,0.0,0.0,0.0
0.0,0.0,0.0,0.0,0.0,0.0,0.0,0.0
0.0,0.0,0.0,0.0,0.0,0.0,0.0,0.0
0.0,0.0,0.0,0.0,0.0,0.0,0.0,0.0
0.0,0.0,0.0,0.0,0.0,0.0,0.0,0.0
0.0,0.0,0.0,0.0,0.0,0.0,0.0,0.0
0.0,0.0,0.0,0.0,0.0,0.0,0.0,0.0
0.0,0.0,0.0,0.0,0.0,0.0,0.0,0.0
0.0,0.0,0.0,0.0,0.0,0.0,0.0,0.0
0.0,0.0,0.0,0.0,0.0,0.0,0.0,0.0
0.0,0.0,0.0,0.0,0.0,0.0,0.0,0.0
0.0,0.0,0.0,0.0,0.0,0.0,0.0,0.0
0.0,0.0,0.0,0.0,0.0,0.0,0.0,0.0
0.0,0.0,0.0,0.0,0.0,0.0,0.0,0.0
0.0,0.0,0.0,0.0,0.0,0.0,0.0,0.0
0.0,0.0,0.0,0.0,0.0,0.0,0.0,0.0
0.0,0.0,0.0,0.0,0.0,0.0,0.0,0.0
0.0,0.0,0.0,0.0,0.0,0.0,0.0,0.0
0.0,0.0,0.0,0.0,0.0,0.0,0.0,0.0
0.0,0.0,0.0,0.0,0.0,0.0,0.0,0.0
0.0,0.0,0.0,0.0,0.0,0.0,0.0,0.0
0.0,0.0,0.0,0.0,0.0,0.0,0.0,0.0
0.0,0.0,0.0,0.0,0.0,0.0,0.0,0.0
0.0,0.0,0.0,0.0,0.0,0.0,0.0,0.0
0.0,0.0,0.0,0.0,0.0,0.0,0.0,0.0
0.0,0.0,0.0,0.0,0.0,0.0,0.0,0.0
0.0,0.0,0.0,0.0,0.0,0.0,0.0,0.0
0.0,0.0,0.0,0.0,0.0,0.0,0.0,0.0
0.0,0.0,0.0,0.0,0.0,0.0,0.0,0.0
0.0,0.0,0.0,0.0,0.0,0.0,0.0,0.0
0.0,0.0,0.0,0.0,0.0,0.0,0.0,0.0
0.0,0.0,0.0,0.0,0.0,0.0,0.0,0.0
0.0,0.0,0.0,0.0,0.0,0.0,0.0,0.0
0.0,0.0,0.0,0.0,0.0,0.0,0.0,0.0
0.0,0.0,0.0,0.0,0.0,0.0,0.0,0.0
0.0,0.0,0.0,0.0,0.0,0.0,0.0,0.0
0.0,0.0,0.0,0.0,0.0,0.0,0.0,0.0
0.0,0.0,0.0,0.0,0.0,0.0,0.0,0.0
0.0,0.0,0.0,0.0,0.0,0.0,0.0,0.0
0.0,0.0,0.0,0.0,0.0,0.0,0.0,0.0
0.0,0.0,0.0,0.0,0.0,0.0,0.0,0.0
0.0,0.0,0.0,0.0,0.0,0.0,0.0,0.0
0.0,0.0,0.0,0.0,0.0,0.0,0.0,0.0
0.0,0.0,0.0,0.0,0.0,0.0,0.0,0.0
9.1,9.1,9.1,9.1,9.1,9.1,9.1,9.1
9.1,9.1,9.1,9.1,9.1,9.1,9.1,9.1
9.1,9.1,9.1,9.1,9.1,9.1,9.1,9.1
9.1,9.1,9.1,9.1,9.1,9.1,9.1,9.1
81.4,61.0,163.0,59.8,92.1,84.4,117.7,71.2
81.4,61.0,163.0,59.8,92.1,84.4,117.7,71.2
305.0,61.0,163.0,59.8,92.1,84.4,117.7,71.2
305.0,61.0,163.0,59.8,92.1,1253.6,274.3,71.2
308.1,63.5,169.6,62.7,97.4,86.9,278.8,74.8
84.5,63.5,169.6,62.7,97.4,86.9,278.8,74.8
84.5,63.5,169.6,62.7,97.4,86.9,122.2,74.8
84.5,63.5,169.6,62.7,97.4,86.9,122.2,74.8
86.4,65.0,173.6,64.4,100.6,88.5,125.0,350.4
86.4,65.0,173.6,64.4,100.6,88.5,125.0,77.0
86.4,65.0,190.3,75.8,100.6,88.5,125.0,77.0
86.4,65.0,190.3,75.8,273.5,88.5,125.0,77.0
84.5,168.1,186.3,62.7,270.3,86.9,122.2,74.8
84.5,168.1,169.6,62.7,97.4,86.9,122.2,74.8
84.5,168.1,169.6,62.7,97.4,86.9,122.2,74.8
84.5,63.5,169.6,62.7,97.4,86.9,122.2,74.8
69.6,64.0,73.5,63.2,70.2,69.7,71.3,69.1
69.6,64.0,73.5,63.2,70.2,69.7,71.3,69.1
69.6,64.0,73.5,63.2,70.2,69.7,71.3,69.1
69.6,64.0,73.5,63.2,70.2,69.7,71.3,69.1
30.8,30.8,30.8,30.8,30.8,30.8,30.8,30.8
30.8,30.8,30.8,30.8,30.8,30.8,30.8,30.8
30.8,30.8,30.8,30.8,30.8,30.8,30.8,30.8
30.8,30.8,30.8,30.8,30.8,30.8,30.8,30.8
0.0,0.0,0.0,0.0,0.0,0.0,0.0,0.0
0.0,0.0,0.0,0.0,0.0,0.0,0.0,0.0
0.0,0.0,0.0,0.0,0.0,0.0,0.0,0.0
0.0,0.0,0.0,0.0,0.0,0.0,0.0,0.0
0.0,0.0,0.0,0.0,0.0,0.0,0.0,0.0
0.0,0.0,0.0,0.0,0.0,0.0,0.0,0.0
0.0,0.0,0.0,0.0,0.0,0.0,0.0,0.0
0.0,0.0,0.0,0.0,0.0,0.0,0.0,0.0
0.0,0.0,0.0,0.0,0.0,0.0,0.0,0.0
0.0,0.0,0.0,0.0,0.0,0.0,0.0,0.0
0.0,0.0,0.0,0.0,0.0,0.0,0.0,0.0
0.0,0.0,0.0,0.0,0.0,0.0,0.0,0.0
0.0,0.0,0.0,0.0,0.0,0.0,0.0,0.0
0.0,0.0,0.0,0.0,0.0,0.0,0.0,0.0
0.0,0.0,0.0,0.0,0.0,0.0,0.0,0.0
0.0,0.0,0.0,0.0,0.0,0.0,0.0,0.0
0.0,0.0,0.0,0.0,0.0,0.0,0.0,0.0
0.0,0.0,0.0,0.0,0.0,0.0,0.0,0.0
0.0,0.0,0.0,0.0,0.0,0.0,0.0,0.0
0.0,0.0,0.0,0.0,0.0,0.0,0.0,0.0
0.0,0.0,0.0,0.0,0.0,0.0,0.0,0.0
0.0,0.0,0.0,0.0,0.0,0.0,0.0,0.0
0.0,0.0,0.0,0.0,0.0,0.0,0.0,0.0
0.0,0.0,0.0,0.0,0.0,0.0,0.0,0.0
0.0,0.0,0.0,0.0,0.0,0.0,0.0,0.0
0.0,0.0,0.0,0.0,0.0,0.0,0.0,0.0
0.0,0.0,0.0,0.0,0.0,0.0,0.0,0.0
0.0,0.0,0.0,0.0,0.0,0.0,0.0,0.0
0.0,0.0,0.0,0.0,0.0,0.0,0.0,0.0
0.0,0.0,0.0,0.0,0.0,0.0,0.0,0.0
0.0,0.0,0.0,0.0,0.0,0.0,0.0,0.0
0.0,0.0,0.0,0.0,0.0,0.0,0.0,0.0
0.0,0.0,0.0,0.0,0.0,0.0,0.0,0.0
0.0,0.0,0.0,0.0,0.0,0.0,0.0,0.0
0.0,0.0,0.0,0.0,0.0,0.0,0.0,0.0
0.0,0.0,0.0,0.0,0.0,0.0,0.0,0.0
0.0,0.0,0.0,0.0,0.0,0.0,0.0,0.0
0.0,0.0,0.0,0.0,0.0,0.0,0.0,0.0
0.0,0.0,0.0,0.0,0.0,0.0,0.0,0.0
0.0,0.0,0.0,0.0,0.0,0.0,0.0,0.0
0.0,0.0,0.0,0.0,0.0,0.0,0.0,0.0
0.0,0.0,0.0,0.0,0.0,0.0,0.0,0.0
0.0,0.0,0.0,0.0,0.0,0.0,0.0,0.0
0.0,0.0,0.0,0.0,0.0,0.0,0.0,0.0
0.0,0.0,0.0,0.0,0.0,0.0,0.0,0.0
0.0,0.0,0.0,0.0,0.0,0.0,0.0,0.0
0.0,0.0,0.0,0.0,0.0,0.0,0.0,0.0
0.0,0.0,0.0,0.0,0.0,0.0,0.0,0.0
0.0,0.0,0.0,0.0,0.0,0.0,0.0,0.0
0.0,0.0,0.0,0.0,0.0,0.0,0.0,0.0
0.0,0.0,0.0,0.0,0.0,0.0,0.0,0.0
0.0,0.0,0.0,0.0,0.0,0.0,0.0,0.0
0.0,0.0,0.0,0.0,0.0,0.0,0.0,0.0
0.0,0.0,0.0,0.0,0.0,0.0,0.0,0.0
0.0,0.0,0.0,0.0,0.0,0.0,0.0,0.0
0.0,0.0,0.0,0.0,0.0,0.0,0.0,0.0
0.0,0.0,0.0,0.0,0.0,0.0,0.0,0.0
0.0,0.0,0.0,0.0,0.0,0.0,0.0,0.0
0.0,0.0,0.0,0.0,0.0,0.0,0.0,0.0
0.0,0.0,0.0,0.0,0.0,0.0,0.0,0.0
1.8,1.8,1.8,1.8,1.8,1.8,1.8,1.8
1.8,1.8,1.8,1.8,1.8,1.8,1.8,1.8
1.8,1.8,1.8,1.8,1.8,1.8,1.8,1.8
1.8,1.8,1.8,1.8,1.8,1.8,1.8,1.8
6.2,6.2,6.2,6.2,6.2,6.2,6.2,6.2
6.2,6.2,6.2,6.2,6.2,6.2,6.2,6.2
6.2,6.2,6.2,6.2,6.2,6.2,6.2,6.2
6.2,6.2,6.2,6.2,6.2,6.2,6.2,6.2
9.7,9.7,9.7,9.7,9.7,9.7,9.7,9.7
9.7,9.7,9.7,9.7,9.7,9.7,9.7,9.7
9.7,9.7,9.7,9.7,9.7,9.7,9.7,9.7
9.7,9.7,9.7,9.7,9.7,9.7,9.7,9.7
13.2,13.2,13.2,13.2,13.2,13.2,13.2,13.2
13.2,13.2,13.2,13.2,13.2,13.2,13.2,13.2
13.2,13.2,13.2,13.2,13.2,13.2,13.2,13.2
13.2,13.2,13.2,13.2,13.2,13.2,13.2,13.2
15.8,15.8,15.8,15.8,15.8,15.8,15.8,15.8
15.8,15.8,15.8,15.8,15.8,15.8,15.8,15.8
15.8,15.8,15.8,15.8,15.8,15.8,15.8,15.8
15.8,15.8,15.8,15.8,15.8,15.8,15.8,15.8
15.8,15.8,15.8,15.8,15.8,15.8,15.8,15.8
15.8,15.8,15.8,15.8,15.8,15.8,15.8,15.8
15.8,15.8,15.8,15.8,15.8,15.8,15.8,15.8
15.8,15.8,15.8,15.8,15.8,15.8,15.8,15.8
13.2,13.2,13.2,13.2,13.2,13.2,13.2,13.2
13.2,13.2,13.2,13.2,13.2,13.2,13.2,13.2
13.2,13.2,13.2,13.2,13.2,13.2,13.2,13.2
13.2,13.2,13.2,13.2,13.2,13.2,13.2,13.2
8.8,8.8,8.8,8.8,8.8,8.8,8.8,8.8
8.8,8.8,8.8,8.8,8.8,8.8,8.8,8.8
8.8,8.8,8.8,8.8,8.8,8.8,8.8,8.8
8.8,8.8,8.8,8.8,8.8,8.8,8.8,8.8
6.2,6.2,6.2,6.2,6.2,6.2,6.2,6.2
6.2,6.2,6.2,6.2,6.2,6.2,6.2,6.2
6.2,6.2,6.2,6.2,6.2,6.2,6.2,6.2
6.2,6.2,6.2,6.2,6.2,6.2,6.2,6.2
0.0,0.0,0.0,0.0,0.0,0.0,0.0,0.0
0.0,0.0,0.0,0.0,0.0,0.0,0.0,0.0
0.0,0.0,0.0,0.0,0.0,0.0,0.0,0.0
0.0,0.0,0.0,0.0,0.0,0.0,0.0,0.0
0.0,0.0,0.0,0.0,0.0,0.0,0.0,0.0
0.0,0.0,0.0,0.0,0.0,0.0,0.0,0.0
0.0,0.0,0.0,0.0,0.0,0.0,0.0,0.0
0.0,0.0,0.0,0.0,0.0,0.0,0.0,0.0
0.0,0.0,0.0,0.0,0.0,0.0,0.0,0.0
0.0,0.0,0.0,0.0,0.0,0.0,0.0,0.0
0.0,0.0,0.0,0.0,0.0,0.0,0.0,0.0
0.0,0.0,0.0,0.0,0.0,0.0,0.0,0.0
0.0,0.0,0.0,0.0,0.0,0.0,0.0,0.0
0.0,0.0,0.0,0.0,0.0,0.0,0.0,0.0
0.0,0.0,0.0,0.0,0.0,0.0,0.0,0.0
0.0,0.0,0.0,0.0,0.0,0.0,0.0,0.0
0.0,0.0,0.0,0.0,0.0,0.0,0.0,0.0
0.0,0.0,0.0,0.0,0.0,0.0,0.0,0.0
0.0,0.0,0.0,0.0,0.0,0.0,0.0,0.0
0.0,0.0,0.0,0.0,0.0,0.0,0.0,0.0
0.0,0.0,0.0,0.0,0.0,0.0,0.0,0.0
0.0,0.0,0.0,0.0,0.0,0.0,0.0,0.0
0.0,0.0,0.0,0.0,0.0,0.0,0.0,0.0
0.0,0.0,0.0,0.0,0.0,0.0,0.0,0.0
0.0,0.0,0.0,0.0,0.0,0.0,0.0,0.0
0.0,0.0,0.0,0.0,0.0,0.0,0.0,0.0
0.0,0.0,0.0,0.0,0.0,0.0,0.0,0.0
0.0,0.0,0.0,0.0,0.0,0.0,0.0,0.0
0.0,0.0,0.0,0.0,0.0,0.0,0.0,0.0
0.0,0.0,0.0,0.0,0.0,0.0,0.0,0.0
0.0,0.0,0.0,0.0,0.0,0.0,0.0,0.0
0.0,0.0,0.0,0.0,0.0,0.0,0.0,0.0
0.0,0.0,0.0,0.0,0.0,0.0,0.0,0.0
0.0,0.0,0.0,0.0,0.0,0.0,0.0,0.0
0.0,0.0,0.0,0.0,0.0,0.0,0.0,0.0
0.0,0.0,0.0,0.0,0.0,0.0,0.0,0.0
0.0,0.0,0.0,0.0,0.0,0.0,0.0,0.0
0.0,0.0,0.0,0.0,0.0,0.0,0.0,0.0
0.0,0.0,0.0,0.0,0.0,0.0,0.0,0.0
0.0,0.0,0.0,0.0,0.0,0.0,0.0,0.0
0.0,0.0,0.0,0.0,0.0,0.0,0.0,0.0
0.0,0.0,0.0,0.0,0.0,0.0,0.0,0.0
0.0,0.0,0.0,0.0,0.0,0.0,0.0,0.0
0.0,0.0,0.0,0.0,0.0,0.0,0.0,0.0
0.0,0.0,0.0,0.0,0.0,0.0,0.0,0.0
0.0,0.0,0.0,0.0,0.0,0.0,0.0,0.0
0.0,0.0,0.0,0.0,0.0,0.0,0.0,0.0
0.0,0.0,0.0,0.0,0.0,0.0,0.0,0.0
0.0,0.0,0.0,0.0,0.0,0.0,0.0,0.0
0.0,0.0,0.0,0.0,0.0,0.0,0.0,0.0
0.0,0.0,0.0,0.0,0.0,0.0,0.0,0.0
0.0,0.0,0.0,0.0,0.0,0.0,0.0,0.0
0.0,0.0,0.0,0.0,0.0,0.0,0.0,0.0
0.0,0.0,0.0,0.0,0.0,0.0,0.0,0.0
0.0,0.0,0.0,0.0,0.0,0.0,0.0,0.0
0.0,0.0,0.0,0.0,0.0,0.0,0.0,0.0
0.0,0.0,0.0,0.0,0.0,0.0,0.0,0.0
0.0,0.0,0.0,0.0,0.0,0.0,0.0,0.0
0.0,0.0,0.0,0.0,0.0,0.0,0.0,0.0
0.0,0.0,0.0,0.0,0.0,0.0,0.0,0.0
0.0,0.0,0.0,0.0,0.0,0.0,0.0,0.0
0.0,0.0,0.0,0.0,0.0,0.0,0.0,0.0
0.0,0.0,0.0,0.0,0.0,0.0,0.0,0.0
0.0,0.0,0.0,0.0,0.0,0.0,0.0,0.0
7.9,7.9,7.9,7.9,7.9,7.9,7.9,7.9
7.9,7.9,7.9,7.9,7.9,7.9,7.9,7.9
7.9,7.9,7.9,7.9,7.9,7.9,7.9,7.9
7.9,7.9,7.9,7.9,7.9,7.9,7.9,7.9
14.9,14.9,14.9,14.9,14.9,14.9,14.9,14.9
14.9,14.9,14.9,14.9,14.9,14.9,14.9,14.9
14.9,14.9,14.9,14.9,14.9,14.9,14.9,14.9
14.9,14.9,14.9,14.9,14.9,14.9,14.9,14.9
20.9,20.9,20.9,20.9,20.9,20.9,20.9,20.9
20.9,20.9,20.9,20.9,20.9,20.9,20.9,20.9
20.9,20.9,20.9,20.9,20.9,20.9,20.9,20.9
20.9,20.9,20.9,20.9,20.9,20.9,20.9,20.9
16.5,16.5,16.5,16.5,16.5,16.5,16.5,16.5
16.5,16.5,16.5,16.5,16.5,16.5,16.5,16.5
16.5,16.5,16.5,16.5,16.5,16.5,16.5,16.5
16.5,16.5,16.5,16.5,16.5,16.5,16.5,16.5
24.3,24.3,24.3,24.3,24.3,24.3,24.3,24.3
24.3,24.3,24.3,24.3,24.3,24.3,24.3,24.3
24.3,24.3,24.3,24.3,24.3,24.3,24.3,24.3
24.3,24.3,24.3,24.3,24.3,24.3,24.3,24.3
19.9,19.9,19.9,19.9,19.9,19.9,19.9,19.9
19.9,19.9,19.9,19.9,19.9,19.9,19.9,19.9
19.9,19.9,19.9,19.9,19.9,19.9,19.9,19.9
19.9,19.9,19.9,19.9,19.9,19.9,19.9,19.9
13.9,13.9,13.9,13.9,13.9,13.9,13.9,13.9
13.9,13.9,13.9,13.9,13.9,13.9,13.9,13.9
13.9,13.9,13.9,13.9,13.9,13.9,13.9,13.9
13.9,13.9,13.9,13.9,13.9,13.9,13.9,13.9
7.0,7.0,7.0,7.0,7.0,7.0,7.0,7.0
7.0,7.0,7.0,7.0,7.0,7.0,7.0,7.0
7.0,7.0,7.0,7.0,7.0,7.0,7.0,7.0
7.0,7.0,7.0,7.0,7.0,7.0,7.0,7.0
93.8,71.0,189.6,71.1,113.3,94.6,136.0,85.6
93.8,71.0,189.6,71.1,113.3,94.6,136.0,85.6
93.8,71.0,189.6,71.1,113.3,94.6,136.0,85.6
93.8,71.0,189.6,71.1,113.3,94.6,136.0,85.6
0.0,0.0,0.0,0.0,0.0,0.0,0.0,0.0
0.0,0.0,0.0,0.0,0.0,0.0,0.0,0.0
0.0,0.0,0.0,0.0,0.0,0.0,0.0,0.0
0.0,0.0,0.0,0.0,0.0,0.0,0.0,0.0
0.0,0.0,0.0,0.0,0.0,0.0,0.0,0.0
0.0,0.0,0.0,0.0,0.0,0.0,0.0,0.0
0.0,0.0,0.0,0.0,0.0,0.0,0.0,0.0
0.0,0.0,0.0,0.0,0.0,0.0,0.0,0.0
0.0,0.0,0.0,0.0,0.0,0.0,0.0,0.0
0.0,0.0,0.0,0.0,0.0,0.0,0.0,0.0
0.0,0.0,0.0,0.0,0.0,0.0,0.0,0.0
0.0,0.0,0.0,0.0,0.0,0.0,0.0,0.0
0.0,0.0,0.0,0.0,0.0,0.0,0.0,0.0
0.0,0.0,0.0,0.0,0.0,0.0,0.0,0.0
0.0,0.0,0.0,0.0,0.0,0.0,0.0,0.0
0.0,0.0,0.0,0.0,0.0,0.0,0.0,0.0
0.0,0.0,0.0,0.0,0.0,0.0,0.0,0.0
0.0,0.0,0.0,0.0,0.0,0.0,0.0,0.0
0.0,0.0,0.0,0.0,0.0,0.0,0.0,0.0
0.0,0.0,0.0,0.0,0.0,0.0,0.0,0.0
0.0,0.0,0.0,0.0,0.0,0.0,0.0,0.0
0.0,0.0,0.0,0.0,0.0,0.0,0.0,0.0
0.0,0.0,0.0,0.0,0.0,0.0,0.0,0.0
0.0,0.0,0.0,0.0,0.0,0.0,0.0,0.0
0.0,0.0,0.0,0.0,0.0,0.0,0.0,0.0
0.0,0.0,0.0,0.0,0.0,0.0,0.0,0.0
0.0,0.0,0.0,0.0,0.0,0.0,0.0,0.0
0.0,0.0,0.0,0.0,0.0,0.0,0.0,0.0
0.0,0.0,0.0,0.0,0.0,0.0,0.0,0.0
0.0,0.0,0.0,0.0,0.0,0.0,0.0,0.0
0.0,0.0,0.0,0.0,0.0,0.0,0.0,0.0
0.0,0.0,0.0,0.0,0.0,0.0,0.0,0.0
0.0,0.0,0.0,0.0,0.0,0.0,0.0,0.0
0.0,0.0,0.0,0.0,0.0,0.0,0.0,0.0
0.0,0.0,0.0,0.0,0.0,0.0,0.0,0.0
0.0,0.0,0.0,0.0,0.0,0.0,0.0,0.0
0.0,0.0,0.0,0.0,0.0,0.0,0.0,0.0
0.0,0.0,0.0,0.0,0.0,0.0,0.0,0.0
0.0,0.0,0.0,0.0,0.0,0.0,0.0,0.0
0.0,0.0,0.0,0.0,0.0,0.0,0.0,0.0
0.0,0.0,0.0,0.0,0.0,0.0,0.0,0.0
0.0,0.0,0.0,0.0,0.0,0.0,0.0,0.0
0.0,0.0,0.0,0.0,0.0,0.0,0.0,0.0
0.0,0.0,0.0,0.0,0.0,0.0,0.0,0.0
0.0,0.0,0.0,0.0,0.0,0.0,0.0,0.0
0.0,0.0,0.0,0.0,0.0,0.0,0.0,0.0
0.0,0.0,0.0,0.0,0.0,0.0,0.0,0.0
0.0,0.0,0.0,0.0,0.0,0.0,0.0,0.0
0.0,0.0,0.0,0.0,0.0,0.0,0.0,0.0
0.0,0.0,0.0,0.0,0.0,0.0,0.0,0.0
0.0,0.0,0.0,0.0,0.0,0.0,0.0,0.0
0.0,0.0,0.0,0.0,0.0,0.0,0.0,0.0
0.0,0.0,0.0,0.0,0.0,0.0,0.0,0.0
0.0,0.0,0.0,0.0,0.0,0.0,0.0,0.0
0.0,0.0,0.0,0.0,0.0,0.0,0.0,0.0
0.0,0.0,0.0,0.0,0.0,0.0,0.0,0.0
1.8,1.8,1.8,1.8,1.8,1.8,1.8,1.8
1.8,1.8,1.8,1.8,1.8,1.8,1.8,1.8
1.8,1.8,1.8,1.8,1.8,1.8,1.8,1.8
1.8,1.8,1.8,1.8,1.8,1.8,1.8,1.8
7.0,7.0,7.0,7.0,7.0,7.0,7.0,7.0
7.0,7.0,7.0,7.0,7.0,7.0,7.0,7.0
7.0,7.0,7.0,7.0,7.0,7.0,7.0,7.0
7.0,7.0,7.0,7.0,7.0,7.0,7.0,7.0
14.0,14.0,14.0,14.0,14.0,14.0,14.0,14.0
14.0,14.0,14.0,14.0,14.0,14.0,14.0,14.0
14.0,14.0,14.0,14.0,14.0,14.0,14.0,14.0
14.0,14.0,14.0,14.0,14.0,14.0,14.0,14.0
20.1,20.1,20.1,20.1,20.1,20.1,20.1,20.1
20.1,20.1,20.1,20.1,20.1,20.1,20.1,20.1
20.1,20.1,20.1,20.1,20.1,20.1,20.1,20.1
20.1,20.1,20.1,20.1,20.1,20.1,20.1,20.1
24.4,24.4,24.4,24.4,24.4,24.4,24.4,24.4
24.4,24.4,24.4,24.4,24.4,24.4,24.4,24.4
24.4,24.4,24.4,24.4,24.4,24.4,24.4,24.4
24.4,24.4,24.4,24.4,24.4,24.4,24.4,24.4
13.1,13.1,13.1,13.1,13.1,13.1,13.1,13.1
13.1,13.1,13.1,13.1,13.1,13.1,13.1,13.1
13.1,13.1,13.1,13.1,13.1,13.1,13.1,13.1
13.1,13.1,13.1,13.1,13.1,13.1,13.1,13.1
20.0,20.0,20.0,20.0,20.0,20.0,20.0,20.0
20.0,20.0,20.0,20.0,20.0,20.0,20.0,20.0
20.0,20.0,20.0,20.0,20.0,20.0,20.0,20.0
20.0,20.0,20.0,20.0,20.0,20.0,20.0,20.0
11.3,11.3,11.3,11.3,11.3,11.3,11.3,11.3
11.3,11.3,11.3,11.3,11.3,11.3,11.3,11.3
11.3,11.3,11.3,11.3,11.3,11.3,11.3,11.3
11.3,11.3,11.3,11.3,11.3,11.3,11.3,11.3
7.0,7.0,7.0,7.0,7.0,7.0,7.0,7.0
7.0,7.0,7.0,7.0,7.0,7.0,7.0,7.0
7.0,7.0,7.0,7.0,7.0,7.0,7.0,7.0
7.0,7.0,7.0,7.0,7.0,7.0,7.0,7.0
93.8,71.0,171.4,71.1,111.2,94.6,129.1,85.6
93.8,71.0,171.4,71.1,111.2,94.6,129.1,85.6
93.8,71.0,171.4,71.1,111.2,94.6,129.1,85.6
93.8,71.0,171.4,71.1,111.2,94.6,129.1,85.6
0.0,0.0,0.0,0.0,0.0,0.0,0.0,0.0
0.0,0.0,0.0,0.0,0.0,0.0,0.0,0.0
0.0,0.0,0.0,0.0,0.0,0.0,0.0,0.0
0.0,0.0,0.0,0.0,0.0,0.0,0.0,0.0
0.0,0.0,0.0,0.0,0.0,0.0,0.0,0.0
0.0,0.0,0.0,0.0,0.0,0.0,0.0,0.0
0.0,0.0,0.0,0.0,0.0,0.0,0.0,0.0
0.0,0.0,0.0,0.0,0.0,0.0,0.0,0.0
0.0,0.0,0.0,0.0,0.0,0.0,0.0,0.0
0.0,0.0,0.0,0.0,0.0,0.0,0.0,0.0
0.0,0.0,0.0,0.0,0.0,0.0,0.0,0.0
0.0,0.0,0.0,0.0,0.0,0.0,0.0,0.0
0.0,0.0,0.0,0.0,0.0,0.0,0.0,0.0
0.0,0.0,0.0,0.0,0.0,0.0,0.0,0.0
0.0,0.0,0.0,0.0,0.0,0.0,0.0,0.0
0.0,0.0,0.0,0.0,0.0,0.0,0.0,0.0
0.0,0.0,0.0,0.0,0.0,0.0,0.0,0.0
0.0,0.0,0.0,0.0,0.0,0.0,0.0,0.0
0.0,0.0,0.0,0.0,0.0,0.0,0.0,0.0
0.0,0.0,0.0,0.0,0.0,0.0,0.0,0.0
0.0,0.0,0.0,0.0,0.0,0.0,0.0,0.0
0.0,0.0,0.0,0.0,0.0,0.0,0.0,0.0
0.0,0.0,0.0,0.0,0.0,0.0,0.0,0.0
0.0,0.0,0.0,0.0,0.0,0.0,0.0,0.0
0.0,0.0,0.0,0.0,0.0,0.0,0.0,0.0
0.0,0.0,0.0,0.0,0.0,0.0,0.0,0.0
0.0,0.0,0.0,0.0,0.0,0.0,0.0,0.0
0.0,0.0,0.0,0.0,0.0,0.0,0.0,0.0
0.0,0.0,0.0,0.0,0.0,0.0,0.0,0.0
0.0,0.0,0.0,0.0,0.0,0.0,0.0,0.0
0.0,0.0,0.0,0.0,0.0,0.0,0.0,0.0
0.0,0.0,0.0,0.0,0.0,0.0,0.0,0.0
0.0,0.0,0.0,0.0,0.0,0.0,0.0,0.0
0.0,0.0,0.0,0.0,0.0,0.0,0.0,0.0
0.0,0.0,0.0,0.0,0.0,0.0,0.0,0.0
0.0,0.0,0.0,0.0,0.0,0.0,0.0,0.0
0.0,0.0,0.0,0.0,0.0,0.0,0.0,0.0
0.0,0.0,0.0,0.0,0.0,0.0,0.0,0.0
0.0,0.0,0.0,0.0,0.0,0.0,0.0,0.0
0.0,0.0,0.0,0.0,0.0,0.0,0.0,0.0
0.0,0.0,0.0,0.0,0.0,0.0,0.0,0.0
0.0,0.0,0.0,0.0,0.0,0.0,0.0,0.0
0.0,0.0,0.0,0.0,0.0,0.0,0.0,0.0
0.0,0.0,0.0,0.0,0.0,0.0,0.0,0.0
0.0,0.0,0.0,0.0,0.0,0.0,0.0,0.0
0.0,0.0,0.0,0.0,0.0,0.0,0.0,0.0
0.0,0.0,0.0,0.0,0.0,0.0,0.0,0.0
0.0,0.0,0.0,0.0,0.0,0.0,0.0,0.0
0.0,0.0,0.0,0.0,0.0,0.0,0.0,0.0
0.0,0.0,0.0,0.0,0.0,0.0,0.0,0.0
0.0,0.0,0.0,0.0,0.0,0.0,0.0,0.0
0.0,0.0,0.0,0.0,0.0,0.0,0.0,0.0
0.0,0.0,0.0,0.0,0.0,0.0,0.0,0.0
0.0,0.0,0.0,0.0,0.0,0.0,0.0,0.0
0.0,0.0,0.0,0.0,0.0,0.0,0.0,0.0
0.0,0.0,0.0,0.0,0.0,0.0,0.0,0.0
11.2,11.2,11.2,11.2,11.2,11.2,11.2,11.2
11.2,11.2,11.2,11.2,11.2,11.2,11.2,11.2
11.2,11.2,11.2,11.2,11.2,11.2,11.2,11.2
11.2,11.2,11.2,11.2,11.2,11.2,11.2,11.2
31.1,31.1,31.1,31.1,31.1,31.1,31.1,31.1
31.1,31.1,31.1,31.1,31.1,31.1,31.1,31.1
31.1,31.1,31.1,31.1,31.1,31.1,31.1,31.1
31.1,31.1,31.1,31.1,31.1,31.1,31.1,31.1
64.3,60.0,67.4,58.7,64.6,64.4,65.7,63.9
63.8,66.3,64.6,58.7,63.9,63.8,64.1,63.7
63.8,66.3,64.6,58.7,63.9,63.8,64.1,63.7
63.8,66.3,64.6,58.7,63.9,63.8,64.1,63.7
81.4,332.4,456.8,59.8,92.1,84.4,117.7,71.2
81.4,332.4,456.8,59.8,92.1,84.4,117.7,71.2
81.4,332.4,456.8,59.8,92.1,84.4,117.7,71.2
81.4,410.6,385.9,59.8,92.1,84.4,117.7,71.2
84.5,220.4,463.4,62.7,97.4,86.9,122.2,74.8
84.5,63.5,463.4,62.7,97.4,86.9,122.2,74.8
84.5,63.5,463.4,62.7,97.4,86.9,122.2,74.8
84.5,63.5,463.4,62.7,97.4,86.9,122.2,74.8
86.4,65.0,467.4,75.8,100.6,88.5,125.0,77.0
86.4,65.0,442.0,75.8,100.6,143.8,125.0,77.0
86.4,65.0,467.4,64.4,100.6,88.5,125.0,77.0
86.4,65.0,173.6,64.4,100.6,88.5,125.0,77.0
21.5,21.5,21.5,21.5,21.5,21.5,21.5,21.5
21.5,21.5,21.5,21.5,21.5,21.5,21.5,21.5
21.5,21.5,21.5,21.5,21.5,21.5,21.5,21.5
21.5,21.5,21.5,21.5,21.5,21.5,21.5,21.5
14.6,14.6,14.6,14.6,14.6,14.6,14.6,14.6
14.6,14.6,14.6,14.6,14.6,14.6,14.6,14.6
14.6,14.6,14.6,14.6,14.6,14.6,14.6,14.6
14.6,14.6,14.6,14.6,14.6,14.6,14.6,14.6
6.9,6.9,6.9,6.9,6.9,6.9,6.9,6.9
6.9,6.9,6.9,6.9,6.9,6.9,6.9,6.9
6.9,6.9,6.9,6.9,6.9,6.9,6.9,6.9
6.9,6.9,6.9,6.9,6.9,6.9,6.9,6.9
1.7,1.7,1.7,1.7,1.7,1.7,1.7,1.7
1.7,1.7,1.7,1.7,1.7,1.7,1.7,1.7
1.7,1.7,1.7,1.7,1.7,1.7,1.7,1.7
1.7,1.7,1.7,1.7,1.7,1.7,1.7,1.7
0.0,0.0,0.0,0.0,0.0,0.0,0.0,0.0
0.0,0.0,0.0,0.0,0.0,0.0,0.0,0.0
0.0,0.0,0.0,0.0,0.0,0.0,0.0,0.0
0.0,0.0,0.0,0.0,0.0,0.0,0.0,0.0
0.0,0.0,0.0,0.0,0.0,0.0,0.0,0.0
0.0,0.0,0.0,0.0,0.0,0.0,0.0,0.0
0.0,0.0,0.0,0.0,0.0,0.0,0.0,0.0
0.0,0.0,0.0,0.0,0.0,0.0,0.0,0.0
0.0,0.0,0.0,0.0,0.0,0.0,0.0,0.0
0.0,0.0,0.0,0.0,0.0,0.0,0.0,0.0
0.0,0.0,0.0,0.0,0.0,0.0,0.0,0.0
0.0,0.0,0.0,0.0,0.0,0.0,0.0,0.0
0.0,0.0,0.0,0.0,0.0,0.0,0.0,0.0
0.0,0.0,0.0,0.0,0.0,0.0,0.0,0.0
0.0,0.0,0.0,0.0,0.0,0.0,0.0,0.0
0.0,0.0,0.0,0.0,0.0,0.0,0.0,0.0
0.0,0.0,0.0,0.0,0.0,0.0,0.0,0.0
0.0,0.0,0.0,0.0,0.0,0.0,0.0,0.0
0.0,0.0,0.0,0.0,0.0,0.0,0.0,0.0
0.0,0.0,0.0,0.0,0.0,0.0,0.0,0.0
0.0,0.0,0.0,0.0,0.0,0.0,0.0,0.0
0.0,0.0,0.0,0.0,0.0,0.0,0.0,0.0
0.0,0.0,0.0,0.0,0.0,0.0,0.0,0.0
0.0,0.0,0.0,0.0,0.0,0.0,0.0,0.0
0.0,0.0,0.0,0.0,0.0,0.0,0.0,0.0
0.0,0.0,0.0,0.0,0.0,0.0,0.0,0.0
0.0,0.0,0.0,0.0,0.0,0.0,0.0,0.0
0.0,0.0,0.0,0.0,0.0,0.0,0.0,0.0
0.0,0.0,0.0,0.0,0.0,0.0,0.0,0.0
0.0,0.0,0.0,0.0,0.0,0.0,0.0,0.0
0.0,0.0,0.0,0.0,0.0,0.0,0.0,0.0
0.0,0.0,0.0,0.0,0.0,0.0,0.0,0.0
0.0,0.0,0.0,0.0,0.0,0.0,0.0,0.0
0.0,0.0,0.0,0.0,0.0,0.0,0.0,0.0
0.0,0.0,0.0,0.0,0.0,0.0,0.0,0.0
0.0,0.0,0.0,0.0,0.0,0.0,0.0,0.0
0.0,0.0,0.0,0.0,0.0,0.0,0.0,0.0
0.0,0.0,0.0,0.0,0.0,0.0,0.0,0.0
0.0,0.0,0.0,0.0,0.0,0.0,0.0,0.0
0.0,0.0,0.0,0.0,0.0,0.0,0.0,0.0
0.0,0.0,0.0,0.0,0.0,0.0,0.0,0.0
0.0,0.0,0.0,0.0,0.0,0.0,0.0,0.0
0.0,0.0,0.0,0.0,0.0,0.0,0.0,0.0
0.0,0.0,0.0,0.0,0.0,0.0,0.0,0.0
0.0,0.0,0.0,0.0,0.0,0.0,0.0,0.0
0.0,0.0,0.0,0.0,0.0,0.0,0.0,0.0
0.0,0.0,0.0,0.0,0.0,0.0,0.0,0.0
0.0,0.0,0.0,0.0,0.0,0.0,0.0,0.0
0.0,0.0,0.0,0.0,0.0,0.0,0.0,0.0
0.0,0.0,0.0,0.0,0.0,0.0,0.0,0.0
0.0,0.0,0.0,0.0,0.0,0.0,0.0,0.0
0.0,0.0,0.0,0.0,0.0,0.0,0.0,0.0
0.0,0.0,0.0,0.0,0.0,0.0,0.0,0.0
0.0,0.0,0.0,0.0,0.0,0.0,0.0,0.0
0.0,0.0,0.0,0.0,0.0,0.0,0.0,0.0
0.0,0.0,0.0,0.0,0.0,0.0,0.0,0.0
3.5,3.5,3.5,3.5,3.5,3.5,3.5,3.5
3.5,3.5,3.5,3.5,3.5,3.5,3.5,3.5
3.5,3.5,3.5,3.5,3.5,3.5,3.5,3.5
3.5,3.5,3.5,3.5,3.5,3.5,3.5,3.5
6.9,6.9,6.9,6.9,6.9,6.9,6.9,6.9
6.9,6.9,6.9,6.9,6.9,6.9,6.9,6.9
6.9,6.9,6.9,6.9,6.9,6.9,6.9,6.9
6.9,6.9,6.9,6.9,6.9,6.9,6.9,6.9
10.4,10.4,10.4,10.4,10.4,10.4,10.4,10.4
10.4,10.4,10.4,10.4,10.4,10.4,10.4,10.4
10.4,10.4,10.4,10.4,10.4,10.4,10.4,10.4
10.4,10.4,10.4,10.4,10.4,10.4,10.4,10.4
13.8,13.8,13.8,13.8,13.8,13.8,13.8,13.8
13.8,13.8,13.8,13.8,13.8,13.8,13.8,13.8
13.8,13.8,13.8,13.8,13.8,13.8,13.8,13.8
13.8,13.8,13.8,13.8,13.8,13.8,13.8,13.8
16.4,16.4,16.4,16.4,16.4,16.4,16.4,16.4
16.4,16.4,16.4,16.4,16.4,16.4,16.4,16.4
16.4,16.4,16.4,16.4,16.4,16.4,16.4,16.4
16.4,16.4,16.4,16.4,16.4,16.4,16.4,16.4
15.5,15.5,15.5,15.5,15.5,15.5,15.5,15.5
15.5,15.5,15.5,15.5,15.5,15.5,15.5,15.5
15.5,15.5,15.5,15.5,15.5,15.5,15.5,15.5
15.5,15.5,15.5,15.5,15.5,15.5,15.5,15.5
13.8,13.8,13.8,13.8,13.8,13.8,13.8,13.8
13.8,13.8,13.8,13.8,13.8,13.8,13.8,13.8
13.8,13.8,13.8,13.8,13.8,13.8,13.8,13.8
13.8,13.8,13.8,13.8,13.8,13.8,13.8,13.8
9.5,9.5,9.5,9.5,9.5,9.5,9.5,9.5
9.5,9.5,9.5,9.5,9.5,9.5,9.5,9.5
9.5,9.5,9.5,9.5,9.5,9.5,9.5,9.5
9.5,9.5,9.5,9.5,9.5,9.5,9.5,9.5
6.0,6.0,6.0,6.0,6.0,6.0,6.0,6.0
6.0,6.0,6.0,6.0,6.0,6.0,6.0,6.0
6.0,6.0,6.0,6.0,6.0,6.0,6.0,6.0
6.0,6.0,6.0,6.0,6.0,6.0,6.0,6.0
2.6,2.6,2.6,2.6,2.6,2.6,2.6,2.6
2.6,2.6,2.6,2.6,2.6,2.6,2.6,2.6
2.6,2.6,2.6,2.6,2.6,2.6,2.6,2.6
2.6,2.6,2.6,2.6,2.6,2.6,2.6,2.6
0.0,0.0,0.0,0.0,0.0,0.0,0.0,0.0
0.0,0.0,0.0,0.0,0.0,0.0,0.0,0.0
0.0,0.0,0.0,0.0,0.0,0.0,0.0,0.0
0.0,0.0,0.0,0.0,0.0,0.0,0.0,0.0
0.0,0.0,0.0,0.0,0.0,0.0,0.0,0.0
0.0,0.0,0.0,0.0,0.0,0.0,0.0,0.0
0.0,0.0,0.0,0.0,0.0,0.0,0.0,0.0
0.0,0.0,0.0,0.0,0.0,0.0,0.0,0.0
0.0,0.0,0.0,0.0,0.0,0.0,0.0,0.0
0.0,0.0,0.0,0.0,0.0,0.0,0.0,0.0
0.0,0.0,0.0,0.0,0.0,0.0,0.0,0.0
0.0,0.0,0.0,0.0,0.0,0.0,0.0,0.0
0.0,0.0,0.0,0.0,0.0,0.0,0.0,0.0
0.0,0.0,0.0,0.0,0.0,0.0,0.0,0.0
0.0,0.0,0.0,0.0,0.0,0.0,0.0,0.0
0.0,0.0,0.0,0.0,0.0,0.0,0.0,0.0
0.0,0.0,0.0,0.0,0.0,0.0,0.0,0.0
0.0,0.0,0.0,0.0,0.0,0.0,0.0,0.0
0.0,0.0,0.0,0.0,0.0,0.0,0.0,0.0
0.0,0.0,0.0,0.0,0.0,0.0,0.0,0.0
0.0,0.0,0.0,0.0,0.0,0.0,0.0,0.0
0.0,0.0,0.0,0.0,0.0,0.0,0.0,0.0
0.0,0.0,0.0,0.0,0.0,0.0,0.0,0.0
0.0,0.0,0.0,0.0,0.0,0.0,0.0,0.0
0.0,0.0,0.0,0.0,0.0,0.0,0.0,0.0
0.0,0.0,0.0,0.0,0.0,0.0,0.0,0.0
0.0,0.0,0.0,0.0,0.0,0.0,0.0,0.0
0.0,0.0,0.0,0.0,0.0,0.0,0.0,0.0
0.0,0.0,0.0,0.0,0.0,0.0,0.0,0.0
0.0,0.0,0.0,0.0,0.0,0.0,0.0,0.0
0.0,0.0,0.0,0.0,0.0,0.0,0.0,0.0
0.0,0.0,0.0,0.0,0.0,0.0,0.0,0.0
0.0,0.0,0.0,0.0,0.0,0.0,0.0,0.0
0.0,0.0,0.0,0.0,0.0,0.0,0.0,0.0
0.0,0.0,0.0,0.0,0.0,0.0,0.0,0.0
0.0,0.0,0.0,0.0,0.0,0.0,0.0,0.0
0.0,0.0,0.0,0.0,0.0,0.0,0.0,0.0
0.0,0.0,0.0,0.0,0.0,0.0,0.0,0.0
0.0,0.0,0.0,0.0,0.0,0.0,0.0,0.0
0.0,0.0,0.0,0.0,0.0,0.0,0.0,0.0
0.0,0.0,0.0,0.0,0.0,0.0,0.0,0.0
0.0,0.0,0.0,0.0,0.0,0.0,0.0,0.0
0.0,0.0,0.0,0.0,0.0,0.0,0.0,0.0
0.0,0.0,0.0,0.0,0.0,0.0,0.0,0.0
0.0,0.0,0.0,0.0,0.0,0.0,0.0,0.0
0.0,0.0,0.0,0.0,0.0,0.0,0.0,0.0
0.0,0.0,0.0,0.0,0.0,0.0,0.0,0.0
0.0,0.0,0.0,0.0,0.0,0.0,0.0,0.0
0.0,0.0,0.0,0.0,0.0,0.0,0.0,0.0
0.0,0.0,0.0,0.0,0.0,0.0,0.0,0.0
0.0,0.0,0.0,0.0,0.0,0.0,0.0,0.0
0.0,0.0,0.0,0.0,0.0,0.0,0.0,0.0
0.0,0.0,0.0,0.0,0.0,0.0,0.0,0.0
0.0,0.0,0.0,0.0,0.0,0.0,0.0,0.0
0.0,0.0,0.0,0.0,0.0,0.0,0.0,0.0
0.0,0.0,0.0,0.0,0.0,0.0,0.0,0.0
3.5,3.5,3.5,3.5,3.5,3.5,3.5,3.5
3.5,3.5,3.5,3.5,3.5,3.5,3.5,3.5
3.5,3.5,3.5,3.5,3.5,3.5,3.5,3.5
3.5,3.5,3.5,3.5,3.5,3.5,3.5,3.5
6.0,6.0,6.0,6.0,6.0,6.0,6.0,6.0
6.0,6.0,6.0,6.0,6.0,6.0,6.0,6.0
6.0,6.0,6.0,6.0,6.0,6.0,6.0,6.0
6.0,6.0,6.0,6.0,6.0,6.0,6.0,6.0
24.1,24.1,24.1,24.1,24.1,24.1,24.1,24.1
24.1,24.1,24.1,24.1,24.1,24.1,24.1,24.1
24.1,24.1,24.1,24.1,24.1,24.1,24.1,24.1
24.1,24.1,24.1,24.1,24.1,24.1,24.1,24.1
12.0,12.0,12.0,12.0,12.0,12.0,12.0,12.0
12.0,12.0,12.0,12.0,12.0,12.0,12.0,12.0
12.0,12.0,12.0,12.0,12.0,12.0,12.0,12.0
12.0,12.0,12.0,12.0,12.0,12.0,12.0,12.0
52.2,52.2,52.2,52.2,52.2,52.2,52.2,52.2
52.2,52.2,52.2,52.2,52.2,52.2,52.2,52.2
52.2,52.2,52.2,52.2,52.2,52.2,52.2,52.2
52.2,52.2,52.2,52.2,52.2,52.2,52.2,52.2
86.4,65.0,173.6,72.0,100.6,88.5,573.7,168.1
86.4,65.0,173.6,64.4,100.6,88.5,573.7,168.1
86.4,65.0,173.6,64.4,100.6,88.5,730.3,168.1
86.4,65.0,173.6,64.4,100.6,88.5,730.3,77.0
84.5,63.5,164.4,62.7,97.4,86.9,570.6,74.8
84.5,63.5,169.4,62.7,97.4,86.9,565.6,74.8
84.5,63.5,169.4,62.7,97.4,86.9,565.6,74.8
84.5,63.5,169.4,62.7,97.4,86.9,565.6,74.8
10.3,10.3,10.3,10.3,10.3,10.3,10.3,10.3
10.3,10.3,10.3,10.3,10.3,10.3,10.3,10.3
10.3,10.3,10.3,10.3,10.3,10.3,10.3,10.3
10.3,10.3,10.3,10.3,10.3,10.3,10.3,10.3
6.0,6.0,6.0,6.0,6.0,6.0,6.0,6.0
6.0,6.0,6.0,6.0,6.0,6.0,6.0,6.0
6.0,6.0,6.0,6.0,6.0,6.0,6.0,6.0
6.0,6.0,6.0,6.0,6.0,6.0,6.0,6.0
2.6,2.6,2.6,2.6,2.6,2.6,2.6,2.6
2.6,2.6,2.6,2.6,2.6,2.6,2.6,2.6
2.6,2.6,2.6,2.6,2.6,2.6,2.6,2.6
2.6,2.6,2.6,2.6,2.6,2.6,2.6,2.6
0.0,0.0,0.0,0.0,0.0,0.0,0.0,0.0
0.0,0.0,0.0,0.0,0.0,0.0,0.0,0.0
0.0,0.0,0.0,0.0,0.0,0.0,0.0,0.0
0.0,0.0,0.0,0.0,0.0,0.0,0.0,0.0
0.0,0.0,0.0,0.0,0.0,0.0,0.0,0.0
0.0,0.0,0.0,0.0,0.0,0.0,0.0,0.0
0.0,0.0,0.0,0.0,0.0,0.0,0.0,0.0
0.0,0.0,0.0,0.0,0.0,0.0,0.0,0.0
0.0,0.0,0.0,0.0,0.0,0.0,0.0,0.0
0.0,0.0,0.0,0.0,0.0,0.0,0.0,0.0
0.0,0.0,0.0,0.0,0.0,0.0,0.0,0.0
0.0,0.0,0.0,0.0,0.0,0.0,0.0,0.0
0.0,0.0,0.0,0.0,0.0,0.0,0.0,0.0
0.0,0.0,0.0,0.0,0.0,0.0,0.0,0.0
0.0,0.0,0.0,0.0,0.0,0.0,0.0,0.0
0.0,0.0,0.0,0.0,0.0,0.0,0.0,0.0
0.0,0.0,0.0,0.0,0.0,0.0,0.0,0.0
0.0,0.0,0.0,0.0,0.0,0.0,0.0,0.0
0.0,0.0,0.0,0.0,0.0,0.0,0.0,0.0
0.0,0.0,0.0,0.0,0.0,0.0,0.0,0.0
0.0,0.0,0.0,0.0,0.0,0.0,0.0,0.0
0.0,0.0,0.0,0.0,0.0,0.0,0.0,0.0
0.0,0.0,0.0,0.0,0.0,0.0,0.0,0.0
0.0,0.0,0.0,0.0,0.0,0.0,0.0,0.0
0.0,0.0,0.0,0.0,0.0,0.0,0.0,0.0
0.0,0.0,0.0,0.0,0.0,0.0,0.0,0.0
0.0,0.0,0.0,0.0,0.0,0.0,0.0,0.0
0.0,0.0,0.0,0.0,0.0,0.0,0.0,0.0
0.0,0.0,0.0,0.0,0.0,0.0,0.0,0.0
0.0,0.0,0.0,0.0,0.0,0.0,0.0,0.0
0.0,0.0,0.0,0.0,0.0,0.0,0.0,0.0
0.0,0.0,0.0,0.0,0.0,0.0,0.0,0.0
0.0,0.0,0.0,0.0,0.0,0.0,0.0,0.0
0.0,0.0,0.0,0.0,0.0,0.0,0.0,0.0
0.0,0.0,0.0,0.0,0.0,0.0,0.0,0.0
0.0,0.0,0.0,0.0,0.0,0.0,0.0,0.0
0.0,0.0,0.0,0.0,0.0,0.0,0.0,0.0
0.0,0.0,0.0,0.0,0.0,0.0,0.0,0.0
0.0,0.0,0.0,0.0,0.0,0.0,0.0,0.0
0.0,0.0,0.0,0.0,0.0,0.0,0.0,0.0
0.0,0.0,0.0,0.0,0.0,0.0,0.0,0.0
0.0,0.0,0.0,0.0,0.0,0.0,0.0,0.0
0.0,0.0,0.0,0.0,0.0,0.0,0.0,0.0
0.0,0.0,0.0,0.0,0.0,0.0,0.0,0.0
0.0,0.0,0.0,0.0,0.0,0.0,0.0,0.0
0.0,0.0,0.0,0.0,0.0,0.0,0.0,0.0
0.0,0.0,0.0,0.0,0.0,0.0,0.0,0.0
0.0,0.0,0.0,0.0,0.0,0.0,0.0,0.0
0.0,0.0,0.0,0.0,0.0,0.0,0.0,0.0
0.0,0.0,0.0,0.0,0.0,0.0,0.0,0.0
0.0,0.0,0.0,0.0,0.0,0.0,0.0,0.0
0.0,0.0,0.0,0.0,0.0,0.0,0.0,0.0
0.0,0.0,0.0,0.0,0.0,0.0,0.0,0.0
0.0,0.0,0.0,0.0,0.0,0.0,0.0,0.0
0.0,0.0,0.0,0.0,0.0,0.0,0.0,0.0
0.0,0.0,0.0,0.0,0.0,0.0,0.0,0.0
3.4,3.4,3.4,3.4,3.4,3.4,3.4,3.4
3.4,3.4,3.4,3.4,3.4,3.4,3.4,3.4
3.4,3.4,3.4,3.4,3.4,3.4,3.4,3.4
3.4,3.4,3.4,3.4,3.4,3.4,3.4,3.4
6.9,6.9,6.9,6.9,6.9,6.9,6.9,6.9
6.9,6.9,6.9,6.9,6.9,6.9,6.9,6.9
6.9,6.9,6.9,6.9,6.9,6.9,6.9,6.9
6.9,6.9,6.9,6.9,6.9,6.9,6.9,6.9
10.3,10.3,10.3,10.3,10.3,10.3,10.3,10.3
10.3,10.3,10.3,10.3,10.3,10.3,10.3,10.3
10.3,10.3,10.3,10.3,10.3,10.3,10.3,10.3
10.3,10.3,10.3,10.3,10.3,10.3,10.3,10.3
13.8,13.8,13.8,13.8,13.8,13.8,13.8,13.8
13.8,13.8,13.8,13.8,13.8,13.8,13.8,13.8
13.8,13.8,13.8,13.8,13.8,13.8,13.8,13.8
13.8,13.8,13.8,13.8,13.8,13.8,13.8,13.8
13.8,13.8,13.8,13.8,13.8,13.8,13.8,13.8
13.8,13.8,13.8,13.8,13.8,13.8,13.8,13.8
13.8,13.8,13.8,13.8,13.8,13.8,13.8,13.8
13.8,13.8,13.8,13.8,13.8,13.8,13.8,13.8
86.4,378.9,406.3,64.4,100.6,88.5,125.0,77.0
86.4,65.0,173.6,64.4,100.6,88.5,125.0,77.0
1061.5,65.0,173.6,64.4,100.6,116.3,125.0,77.0
1061.5,65.0,173.6,64.4,100.6,116.3,125.0,77.0
13.0,13.0,13.0,13.0,13.0,13.0,13.0,13.0
13.0,13.0,13.0,13.0,13.0,13.0,13.0,13.0
13.0,13.0,13.0,13.0,13.0,13.0,13.0,13.0
13.0,13.0,13.0,13.0,13.0,13.0,13.0,13.0
15.6,15.6,15.6,15.6,15.6,15.6,15.6,15.6
15.6,15.6,15.6,15.6,15.6,15.6,15.6,15.6
15.6,15.6,15.6,15.6,15.6,15.6,15.6,15.6
15.6,15.6,15.6,15.6,15.6,15.6,15.6,15.6
7.8,7.8,7.8,7.8,7.8,7.8,7.8,7.8
7.8,7.8,7.8,7.8,7.8,7.8,7.8,7.8
7.8,7.8,7.8,7.8,7.8,7.8,7.8,7.8
7.8,7.8,7.8,7.8,7.8,7.8,7.8,7.8
1.7,1.7,1.7,1.7,1.7,1.7,1.7,1.7
1.7,1.7,1.7,1.7,1.7,1.7,1.7,1.7
1.7,1.7,1.7,1.7,1.7,1.7,1.7,1.7
1.7,1.7,1.7,1.7,1.7,1.7,1.7,1.7
0.0,0.0,0.0,0.0,0.0,0.0,0.0,0.0
0.0,0.0,0.0,0.0,0.0,0.0,0.0,0.0
0.0,0.0,0.0,0.0,0.0,0.0,0.0,0.0
0.0,0.0,0.0,0.0,0.0,0.0,0.0,0.0
0.0,0.0,0.0,0.0,0.0,0.0,0.0,0.0
0.0,0.0,0.0,0.0,0.0,0.0,0.0,0.0
0.0,0.0,0.0,0.0,0.0,0.0,0.0,0.0
0.0,0.0,0.0,0.0,0.0,0.0,0.0,0.0
0.0,0.0,0.0,0.0,0.0,0.0,0.0,0.0
0.0,0.0,0.0,0.0,0.0,0.0,0.0,0.0
0.0,0.0,0.0,0.0,0.0,0.0,0.0,0.0
0.0,0.0,0.0,0.0,0.0,0.0,0.0,0.0
0.0,0.0,0.0,0.0,0.0,0.0,0.0,0.0
0.0,0.0,0.0,0.0,0.0,0.0,0.0,0.0
0.0,0.0,0.0,0.0,0.0,0.0,0.0,0.0
0.0,0.0,0.0,0.0,0.0,0.0,0.0,0.0
0.0,0.0,0.0,0.0,0.0,0.0,0.0,0.0
0.0,0.0,0.0,0.0,0.0,0.0,0.0,0.0
0.0,0.0,0.0,0.0,0.0,0.0,0.0,0.0
0.0,0.0,0.0,0.0,0.0,0.0,0.0,0.0
0.0,0.0,0.0,0.0,0.0,0.0,0.0,0.0
0.0,0.0,0.0,0.0,0.0,0.0,0.0,0.0
0.0,0.0,0.0,0.0,0.0,0.0,0.0,0.0
0.0,0.0,0.0,0.0,0.0,0.0,0.0,0.0
0.0,0.0,0.0,0.0,0.0,0.0,0.0,0.0
0.0,0.0,0.0,0.0,0.0,0.0,0.0,0.0
0.0,0.0,0.0,0.0,0.0,0.0,0.0,0.0
0.0,0.0,0.0,0.0,0.0,0.0,0.0,0.0
0.0,0.0,0.0,0.0,0.0,0.0,0.0,0.0
0.0,0.0,0.0,0.0,0.0,0.0,0.0,0.0
0.0,0.0,0.0,0.0,0.0,0.0,0.0,0.0
0.0,0.0,0.0,0.0,0.0,0.0,0.0,0.0
0.0,0.0,0.0,0.0,0.0,0.0,0.0,0.0
0.0,0.0,0.0,0.0,0.0,0.0,0.0,0.0
0.0,0.0,0.0,0.0,0.0,0.0,0.0,0.0
0.0,0.0,0.0,0.0,0.0,0.0,0.0,0.0
0.0,0.0,0.0,0.0,0.0,0.0,0.0,0.0
0.0,0.0,0.0,0.0,0.0,0.0,0.0,0.0
0.0,0.0,0.0,0.0,0.0,0.0,0.0,0.0
0.0,0.0,0.0,0.0,0.0,0.0,0.0,0.0
0.0,0.0,0.0,0.0,0.0,0.0,0.0,0.0
0.0,0.0,0.0,0.0,0.0,0.0,0.0,0.0
0.0,0.0,0.0,0.0,0.0,0.0,0.0,0.0
0.0,0.0,0.0,0.0,0.0,0.0,0.0,0.0
0.0,0.0,0.0,0.0,0.0,0.0,0.0,0.0
0.0,0.0,0.0,0.0,0.0,0.0,0.0,0.0
0.0,0.0,0.0,0.0,0.0,0.0,0.0,0.0
0.0,0.0,0.0,0.0,0.0,0.0,0.0,0.0
0.0,0.0,0.0,0.0,0.0,0.0,0.0,0.0
0.0,0.0,0.0,0.0,0.0,0.0,0.0,0.0
0.0,0.0,0.0,0.0,0.0,0.0,0.0,0.0
0.0,0.0,0.0,0.0,0.0,0.0,0.0,0.0
0.0,0.0,0.0,0.0,0.0,0.0,0.0,0.0
0.0,0.0,0.0,0.0,0.0,0.0,0.0,0.0
0.0,0.0,0.0,0.0,0.0,0.0,0.0,0.0
0.0,0.0,0.0,0.0,0.0,0.0,0.0,0.0
0.0,0.0,0.0,0.0,0.0,0.0,0.0,0.0
0.0,0.0,0.0,0.0,0.0,0.0,0.0,0.0
0.0,0.0,0.0,0.0,0.0,0.0,0.0,0.0
0.0,0.0,0.0,0.0,0.0,0.0,0.0,0.0
0.0,0.0,0.0,0.0,0.0,0.0,0.0,0.0
0.0,0.0,0.0,0.0,0.0,0.0,0.0,0.0
0.0,0.0,0.0,0.0,0.0,0.0,0.0,0.0
0.0,0.0,0.0,0.0,0.0,0.0,0.0,0.0
17.4,17.4,17.4,17.4,17.4,17.4,17.4,17.4
17.4,17.4,17.4,17.4,17.4,17.4,17.4,17.4
17.4,17.4,17.4,17.4,17.4,17.4,17.4,17.4
17.4,17.4,17.4,17.4,17.4,17.4,17.4,17.4
23.4,23.4,23.4,23.4,23.4,23.4,23.4,23.4
23.4,23.4,23.4,23.4,23.4,23.4,23.4,23.4
23.4,23.4,23.4,23.4,23.4,23.4,23.4,23.4
23.4,23.4,23.4,23.4,23.4,23.4,23.4,23.4
84.5,63.5,169.6,62.7,97.4,86.9,122.2,74.8
84.5,63.5,169.6,62.7,97.4,86.9,122.2,74.8
170.0,63.5,112.9,62.7,96.5,86.9,102.1,74.8
165.6,63.5,103.6,62.7,113.6,86.9,98.8,74.8
26.7,26.7,26.7,26.7,26.7,26.7,26.7,26.7
26.7,26.7,26.7,26.7,26.7,26.7,26.7,26.7
26.7,26.7,26.7,26.7,26.7,26.7,26.7,26.7
26.7,26.7,26.7,26.7,26.7,26.7,26.7,26.7
452.5,63.5,169.6,62.7,97.4,86.9,122.2,74.8
452.5,63.5,169.6,62.7,97.4,86.9,122.2,74.8
452.5,63.5,169.6,62.7,97.4,86.9,122.2,74.8
84.5,63.5,169.6,62.7,97.4,86.9,122.2,74.8
15.6,15.6,15.6,15.6,15.6,15.6,15.6,15.6
15.6,15.6,15.6,15.6,15.6,15.6,15.6,15.6
15.6,15.6,15.6,15.6,15.6,15.6,15.6,15.6
15.6,15.6,15.6,15.6,15.6,15.6,15.6,15.6
87.0,65.5,174.9,64.9,101.7,89.0,125.9,77.7
87.0,65.5,174.9,64.9,101.7,89.0,125.9,77.7
87.0,65.5,174.9,64.9,101.7,89.0,125.9,77.7
87.0,65.5,174.9,64.9,101.7,89.0,125.9,77.7
2.6,2.6,2.6,2.6,2.6,2.6,2.6,2.6
2.6,2.6,2.6,2.6,2.6,2.6,2.6,2.6
2.6,2.6,2.6,2.6,2.6,2.6,2.6,2.6
2.6,2.6,2.6,2.6,2.6,2.6,2.6,2.6
0.0,0.0,0.0,0.0,0.0,0.0,0.0,0.0
0.0,0.0,0.0,0.0,0.0,0.0,0.0,0.0
0.0,0.0,0.0,0.0,0.0,0.0,0.0,0.0
0.0,0.0,0.0,0.0,0.0,0.0,0.0,0.0
0.0,0.0,0.0,0.0,0.0,0.0,0.0,0.0
0.0,0.0,0.0,0.0,0.0,0.0,0.0,0.0
0.0,0.0,0.0,0.0,0.0,0.0,0.0,0.0
0.0,0.0,0.0,0.0,0.0,0.0,0.0,0.0
0.0,0.0,0.0,0.0,0.0,0.0,0.0,0.0
0.0,0.0,0.0,0.0,0.0,0.0,0.0,0.0
0.0,0.0,0.0,0.0,0.0,0.0,0.0,0.0
0.0,0.0,0.0,0.0,0.0,0.0,0.0,0.0
0.0,0.0,0.0,0.0,0.0,0.0,0.0,0.0
0.0,0.0,0.0,0.0,0.0,0.0,0.0,0.0
0.0,0.0,0.0,0.0,0.0,0.0,0.0,0.0
0.0,0.0,0.0,0.0,0.0,0.0,0.0,0.0
0.0,0.0,0.0,0.0,0.0,0.0,0.0,0.0
0.0,0.0,0.0,0.0,0.0,0.0,0.0,0.0
0.0,0.0,0.0,0.0,0.0,0.0,0.0,0.0
0.0,0.0,0.0,0.0,0.0,0.0,0.0,0.0
0.0,0.0,0.0,0.0,0.0,0.0,0.0,0.0
0.0,0.0,0.0,0.0,0.0,0.0,0.0,0.0
0.0,0.0,0.0,0.0,0.0,0.0,0.0,0.0
0.0,0.0,0.0,0.0,0.0,0.0,0.0,0.0
0.0,0.0,0.0,0.0,0.0,0.0,0.0,0.0
0.0,0.0,0.0,0.0,0.0,0.0,0.0,0.0
0.0,0.0,0.0,0.0,0.0,0.0,0.0,0.0
0.0,0.0,0.0,0.0,0.0,0.0,0.0,0.0
0.0,0.0,0.0,0.0,0.0,0.0,0.0,0.0
0.0,0.0,0.0,0.0,0.0,0.0,0.0,0.0
0.0,0.0,0.0,0.0,0.0,0.0,0.0,0.0
0.0,0.0,0.0,0.0,0.0,0.0,0.0,0.0
0.0,0.0,0.0,0.0,0.0,0.0,0.0,0.0
0.0,0.0,0.0,0.0,0.0,0.0,0.0,0.0
0.0,0.0,0.0,0.0,0.0,0.0,0.0,0.0
0.0,0.0,0.0,0.0,0.0,0.0,0.0,0.0
0.0,0.0,0.0,0.0,0.0,0.0,0.0,0.0
0.0,0.0,0.0,0.0,0.0,0.0,0.0,0.0
0.0,0.0,0.0,0.0,0.0,0.0,0.0,0.0
0.0,0.0,0.0,0.0,0.0,0.0,0.0,0.0
0.0,0.0,0.0,0.0,0.0,0.0,0.0,0.0
0.0,0.0,0.0,0.0,0.0,0.0,0.0,0.0
0.0,0.0,0.0,0.0,0.0,0.0,0.0,0.0
0.0,0.0,0.0,0.0,0.0,0.0,0.0,0.0
0.0,0.0,0.0,0.0,0.0,0.0,0.0,0.0
0.0,0.0,0.0,0.0,0.0,0.0,0.0,0.0
0.0,0.0,0.0,0.0,0.0,0.0,0.0,0.0
0.0,0.0,0.0,0.0,0.0,0.0,0.0,0.0
0.0,0.0,0.0,0.0,0.0,0.0,0.0,0.0
0.0,0.0,0.0,0.0,0.0,0.0,0.0,0.0
0.0,0.0,0.0,0.0,0.0,0.0,0.0,0.0
0.0,0.0,0.0,0.0,0.0,0.0,0.0,0.0
0.0,0.0,0.0,0.0,0.0,0.0,0.0,0.0
0.0,0.0,0.0,0.0,0.0,0.0,0.0,0.0
0.0,0.0,0.0,0.0,0.0,0.0,0.0,0.0
0.0,0.0,0.0,0.0,0.0,0.0,0.0,0.0
3.5,3.5,3.5,3.5,3.5,3.5,3.5,3.5
3.5,3.5,3.5,3.5,3.5,3.5,3.5,3.5
3.5,3.5,3.5,3.5,3.5,3.5,3.5,3.5
3.5,3.5,3.5,3.5,3.5,3.5,3.5,3.5
6.1,6.1,6.1,6.1,6.1,6.1,6.1,6.1
6.1,6.1,6.1,6.1,6.1,6.1,6.1,6.1
6.1,6.1,6.1,6.1,6.1,6.1,6.1,6.1
6.1,6.1,6.1,6.1,6.1,6.1,6.1,6.1
9.6,9.6,9.6,9.6,9.6,9.6,9.6,9.6
9.6,9.6,9.6,9.6,9.6,9.6,9.6,9.6
9.6,9.6,9.6,9.6,9.6,9.6,9.6,9.6
9.6,9.6,9.6,9.6,9.6,9.6,9.6,9.6
63.5,61.0,65.3,59.8,63.7,63.5,64.3,63.2
63.5,61.0,65.3,59.8,63.7,63.5,64.3,63.2
63.2,61.0,63.6,63.9,63.2,63.2,63.4,63.1
63.2,61.0,63.6,63.9,63.2,63.2,63.4,63.1
84.5,63.5,169.6,223.1,97.4,86.9,122.2,74.8
84.5,63.5,169.6,62.7,97.4,86.9,122.2,74.8
84.5,63.5,169.6,62.7,97.4,86.9,122.2,74.8
308.1,63.5,169.6,62.7,97.4,86.9,122.2,74.8
309.9,65.0,173.6,64.4,100.6,478.2,125.0,77.0
309.9,65.0,173.6,64.4,100.6,478.2,125.0,77.0
86.4,65.0,223.6,64.4,100.6,478.2,125.0,77.0
86.4,65.0,173.6,64.4,100.6,88.5,281.6,77.0
84.5,63.5,169.6,62.7,97.4,86.9,278.8,74.8
84.5,63.5,169.6,62.7,97.4,86.9,278.8,74.8
84.5,63.5,169.6,62.7,97.4,86.9,122.2,74.8
84.5,63.5,169.6,62.7,97.4,86.9,122.2,74.8
85.1,64.0,171.0,63.2,98.5,87.4,123.2,75.5
85.1,64.0,171.0,63.2,98.5,87.4,123.2,75.5
85.1,64.0,171.0,63.2,98.5,87.4,123.2,75.5
85.1,64.0,171.0,63.2,98.5,87.4,123.2,75.5
87.0,65.5,174.9,64.9,101.7,89.0,125.9,77.7
87.0,65.5,174.9,64.9,101.7,89.0,125.9,77.7
87.0,65.5,174.9,64.9,101.7,89.0,125.9,77.7
87.0,65.5,174.9,64.9,101.7,89.0,125.9,77.7
93.8,71.0,189.6,71.1,113.3,94.6,136.0,85.6
93.8,71.0,189.6,71.1,113.3,94.6,136.0,85.6
93.8,71.0,189.6,71.1,113.3,94.6,136.0,85.6
93.8,71.0,189.6,71.1,113.3,94.6,136.0,85.6
0.0,0.0,0.0,0.0,0.0,0.0,0.0,0.0
0.0,0.0,0.0,0.0,0.0,0.0,0.0,0.0
0.0,0.0,0.0,0.0,0.0,0.0,0.0,0.0
0.0,0.0,0.0,0.0,0.0,0.0,0.0,0.0
0.0,0.0,0.0,0.0,0.0,0.0,0.0,0.0
0.0,0.0,0.0,0.0,0.0,0.0,0.0,0.0
0.0,0.0,0.0,0.0,0.0,0.0,0.0,0.0
0.0,0.0,0.0,0.0,0.0,0.0,0.0,0.0
0.0,0.0,0.0,0.0,0.0,0.0,0.0,0.0
0.0,0.0,0.0,0.0,0.0,0.0,0.0,0.0
0.0,0.0,0.0,0.0,0.0,0.0,0.0,0.0
0.0,0.0,0.0,0.0,0.0,0.0,0.0,0.0
0.0,0.0,0.0,0.0,0.0,0.0,0.0,0.0
0.0,0.0,0.0,0.0,0.0,0.0,0.0,0.0
0.0,0.0,0.0,0.0,0.0,0.0,0.0,0.0
0.0,0.0,0.0,0.0,0.0,0.0,0.0,0.0
0.0,0.0,0.0,0.0,0.0,0.0,0.0,0.0
0.0,0.0,0.0,0.0,0.0,0.0,0.0,0.0
0.0,0.0,0.0,0.0,0.0,0.0,0.0,0.0
0.0,0.0,0.0,0.0,0.0,0.0,0.0,0.0
0.0,0.0,0.0,0.0,0.0,0.0,0.0,0.0
0.0,0.0,0.0,0.0,0.0,0.0,0.0,0.0
0.0,0.0,0.0,0.0,0.0,0.0,0.0,0.0
0.0,0.0,0.0,0.0,0.0,0.0,0.0,0.0
0.0,0.0,0.0,0.0,0.0,0.0,0.0,0.0
0.0,0.0,0.0,0.0,0.0,0.0,0.0,0.0
0.0,0.0,0.0,0.0,0.0,0.0,0.0,0.0
0.0,0.0,0.0,0.0,0.0,0.0,0.0,0.0
0.0,0.0,0.0,0.0,0.0,0.0,0.0,0.0
0.0,0.0,0.0,0.0,0.0,0.0,0.0,0.0
0.0,0.0,0.0,0.0,0.0,0.0,0.0,0.0
0.0,0.0,0.0,0.0,0.0,0.0,0.0,0.0
0.0,0.0,0.0,0.0,0.0,0.0,0.0,0.0
0.0,0.0,0.0,0.0,0.0,0.0,0.0,0.0
0.0,0.0,0.0,0.0,0.0,0.0,0.0,0.0
0.0,0.0,0.0,0.0,0.0,0.0,0.0,0.0
0.0,0.0,0.0,0.0,0.0,0.0,0.0,0.0
0.0,0.0,0.0,0.0,0.0,0.0,0.0,0.0
0.0,0.0,0.0,0.0,0.0,0.0,0.0,0.0
0.0,0.0,0.0,0.0,0.0,0.0,0.0,0.0
0.0,0.0,0.0,0.0,0.0,0.0,0.0,0.0
0.0,0.0,0.0,0.0,0.0,0.0,0.0,0.0
0.0,0.0,0.0,0.0,0.0,0.0,0.0,0.0
0.0,0.0,0.0,0.0,0.0,0.0,0.0,0.0
0.0,0.0,0.0,0.0,0.0,0.0,0.0,0.0
0.0,0.0,0.0,0.0,0.0,0.0,0.0,0.0
0.0,0.0,0.0,0.0,0.0,0.0,0.0,0.0
0.0,0.0,0.0,0.0,0.0,0.0,0.0,0.0
0.0,0.0,0.0,0.0,0.0,0.0,0.0,0.0
0.0,0.0,0.0,0.0,0.0,0.0,0.0,0.0
0.0,0.0,0.0,0.0,0.0,0.0,0.0,0.0
0.0,0.0,0.0,0.0,0.0,0.0,0.0,0.0
0.0,0.0,0.0,0.0,0.0,0.0,0.0,0.0
0.0,0.0,0.0,0.0,0.0,0.0,0.0,0.0
0.0,0.0,0.0,0.0,0.0,0.0,0.0,0.0
0.0,0.0,0.0,0.0,0.0,0.0,0.0,0.0
16.8,16.8,16.8,16.8,16.8,16.8,16.8,16.8
16.8,16.8,16.8,16.8,16.8,16.8,16.8,16.8
16.8,16.8,16.8,16.8,16.8,16.8,16.8,16.8
16.8,16.8,16.8,16.8,16.8,16.8,16.8,16.8
0.0,0.0,0.0,0.0,0.0,0.0,0.0,0.0
0.0,0.0,0.0,0.0,0.0,0.0,0.0,0.0
0.0,0.0,0.0,0.0,0.0,0.0,0.0,0.0
0.0,0.0,0.0,0.0,0.0,0.0,0.0,0.0
80.1,60.0,160.3,58.7,90.0,83.4,115.8,69.8
80.1,60.0,160.3,58.7,90.0,83.4,115.8,69.8
80.1,60.0,160.3,58.7,90.0,83.4,115.8,69.8
80.1,60.0,160.3,58.7,90.0,83.4,115.8,69.8
81.4,61.0,163.0,59.8,92.1,84.4,117.7,71.2
81.4,61.0,163.0,59.8,92.1,84.4,117.7,71.2
81.4,61.0,163.0,59.8,92.1,84.4,117.7,71.2
81.4,217.9,163.0,59.8,92.1,84.4,117.7,71.2
84.5,220.4,186.3,62.7,97.4,86.9,122.2,74.8
84.5,63.5,186.3,62.7,97.4,86.9,122.2,74.8
84.5,63.5,186.3,62.7,97.4,86.9,357.2,74.8
84.5,63.5,169.6,62.7,97.4,86.9,357.2,74.8
86.4,65.0,173.6,64.4,100.6,88.5,125.0,77.0
86.4,65.0,173.6,64.4,100.6,116.3,125.0,77.0
86.4,65.0,173.6,64.4,446.3,116.3,125.0,77.0
86.4,65.0,173.6,64.4,100.6,88.5,125.0,77.0
84.5,63.5,169.6,544.0,97.4,86.9,122.2,166.0
84.5,63.5,169.6,62.7,97.4,86.9,122.2,166.0
369.7,63.5,169.6,62.7,97.4,86.9,122.2,166.0
369.7,296.1,169.6,62.7,97.4,86.9,122.2,74.8
370.3,296.6,171.0,63.2,98.5,87.4,123.2,75.5
370.3,296.6,171.0,63.2,98.5,87.4,123.2,75.5
370.3,296.6,171.0,63.2,98.5,87.4,123.2,75.5
370.3,296.6,171.0,63.2,98.5,87.4,123.2,75.5
372.2,298.2,174.9,64.9,101.7,333.0,125.9,77.7
372.2,65.5,174.9,64.9,101.7,333.0,125.9,77.7
372.2,65.5,174.9,64.9,101.7,333.0,125.9,77.7
372.2,65.5,174.9,64.9,101.7,333.0,125.9,77.7
5.3,5.3,5.3,5.3,5.3,5.3,5.3,5.3
5.3,5.3,5.3,5.3,5.3,5.3,5.3,5.3
5.3,5.3,5.3,5.3,5.3,5.3,5.3,5.3
5.3,5.3,5.3,5.3,5.3,5.3,5.3,5.3
0.0,0.0,0.0,0.0,0.0,0.0,0.0,0.0
0.0,0.0,0.0,0.0,0.0,0.0,0.0,0.0
0.0,0.0,0.0,0.0,0.0,0.0,0.0,0.0
0.0,0.0,0.0,0.0,0.0,0.0,0.0,0.0
0.0,0.0,0.0,0.0,0.0,0.0,0.0,0.0
0.0,0.0,0.0,0.0,0.0,0.0,0.0,0.0
0.0,0.0,0.0,0.0,0.0,0.0,0.0,0.0
0.0,0.0,0.0,0.0,0.0,0.0,0.0,0.0
0.0,0.0,0.0,0.0,0.0,0.0,0.0,0.0
0.0,0.0,0.0,0.0,0.0,0.0,0.0,0.0
0.0,0.0,0.0,0.0,0.0,0.0,0.0,0.0
0.0,0.0,0.0,0.0,0.0,0.0,0.0,0.0
0.0,0.0,0.0,0.0,0.0,0.0,0.0,0.0
0.0,0.0,0.0,0.0,0.0,0.0,0.0,0.0
0.0,0.0,0.0,0.0,0.0,0.0,0.0,0.0
0.0,0.0,0.0,0.0,0.0,0.0,0.0,0.0
0.0,0.0,0.0,0.0,0.0,0.0,0.0,0.0
0.0,0.0,0.0,0.0,0.0,0.0,0.0,0.0
0.0,0.0,0.0,0.0,0.0,0.0,0.0,0.0
0.0,0.0,0.0,0.0,0.0,0.0,0.0,0.0
0.0,0.0,0.0,0.0,0.0,0.0,0.0,0.0
0.0,0.0,0.0,0.0,0.0,0.0,0.0,0.0
0.0,0.0,0.0,0.0,0.0,0.0,0.0,0.0
0.0,0.0,0.0,0.0,0.0,0.0,0.0,0.0
0.0,0.0,0.0,0.0,0.0,0.0,0.0,0.0
0.0,0.0,0.0,0.0,0.0,0.0,0.0,0.0
0.0,0.0,0.0,0.0,0.0,0.0,0.0,0.0
0.0,0.0,0.0,0.0,0.0,0.0,0.0,0.0
0.0,0.0,0.0,0.0,0.0,0.0,0.0,0.0
0.0,0.0,0.0,0.0,0.0,0.0,0.0,0.0
0.0,0.0,0.0,0.0,0.0,0.0,0.0,0.0
0.0,0.0,0.0,0.0,0.0,0.0,0.0,0.0
0.0,0.0,0.0,0.0,0.0,0.0,0.0,0.0
0.0,0.0,0.0,0.0,0.0,0.0,0.0,0.0
0.0,0.0,0.0,0.0,0.0,0.0,0.0,0.0
0.0,0.0,0.0,0.0,0.0,0.0,0.0,0.0
0.0,0.0,0.0,0.0,0.0,0.0,0.0,0.0
0.0,0.0,0.0,0.0,0.0,0.0,0.0,0.0
0.0,0.0,0.0,0.0,0.0,0.0,0.0,0.0
0.0,0.0,0.0,0.0,0.0,0.0,0.0,0.0
0.0,0.0,0.0,0.0,0.0,0.0,0.0,0.0
0.0,0.0,0.0,0.0,0.0,0.0,0.0,0.0
0.0,0.0,0.0,0.0,0.0,0.0,0.0,0.0
0.0,0.0,0.0,0.0,0.0,0.0,0.0,0.0
0.0,0.0,0.0,0.0,0.0,0.0,0.0,0.0
0.0,0.0,0.0,0.0,0.0,0.0,0.0,0.0
0.0,0.0,0.0,0.0,0.0,0.0,0.0,0.0
0.0,0.0,0.0,0.0,0.0,0.0,0.0,0.0
0.0,0.0,0.0,0.0,0.0,0.0,0.0,0.0
0.0,0.0,0.0,0.0,0.0,0.0,0.0,0.0
0.0,0.0,0.0,0.0,0.0,0.0,0.0,0.0
0.0,0.0,0.0,0.0,0.0,0.0,0.0,0.0
0.0,0.0,0.0,0.0,0.0,0.0,0.0,0.0
0.0,0.0,0.0,0.0,0.0,0.0,0.0,0.0
0.0,0.0,0.0,0.0,0.0,0.0,0.0,0.0
0.0,0.0,0.0,0.0,0.0,0.0,0.0,0.0
0.0,0.0,0.0,0.0,0.0,0.0,0.0,0.0
0.0,0.0,0.0,0.0,0.0,0.0,0.0,0.0
0.0,0.0,0.0,0.0,0.0,0.0,0.0,0.0
0.0,0.0,0.0,0.0,0.0,0.0,0.0,0.0
0.0,0.0,0.0,0.0,0.0,0.0,0.0,0.0
0.0,0.0,0.0,0.0,0.0,0.0,0.0,0.0
0.0,0.0,0.0,0.0,0.0,0.0,0.0,0.0
0.0,0.0,0.0,0.0,0.0,0.0,0.0,0.0
19.1,19.1,19.1,19.1,19.1,19.1,19.1,19.1
19.1,19.1,19.1,19.1,19.1,19.1,19.1,19.1
19.1,19.1,19.1,19.1,19.1,19.1,19.1,19.1
19.1,19.1,19.1,19.1,19.1,19.1,19.1,19.1
81.4,61.0,163.0,59.8,92.1,84.4,117.7,71.2
81.4,61.0,163.0,59.8,92.1,84.4,117.7,71.2
81.4,61.0,163.0,59.8,92.1,84.4,117.7,71.2
81.4,61.0,163.0,59.8,92.1,84.4,117.7,71.2
84.5,63.5,169.6,62.7,212.7,86.9,122.2,74.8
84.5,63.5,169.6,62.7,212.7,86.9,122.2,74.8
84.5,63.5,169.6,62.7,212.7,86.9,122.2,74.8
84.5,63.5,169.6,62.7,97.4,86.9,122.2,74.8
86.4,65.0,173.6,64.4,100.6,88.5,125.0,77.0
86.4,65.0,173.6,64.4,100.6,88.5,125.0,2948.0
86.4,65.0,173.6,64.4,100.6,88.5,125.0,2948.0
86.4,65.0,173.6,64.4,100.6,88.5,125.0,77.0
84.5,626.1,169.6,62.7,97.4,105.5,122.2,74.8
84.5,626.1,169.6,62.7,97.4,105.5,122.2,74.8
84.5,626.1,169.6,62.7,97.4,105.5,122.2,74.8
84.5,626.1,169.6,62.7,97.4,86.9,122.2,74.8
85.1,626.6,171.0,63.2,98.5,87.4,123.2,75.5
85.1,626.6,171.0,63.2,98.5,87.4,123.2,75.5
85.1,64.0,171.0,63.2,98.5,87.4,123.2,75.5
85.1,64.0,171.0,63.2,98.5,87.4,123.2,75.5
58.4,58.4,58.4,58.4,58.4,58.4,58.4,58.4
58.4,58.4,58.4,58.4,58.4,58.4,58.4,58.4
58.4,58.4,58.4,58.4,58.4,58.4,58.4,58.4
58.4,58.4,58.4,58.4,58.4,58.4,58.4,58.4
12.1,12.1,12.1,12.1,12.1,12.1,12.1,12.1
12.1,12.1,12.1,12.1,12.1,12.1,12.1,12.1
12.1,12.1,12.1,12.1,12.1,12.1,12.1,12.1
12.1,12.1,12.1,12.1,12.1,12.1,12.1,12.1
0.0,0.0,0.0,0.0,0.0,0.0,0.0,0.0
0.0,0.0,0.0,0.0,0.0,0.0,0.0,0.0
0.0,0.0,0.0,0.0,0.0,0.0,0.0,0.0
0.0,0.0,0.0,0.0,0.0,0.0,0.0,0.0
0.0,0.0,0.0,0.0,0.0,0.0,0.0,0.0
0.0,0.0,0.0,0.0,0.0,0.0,0.0,0.0
0.0,0.0,0.0,0.0,0.0,0.0,0.0,0.0
0.0,0.0,0.0,0.0,0.0,0.0,0.0,0.0
0.0,0.0,0.0,0.0,0.0,0.0,0.0,0.0
0.0,0.0,0.0,0.0,0.0,0.0,0.0,0.0
0.0,0.0,0.0,0.0,0.0,0.0,0.0,0.0
0.0,0.0,0.0,0.0,0.0,0.0,0.0,0.0
0.0,0.0,0.0,0.0,0.0,0.0,0.0,0.0
0.0,0.0,0.0,0.0,0.0,0.0,0.0,0.0
0.0,0.0,0.0,0.0,0.0,0.0,0.0,0.0
0.0,0.0,0.0,0.0,0.0,0.0,0.0,0.0
0.0,0.0,0.0,0.0,0.0,0.0,0.0,0.0
0.0,0.0,0.0,0.0,0.0,0.0,0.0,0.0
0.0,0.0,0.0,0.0,0.0,0.0,0.0,0.0
0.0,0.0,0.0,0.0,0.0,0.0,0.0,0.0
0.0,0.0,0.0,0.0,0.0,0.0,0.0,0.0
0.0,0.0,0.0,0.0,0.0,0.0,0.0,0.0
0.0,0.0,0.0,0.0,0.0,0.0,0.0,0.0
0.0,0.0,0.0,0.0,0.0,0.0,0.0,0.0
0.0,0.0,0.0,0.0,0.0,0.0,0.0,0.0
0.0,0.0,0.0,0.0,0.0,0.0,0.0,0.0
0.0,0.0,0.0,0.0,0.0,0.0,0.0,0.0
0.0,0.0,0.0,0.0,0.0,0.0,0.0,0.0
0.0,0.0,0.0,0.0,0.0,0.0,0.0,0.0
0.0,0.0,0.0,0.0,0.0,0.0,0.0,0.0
0.0,0.0,0.0,0.0,0.0,0.0,0.0,0.0
0.0,0.0,0.0,0.0,0.0,0.0,0.0,0.0
0.0,0.0,0.0,0.0,0.0,0.0,0.0,0.0
0.0,0.0,0.0,0.0,0.0,0.0,0.0,0.0
0.0,0.0,0.0,0.0,0.0,0.0,0.0,0.0
0.0,0.0,0.0,0.0,0.0,0.0,0.0,0.0
0.0,0.0,0.0,0.0,0.0,0.0,0.0,0.0
0.0,0.0,0.0,0.0,0.0,0.0,0.0,0.0
0.0,0.0,0.0,0.0,0.0,0.0,0.0,0.0
0.0,0.0,0.0,0.0,0.0,0.0,0.0,0.0
0.0,0.0,0.0,0.0,0.0,0.0,0.0,0.0
0.0,0.0,0.0,0.0,0.0,0.0,0.0,0.0
0.0,0.0,0.0,0.0,0.0,0.0,0.0,0.0
0.0,0.0,0.0,0.0,0.0,0.0,0.0,0.0
0.0,0.0,0.0,0.0,0.0,0.0,0.0,0.0
0.0,0.0,0.0,0.0,0.0,0.0,0.0,0.0
0.0,0.0,0.0,0.0,0.0,0.0,0.0,0.0
0.0,0.0,0.0,0.0,0.0,0.0,0.0,0.0
0.0,0.0,0.0,0.0,0.0,0.0,0.0,0.0
0.0,0.0,0.0,0.0,0.0,0.0,0.0,0.0
0.0,0.0,0.0,0.0,0.0,0.0,0.0,0.0
0.0,0.0,0.0,0.0,0.0,0.0,0.0,0.0
0.0,0.0,0.0,0.0,0.0,0.0,0.0,0.0
0.0,0.0,0.0,0.0,0.0,0.0,0.0,0.0
0.0,0.0,0.0,0.0,0.0,0.0,0.0,0.0
0.0,0.0,0.0,0.0,0.0,0.0,0.0,0.0
0.0,0.0,0.0,0.0,0.0,0.0,0.0,0.0
0.0,0.0,0.0,0.0,0.0,0.0,0.0,0.0
0.0,0.0,0.0,0.0,0.0,0.0,0.0,0.0
0.0,0.0,0.0,0.0,0.0,0.0,0.0,0.0
0.0,0.0,0.0,0.0,0.0,0.0,0.0,0.0
0.0,0.0,0.0,0.0,0.0,0.0,0.0,0.0
0.0,0.0,0.0,0.0,0.0,0.0,0.0,0.0
0.0,0.0,0.0,0.0,0.0,0.0,0.0,0.0
33.4,33.4,33.4,33.4,33.4,33.4,33.4,33.4
33.4,33.4,33.4,33.4,33.4,33.4,33.4,33.4
33.4,33.4,33.4,33.4,33.4,33.4,33.4,33.4
33.4,33.4,33.4,33.4,33.4,33.4,33.4,33.4
81.4,61.0,163.0,59.8,92.1,84.4,117.7,71.2
81.4,61.0,163.0,59.8,92.1,84.4,117.7,71.2
81.4,61.0,163.0,59.8,92.1,84.4,587.5,71.2
81.4,61.0,163.0,59.8,92.1,84.4,117.7,71.2
84.5,63.5,169.6,62.7,97.4,86.9,122.2,74.8
84.5,63.5,169.6,62.7,97.4,86.9,122.2,74.8
84.5,63.5,169.6,62.7,97.4,86.9,122.2,74.8
84.5,4245.5,169.6,62.7,97.4,142.6,122.2,74.8
86.4,65.0,173.6,72.0,100.6,88.5,125.0,77.0
86.4,65.0,173.6,72.0,100.6,88.5,125.0,77.0
86.4,65.0,173.6,72.0,100.6,88.5,125.0,77.0
421.7,65.0,173.6,64.4,100.6,88.5,125.0,213.7
419.9,63.5,169.6,62.7,97.4,86.9,122.2,211.5
84.5,63.5,169.6,62.7,97.4,86.9,122.2,74.8
84.5,63.5,169.6,62.7,97.4,86.9,122.2,74.8
84.5,63.5,169.6,62.7,97.4,86.9,122.2,74.8
85.1,64.0,171.0,63.2,98.5,87.4,123.2,75.5
85.1,64.0,171.0,63.2,98.5,87.4,123.2,75.5
85.1,64.0,171.0,63.2,98.5,87.4,123.2,75.5
85.1,64.0,171.0,63.2,98.5,87.4,123.2,75.5
87.0,65.5,174.9,64.9,101.7,89.0,125.9,77.7
87.0,65.5,174.9,64.9,101.7,89.0,125.9,77.7
370.0,65.5,174.9,64.9,101.7,89.0,125.9,77.7
370.0,65.5,174.9,64.9,101.7,89.0,125.9,77.7
376.8,71.0,189.6,71.1,113.3,94.6,136.0,85.6
376.8,71.0,189.6,71.1,113.3,94.6,136.0,85.6
93.8,71.0,189.6,71.1,113.3,94.6,136.0,85.6
93.8,71.0,189.6,71.1,113.3,94.6,136.0,85.6
0.0,0.0,0.0,0.0,0.0,0.0,0.0,0.0
0.0,0.0,0.0,0.0,0.0,0.0,0.0,0.0
0.0,0.0,0.0,0.0,0.0,0.0,0.0,0.0
0.0,0.0,0.0,0.0,0.0,0.0,0.0,0.0
0.0,0.0,0.0,0.0,0.0,0.0,0.0,0.0
0.0,0.0,0.0,0.0,0.0,0.0,0.0,0.0
0.0,0.0,0.0,0.0,0.0,0.0,0.0,0.0
0.0,0.0,0.0,0.0,0.0,0.0,0.0,0.0
0.0,0.0,0.0,0.0,0.0,0.0,0.0,0.0
0.0,0.0,0.0,0.0,0.0,0.0,0.0,0.0
0.0,0.0,0.0,0.0,0.0,0.0,0.0,0.0
0.0,0.0,0.0,0.0,0.0,0.0,0.0,0.0
0.0,0.0,0.0,0.0,0.0,0.0,0.0,0.0
0.0,0.0,0.0,0.0,0.0,0.0,0.0,0.0
0.0,0.0,0.0,0.0,0.0,0.0,0.0,0.0
0.0,0.0,0.0,0.0,0.0,0.0,0.0,0.0
0.0,0.0,0.0,0.0,0.0,0.0,0.0,0.0
0.0,0.0,0.0,0.0,0.0,0.0,0.0,0.0
0.0,0.0,0.0,0.0,0.0,0.0,0.0,0.0
0.0,0.0,0.0,0.0,0.0,0.0,0.0,0.0
0.0,0.0,0.0,0.0,0.0,0.0,0.0,0.0
0.0,0.0,0.0,0.0,0.0,0.0,0.0,0.0
0.0,0.0,0.0,0.0,0.0,0.0,0.0,0.0
0.0,0.0,0.0,0.0,0.0,0.0,0.0,0.0
0.0,0.0,0.0,0.0,0.0,0.0,0.0,0.0
0.0,0.0,0.0,0.0,0.0,0.0,0.0,0.0
0.0,0.0,0.0,0.0,0.0,0.0,0.0,0.0
0.0,0.0,0.0,0.0,0.0,0.0,0.0,0.0
0.0,0.0,0.0,0.0,0.0,0.0,0.0,0.0
0.0,0.0,0.0,0.0,0.0,0.0,0.0,0.0
0.0,0.0,0.0,0.0,0.0,0.0,0.0,0.0
0.0,0.0,0.0,0.0,0.0,0.0,0.0,0.0
0.0,0.0,0.0,0.0,0.0,0.0,0.0,0.0
0.0,0.0,0.0,0.0,0.0,0.0,0.0,0.0
0.0,0.0,0.0,0.0,0.0,0.0,0.0,0.0
0.0,0.0,0.0,0.0,0.0,0.0,0.0,0.0
0.0,0.0,0.0,0.0,0.0,0.0,0.0,0.0
0.0,0.0,0.0,0.0,0.0,0.0,0.0,0.0
0.0,0.0,0.0,0.0,0.0,0.0,0.0,0.0
0.0,0.0,0.0,0.0,0.0,0.0,0.0,0.0
0.0,0.0,0.0,0.0,0.0,0.0,0.0,0.0
0.0,0.0,0.0,0.0,0.0,0.0,0.0,0.0
0.0,0.0,0.0,0.0,0.0,0.0,0.0,0.0
0.0,0.0,0.0,0.0,0.0,0.0,0.0,0.0
0.0,0.0,0.0,0.0,0.0,0.0,0.0,0.0
0.0,0.0,0.0,0.0,0.0,0.0,0.0,0.0
0.0,0.0,0.0,0.0,0.0,0.0,0.0,0.0
0.0,0.0,0.0,0.0,0.0,0.0,0.0,0.0
0.0,0.0,0.0,0.0,0.0,0.0,0.0,0.0
0.0,0.0,0.0,0.0,0.0,0.0,0.0,0.0
0.0,0.0,0.0,0.0,0.0,0.0,0.0,0.0
0.0,0.0,0.0,0.0,0.0,0.0,0.0,0.0
0.0,0.0,0.0,0.0,0.0,0.0,0.0,0.0
0.0,0.0,0.0,0.0,0.0,0.0,0.0,0.0
0.0,0.0,0.0,0.0,0.0,0.0,0.0,0.0
0.0,0.0,0.0,0.0,0.0,0.0,0.0,0.0
0.0,0.0,0.0,0.0,0.0,0.0,0.0,0.0
0.0,0.0,0.0,0.0,0.0,0.0,0.0,0.0
0.0,0.0,0.0,0.0,0.0,0.0,0.0,0.0
0.0,0.0,0.0,0.0,0.0,0.0,0.0,0.0
0.0,0.0,0.0,0.0,0.0,0.0,0.0,0.0
0.0,0.0,0.0,0.0,0.0,0.0,0.0,0.0
0.0,0.0,0.0,0.0,0.0,0.0,0.0,0.0
0.0,0.0,0.0,0.0,0.0,0.0,0.0,0.0
80.1,60.0,160.3,58.7,90.0,83.4,115.8,69.8
80.1,60.0,160.3,58.7,90.0,83.4,115.8,69.8
80.1,60.0,160.3,58.7,90.0,83.4,115.8,69.8
80.1,60.0,160.3,58.7,90.0,83.4,115.8,69.8
81.4,61.0,163.0,59.8,92.1,84.4,117.7,71.2
81.4,61.0,163.0,59.8,92.1,84.4,117.7,71.2
81.4,61.0,163.0,59.8,92.1,84.4,117.7,71.2
81.4,61.0,163.0,59.8,92.1,84.4,117.7,71.2
84.5,63.5,169.6,62.7,97.4,86.9,122.2,74.8
84.5,63.5,169.6,62.7,97.4,86.9,122.2,2535.4
84.5,63.5,169.6,62.7,97.4,86.9,122.2,74.8
84.5,63.5,169.6,62.7,97.4,86.9,122.2,74.8
86.4,65.0,173.6,64.4,100.6,88.5,125.0,77.0
86.4,65.0,173.6,64.4,215.8,144.1,125.0,77.0
86.4,65.0,173.6,64.4,215.8,88.5,125.0,77.0
2347.2,65.0,173.6,64.4,215.8,88.5,125.0,77.0
4453.9,63.5,169.6,62.7,97.4,86.9,122.2,74.8
84.5,63.5,412.3,62.7,97.4,86.9,122.2,74.8
84.5,63.5,412.3,62.7,97.4,86.9,122.2,74.8
84.5,63.5,412.3,62.7,97.4,86.9,122.2,74.8
85.1,64.0,413.6,63.2,98.5,87.4,123.2,75.5
85.1,64.0,413.6,63.2,98.5,87.4,123.2,75.5
85.1,64.0,413.6,63.2,98.5,87.4,123.2,75.5
85.1,64.0,171.0,63.2,98.5,87.4,123.2,75.5
87.0,65.5,174.9,64.9,101.7,89.0,125.9,77.7
87.0,65.5,174.9,64.9,101.7,89.0,125.9,77.7
87.0,65.5,174.9,64.9,101.7,89.0,125.9,77.7
87.0,65.5,174.9,64.9,101.7,89.0,125.9,77.7
93.8,207.8,142.0,71.1,113.3,94.6,123.3,85.6
93.8,207.8,142.0,71.1,113.3,94.6,123.3,85.6
93.8,207.8,142.0,71.1,113.3,94.6,123.3,85.6
93.8,207.8,142.0,71.1,113.3,94.6,123.3,85.6
0.0,0.0,0.0,0.0,0.0,0.0,0.0,0.0
0.0,0.0,0.0,0.0,0.0,0.0,0.0,0.0
0.0,0.0,0.0,0.0,0.0,0.0,0.0,0.0
0.0,0.0,0.0,0.0,0.0,0.0,0.0,0.0
0.0,0.0,0.0,0.0,0.0,0.0,0.0,0.0
0.0,0.0,0.0,0.0,0.0,0.0,0.0,0.0
0.0,0.0,0.0,0.0,0.0,0.0,0.0,0.0
0.0,0.0,0.0,0.0,0.0,0.0,0.0,0.0
0.0,0.0,0.0,0.0,0.0,0.0,0.0,0.0
0.0,0.0,0.0,0.0,0.0,0.0,0.0,0.0
0.0,0.0,0.0,0.0,0.0,0.0,0.0,0.0
0.0,0.0,0.0,0.0,0.0,0.0,0.0,0.0
0.0,0.0,0.0,0.0,0.0,0.0,0.0,0.0
0.0,0.0,0.0,0.0,0.0,0.0,0.0,0.0
0.0,0.0,0.0,0.0,0.0,0.0,0.0,0.0
0.0,0.0,0.0,0.0,0.0,0.0,0.0,0.0
0.0,0.0,0.0,0.0,0.0,0.0,0.0,0.0
0.0,0.0,0.0,0.0,0.0,0.0,0.0,0.0
0.0,0.0,0.0,0.0,0.0,0.0,0.0,0.0
0.0,0.0,0.0,0.0,0.0,0.0,0.0,0.0
0.0,0.0,0.0,0.0,0.0,0.0,0.0,0.0
0.0,0.0,0.0,0.0,0.0,0.0,0.0,0.0
0.0,0.0,0.0,0.0,0.0,0.0,0.0,0.0
0.0,0.0,0.0,0.0,0.0,0.0,0.0,0.0
0.0,0.0,0.0,0.0,0.0,0.0,0.0,0.0
0.0,0.0,0.0,0.0,0.0,0.0,0.0,0.0
0.0,0.0,0.0,0.0,0.0,0.0,0.0,0.0
0.0,0.0,0.0,0.0,0.0,0.0,0.0,0.0
0.0,0.0,0.0,0.0,0.0,0.0,0.0,0.0
0.0,0.0,0.0,0.0,0.0,0.0,0.0,0.0
0.0,0.0,0.0,0.0,0.0,0.0,0.0,0.0
0.0,0.0,0.0,0.0,0.0,0.0,0.0,0.0
0.0,0.0,0.0,0.0,0.0,0.0,0.0,0.0
0.0,0.0,0.0,0.0,0.0,0.0,0.0,0.0
0.0,0.0,0.0,0.0,0.0,0.0,0.0,0.0
0.0,0.0,0.0,0.0,0.0,0.0,0.0,0.0
0.0,0.0,0.0,0.0,0.0,0.0,0.0,0.0
0.0,0.0,0.0,0.0,0.0,0.0,0.0,0.0
0.0,0.0,0.0,0.0,0.0,0.0,0.0,0.0
0.0,0.0,0.0,0.0,0.0,0.0,0.0,0.0
0.0,0.0,0.0,0.0,0.0,0.0,0.0,0.0
0.0,0.0,0.0,0.0,0.0,0.0,0.0,0.0
0.0,0.0,0.0,0.0,0.0,0.0,0.0,0.0
0.0,0.0,0.0,0.0,0.0,0.0,0.0,0.0
0.0,0.0,0.0,0.0,0.0,0.0,0.0,0.0
0.0,0.0,0.0,0.0,0.0,0.0,0.0,0.0
0.0,0.0,0.0,0.0,0.0,0.0,0.0,0.0
0.0,0.0,0.0,0.0,0.0,0.0,0.0,0.0
0.0,0.0,0.0,0.0,0.0,0.0,0.0,0.0
0.0,0.0,0.0,0.0,0.0,0.0,0.0,0.0
0.0,0.0,0.0,0.0,0.0,0.0,0.0,0.0
0.0,0.0,0.0,0.0,0.0,0.0,0.0,0.0
0.0,0.0,0.0,0.0,0.0,0.0,0.0,0.0
0.0,0.0,0.0,0.0,0.0,0.0,0.0,0.0
0.0,0.0,0.0,0.0,0.0,0.0,0.0,0.0
0.0,0.0,0.0,0.0,0.0,0.0,0.0,0.0
6.4,6.4,6.4,6.4,6.4,6.4,6.4,6.4
6.4,6.4,6.4,6.4,6.4,6.4,6.4,6.4
6.4,6.4,6.4,6.4,6.4,6.4,6.4,6.4
6.4,6.4,6.4,6.4,6.4,6.4,6.4,6.4
57.1,57.1,57.2,57.0,57.1,57.1,57.2,57.1
57.1,57.1,57.2,57.0,57.1,57.1,57.2,57.1
57.1,57.1,57.2,57.0,57.1,57.1,57.1,57.1
57.1,57.1,57.2,57.0,57.1,57.1,57.1,57.1
80.1,60.0,160.3,58.7,90.0,83.4,115.8,69.8
80.1,60.0,160.3,58.7,90.0,83.4,115.8,69.8
80.1,60.0,160.3,58.7,90.0,83.4,115.8,69.8
80.1,60.0,160.3,58.7,90.0,83.4,115.8,69.8
81.4,61.0,163.0,59.8,92.1,84.4,117.7,71.2
81.4,61.0,163.0,59.8,92.1,84.4,117.7,71.2
81.4,61.0,163.0,59.8,92.1,84.4,117.7,71.2
81.4,61.0,163.0,59.8,92.1,84.4,117.7,71.2
84.5,63.5,169.6,62.7,97.4,86.9,122.2,74.8
84.5,63.5,169.6,62.7,270.3,86.9,122.2,74.8
84.5,63.5,169.6,62.7,270.3,86.9,122.2,74.8
84.5,63.5,169.6,62.7,97.4,86.9,122.2,74.8
86.4,221.9,173.6,64.4,100.6,88.5,125.0,213.7
86.4,221.9,198.6,64.4,100.6,88.5,125.0,213.7
86.4,65.0,198.6,64.4,100.6,88.5,125.0,77.0
86.4,65.0,173.6,64.4,100.6,144.1,125.0,77.0
84.5,63.5,169.6,62.7,97.4,86.9,122.2,74.8
84.5,63.5,169.6,62.7,97.4,86.9,122.2,74.8
84.5,63.5,1020.6,62.7,97.4,86.9,122.2,74.8
84.5,63.5,1020.6,62.7,97.4,86.9,122.2,74.8
85.1,64.0,1022.0,63.2,98.5,87.4,123.2,75.5
85.1,64.0,1022.0,977.6,98.5,87.4,123.2,75.5
85.1,64.0,171.0,977.6,98.5,87.4,123.2,75.5
85.1,64.0,171.0,977.6,98.5,87.4,123.2,75.5
60.5,60.5,60.5,60.5,60.5,60.5,60.5,60.5
60.5,60.5,60.5,60.5,60.5,60.5,60.5,60.5
60.5,60.5,60.5,60.5,60.5,60.5,60.5,60.5
60.5,60.5,60.5,60.5,60.5,60.5,60.5,60.5
14.6,14.6,14.6,14.6,14.6,14.6,14.6,14.6
14.6,14.6,14.6,14.6,14.6,14.6,14.6,14.6
14.6,14.6,14.6,14.6,14.6,14.6,14.6,14.6
14.6,14.6,14.6,14.6,14.6,14.6,14.6,14.6
0.0,0.0,0.0,0.0,0.0,0.0,0.0,0.0
0.0,0.0,0.0,0.0,0.0,0.0,0.0,0.0
0.0,0.0,0.0,0.0,0.0,0.0,0.0,0.0
0.0,0.0,0.0,0.0,0.0,0.0,0.0,0.0
0.0,0.0,0.0,0.0,0.0,0.0,0.0,0.0
0.0,0.0,0.0,0.0,0.0,0.0,0.0,0.0
0.0,0.0,0.0,0.0,0.0,0.0,0.0,0.0
0.0,0.0,0.0,0.0,0.0,0.0,0.0,0.0
0.0,0.0,0.0,0.0,0.0,0.0,0.0,0.0
0.0,0.0,0.0,0.0,0.0,0.0,0.0,0.0
0.0,0.0,0.0,0.0,0.0,0.0,0.0,0.0
0.0,0.0,0.0,0.0,0.0,0.0,0.0,0.0
0.0,0.0,0.0,0.0,0.0,0.0,0.0,0.0
0.0,0.0,0.0,0.0,0.0,0.0,0.0,0.0
0.0,0.0,0.0,0.0,0.0,0.0,0.0,0.0
0.0,0.0,0.0,0.0,0.0,0.0,0.0,0.0
0.0,0.0,0.0,0.0,0.0,0.0,0.0,0.0
0.0,0.0,0.0,0.0,0.0,0.0,0.0,0.0
0.0,0.0,0.0,0.0,0.0,0.0,0.0,0.0
0.0,0.0,0.0,0.0,0.0,0.0,0.0,0.0
0.0,0.0,0.0,0.0,0.0,0.0,0.0,0.0
0.0,0.0,0.0,0.0,0.0,0.0,0.0,0.0
0.0,0.0,0.0,0.0,0.0,0.0,0.0,0.0
0.0,0.0,0.0,0.0,0.0,0.0,0.0,0.0
0.0,0.0,0.0,0.0,0.0,0.0,0.0,0.0
0.0,0.0,0.0,0.0,0.0,0.0,0.0,0.0
0.0,0.0,0.0,0.0,0.0,0.0,0.0,0.0
0.0,0.0,0.0,0.0,0.0,0.0,0.0,0.0
0.0,0.0,0.0,0.0,0.0,0.0,0.0,0.0
0.0,0.0,0.0,0.0,0.0,0.0,0.0,0.0
0.0,0.0,0.0,0.0,0.0,0.0,0.0,0.0
0.0,0.0,0.0,0.0,0.0,0.0,0.0,0.0
0.0,0.0,0.0,0.0,0.0,0.0,0.0,0.0
0.0,0.0,0.0,0.0,0.0,0.0,0.0,0.0
0.0,0.0,0.0,0.0,0.0,0.0,0.0,0.0
0.0,0.0,0.0,0.0,0.0,0.0,0.0,0.0
0.0,0.0,0.0,0.0,0.0,0.0,0.0,0.0
0.0,0.0,0.0,0.0,0.0,0.0,0.0,0.0
0.0,0.0,0.0,0.0,0.0,0.0,0.0,0.0
0.0,0.0,0.0,0.0,0.0,0.0,0.0,0.0
0.0,0.0,0.0,0.0,0.0,0.0,0.0,0.0
0.0,0.0,0.0,0.0,0.0,0.0,0.0,0.0
0.0,0.0,0.0,0.0,0.0,0.0,0.0,0.0
0.0,0.0,0.0,0.0,0.0,0.0,0.0,0.0
0.0,0.0,0.0,0.0,0.0,0.0,0.0,0.0
0.0,0.0,0.0,0.0,0.0,0.0,0.0,0.0
0.0,0.0,0.0,0.0,0.0,0.0,0.0,0.0
0.0,0.0,0.0,0.0,0.0,0.0,0.0,0.0
0.0,0.0,0.0,0.0,0.0,0.0,0.0,0.0
0.0,0.0,0.0,0.0,0.0,0.0,0.0,0.0
0.0,0.0,0.0,0.0,0.0,0.0,0.0,0.0
0.0,0.0,0.0,0.0,0.0,0.0,0.0,0.0
0.0,0.0,0.0,0.0,0.0,0.0,0.0,0.0
0.0,0.0,0.0,0.0,0.0,0.0,0.0,0.0
0.0,0.0,0.0,0.0,0.0,0.0,0.0,0.0
0.0,0.0,0.0,0.0,0.0,0.0,0.0,0.0
0.0,0.0,0.0,0.0,0.0,0.0,0.0,0.0
0.0,0.0,0.0,0.0,0.0,0.0,0.0,0.0
0.0,0.0,0.0,0.0,0.0,0.0,0.0,0.0
0.0,0.0,0.0,0.0,0.0,0.0,0.0,0.0
0.0,0.0,0.0,0.0,0.0,0.0,0.0,0.0
0.0,0.0,0.0,0.0,0.0,0.0,0.0,0.0
0.0,0.0,0.0,0.0,0.0,0.0,0.0,0.0
0.0,0.0,0.0,0.0,0.0,0.0,0.0,0.0
80.1,60.0,160.3,58.7,90.0,83.4,115.8,69.8
80.1,60.0,160.3,58.7,90.0,83.4,115.8,69.8
80.1,60.0,160.3,58.7,90.0,83.4,115.8,69.8
80.1,60.0,160.3,58.7,90.0,83.4,115.8,69.8
81.4,61.0,163.0,59.8,92.1,84.4,117.7,71.2
81.4,61.0,163.0,59.8,92.1,84.4,117.7,71.2
81.4,61.0,163.0,59.8,92.1,84.4,117.7,71.2
81.4,61.0,163.0,59.8,92.1,84.4,117.7,71.2
84.5,63.5,169.6,62.7,97.4,86.9,122.2,74.8
84.5,377.4,169.6,62.7,97.4,86.9,122.2,74.8
84.5,63.5,169.6,694.0,97.4,86.9,122.2,74.8
84.5,63.5,186.3,694.0,97.4,86.9,122.2,211.5
86.4,65.0,190.3,695.7,100.6,88.5,125.0,213.7
86.4,65.0,190.3,695.7,100.6,88.5,125.0,77.0
86.4,65.0,173.6,718.6,100.6,88.5,125.0,77.0
86.4,65.0,173.6,695.7,100.6,88.5,125.0,77.0
84.5,63.5,169.6,62.7,97.4,86.9,122.2,74.8
84.5,63.5,169.6,62.7,97.4,86.9,122.2,74.8
84.5,63.5,169.6,62.7,97.4,86.9,122.2,74.8
84.5,63.5,791.1,62.7,97.4,86.9,122.2,74.8
85.1,64.0,792.5,63.2,98.5,87.4,123.2,75.5
85.1,64.0,792.5,63.2,98.5,87.4,123.2,75.5
85.1,64.0,792.5,63.2,98.5,87.4,123.2,75.5
85.1,64.0,792.5,63.2,98.5,87.4,123.2,75.5
87.0,65.5,796.4,64.9,101.7,89.0,125.9,77.7
87.0,65.5,796.4,64.9,101.7,89.0,125.9,77.7
87.0,65.5,796.4,64.9,101.7,89.0,125.9,77.7
87.0,65.5,174.9,64.9,101.7,89.0,125.9,77.7
10.3,10.3,10.3,10.3,10.3,10.3,10.3,10.3
10.3,10.3,10.3,10.3,10.3,10.3,10.3,10.3
10.3,10.3,10.3,10.3,10.3,10.3,10.3,10.3
10.3,10.3,10.3,10.3,10.3,10.3,10.3,10.3
0.0,0.0,0.0,0.0,0.0,0.0,0.0,0.0
0.0,0.0,0.0,0.0,0.0,0.0,0.0,0.0
0.0,0.0,0.0,0.0,0.0,0.0,0.0,0.0
0.0,0.0,0.0,0.0,0.0,0.0,0.0,0.0
0.0,0.0,0.0,0.0,0.0,0.0,0.0,0.0
0.0,0.0,0.0,0.0,0.0,0.0,0.0,0.0
0.0,0.0,0.0,0.0,0.0,0.0,0.0,0.0
0.0,0.0,0.0,0.0,0.0,0.0,0.0,0.0
0.0,0.0,0.0,0.0,0.0,0.0,0.0,0.0
0.0,0.0,0.0,0.0,0.0,0.0,0.0,0.0
0.0,0.0,0.0,0.0,0.0,0.0,0.0,0.0
0.0,0.0,0.0,0.0,0.0,0.0,0.0,0.0
0.0,0.0,0.0,0.0,0.0,0.0,0.0,0.0
0.0,0.0,0.0,0.0,0.0,0.0,0.0,0.0
0.0,0.0,0.0,0.0,0.0,0.0,0.0,0.0
0.0,0.0,0.0,0.0,0.0,0.0,0.0,0.0
0.0,0.0,0.0,0.0,0.0,0.0,0.0,0.0
0.0,0.0,0.0,0.0,0.0,0.0,0.0,0.0
0.0,0.0,0.0,0.0,0.0,0.0,0.0,0.0
0.0,0.0,0.0,0.0,0.0,0.0,0.0,0.0
0.0,0.0,0.0,0.0,0.0,0.0,0.0,0.0
0.0,0.0,0.0,0.0,0.0,0.0,0.0,0.0
0.0,0.0,0.0,0.0,0.0,0.0,0.0,0.0
0.0,0.0,0.0,0.0,0.0,0.0,0.0,0.0
0.0,0.0,0.0,0.0,0.0,0.0,0.0,0.0
0.0,0.0,0.0,0.0,0.0,0.0,0.0,0.0
0.0,0.0,0.0,0.0,0.0,0.0,0.0,0.0
0.0,0.0,0.0,0.0,0.0,0.0,0.0,0.0
0.0,0.0,0.0,0.0,0.0,0.0,0.0,0.0
0.0,0.0,0.0,0.0,0.0,0.0,0.0,0.0
0.0,0.0,0.0,0.0,0.0,0.0,0.0,0.0
0.0,0.0,0.0,0.0,0.0,0.0,0.0,0.0
0.0,0.0,0.0,0.0,0.0,0.0,0.0,0.0
0.0,0.0,0.0,0.0,0.0,0.0,0.0,0.0
0.0,0.0,0.0,0.0,0.0,0.0,0.0,0.0
0.0,0.0,0.0,0.0,0.0,0.0,0.0,0.0
0.0,0.0,0.0,0.0,0.0,0.0,0.0,0.0
0.0,0.0,0.0,0.0,0.0,0.0,0.0,0.0
0.0,0.0,0.0,0.0,0.0,0.0,0.0,0.0
0.0,0.0,0.0,0.0,0.0,0.0,0.0,0.0
0.0,0.0,0.0,0.0,0.0,0.0,0.0,0.0
0.0,0.0,0.0,0.0,0.0,0.0,0.0,0.0
0.0,0.0,0.0,0.0,0.0,0.0,0.0,0.0
0.0,0.0,0.0,0.0,0.0,0.0,0.0,0.0
0.0,0.0,0.0,0.0,0.0,0.0,0.0,0.0
0.0,0.0,0.0,0.0,0.0,0.0,0.0,0.0
0.0,0.0,0.0,0.0,0.0,0.0,0.0,0.0
0.0,0.0,0.0,0.0,0.0,0.0,0.0,0.0
0.0,0.0,0.0,0.0,0.0,0.0,0.0,0.0
0.0,0.0,0.0,0.0,0.0,0.0,0.0,0.0
0.0,0.0,0.0,0.0,0.0,0.0,0.0,0.0
0.0,0.0,0.0,0.0,0.0,0.0,0.0,0.0
0.0,0.0,0.0,0.0,0.0,0.0,0.0,0.0
0.0,0.0,0.0,0.0,0.0,0.0,0.0,0.0
0.0,0.0,0.0,0.0,0.0,0.0,0.0,0.0
0.0,0.0,0.0,0.0,0.0,0.0,0.0,0.0
0.0,0.0,0.0,0.0,0.0,0.0,0.0,0.0
0.0,0.0,0.0,0.0,0.0,0.0,0.0,0.0
0.0,0.0,0.0,0.0,0.0,0.0,0.0,0.0
0.0,0.0,0.0,0.0,0.0,0.0,0.0,0.0
0.0,0.0,0.0,0.0,0.0,0.0,0.0,0.0
0.0,0.0,0.0,0.0,0.0,0.0,0.0,0.0
0.0,0.0,0.0,0.0,0.0,0.0,0.0,0.0
0.0,0.0,0.0,0.0,0.0,0.0,0.0,0.0
80.1,60.0,349.8,58.7,90.0,83.4,113.7,69.8
80.1,60.0,349.8,58.7,90.0,83.4,113.7,69.8
80.1,60.0,349.8,58.7,90.0,83.4,113.7,69.8
80.1,60.0,350.1,58.7,90.0,83.4,113.5,69.8
81.4,61.0,779.0,59.8,92.1,84.4,117.7,71.2
81.4,61.0,779.0,59.8,92.1,84.4,117.7,71.2
81.4,61.0,760.4,59.8,92.1,102.9,117.7,71.2
81.4,61.0,760.4,59.8,92.1,102.9,117.7,71.2
84.5,63.5,169.6,62.7,97.4,105.5,122.2,74.8
84.5,63.5,169.6,85.6,97.4,86.9,122.2,74.8
84.5,63.5,169.6,62.7,97.4,86.9,122.2,74.8
84.5,63.5,169.6,62.7,97.4,86.9,122.2,74.8
86.4,65.0,173.6,64.4,100.6,88.5,125.0,77.0
86.4,65.0,173.6,64.4,100.6,88.5,125.0,77.0
86.4,65.0,173.6,64.4,100.6,88.5,125.0,77.0
86.4,580.7,163.3,64.4,100.6,88.5,125.0,77.0
440.9,245.8,161.9,62.7,97.4,86.9,122.2,74.8
440.9,245.8,161.9,62.7,97.4,86.9,122.2,74.8
84.5,63.5,169.6,62.7,97.4,86.9,122.2,74.8
84.5,63.5,169.6,62.7,97.4,86.9,122.2,74.8
85.1,64.0,171.0,63.2,98.5,87.4,123.2,75.5
85.1,64.0,171.0,63.2,98.5,87.4,123.2,75.5
85.1,64.0,171.0,63.2,98.5,87.4,123.2,75.5
85.1,64.0,171.0,63.2,98.5,87.4,123.2,75.5
87.0,65.5,174.9,64.9,101.7,89.0,125.9,77.7
87.0,65.5,174.9,64.9,101.7,89.0,125.9,77.7
87.0,65.5,174.9,64.9,101.7,89.0,125.9,77.7
87.0,65.5,174.9,64.9,101.7,89.0,125.9,77.7
93.8,71.0,189.6,71.1,113.3,94.6,136.0,85.6
93.8,71.0,189.6,71.1,113.3,94.6,136.0,85.6
93.8,71.0,189.6,71.1,113.3,94.6,136.0,85.6
93.8,71.0,189.6,71.1,113.3,94.6,136.0,85.6
0.0,0.0,0.0,0.0,0.0,0.0,0.0,0.0
0.0,0.0,0.0,0.0,0.0,0.0,0.0,0.0
0.0,0.0,0.0,0.0,0.0,0.0,0.0,0.0
0.0,0.0,0.0,0.0,0.0,0.0,0.0,0.0
0.0,0.0,0.0,0.0,0.0,0.0,0.0,0.0
0.0,0.0,0.0,0.0,0.0,0.0,0.0,0.0
0.0,0.0,0.0,0.0,0.0,0.0,0.0,0.0
0.0,0.0,0.0,0.0,0.0,0.0,0.0,0.0
0.0,0.0,0.0,0.0,0.0,0.0,0.0,0.0
0.0,0.0,0.0,0.0,0.0,0.0,0.0,0.0
0.0,0.0,0.0,0.0,0.0,0.0,0.0,0.0
0.0,0.0,0.0,0.0,0.0,0.0,0.0,0.0
0.0,0.0,0.0,0.0,0.0,0.0,0.0,0.0
0.0,0.0,0.0,0.0,0.0,0.0,0.0,0.0
0.0,0.0,0.0,0.0,0.0,0.0,0.0,0.0
0.0,0.0,0.0,0.0,0.0,0.0,0.0,0.0
0.0,0.0,0.0,0.0,0.0,0.0,0.0,0.0
0.0,0.0,0.0,0.0,0.0,0.0,0.0,0.0
0.0,0.0,0.0,0.0,0.0,0.0,0.0,0.0
0.0,0.0,0.0,0.0,0.0,0.0,0.0,0.0
0.0,0.0,0.0,0.0,0.0,0.0,0.0,0.0
0.0,0.0,0.0,0.0,0.0,0.0,0.0,0.0
0.0,0.0,0.0,0.0,0.0,0.0,0.0,0.0
0.0,0.0,0.0,0.0,0.0,0.0,0.0,0.0
0.0,0.0,0.0,0.0,0.0,0.0,0.0,0.0
0.0,0.0,0.0,0.0,0.0,0.0,0.0,0.0
0.0,0.0,0.0,0.0,0.0,0.0,0.0,0.0
0.0,0.0,0.0,0.0,0.0,0.0,0.0,0.0
0.0,0.0,0.0,0.0,0.0,0.0,0.0,0.0
0.0,0.0,0.0,0.0,0.0,0.0,0.0,0.0
0.0,0.0,0.0,0.0,0.0,0.0,0.0,0.0
0.0,0.0,0.0,0.0,0.0,0.0,0.0,0.0
0.0,0.0,0.0,0.0,0.0,0.0,0.0,0.0
0.0,0.0,0.0,0.0,0.0,0.0,0.0,0.0
0.0,0.0,0.0,0.0,0.0,0.0,0.0,0.0
0.0,0.0,0.0,0.0,0.0,0.0,0.0,0.0
0.0,0.0,0.0,0.0,0.0,0.0,0.0,0.0
0.0,0.0,0.0,0.0,0.0,0.0,0.0,0.0
0.0,0.0,0.0,0.0,0.0,0.0,0.0,0.0
0.0,0.0,0.0,0.0,0.0,0.0,0.0,0.0
0.0,0.0,0.0,0.0,0.0,0.0,0.0,0.0
0.0,0.0,0.0,0.0,0.0,0.0,0.0,0.0
0.0,0.0,0.0,0.0,0.0,0.0,0.0,0.0
0.0,0.0,0.0,0.0,0.0,0.0,0.0,0.0
0.0,0.0,0.0,0.0,0.0,0.0,0.0,0.0
0.0,0.0,0.0,0.0,0.0,0.0,0.0,0.0
0.0,0.0,0.0,0.0,0.0,0.0,0.0,0.0
0.0,0.0,0.0,0.0,0.0,0.0,0.0,0.0
0.0,0.0,0.0,0.0,0.0,0.0,0.0,0.0
0.0,0.0,0.0,0.0,0.0,0.0,0.0,0.0
0.0,0.0,0.0,0.0,0.0,0.0,0.0,0.0
0.0,0.0,0.0,0.0,0.0,0.0,0.0,0.0
0.0,0.0,0.0,0.0,0.0,0.0,0.0,0.0
0.0,0.0,0.0,0.0,0.0,0.0,0.0,0.0
0.0,0.0,0.0,0.0,0.0,0.0,0.0,0.0
0.0,0.0,0.0,0.0,0.0,0.0,0.0,0.0
4.4,4.4,4.4,4.4,4.4,4.4,4.4,4.4
4.4,4.4,4.4,4.4,4.4,4.4,4.4,4.4
4.4,4.4,4.4,4.4,4.4,4.4,4.4,4.4
4.4,4.4,4.4,4.4,4.4,4.4,4.4,4.4
11.3,11.3,11.3,11.3,11.3,11.3,11.3,11.3
11.3,11.3,11.3,11.3,11.3,11.3,11.3,11.3
11.3,11.3,11.3,11.3,11.3,11.3,11.3,11.3
11.3,11.3,11.3,11.3,11.3,11.3,11.3,11.3
80.1,60.0,151.1,58.7,90.0,83.4,115.8,290.8
80.1,60.0,151.1,58.7,90.0,83.4,115.8,290.8
80.1,60.0,151.1,58.7,90.0,83.4,115.8,290.8
80.1,60.0,151.1,58.7,90.0,83.4,115.8,290.8
81.4,61.0,163.0,59.8,92.1,84.4,117.7,338.5
81.4,61.0,163.0,59.8,92.1,84.4,117.7,338.5
81.4,61.0,179.6,59.8,92.1,84.4,117.7,338.5
81.4,61.0,179.6,59.8,92.1,84.4,117.7,338.5
84.5,281.0,186.3,62.7,1698.7,86.9,122.2,342.1
84.5,281.0,169.6,62.7,1715.4,86.9,122.2,342.1
84.5,281.0,169.6,62.7,671.0,86.9,359.4,1149.2
84.5,281.0,169.6,62.7,97.4,86.9,367.4,74.8
86.4,282.5,173.6,64.4,100.6,88.5,370.1,77.0
86.4,439.4,173.6,64.4,100.6,88.5,370.1,77.0
86.4,439.4,173.6,64.4,100.6,88.5,370.1,77.0
86.4,282.5,173.6,64.4,100.6,88.5,370.1,77.0
84.5,63.5,169.6,62.7,97.4,86.9,367.4,74.8
84.5,63.5,169.6,62.7,97.4,86.9,122.2,74.8
84.5,63.5,169.6,62.7,97.4,86.9,122.2,74.8
84.5,63.5,169.6,62.7,97.4,86.9,122.2,74.8
85.1,64.0,171.0,63.2,98.5,87.4,123.2,75.5
85.1,64.0,171.0,63.2,98.5,87.4,123.2,75.5
85.1,64.0,171.0,63.2,98.5,87.4,123.2,75.5
85.1,64.0,171.0,63.2,98.5,87.4,123.2,75.5
87.0,65.5,174.9,64.9,101.7,89.0,125.9,77.7
87.0,65.5,174.9,64.9,101.7,89.0,125.9,77.7
87.0,65.5,174.9,64.9,101.7,89.0,125.9,77.7
87.0,65.5,174.9,64.9,101.7,89.0,125.9,77.7
93.8,71.0,189.6,71.1,113.3,94.6,136.0,85.6
93.8,71.0,189.6,71.1,113.3,94.6,136.0,85.6
93.8,71.0,189.6,71.1,113.3,94.6,136.0,85.6
93.8,71.0,189.6,71.1,113.3,94.6,136.0,85.6
0.0,0.0,0.0,0.0,0.0,0.0,0.0,0.0
0.0,0.0,0.0,0.0,0.0,0.0,0.0,0.0
0.0,0.0,0.0,0.0,0.0,0.0,0.0,0.0
0.0,0.0,0.0,0.0,0.0,0.0,0.0,0.0
0.0,0.0,0.0,0.0,0.0,0.0,0.0,0.0
0.0,0.0,0.0,0.0,0.0,0.0,0.0,0.0
0.0,0.0,0.0,0.0,0.0,0.0,0.0,0.0
0.0,0.0,0.0,0.0,0.0,0.0,0.0,0.0
0.0,0.0,0.0,0.0,0.0,0.0,0.0,0.0
0.0,0.0,0.0,0.0,0.0,0.0,0.0,0.0
0.0,0.0,0.0,0.0,0.0,0.0,0.0,0.0
0.0,0.0,0.0,0.0,0.0,0.0,0.0,0.0
0.0,0.0,0.0,0.0,0.0,0.0,0.0,0.0
0.0,0.0,0.0,0.0,0.0,0.0,0.0,0.0
0.0,0.0,0.0,0.0,0.0,0.0,0.0,0.0
0.0,0.0,0.0,0.0,0.0,0.0,0.0,0.0
0.0,0.0,0.0,0.0,0.0,0.0,0.0,0.0
0.0,0.0,0.0,0.0,0.0,0.0,0.0,0.0
0.0,0.0,0.0,0.0,0.0,0.0,0.0,0.0
0.0,0.0,0.0,0.0,0.0,0.0,0.0,0.0
0.0,0.0,0.0,0.0,0.0,0.0,0.0,0.0
0.0,0.0,0.0,0.0,0.0,0.0,0.0,0.0
0.0,0.0,0.0,0.0,0.0,0.0,0.0,0.0
0.0,0.0,0.0,0.0,0.0,0.0,0.0,0.0
0.0,0.0,0.0,0.0,0.0,0.0,0.0,0.0
0.0,0.0,0.0,0.0,0.0,0.0,0.0,0.0
0.0,0.0,0.0,0.0,0.0,0.0,0.0,0.0
0.0,0.0,0.0,0.0,0.0,0.0,0.0,0.0
0.0,0.0,0.0,0.0,0.0,0.0,0.0,0.0
0.0,0.0,0.0,0.0,0.0,0.0,0.0,0.0
0.0,0.0,0.0,0.0,0.0,0.0,0.0,0.0
0.0,0.0,0.0,0.0,0.0,0.0,0.0,0.0
0.0,0.0,0.0,0.0,0.0,0.0,0.0,0.0
0.0,0.0,0.0,0.0,0.0,0.0,0.0,0.0
0.0,0.0,0.0,0.0,0.0,0.0,0.0,0.0
0.0,0.0,0.0,0.0,0.0,0.0,0.0,0.0
0.0,0.0,0.0,0.0,0.0,0.0,0.0,0.0
0.0,0.0,0.0,0.0,0.0,0.0,0.0,0.0
0.0,0.0,0.0,0.0,0.0,0.0,0.0,0.0
0.0,0.0,0.0,0.0,0.0,0.0,0.0,0.0
0.0,0.0,0.0,0.0,0.0,0.0,0.0,0.0
0.0,0.0,0.0,0.0,0.0,0.0,0.0,0.0
0.0,0.0,0.0,0.0,0.0,0.0,0.0,0.0
0.0,0.0,0.0,0.0,0.0,0.0,0.0,0.0
0.0,0.0,0.0,0.0,0.0,0.0,0.0,0.0
0.0,0.0,0.0,0.0,0.0,0.0,0.0,0.0
0.0,0.0,0.0,0.0,0.0,0.0,0.0,0.0
0.0,0.0,0.0,0.0,0.0,0.0,0.0,0.0
0.0,0.0,0.0,0.0,0.0,0.0,0.0,0.0
0.0,0.0,0.0,0.0,0.0,0.0,0.0,0.0
0.0,0.0,0.0,0.0,0.0,0.0,0.0,0.0
0.0,0.0,0.0,0.0,0.0,0.0,0.0,0.0
0.0,0.0,0.0,0.0,0.0,0.0,0.0,0.0
0.0,0.0,0.0,0.0,0.0,0.0,0.0,0.0
0.0,0.0,0.0,0.0,0.0,0.0,0.0,0.0
0.0,0.0,0.0,0.0,0.0,0.0,0.0,0.0
4.3,4.3,4.3,4.3,4.3,4.3,4.3,4.3
4.3,4.3,4.3,4.3,4.3,4.3,4.3,4.3
4.3,4.3,4.3,4.3,4.3,4.3,4.3,4.3
4.3,4.3,4.3,4.3,4.3,4.3,4.3,4.3
12.1,12.1,12.1,12.1,12.1,12.1,12.1,12.1
12.1,12.1,12.1,12.1,12.1,12.1,12.1,12.1
12.1,12.1,12.1,12.1,12.1,12.1,12.1,12.1
12.1,12.1,12.1,12.1,12.1,12.1,12.1,12.1
80.1,60.0,160.3,58.7,90.0,83.4,115.8,69.8
80.1,60.0,160.3,58.7,90.0,83.4,115.8,69.8
80.1,60.0,160.3,58.7,90.0,83.4,115.8,69.8
80.1,60.0,160.3,58.7,90.0,83.4,115.8,69.8
81.4,61.0,163.0,59.8,92.1,84.4,117.7,71.2
81.4,61.0,163.0,59.8,92.1,84.4,117.7,71.2
81.4,61.0,163.0,59.8,92.1,84.4,117.7,71.2
81.4,61.0,163.0,59.8,265.0,84.4,117.7,71.2
84.5,63.5,169.6,62.7,270.3,86.9,122.2,74.8
299.2,63.5,159.2,62.7,325.3,86.9,122.2,74.8
456.0,63.5,169.6,62.7,97.4,86.9,122.2,74.8
456.0,63.5,169.6,62.7,97.4,86.9,122.2,74.8
5785.7,65.0,173.6,64.4,100.6,88.5,125.0,77.0
5785.7,65.0,173.6,64.4,100.6,88.5,125.0,77.0
457.9,65.0,173.6,64.4,100.6,88.5,125.0,77.0
457.9,65.0,173.6,87.3,100.6,88.5,125.0,77.0
165.3,63.5,144.0,62.7,97.4,142.0,385.6,74.8
84.5,63.5,201.1,62.7,97.4,86.9,464.4,74.8
84.5,63.5,201.1,62.7,97.4,86.9,464.4,74.8
84.5,63.5,543.2,62.7,97.4,86.9,122.2,74.8
82.8,64.0,106.6,63.2,86.5,83.5,93.4,75.5
82.8,64.0,106.6,63.2,86.5,83.5,93.4,75.5
82.8,64.0,106.6,63.2,86.5,83.5,93.4,75.5
82.8,64.0,106.6,63.2,86.5,83.5,93.4,75.5
87.0,65.5,174.9,64.9,101.7,89.0,125.9,77.7
87.0,65.5,174.9,64.9,101.7,89.0,125.9,77.7
87.0,65.5,174.9,64.9,101.7,89.0,125.9,77.7
87.0,65.5,174.9,64.9,101.7,89.0,125.9,77.7
93.8,71.0,189.6,71.1,113.3,94.6,136.0,85.6
93.8,71.0,189.6,71.1,113.3,94.6,136.0,85.6
93.8,71.0,189.6,71.1,113.3,94.6,136.0,85.6
93.8,71.0,189.6,71.1,113.3,94.6,136.0,85.6
0.0,0.0,0.0,0.0,0.0,0.0,0.0,0.0
0.0,0.0,0.0,0.0,0.0,0.0,0.0,0.0
0.0,0.0,0.0,0.0,0.0,0.0,0.0,0.0
0.0,0.0,0.0,0.0,0.0,0.0,0.0,0.0
0.0,0.0,0.0,0.0,0.0,0.0,0.0,0.0
0.0,0.0,0.0,0.0,0.0,0.0,0.0,0.0
0.0,0.0,0.0,0.0,0.0,0.0,0.0,0.0
0.0,0.0,0.0,0.0,0.0,0.0,0.0,0.0
0.0,0.0,0.0,0.0,0.0,0.0,0.0,0.0
0.0,0.0,0.0,0.0,0.0,0.0,0.0,0.0
0.0,0.0,0.0,0.0,0.0,0.0,0.0,0.0
0.0,0.0,0.0,0.0,0.0,0.0,0.0,0.0
0.0,0.0,0.0,0.0,0.0,0.0,0.0,0.0
0.0,0.0,0.0,0.0,0.0,0.0,0.0,0.0
0.0,0.0,0.0,0.0,0.0,0.0,0.0,0.0
0.0,0.0,0.0,0.0,0.0,0.0,0.0,0.0
0.0,0.0,0.0,0.0,0.0,0.0,0.0,0.0
0.0,0.0,0.0,0.0,0.0,0.0,0.0,0.0
0.0,0.0,0.0,0.0,0.0,0.0,0.0,0.0
0.0,0.0,0.0,0.0,0.0,0.0,0.0,0.0
0.0,0.0,0.0,0.0,0.0,0.0,0.0,0.0
0.0,0.0,0.0,0.0,0.0,0.0,0.0,0.0
0.0,0.0,0.0,0.0,0.0,0.0,0.0,0.0
0.0,0.0,0.0,0.0,0.0,0.0,0.0,0.0
0.0,0.0,0.0,0.0,0.0,0.0,0.0,0.0
0.0,0.0,0.0,0.0,0.0,0.0,0.0,0.0
0.0,0.0,0.0,0.0,0.0,0.0,0.0,0.0
0.0,0.0,0.0,0.0,0.0,0.0,0.0,0.0
0.0,0.0,0.0,0.0,0.0,0.0,0.0,0.0
0.0,0.0,0.0,0.0,0.0,0.0,0.0,0.0
0.0,0.0,0.0,0.0,0.0,0.0,0.0,0.0
0.0,0.0,0.0,0.0,0.0,0.0,0.0,0.0
0.0,0.0,0.0,0.0,0.0,0.0,0.0,0.0
0.0,0.0,0.0,0.0,0.0,0.0,0.0,0.0
0.0,0.0,0.0,0.0,0.0,0.0,0.0,0.0
0.0,0.0,0.0,0.0,0.0,0.0,0.0,0.0
0.0,0.0,0.0,0.0,0.0,0.0,0.0,0.0
0.0,0.0,0.0,0.0,0.0,0.0,0.0,0.0
0.0,0.0,0.0,0.0,0.0,0.0,0.0,0.0
0.0,0.0,0.0,0.0,0.0,0.0,0.0,0.0
0.0,0.0,0.0,0.0,0.0,0.0,0.0,0.0
0.0,0.0,0.0,0.0,0.0,0.0,0.0,0.0
0.0,0.0,0.0,0.0,0.0,0.0,0.0,0.0
0.0,0.0,0.0,0.0,0.0,0.0,0.0,0.0
0.0,0.0,0.0,0.0,0.0,0.0,0.0,0.0
0.0,0.0,0.0,0.0,0.0,0.0,0.0,0.0
0.0,0.0,0.0,0.0,0.0,0.0,0.0,0.0
0.0,0.0,0.0,0.0,0.0,0.0,0.0,0.0
0.0,0.0,0.0,0.0,0.0,0.0,0.0,0.0
0.0,0.0,0.0,0.0,0.0,0.0,0.0,0.0
0.0,0.0,0.0,0.0,0.0,0.0,0.0,0.0
0.0,0.0,0.0,0.0,0.0,0.0,0.0,0.0
0.0,0.0,0.0,0.0,0.0,0.0,0.0,0.0
0.0,0.0,0.0,0.0,0.0,0.0,0.0,0.0
0.0,0.0,0.0,0.0,0.0,0.0,0.0,0.0
0.0,0.0,0.0,0.0,0.0,0.0,0.0,0.0
0.0,0.0,0.0,0.0,0.0,0.0,0.0,0.0
0.0,0.0,0.0,0.0,0.0,0.0,0.0,0.0
0.0,0.0,0.0,0.0,0.0,0.0,0.0,0.0
0.0,0.0,0.0,0.0,0.0,0.0,0.0,0.0
0.0,0.0,0.0,0.0,0.0,0.0,0.0,0.0
0.0,0.0,0.0,0.0,0.0,0.0,0.0,0.0
0.0,0.0,0.0,0.0,0.0,0.0,0.0,0.0
0.0,0.0,0.0,0.0,0.0,0.0,0.0,0.0
20.7,20.7,20.7,20.7,20.7,20.7,20.7,20.7
20.7,20.7,20.7,20.7,20.7,20.7,20.7,20.7
20.7,20.7,20.7,20.7,20.7,20.7,20.7,20.7
20.7,20.7,20.7,20.7,20.7,20.7,20.7,20.7
27.4,27.4,27.4,27.4,27.4,27.4,27.4,27.4
27.4,27.4,27.4,27.4,27.4,27.4,27.4,27.4
27.4,27.4,27.4,27.4,27.4,27.4,27.4,27.4
27.4,27.4,27.4,27.4,27.4,27.4,27.4,27.4
31.5,31.5,31.5,31.5,31.5,31.5,31.5,31.5
31.5,31.5,31.5,31.5,31.5,31.5,31.5,31.5
31.5,31.5,31.5,31.5,31.5,31.5,31.5,31.5
31.5,31.5,31.5,31.5,31.5,31.5,31.5,31.5
75.5,78.3,79.0,64.4,76.0,75.5,76.8,75.2
76.2,65.0,86.1,64.4,77.5,76.4,79.9,75.3
75.7,65.0,80.8,64.4,76.6,75.9,87.1,75.2
75.7,65.0,80.8,64.4,76.6,75.9,87.1,75.2
25.3,25.3,25.3,25.3,25.3,25.3,25.3,25.3
25.3,25.3,25.3,25.3,25.3,25.3,25.3,25.3
25.3,25.3,25.3,25.3,25.3,25.3,25.3,25.3
25.3,25.3,25.3,25.3,25.3,25.3,25.3,25.3
19.5,19.5,19.5,19.5,19.5,19.5,19.5,19.5
19.5,19.5,19.5,19.5,19.5,19.5,19.5,19.5
19.5,19.5,19.5,19.5,19.5,19.5,19.5,19.5
19.5,19.5,19.5,19.5,19.5,19.5,19.5,19.5
87.0,65.5,719.5,64.9,101.7,89.0,125.9,77.7
87.0,65.5,719.5,64.9,101.7,89.0,125.9,77.7
87.0,65.5,719.5,64.9,101.7,89.0,125.9,77.7
87.0,65.5,174.9,64.9,101.7,89.0,125.9,77.7
93.8,71.0,189.6,71.1,113.3,94.6,136.0,85.6
93.8,71.0,189.6,71.1,113.3,94.6,136.0,85.6
93.8,71.0,189.6,71.1,113.3,94.6,136.0,85.6
93.8,71.0,189.6,71.1,113.3,94.6,136.0,85.6
0.0,0.0,0.0,0.0,0.0,0.0,0.0,0.0
0.0,0.0,0.0,0.0,0.0,0.0,0.0,0.0
0.0,0.0,0.0,0.0,0.0,0.0,0.0,0.0
0.0,0.0,0.0,0.0,0.0,0.0,0.0,0.0
0.0,0.0,0.0,0.0,0.0,0.0,0.0,0.0
0.0,0.0,0.0,0.0,0.0,0.0,0.0,0.0
0.0,0.0,0.0,0.0,0.0,0.0,0.0,0.0
0.0,0.0,0.0,0.0,0.0,0.0,0.0,0.0
0.0,0.0,0.0,0.0,0.0,0.0,0.0,0.0
0.0,0.0,0.0,0.0,0.0,0.0,0.0,0.0
0.0,0.0,0.0,0.0,0.0,0.0,0.0,0.0
0.0,0.0,0.0,0.0,0.0,0.0,0.0,0.0
0.0,0.0,0.0,0.0,0.0,0.0,0.0,0.0
0.0,0.0,0.0,0.0,0.0,0.0,0.0,0.0
0.0,0.0,0.0,0.0,0.0,0.0,0.0,0.0
0.0,0.0,0.0,0.0,0.0,0.0,0.0,0.0
0.0,0.0,0.0,0.0,0.0,0.0,0.0,0.0
0.0,0.0,0.0,0.0,0.0,0.0,0.0,0.0
0.0,0.0,0.0,0.0,0.0,0.0,0.0,0.0
0.0,0.0,0.0,0.0,0.0,0.0,0.0,0.0
0.0,0.0,0.0,0.0,0.0,0.0,0.0,0.0
0.0,0.0,0.0,0.0,0.0,0.0,0.0,0.0
0.0,0.0,0.0,0.0,0.0,0.0,0.0,0.0
0.0,0.0,0.0,0.0,0.0,0.0,0.0,0.0
0.0,0.0,0.0,0.0,0.0,0.0,0.0,0.0
0.0,0.0,0.0,0.0,0.0,0.0,0.0,0.0
0.0,0.0,0.0,0.0,0.0,0.0,0.0,0.0
0.0,0.0,0.0,0.0,0.0,0.0,0.0,0.0
0.0,0.0,0.0,0.0,0.0,0.0,0.0,0.0
0.0,0.0,0.0,0.0,0.0,0.0,0.0,0.0
0.0,0.0,0.0,0.0,0.0,0.0,0.0,0.0
0.0,0.0,0.0,0.0,0.0,0.0,0.0,0.0
0.0,0.0,0.0,0.0,0.0,0.0,0.0,0.0
0.0,0.0,0.0,0.0,0.0,0.0,0.0,0.0
0.0,0.0,0.0,0.0,0.0,0.0,0.0,0.0
0.0,0.0,0.0,0.0,0.0,0.0,0.0,0.0
0.0,0.0,0.0,0.0,0.0,0.0,0.0,0.0
0.0,0.0,0.0,0.0,0.0,0.0,0.0,0.0
0.0,0.0,0.0,0.0,0.0,0.0,0.0,0.0
0.0,0.0,0.0,0.0,0.0,0.0,0.0,0.0
0.0,0.0,0.0,0.0,0.0,0.0,0.0,0.0
0.0,0.0,0.0,0.0,0.0,0.0,0.0,0.0
0.0,0.0,0.0,0.0,0.0,0.0,0.0,0.0
0.0,0.0,0.0,0.0,0.0,0.0,0.0,0.0
0.0,0.0,0.0,0.0,0.0,0.0,0.0,0.0
0.0,0.0,0.0,0.0,0.0,0.0,0.0,0.0
0.0,0.0,0.0,0.0,0.0,0.0,0.0,0.0
0.0,0.0,0.0,0.0,0.0,0.0,0.0,0.0
0.0,0.0,0.0,0.0,0.0,0.0,0.0,0.0
0.0,0.0,0.0,0.0,0.0,0.0,0.0,0.0
0.0,0.0,0.0,0.0,0.0,0.0,0.0,0.0
0.0,0.0,0.0,0.0,0.0,0.0,0.0,0.0
0.0,0.0,0.0,0.0,0.0,0.0,0.0,0.0
0.0,0.0,0.0,0.0,0.0,0.0,0.0,0.0
0.0,0.0,0.0,0.0,0.0,0.0,0.0,0.0
0.0,0.0,0.0,0.0,0.0,0.0,0.0,0.0
0.0,0.0,0.0,0.0,0.0,0.0,0.0,0.0
0.0,0.0,0.0,0.0,0.0,0.0,0.0,0.0
0.0,0.0,0.0,0.0,0.0,0.0,0.0,0.0
0.0,0.0,0.0,0.0,0.0,0.0,0.0,0.0
0.0,0.0,0.0,0.0,0.0,0.0,0.0,0.0
0.0,0.0,0.0,0.0,0.0,0.0,0.0,0.0
0.0,0.0,0.0,0.0,0.0,0.0,0.0,0.0
0.0,0.0,0.0,0.0,0.0,0.0,0.0,0.0
54.1,54.1,54.1,54.1,54.1,54.1,54.1,54.1
54.1,54.1,54.1,54.1,54.1,54.1,54.1,54.1
54.1,54.1,54.1,54.1,54.1,54.1,54.1,54.1
54.1,54.1,54.1,54.1,54.1,54.1,54.1,54.1
81.4,61.0,163.0,59.8,92.1,84.4,117.7,71.2
81.4,61.0,163.0,59.8,92.1,84.4,117.7,71.2
81.4,61.0,163.0,59.8,92.1,84.4,117.7,71.2
81.4,61.0,163.0,59.8,92.1,84.4,117.7,71.2
84.5,63.5,169.6,62.7,97.4,86.9,122.2,74.8
84.5,63.5,169.6,62.7,97.4,86.9,122.2,74.8
84.5,63.5,219.6,62.7,97.4,86.9,122.2,74.8
84.5,2260.9,169.6,62.7,97.4,86.9,122.2,211.5
86.4,2262.4,173.6,305.0,100.6,88.5,125.0,213.7
86.4,1473.1,173.6,305.0,100.6,88.5,4774.1,77.0
86.4,65.0,173.6,64.4,100.6,88.5,125.0,77.0
757.1,65.0,173.6,64.4,100.6,88.5,125.0,77.0
84.5,63.5,169.6,62.7,97.4,86.9,122.2,74.8
84.5,63.5,169.6,62.7,97.4,86.9,122.2,74.8
84.5,63.5,169.6,62.7,97.4,86.9,122.2,74.8
84.5,63.5,169.6,62.7,97.4,86.9,122.2,74.8
85.1,64.0,171.0,63.2,98.5,87.4,123.2,75.5
85.1,64.0,171.0,63.2,98.5,87.4,123.2,75.5
85.1,64.0,171.0,63.2,98.5,87.4,123.2,75.5
891.8,64.0,171.0,63.2,98.5,87.4,123.2,75.5
893.6,65.5,174.9,64.9,101.7,89.0,125.9,77.7
1352.0,65.5,174.9,64.9,101.7,89.0,125.9,77.7
545.4,65.5,174.9,64.9,101.7,89.0,125.9,77.7
545.4,65.5,174.9,64.9,101.7,89.0,125.9,77.7
552.2,71.0,189.6,71.1,113.3,94.6,136.0,85.6
552.2,71.0,189.6,71.1,113.3,94.6,136.0,85.6
93.8,71.0,189.6,71.1,113.3,94.6,136.0,85.6
93.8,71.0,189.6,71.1,113.3,94.6,136.0,85.6
0.0,0.0,0.0,0.0,0.0,0.0,0.0,0.0
0.0,0.0,0.0,0.0,0.0,0.0,0.0,0.0
0.0,0.0,0.0,0.0,0.0,0.0,0.0,0.0
0.0,0.0,0.0,0.0,0.0,0.0,0.0,0.0
0.0,0.0,0.0,0.0,0.0,0.0,0.0,0.0
0.0,0.0,0.0,0.0,0.0,0.0,0.0,0.0
0.0,0.0,0.0,0.0,0.0,0.0,0.0,0.0
0.0,0.0,0.0,0.0,0.0,0.0,0.0,0.0
0.0,0.0,0.0,0.0,0.0,0.0,0.0,0.0
0.0,0.0,0.0,0.0,0.0,0.0,0.0,0.0
0.0,0.0,0.0,0.0,0.0,0.0,0.0,0.0
0.0,0.0,0.0,0.0,0.0,0.0,0.0,0.0
0.0,0.0,0.0,0.0,0.0,0.0,0.0,0.0
0.0,0.0,0.0,0.0,0.0,0.0,0.0,0.0
0.0,0.0,0.0,0.0,0.0,0.0,0.0,0.0
0.0,0.0,0.0,0.0,0.0,0.0,0.0,0.0
0.0,0.0,0.0,0.0,0.0,0.0,0.0,0.0
0.0,0.0,0.0,0.0,0.0,0.0,0.0,0.0
0.0,0.0,0.0,0.0,0.0,0.0,0.0,0.0
0.0,0.0,0.0,0.0,0.0,0.0,0.0,0.0
0.0,0.0,0.0,0.0,0.0,0.0,0.0,0.0
0.0,0.0,0.0,0.0,0.0,0.0,0.0,0.0
0.0,0.0,0.0,0.0,0.0,0.0,0.0,0.0
0.0,0.0,0.0,0.0,0.0,0.0,0.0,0.0
0.0,0.0,0.0,0.0,0.0,0.0,0.0,0.0
0.0,0.0,0.0,0.0,0.0,0.0,0.0,0.0
0.0,0.0,0.0,0.0,0.0,0.0,0.0,0.0
0.0,0.0,0.0,0.0,0.0,0.0,0.0,0.0
0.0,0.0,0.0,0.0,0.0,0.0,0.0,0.0
0.0,0.0,0.0,0.0,0.0,0.0,0.0,0.0
0.0,0.0,0.0,0.0,0.0,0.0,0.0,0.0
0.0,0.0,0.0,0.0,0.0,0.0,0.0,0.0
0.0,0.0,0.0,0.0,0.0,0.0,0.0,0.0
0.0,0.0,0.0,0.0,0.0,0.0,0.0,0.0
0.0,0.0,0.0,0.0,0.0,0.0,0.0,0.0
0.0,0.0,0.0,0.0,0.0,0.0,0.0,0.0
0.0,0.0,0.0,0.0,0.0,0.0,0.0,0.0
0.0,0.0,0.0,0.0,0.0,0.0,0.0,0.0
0.0,0.0,0.0,0.0,0.0,0.0,0.0,0.0
0.0,0.0,0.0,0.0,0.0,0.0,0.0,0.0
0.0,0.0,0.0,0.0,0.0,0.0,0.0,0.0
0.0,0.0,0.0,0.0,0.0,0.0,0.0,0.0
0.0,0.0,0.0,0.0,0.0,0.0,0.0,0.0
0.0,0.0,0.0,0.0,0.0,0.0,0.0,0.0
0.0,0.0,0.0,0.0,0.0,0.0,0.0,0.0
0.0,0.0,0.0,0.0,0.0,0.0,0.0,0.0
0.0,0.0,0.0,0.0,0.0,0.0,0.0,0.0
0.0,0.0,0.0,0.0,0.0,0.0,0.0,0.0
0.0,0.0,0.0,0.0,0.0,0.0,0.0,0.0
0.0,0.0,0.0,0.0,0.0,0.0,0.0,0.0
0.0,0.0,0.0,0.0,0.0,0.0,0.0,0.0
0.0,0.0,0.0,0.0,0.0,0.0,0.0,0.0
0.0,0.0,0.0,0.0,0.0,0.0,0.0,0.0
0.0,0.0,0.0,0.0,0.0,0.0,0.0,0.0
0.0,0.0,0.0,0.0,0.0,0.0,0.0,0.0
0.0,0.0,0.0,0.0,0.0,0.0,0.0,0.0
0.0,0.0,0.0,0.0,0.0,0.0,0.0,0.0
0.0,0.0,0.0,0.0,0.0,0.0,0.0,0.0
0.0,0.0,0.0,0.0,0.0,0.0,0.0,0.0
0.0,0.0,0.0,0.0,0.0,0.0,0.0,0.0
0.0,0.0,0.0,0.0,0.0,0.0,0.0,0.0
0.0,0.0,0.0,0.0,0.0,0.0,0.0,0.0
0.0,0.0,0.0,0.0,0.0,0.0,0.0,0.0
0.0,0.0,0.0,0.0,0.0,0.0,0.0,0.0
56.2,56.2,56.2,56.2,56.2,56.2,56.2,56.2
56.2,56.2,56.2,56.2,56.2,56.2,56.2,56.2
56.2,56.2,56.2,56.2,56.2,56.2,56.2,56.2
56.2,56.2,56.2,56.2,56.2,56.2,56.2,56.2
81.4,61.0,163.0,59.8,92.1,84.4,117.7,71.2
81.4,61.0,163.0,59.8,92.1,84.4,117.7,71.2
81.4,61.0,163.0,59.8,207.4,84.4,117.7,71.2
81.4,61.0,163.0,59.8,207.4,84.4,117.7,71.2
84.5,63.5,169.6,62.7,212.7,86.9,122.2,74.8
419.9,377.4,169.6,62.7,97.4,86.9,122.2,74.8
419.9,63.5,169.6,62.7,97.4,86.9,122.2,74.8
84.5,63.5,169.6,1204.7,97.4,86.9,122.2,74.8
86.4,65.0,173.6,1206.4,100.6,88.5,125.0,77.0
86.4,65.0,173.6,1206.4,100.6,88.5,125.0,77.0
86.4,65.0,173.6,1229.3,100.6,107.0,125.0,77.0
86.4,65.0,173.6,64.4,100.6,107.0,125.0,77.0
84.5,63.5,169.6,62.7,97.4,105.5,122.2,74.8
84.5,63.5,169.6,62.7,97.4,86.9,122.2,74.8
84.5,63.5,169.6,62.7,97.4,86.9,122.2,74.8
84.5,63.5,169.6,62.7,97.4,86.9,122.2,74.8
85.1,64.0,171.0,63.2,98.5,87.4,123.2,75.5
85.1,64.0,171.0,63.2,98.5,87.4,123.2,75.5
85.1,64.0,171.0,63.2,98.5,87.4,123.2,75.5
85.1,64.0,171.0,63.2,98.5,87.4,123.2,75.5
87.0,65.5,174.9,64.9,101.7,89.0,125.9,77.7
87.0,65.5,174.9,64.9,101.7,89.0,125.9,77.7
87.0,202.8,174.9,64.9,101.7,89.0,125.9,77.7
87.0,202.8,174.9,64.9,101.7,89.0,125.9,77.7
82.7,86.4,85.8,71.1,83.3,82.7,84.1,82.4
83.5,71.0,93.3,71.1,85.5,83.6,87.8,82.7
83.5,71.0,93.3,71.1,85.5,83.6,87.8,82.7
82.7,71.0,100.9,71.1,83.4,82.7,84.2,82.4
0.0,0.0,0.0,0.0,0.0,0.0,0.0,0.0
0.0,0.0,0.0,0.0,0.0,0.0,0.0,0.0
0.0,0.0,0.0,0.0,0.0,0.0,0.0,0.0
0.0,0.0,0.0,0.0,0.0,0.0,0.0,0.0
0.0,0.0,0.0,0.0,0.0,0.0,0.0,0.0
0.0,0.0,0.0,0.0,0.0,0.0,0.0,0.0
0.0,0.0,0.0,0.0,0.0,0.0,0.0,0.0
0.0,0.0,0.0,0.0,0.0,0.0,0.0,0.0
0.0,0.0,0.0,0.0,0.0,0.0,0.0,0.0
0.0,0.0,0.0,0.0,0.0,0.0,0.0,0.0
0.0,0.0,0.0,0.0,0.0,0.0,0.0,0.0
0.0,0.0,0.0,0.0,0.0,0.0,0.0,0.0
0.0,0.0,0.0,0.0,0.0,0.0,0.0,0.0
0.0,0.0,0.0,0.0,0.0,0.0,0.0,0.0
0.0,0.0,0.0,0.0,0.0,0.0,0.0,0.0
0.0,0.0,0.0,0.0,0.0,0.0,0.0,0.0
0.0,0.0,0.0,0.0,0.0,0.0,0.0,0.0
0.0,0.0,0.0,0.0,0.0,0.0,0.0,0.0
0.0,0.0,0.0,0.0,0.0,0.0,0.0,0.0
0.0,0.0,0.0,0.0,0.0,0.0,0.0,0.0
0.0,0.0,0.0,0.0,0.0,0.0,0.0,0.0
0.0,0.0,0.0,0.0,0.0,0.0,0.0,0.0
0.0,0.0,0.0,0.0,0.0,0.0,0.0,0.0
0.0,0.0,0.0,0.0,0.0,0.0,0.0,0.0
0.0,0.0,0.0,0.0,0.0,0.0,0.0,0.0
0.0,0.0,0.0,0.0,0.0,0.0,0.0,0.0
0.0,0.0,0.0,0.0,0.0,0.0,0.0,0.0
0.0,0.0,0.0,0.0,0.0,0.0,0.0,0.0
0.0,0.0,0.0,0.0,0.0,0.0,0.0,0.0
0.0,0.0,0.0,0.0,0.0,0.0,0.0,0.0
0.0,0.0,0.0,0.0,0.0,0.0,0.0,0.0
0.0,0.0,0.0,0.0,0.0,0.0,0.0,0.0
0.0,0.0,0.0,0.0,0.0,0.0,0.0,0.0
0.0,0.0,0.0,0.0,0.0,0.0,0.0,0.0
0.0,0.0,0.0,0.0,0.0,0.0,0.0,0.0
0.0,0.0,0.0,0.0,0.0,0.0,0.0,0.0
0.0,0.0,0.0,0.0,0.0,0.0,0.0,0.0
0.0,0.0,0.0,0.0,0.0,0.0,0.0,0.0
0.0,0.0,0.0,0.0,0.0,0.0,0.0,0.0
0.0,0.0,0.0,0.0,0.0,0.0,0.0,0.0
0.0,0.0,0.0,0.0,0.0,0.0,0.0,0.0
0.0,0.0,0.0,0.0,0.0,0.0,0.0,0.0
0.0,0.0,0.0,0.0,0.0,0.0,0.0,0.0
0.0,0.0,0.0,0.0,0.0,0.0,0.0,0.0
0.0,0.0,0.0,0.0,0.0,0.0,0.0,0.0
0.0,0.0,0.0,0.0,0.0,0.0,0.0,0.0
0.0,0.0,0.0,0.0,0.0,0.0,0.0,0.0
0.0,0.0,0.0,0.0,0.0,0.0,0.0,0.0
0.0,0.0,0.0,0.0,0.0,0.0,0.0,0.0
0.0,0.0,0.0,0.0,0.0,0.0,0.0,0.0
0.0,0.0,0.0,0.0,0.0,0.0,0.0,0.0
0.0,0.0,0.0,0.0,0.0,0.0,0.0,0.0
0.0,0.0,0.0,0.0,0.0,0.0,0.0,0.0
0.0,0.0,0.0,0.0,0.0,0.0,0.0,0.0
0.0,0.0,0.0,0.0,0.0,0.0,0.0,0.0
0.0,0.0,0.0,0.0,0.0,0.0,0.0,0.0
0.0,0.0,0.0,0.0,0.0,0.0,0.0,0.0
0.0,0.0,0.0,0.0,0.0,0.0,0.0,0.0
0.0,0.0,0.0,0.0,0.0,0.0,0.0,0.0
0.0,0.0,0.0,0.0,0.0,0.0,0.0,0.0
21.3,21.3,21.3,21.3,21.3,21.3,21.3,21.3
21.3,21.3,21.3,21.3,21.3,21.3,21.3,21.3
21.3,21.3,21.3,21.3,21.3,21.3,21.3,21.3
21.3,21.3,21.3,21.3,21.3,21.3,21.3,21.3
60.1,60.0,60.5,58.7,60.1,60.1,60.3,60.0
60.1,60.0,60.5,58.7,60.1,60.1,60.3,60.0
60.1,60.0,60.5,58.7,60.1,60.1,60.3,60.0
60.1,60.0,60.5,58.7,60.1,60.1,60.3,60.0
81.4,61.0,163.0,59.8,92.1,84.4,117.7,71.2
81.4,61.0,163.0,59.8,92.1,84.4,117.7,71.2
81.4,61.0,163.0,59.8,92.1,84.4,2462.3,71.2
81.4,61.0,163.0,59.8,92.1,84.4,117.7,71.2
84.5,63.5,169.6,62.7,3727.6,86.9,122.2,74.8
84.5,63.5,169.6,62.7,3727.6,86.9,122.2,74.8
84.5,63.5,169.6,62.7,97.4,86.9,122.2,74.8
84.5,63.5,169.6,62.7,97.4,1256.2,122.2,74.8
86.4,65.0,173.6,64.4,100.6,88.5,125.0,77.0
86.4,65.0,190.3,64.4,100.6,88.5,125.0,77.0
86.4,65.0,190.3,72.0,100.6,88.5,125.0,77.0
86.4,65.0,190.3,72.0,100.6,88.5,125.0,213.7
84.5,63.5,169.6,70.3,97.4,86.9,122.2,211.5
84.5,63.5,169.6,62.7,97.4,86.9,122.2,74.8
84.5,63.5,169.6,62.7,97.4,86.9,122.2,74.8
84.5,63.5,169.6,62.7,97.4,86.9,122.2,74.8
85.1,64.0,171.0,63.2,98.5,87.4,123.2,75.5
85.1,64.0,171.0,63.2,98.5,87.4,123.2,75.5
85.1,64.0,171.0,63.2,98.5,87.4,123.2,75.5
85.1,64.0,469.0,63.2,98.5,87.4,123.2,75.5
87.0,65.5,472.9,64.9,101.7,89.0,125.9,77.7
87.0,65.5,472.9,64.9,101.7,89.0,125.9,77.7
87.0,65.5,472.9,64.9,101.7,89.0,125.9,77.7
87.0,65.5,472.9,64.9,101.7,89.0,125.9,77.7
93.8,71.0,487.6,71.1,113.3,94.6,136.0,85.6
93.8,71.0,487.6,71.1,113.3,94.6,136.0,85.6
93.8,71.0,487.6,71.1,113.3,94.6,136.0,85.6
93.8,71.0,1277.6,71.1,113.3,94.6,136.0,85.6
0.0,0.0,0.0,0.0,0.0,0.0,0.0,0.0
0.0,0.0,0.0,0.0,0.0,0.0,0.0,0.0
0.0,0.0,0.0,0.0,0.0,0.0,0.0,0.0
0.0,0.0,0.0,0.0,0.0,0.0,0.0,0.0
0.0,0.0,0.0,0.0,0.0,0.0,0.0,0.0
0.0,0.0,0.0,0.0,0.0,0.0,0.0,0.0
0.0,0.0,0.0,0.0,0.0,0.0,0.0,0.0
0.0,0.0,0.0,0.0,0.0,0.0,0.0,0.0
0.0,0.0,0.0,0.0,0.0,0.0,0.0,0.0
0.0,0.0,0.0,0.0,0.0,0.0,0.0,0.0
0.0,0.0,0.0,0.0,0.0,0.0,0.0,0.0
0.0,0.0,0.0,0.0,0.0,0.0,0.0,0.0
0.0,0.0,0.0,0.0,0.0,0.0,0.0,0.0
0.0,0.0,0.0,0.0,0.0,0.0,0.0,0.0
0.0,0.0,0.0,0.0,0.0,0.0,0.0,0.0
0.0,0.0,0.0,0.0,0.0,0.0,0.0,0.0
0.0,0.0,0.0,0.0,0.0,0.0,0.0,0.0
0.0,0.0,0.0,0.0,0.0,0.0,0.0,0.0
0.0,0.0,0.0,0.0,0.0,0.0,0.0,0.0
0.0,0.0,0.0,0.0,0.0,0.0,0.0,0.0
0.0,0.0,0.0,0.0,0.0,0.0,0.0,0.0
0.0,0.0,0.0,0.0,0.0,0.0,0.0,0.0
0.0,0.0,0.0,0.0,0.0,0.0,0.0,0.0
0.0,0.0,0.0,0.0,0.0,0.0,0.0,0.0
0.0,0.0,0.0,0.0,0.0,0.0,0.0,0.0
0.0,0.0,0.0,0.0,0.0,0.0,0.0,0.0
0.0,0.0,0.0,0.0,0.0,0.0,0.0,0.0
0.0,0.0,0.0,0.0,0.0,0.0,0.0,0.0
0.0,0.0,0.0,0.0,0.0,0.0,0.0,0.0
0.0,0.0,0.0,0.0,0.0,0.0,0.0,0.0
0.0,0.0,0.0,0.0,0.0,0.0,0.0,0.0
0.0,0.0,0.0,0.0,0.0,0.0,0.0,0.0
0.0,0.0,0.0,0.0,0.0,0.0,0.0,0.0
0.0,0.0,0.0,0.0,0.0,0.0,0.0,0.0
0.0,0.0,0.0,0.0,0.0,0.0,0.0,0.0
0.0,0.0,0.0,0.0,0.0,0.0,0.0,0.0
0.0,0.0,0.0,0.0,0.0,0.0,0.0,0.0
0.0,0.0,0.0,0.0,0.0,0.0,0.0,0.0
0.0,0.0,0.0,0.0,0.0,0.0,0.0,0.0
0.0,0.0,0.0,0.0,0.0,0.0,0.0,0.0
0.0,0.0,0.0,0.0,0.0,0.0,0.0,0.0
0.0,0.0,0.0,0.0,0.0,0.0,0.0,0.0
0.0,0.0,0.0,0.0,0.0,0.0,0.0,0.0
0.0,0.0,0.0,0.0,0.0,0.0,0.0,0.0
0.0,0.0,0.0,0.0,0.0,0.0,0.0,0.0
0.0,0.0,0.0,0.0,0.0,0.0,0.0,0.0
0.0,0.0,0.0,0.0,0.0,0.0,0.0,0.0
0.0,0.0,0.0,0.0,0.0,0.0,0.0,0.0
0.0,0.0,0.0,0.0,0.0,0.0,0.0,0.0
0.0,0.0,0.0,0.0,0.0,0.0,0.0,0.0
0.0,0.0,0.0,0.0,0.0,0.0,0.0,0.0
0.0,0.0,0.0,0.0,0.0,0.0,0.0,0.0
0.0,0.0,0.0,0.0,0.0,0.0,0.0,0.0
0.0,0.0,0.0,0.0,0.0,0.0,0.0,0.0
0.0,0.0,0.0,0.0,0.0,0.0,0.0,0.0
0.0,0.0,0.0,0.0,0.0,0.0,0.0,0.0
0.0,0.0,0.0,0.0,0.0,0.0,0.0,0.0
0.0,0.0,0.0,0.0,0.0,0.0,0.0,0.0
0.0,0.0,0.0,0.0,0.0,0.0,0.0,0.0
0.0,0.0,0.0,0.0,0.0,0.0,0.0,0.0
78.3,58.4,89.3,57.0,115.7,79.0,83.3,67.6
78.3,58.4,89.3,57.0,115.7,79.0,83.3,67.6
78.3,58.4,111.9,57.0,82.1,80.0,93.4,67.6
78.3,58.4,111.9,57.0,82.1,80.0,93.4,67.6
80.1,60.0,160.3,58.7,90.0,83.4,115.8,69.8
80.1,60.0,160.3,58.7,90.0,83.4,115.8,69.8
80.1,60.0,160.3,58.7,90.0,83.4,115.8,69.8
80.1,60.0,160.3,58.7,90.0,83.4,115.8,69.8
81.4,61.0,163.0,59.8,92.1,84.4,117.7,71.2
81.4,61.0,163.0,59.8,92.1,84.4,117.7,71.2
81.4,61.0,163.0,59.8,92.1,84.4,117.7,71.2
201.6,745.5,163.0,59.8,92.1,84.4,117.7,71.2
308.1,63.5,169.6,62.7,97.4,86.9,122.2,74.8
308.1,63.5,169.6,62.7,97.4,86.9,122.2,74.8
84.5,63.5,169.6,62.7,97.4,114.8,122.2,74.8
84.5,63.5,169.6,62.7,97.4,114.8,122.2,74.8
86.4,65.0,173.6,64.4,100.6,88.5,125.0,77.0
86.4,65.0,173.6,72.0,100.6,88.5,359.9,77.0
86.4,65.0,173.6,72.0,100.6,88.5,359.9,77.0
86.4,65.0,173.6,72.0,100.6,88.5,125.0,168.1
84.5,63.5,169.6,62.7,97.4,86.9,122.2,166.0
84.5,63.5,169.6,62.7,97.4,86.9,122.2,166.0
84.5,63.5,169.6,62.7,97.4,86.9,122.2,74.8
84.5,63.5,169.6,62.7,97.4,86.9,122.2,74.8
85.1,64.0,171.0,63.2,98.5,87.4,123.2,75.5
85.1,64.0,171.0,63.2,98.5,87.4,123.2,75.5
85.1,64.0,171.0,623.2,98.5,87.4,123.2,75.5
85.1,64.0,171.0,623.2,98.5,87.4,123.2,75.5
87.0,65.5,174.9,64.9,101.7,89.0,125.9,77.7
87.0,65.5,174.9,64.9,101.7,89.0,125.9,77.7
87.0,65.5,174.9,64.9,101.7,89.0,125.9,77.7
87.0,65.5,174.9,64.9,101.7,89.0,125.9,77.7
93.8,71.0,189.6,71.1,113.3,94.6,136.0,85.6
93.8,71.0,189.6,71.1,113.3,94.6,136.0,85.6
93.8,71.0,189.6,71.1,113.3,94.6,136.0,85.6
93.8,71.0,189.6,71.1,113.3,94.6,136.0,85.6
0.0,0.0,0.0,0.0,0.0,0.0,0.0,0.0
0.0,0.0,0.0,0.0,0.0,0.0,0.0,0.0
0.0,0.0,0.0,0.0,0.0,0.0,0.0,0.0
0.0,0.0,0.0,0.0,0.0,0.0,0.0,0.0
0.0,0.0,0.0,0.0,0.0,0.0,0.0,0.0
0.0,0.0,0.0,0.0,0.0,0.0,0.0,0.0
0.0,0.0,0.0,0.0,0.0,0.0,0.0,0.0
0.0,0.0,0.0,0.0,0.0,0.0,0.0,0.0
0.0,0.0,0.0,0.0,0.0,0.0,0.0,0.0
0.0,0.0,0.0,0.0,0.0,0.0,0.0,0.0
0.0,0.0,0.0,0.0,0.0,0.0,0.0,0.0
0.0,0.0,0.0,0.0,0.0,0.0,0.0,0.0
0.0,0.0,0.0,0.0,0.0,0.0,0.0,0.0
0.0,0.0,0.0,0.0,0.0,0.0,0.0,0.0
0.0,0.0,0.0,0.0,0.0,0.0,0.0,0.0
0.0,0.0,0.0,0.0,0.0,0.0,0.0,0.0
0.0,0.0,0.0,0.0,0.0,0.0,0.0,0.0
0.0,0.0,0.0,0.0,0.0,0.0,0.0,0.0
0.0,0.0,0.0,0.0,0.0,0.0,0.0,0.0
0.0,0.0,0.0,0.0,0.0,0.0,0.0,0.0
0.0,0.0,0.0,0.0,0.0,0.0,0.0,0.0
0.0,0.0,0.0,0.0,0.0,0.0,0.0,0.0
0.0,0.0,0.0,0.0,0.0,0.0,0.0,0.0
0.0,0.0,0.0,0.0,0.0,0.0,0.0,0.0
0.0,0.0,0.0,0.0,0.0,0.0,0.0,0.0
0.0,0.0,0.0,0.0,0.0,0.0,0.0,0.0
0.0,0.0,0.0,0.0,0.0,0.0,0.0,0.0
0.0,0.0,0.0,0.0,0.0,0.0,0.0,0.0
0.0,0.0,0.0,0.0,0.0,0.0,0.0,0.0
0.0,0.0,0.0,0.0,0.0,0.0,0.0,0.0
0.0,0.0,0.0,0.0,0.0,0.0,0.0,0.0
0.0,0.0,0.0,0.0,0.0,0.0,0.0,0.0
0.0,0.0,0.0,0.0,0.0,0.0,0.0,0.0
0.0,0.0,0.0,0.0,0.0,0.0,0.0,0.0
0.0,0.0,0.0,0.0,0.0,0.0,0.0,0.0
0.0,0.0,0.0,0.0,0.0,0.0,0.0,0.0
0.0,0.0,0.0,0.0,0.0,0.0,0.0,0.0
0.0,0.0,0.0,0.0,0.0,0.0,0.0,0.0
0.0,0.0,0.0,0.0,0.0,0.0,0.0,0.0
0.0,0.0,0.0,0.0,0.0,0.0,0.0,0.0
0.0,0.0,0.0,0.0,0.0,0.0,0.0,0.0
0.0,0.0,0.0,0.0,0.0,0.0,0.0,0.0
0.0,0.0,0.0,0.0,0.0,0.0,0.0,0.0
0.0,0.0,0.0,0.0,0.0,0.0,0.0,0.0
0.0,0.0,0.0,0.0,0.0,0.0,0.0,0.0
0.0,0.0,0.0,0.0,0.0,0.0,0.0,0.0
0.0,0.0,0.0,0.0,0.0,0.0,0.0,0.0
0.0,0.0,0.0,0.0,0.0,0.0,0.0,0.0
0.0,0.0,0.0,0.0,0.0,0.0,0.0,0.0
0.0,0.0,0.0,0.0,0.0,0.0,0.0,0.0
0.0,0.0,0.0,0.0,0.0,0.0,0.0,0.0
0.0,0.0,0.0,0.0,0.0,0.0,0.0,0.0
0.0,0.0,0.0,0.0,0.0,0.0,0.0,0.0
0.0,0.0,0.0,0.0,0.0,0.0,0.0,0.0
0.0,0.0,0.0,0.0,0.0,0.0,0.0,0.0
0.0,0.0,0.0,0.0,0.0,0.0,0.0,0.0
0.0,0.0,0.0,0.0,0.0,0.0,0.0,0.0
0.0,0.0,0.0,0.0,0.0,0.0,0.0,0.0
0.0,0.0,0.0,0.0,0.0,0.0,0.0,0.0
0.0,0.0,0.0,0.0,0.0,0.0,0.0,0.0
0.0,0.0,0.0,0.0,0.0,0.0,0.0,0.0
0.0,0.0,0.0,0.0,0.0,0.0,0.0,0.0
0.0,0.0,0.0,0.0,0.0,0.0,0.0,0.0
0.0,0.0,0.0,0.0,0.0,0.0,0.0,0.0
74.3,60.0,89.0,58.7,76.1,74.9,80.8,69.8
74.3,60.0,89.0,58.7,76.1,74.9,80.8,69.8
74.3,60.0,89.0,58.7,76.1,74.9,80.8,69.8
74.3,60.0,89.0,58.7,76.1,74.9,80.8,69.8
81.4,61.0,163.0,59.8,92.1,84.4,117.7,71.2
81.4,61.0,163.0,59.8,92.1,84.4,117.7,71.2
81.4,61.0,163.0,59.8,92.1,84.4,117.7,71.2
81.4,61.0,163.0,59.8,92.1,84.4,117.7,71.2
84.5,63.5,169.6,62.7,97.4,86.9,122.2,74.8
84.5,63.5,219.6,62.7,97.4,86.9,122.2,74.8
84.5,377.4,169.6,62.7,97.4,86.9,122.2,74.8
84.5,63.5,169.6,62.7,97.4,86.9,122.2,211.5
86.4,65.0,173.6,64.4,100.6,88.5,125.0,213.7
86.4,65.0,173.6,64.4,100.6,144.1,125.0,77.0
86.4,65.0,173.6,64.4,100.6,88.5,359.9,77.0
86.4,65.0,173.6,64.4,100.6,88.5,359.9,77.0
419.9,63.5,169.6,70.3,97.4,86.9,122.2,74.8
419.9,63.5,169.6,70.3,97.4,86.9,122.2,74.8
84.5,63.5,169.6,70.3,97.4,86.9,122.2,74.8
84.5,63.5,169.6,62.7,97.4,86.9,122.2,74.8
85.1,64.0,171.0,63.2,98.5,87.4,123.2,75.5
85.1,64.0,171.0,63.2,98.5,87.4,123.2,75.5
85.1,64.0,171.0,63.2,98.5,87.4,123.2,75.5
85.1,64.0,171.0,63.2,98.5,87.4,547.7,75.5
931.0,65.5,174.9,64.9,101.7,89.0,550.4,77.7
931.0,65.5,174.9,64.9,101.7,89.0,550.4,77.7
87.0,65.5,174.9,64.9,101.7,89.0,550.4,77.7
87.0,65.5,174.9,64.9,101.7,89.0,550.4,77.7
93.8,71.0,189.6,71.1,113.3,94.6,560.5,85.6
93.8,71.0,189.6,71.1,113.3,94.6,560.5,85.6
93.8,71.0,189.6,71.1,113.3,94.6,560.5,85.6
93.8,71.0,189.6,71.1,113.3,94.6,136.0,85.6
0.0,0.0,0.0,0.0,0.0,0.0,0.0,0.0
0.0,0.0,0.0,0.0,0.0,0.0,0.0,0.0
0.0,0.0,0.0,0.0,0.0,0.0,0.0,0.0
0.0,0.0,0.0,0.0,0.0,0.0,0.0,0.0
0.0,0.0,0.0,0.0,0.0,0.0,0.0,0.0
0.0,0.0,0.0,0.0,0.0,0.0,0.0,0.0
0.0,0.0,0.0,0.0,0.0,0.0,0.0,0.0
0.0,0.0,0.0,0.0,0.0,0.0,0.0,0.0
0.0,0.0,0.0,0.0,0.0,0.0,0.0,0.0
0.0,0.0,0.0,0.0,0.0,0.0,0.0,0.0
0.0,0.0,0.0,0.0,0.0,0.0,0.0,0.0
0.0,0.0,0.0,0.0,0.0,0.0,0.0,0.0
0.0,0.0,0.0,0.0,0.0,0.0,0.0,0.0
0.0,0.0,0.0,0.0,0.0,0.0,0.0,0.0
0.0,0.0,0.0,0.0,0.0,0.0,0.0,0.0
0.0,0.0,0.0,0.0,0.0,0.0,0.0,0.0
0.0,0.0,0.0,0.0,0.0,0.0,0.0,0.0
0.0,0.0,0.0,0.0,0.0,0.0,0.0,0.0
0.0,0.0,0.0,0.0,0.0,0.0,0.0,0.0
0.0,0.0,0.0,0.0,0.0,0.0,0.0,0.0
0.0,0.0,0.0,0.0,0.0,0.0,0.0,0.0
0.0,0.0,0.0,0.0,0.0,0.0,0.0,0.0
0.0,0.0,0.0,0.0,0.0,0.0,0.0,0.0
0.0,0.0,0.0,0.0,0.0,0.0,0.0,0.0
0.0,0.0,0.0,0.0,0.0,0.0,0.0,0.0
0.0,0.0,0.0,0.0,0.0,0.0,0.0,0.0
0.0,0.0,0.0,0.0,0.0,0.0,0.0,0.0
0.0,0.0,0.0,0.0,0.0,0.0,0.0,0.0
0.0,0.0,0.0,0.0,0.0,0.0,0.0,0.0
0.0,0.0,0.0,0.0,0.0,0.0,0.0,0.0
0.0,0.0,0.0,0.0,0.0,0.0,0.0,0.0
0.0,0.0,0.0,0.0,0.0,0.0,0.0,0.0
0.0,0.0,0.0,0.0,0.0,0.0,0.0,0.0
0.0,0.0,0.0,0.0,0.0,0.0,0.0,0.0
0.0,0.0,0.0,0.0,0.0,0.0,0.0,0.0
0.0,0.0,0.0,0.0,0.0,0.0,0.0,0.0
0.0,0.0,0.0,0.0,0.0,0.0,0.0,0.0
0.0,0.0,0.0,0.0,0.0,0.0,0.0,0.0
0.0,0.0,0.0,0.0,0.0,0.0,0.0,0.0
0.0,0.0,0.0,0.0,0.0,0.0,0.0,0.0
0.0,0.0,0.0,0.0,0.0,0.0,0.0,0.0
0.0,0.0,0.0,0.0,0.0,0.0,0.0,0.0
0.0,0.0,0.0,0.0,0.0,0.0,0.0,0.0
0.0,0.0,0.0,0.0,0.0,0.0,0.0,0.0
0.0,0.0,0.0,0.0,0.0,0.0,0.0,0.0
0.0,0.0,0.0,0.0,0.0,0.0,0.0,0.0
0.0,0.0,0.0,0.0,0.0,0.0,0.0,0.0
0.0,0.0,0.0,0.0,0.0,0.0,0.0,0.0
0.0,0.0,0.0,0.0,0.0,0.0,0.0,0.0
0.0,0.0,0.0,0.0,0.0,0.0,0.0,0.0
0.0,0.0,0.0,0.0,0.0,0.0,0.0,0.0
0.0,0.0,0.0,0.0,0.0,0.0,0.0,0.0
0.0,0.0,0.0,0.0,0.0,0.0,0.0,0.0
0.0,0.0,0.0,0.0,0.0,0.0,0.0,0.0
0.0,0.0,0.0,0.0,0.0,0.0,0.0,0.0
0.0,0.0,0.0,0.0,0.0,0.0,0.0,0.0
6.1,6.1,6.1,6.1,6.1,6.1,6.1,6.1
6.1,6.1,6.1,6.1,6.1,6.1,6.1,6.1
6.1,6.1,6.1,6.1,6.1,6.1,6.1,6.1
6.1,6.1,6.1,6.1,6.1,6.1,6.1,6.1
17.2,17.2,17.2,17.2,17.2,17.2,17.2,17.2
17.2,17.2,17.2,17.2,17.2,17.2,17.2,17.2
17.2,17.2,17.2,17.2,17.2,17.2,17.2,17.2
17.2,17.2,17.2,17.2,17.2,17.2,17.2,17.2
23.0,23.0,23.0,23.0,23.0,23.0,23.0,23.0
23.0,23.0,23.0,23.0,23.0,23.0,23.0,23.0
23.0,23.0,23.0,23.0,23.0,23.0,23.0,23.0
23.0,23.0,23.0,23.0,23.0,23.0,23.0,23.0
31.3,31.3,31.3,31.3,31.3,31.3,31.3,31.3
31.3,31.3,31.3,31.3,31.3,31.3,31.3,31.3
31.3,31.3,31.3,31.3,31.3,31.3,31.3,31.3
31.3,31.3,31.3,31.3,31.3,31.3,31.3,31.3
84.5,304.3,169.6,62.7,97.4,114.8,278.8,74.8
84.5,304.3,169.6,62.7,97.4,114.8,122.2,74.8
84.5,377.4,169.6,62.7,97.4,86.9,122.2,74.8
84.5,63.5,169.6,62.7,97.4,86.9,122.2,74.8
34.6,34.6,34.6,34.6,34.6,34.6,34.6,34.6
34.6,34.6,34.6,34.6,34.6,34.6,34.6,34.6
34.6,34.6,34.6,34.6,34.6,34.6,34.6,34.6
34.6,34.6,34.6,34.6,34.6,34.6,34.6,34.6
29.7,29.7,29.7,29.7,29.7,29.7,29.7,29.7
29.7,29.7,29.7,29.7,29.7,29.7,29.7,29.7
29.7,29.7,29.7,29.7,29.7,29.7,29.7,29.7
29.7,29.7,29.7,29.7,29.7,29.7,29.7,29.7
22.1,22.1,22.1,22.1,22.1,22.1,22.1,22.1
22.1,22.1,22.1,22.1,22.1,22.1,22.1,22.1
22.1,22.1,22.1,22.1,22.1,22.1,22.1,22.1
22.1,22.1,22.1,22.1,22.1,22.1,22.1,22.1
12.8,12.8,12.8,12.8,12.8,12.8,12.8,12.8
12.8,12.8,12.8,12.8,12.8,12.8,12.8,12.8
12.8,12.8,12.8,12.8,12.8,12.8,12.8,12.8
12.8,12.8,12.8,12.8,12.8,12.8,12.8,12.8
5.1,5.1,5.1,5.1,5.1,5.1,5.1,5.1
5.1,5.1,5.1,5.1,5.1,5.1,5.1,5.1
5.1,5.1,5.1,5.1,5.1,5.1,5.1,5.1
5.1,5.1,5.1,5.1,5.1,5.1,5.1,5.1
0.0,0.0,0.0,0.0,0.0,0.0,0.0,0.0
0.0,0.0,0.0,0.0,0.0,0.0,0.0,0.0
0.0,0.0,0.0,0.0,0.0,0.0,0.0,0.0
0.0,0.0,0.0,0.0,0.0,0.0,0.0,0.0
0.0,0.0,0.0,0.0,0.0,0.0,0.0,0.0
0.0,0.0,0.0,0.0,0.0,0.0,0.0,0.0
0.0,0.0,0.0,0.0,0.0,0.0,0.0,0.0
0.0,0.0,0.0,0.0,0.0,0.0,0.0,0.0
0.0,0.0,0.0,0.0,0.0,0.0,0.0,0.0
0.0,0.0,0.0,0.0,0.0,0.0,0.0,0.0
0.0,0.0,0.0,0.0,0.0,0.0,0.0,0.0
0.0,0.0,0.0,0.0,0.0,0.0,0.0,0.0
0.0,0.0,0.0,0.0,0.0,0.0,0.0,0.0
0.0,0.0,0.0,0.0,0.0,0.0,0.0,0.0
0.0,0.0,0.0,0.0,0.0,0.0,0.0,0.0
0.0,0.0,0.0,0.0,0.0,0.0,0.0,0.0
0.0,0.0,0.0,0.0,0.0,0.0,0.0,0.0
0.0,0.0,0.0,0.0,0.0,0.0,0.0,0.0
0.0,0.0,0.0,0.0,0.0,0.0,0.0,0.0
0.0,0.0,0.0,0.0,0.0,0.0,0.0,0.0
0.0,0.0,0.0,0.0,0.0,0.0,0.0,0.0
0.0,0.0,0.0,0.0,0.0,0.0,0.0,0.0
0.0,0.0,0.0,0.0,0.0,0.0,0.0,0.0
0.0,0.0,0.0,0.0,0.0,0.0,0.0,0.0
0.0,0.0,0.0,0.0,0.0,0.0,0.0,0.0
0.0,0.0,0.0,0.0,0.0,0.0,0.0,0.0
0.0,0.0,0.0,0.0,0.0,0.0,0.0,0.0
0.0,0.0,0.0,0.0,0.0,0.0,0.0,0.0
0.0,0.0,0.0,0.0,0.0,0.0,0.0,0.0
0.0,0.0,0.0,0.0,0.0,0.0,0.0,0.0
0.0,0.0,0.0,0.0,0.0,0.0,0.0,0.0
0.0,0.0,0.0,0.0,0.0,0.0,0.0,0.0
0.0,0.0,0.0,0.0,0.0,0.0,0.0,0.0
0.0,0.0,0.0,0.0,0.0,0.0,0.0,0.0
0.0,0.0,0.0,0.0,0.0,0.0,0.0,0.0
0.0,0.0,0.0,0.0,0.0,0.0,0.0,0.0
0.0,0.0,0.0,0.0,0.0,0.0,0.0,0.0
0.0,0.0,0.0,0.0,0.0,0.0,0.0,0.0
0.0,0.0,0.0,0.0,0.0,0.0,0.0,0.0
0.0,0.0,0.0,0.0,0.0,0.0,0.0,0.0
0.0,0.0,0.0,0.0,0.0,0.0,0.0,0.0
0.0,0.0,0.0,0.0,0.0,0.0,0.0,0.0
0.0,0.0,0.0,0.0,0.0,0.0,0.0,0.0
0.0,0.0,0.0,0.0,0.0,0.0,0.0,0.0
0.0,0.0,0.0,0.0,0.0,0.0,0.0,0.0
0.0,0.0,0.0,0.0,0.0,0.0,0.0,0.0
0.0,0.0,0.0,0.0,0.0,0.0,0.0,0.0
0.0,0.0,0.0,0.0,0.0,0.0,0.0,0.0
0.0,0.0,0.0,0.0,0.0,0.0,0.0,0.0
0.0,0.0,0.0,0.0,0.0,0.0,0.0,0.0
0.0,0.0,0.0,0.0,0.0,0.0,0.0,0.0
0.0,0.0,0.0,0.0,0.0,0.0,0.0,0.0
0.0,0.0,0.0,0.0,0.0,0.0,0.0,0.0
0.0,0.0,0.0,0.0,0.0,0.0,0.0,0.0
0.0,0.0,0.0,0.0,0.0,0.0,0.0,0.0
0.0,0.0,0.0,0.0,0.0,0.0,0.0,0.0
6.9,6.9,6.9,6.9,6.9,6.9,6.9,6.9
6.9,6.9,6.9,6.9,6.9,6.9,6.9,6.9
6.9,6.9,6.9,6.9,6.9,6.9,6.9,6.9
6.9,6.9,6.9,6.9,6.9,6.9,6.9,6.9
15.6,15.6,15.6,15.6,15.6,15.6,15.6,15.6
15.6,15.6,15.6,15.6,15.6,15.6,15.6,15.6
15.6,15.6,15.6,15.6,15.6,15.6,15.6,15.6
15.6,15.6,15.6,15.6,15.6,15.6,15.6,15.6
25.1,25.1,25.1,25.1,25.1,25.1,25.1,25.1
25.1,25.1,25.1,25.1,25.1,25.1,25.1,25.1
25.1,25.1,25.1,25.1,25.1,25.1,25.1,25.1
25.1,25.1,25.1,25.1,25.1,25.1,25.1,25.1
31.9,31.9,31.9,31.9,31.9,31.9,31.9,31.9
31.9,31.9,31.9,31.9,31.9,31.9,31.9,31.9
31.9,31.9,31.9,31.9,31.9,31.9,31.9,31.9
31.9,31.9,31.9,31.9,31.9,31.9,31.9,31.9
35.2,35.2,35.2,35.2,35.2,35.2,35.2,35.2
35.2,35.2,35.2,35.2,35.2,35.2,35.2,35.2
35.2,35.2,35.2,35.2,35.2,35.2,35.2,35.2
35.2,35.2,35.2,35.2,35.2,35.2,35.2,35.2
36.1,36.1,36.1,36.1,36.1,36.1,36.1,36.1
36.1,36.1,36.1,36.1,36.1,36.1,36.1,36.1
36.1,36.1,36.1,36.1,36.1,36.1,36.1,36.1
36.1,36.1,36.1,36.1,36.1,36.1,36.1,36.1
31.0,31.0,31.0,31.0,31.0,31.0,31.0,31.0
31.0,31.0,31.0,31.0,31.0,31.0,31.0,31.0
31.0,31.0,31.0,31.0,31.0,31.0,31.0,31.0
31.0,31.0,31.0,31.0,31.0,31.0,31.0,31.0
23.3,23.3,23.3,23.3,23.3,23.3,23.3,23.3
23.3,23.3,23.3,23.3,23.3,23.3,23.3,23.3
23.3,23.3,23.3,23.3,23.3,23.3,23.3,23.3
23.3,23.3,23.3,23.3,23.3,23.3,23.3,23.3
13.8,13.8,13.8,13.8,13.8,13.8,13.8,13.8
13.8,13.8,13.8,13.8,13.8,13.8,13.8,13.8
13.8,13.8,13.8,13.8,13.8,13.8,13.8,13.8
13.8,13.8,13.8,13.8,13.8,13.8,13.8,13.8
5.2,5.2,5.2,5.2,5.2,5.2,5.2,5.2
5.2,5.2,5.2,5.2,5.2,5.2,5.2,5.2
5.2,5.2,5.2,5.2,5.2,5.2,5.2,5.2
5.2,5.2,5.2,5.2,5.2,5.2,5.2,5.2
0.0,0.0,0.0,0.0,0.0,0.0,0.0,0.0
0.0,0.0,0.0,0.0,0.0,0.0,0.0,0.0
0.0,0.0,0.0,0.0,0.0,0.0,0.0,0.0
0.0,0.0,0.0,0.0,0.0,0.0,0.0,0.0
0.0,0.0,0.0,0.0,0.0,0.0,0.0,0.0
0.0,0.0,0.0,0.0,0.0,0.0,0.0,0.0
0.0,0.0,0.0,0.0,0.0,0.0,0.0,0.0
0.0,0.0,0.0,0.0,0.0,0.0,0.0,0.0
0.0,0.0,0.0,0.0,0.0,0.0,0.0,0.0
0.0,0.0,0.0,0.0,0.0,0.0,0.0,0.0
0.0,0.0,0.0,0.0,0.0,0.0,0.0,0.0
0.0,0.0,0.0,0.0,0.0,0.0,0.0,0.0
0.0,0.0,0.0,0.0,0.0,0.0,0.0,0.0
0.0,0.0,0.0,0.0,0.0,0.0,0.0,0.0
0.0,0.0,0.0,0.0,0.0,0.0,0.0,0.0
0.0,0.0,0.0,0.0,0.0,0.0,0.0,0.0
0.0,0.0,0.0,0.0,0.0,0.0,0.0,0.0
0.0,0.0,0.0,0.0,0.0,0.0,0.0,0.0
0.0,0.0,0.0,0.0,0.0,0.0,0.0,0.0
0.0,0.0,0.0,0.0,0.0,0.0,0.0,0.0
0.0,0.0,0.0,0.0,0.0,0.0,0.0,0.0
0.0,0.0,0.0,0.0,0.0,0.0,0.0,0.0
0.0,0.0,0.0,0.0,0.0,0.0,0.0,0.0
0.0,0.0,0.0,0.0,0.0,0.0,0.0,0.0
0.0,0.0,0.0,0.0,0.0,0.0,0.0,0.0
0.0,0.0,0.0,0.0,0.0,0.0,0.0,0.0
0.0,0.0,0.0,0.0,0.0,0.0,0.0,0.0
0.0,0.0,0.0,0.0,0.0,0.0,0.0,0.0
0.0,0.0,0.0,0.0,0.0,0.0,0.0,0.0
0.0,0.0,0.0,0.0,0.0,0.0,0.0,0.0
0.0,0.0,0.0,0.0,0.0,0.0,0.0,0.0
0.0,0.0,0.0,0.0,0.0,0.0,0.0,0.0
0.0,0.0,0.0,0.0,0.0,0.0,0.0,0.0
0.0,0.0,0.0,0.0,0.0,0.0,0.0,0.0
0.0,0.0,0.0,0.0,0.0,0.0,0.0,0.0
0.0,0.0,0.0,0.0,0.0,0.0,0.0,0.0
0.0,0.0,0.0,0.0,0.0,0.0,0.0,0.0
0.0,0.0,0.0,0.0,0.0,0.0,0.0,0.0
0.0,0.0,0.0,0.0,0.0,0.0,0.0,0.0
0.0,0.0,0.0,0.0,0.0,0.0,0.0,0.0
0.0,0.0,0.0,0.0,0.0,0.0,0.0,0.0
0.0,0.0,0.0,0.0,0.0,0.0,0.0,0.0
0.0,0.0,0.0,0.0,0.0,0.0,0.0,0.0
0.0,0.0,0.0,0.0,0.0,0.0,0.0,0.0
0.0,0.0,0.0,0.0,0.0,0.0,0.0,0.0
0.0,0.0,0.0,0.0,0.0,0.0,0.0,0.0
0.0,0.0,0.0,0.0,0.0,0.0,0.0,0.0
0.0,0.0,0.0,0.0,0.0,0.0,0.0,0.0
0.0,0.0,0.0,0.0,0.0,0.0,0.0,0.0
0.0,0.0,0.0,0.0,0.0,0.0,0.0,0.0
0.0,0.0,0.0,0.0,0.0,0.0,0.0,0.0
0.0,0.0,0.0,0.0,0.0,0.0,0.0,0.0
0.0,0.0,0.0,0.0,0.0,0.0,0.0,0.0
0.0,0.0,0.0,0.0,0.0,0.0,0.0,0.0
0.0,0.0,0.0,0.0,0.0,0.0,0.0,0.0
0.0,0.0,0.0,0.0,0.0,0.0,0.0,0.0
5.2,5.2,5.2,5.2,5.2,5.2,5.2,5.2
5.2,5.2,5.2,5.2,5.2,5.2,5.2,5.2
5.2,5.2,5.2,5.2,5.2,5.2,5.2,5.2
5.2,5.2,5.2,5.2,5.2,5.2,5.2,5.2
8.6,8.6,8.6,8.6,8.6,8.6,8.6,8.6
8.6,8.6,8.6,8.6,8.6,8.6,8.6,8.6
8.6,8.6,8.6,8.6,8.6,8.6,8.6,8.6
8.6,8.6,8.6,8.6,8.6,8.6,8.6,8.6
16.3,16.3,16.3,16.3,16.3,16.3,16.3,16.3
16.3,16.3,16.3,16.3,16.3,16.3,16.3,16.3
16.3,16.3,16.3,16.3,16.3,16.3,16.3,16.3
16.3,16.3,16.3,16.3,16.3,16.3,16.3,16.3
18.0,18.0,18.0,18.0,18.0,18.0,18.0,18.0
18.0,18.0,18.0,18.0,18.0,18.0,18.0,18.0
18.0,18.0,18.0,18.0,18.0,18.0,18.0,18.0
18.0,18.0,18.0,18.0,18.0,18.0,18.0,18.0
36.7,36.7,36.7,36.7,36.7,36.7,36.7,36.7
36.7,36.7,36.7,36.7,36.7,36.7,36.7,36.7
36.7,36.7,36.7,36.7,36.7,36.7,36.7,36.7
36.7,36.7,36.7,36.7,36.7,36.7,36.7,36.7
35.9,35.9,35.9,35.9,35.9,35.9,35.9,35.9
35.9,35.9,35.9,35.9,35.9,35.9,35.9,35.9
35.9,35.9,35.9,35.9,35.9,35.9,35.9,35.9
35.9,35.9,35.9,35.9,35.9,35.9,35.9,35.9
31.6,31.6,31.6,31.6,31.6,31.6,31.6,31.6
31.6,31.6,31.6,31.6,31.6,31.6,31.6,31.6
31.6,31.6,31.6,31.6,31.6,31.6,31.6,31.6
31.6,31.6,31.6,31.6,31.6,31.6,31.6,31.6
23.9,23.9,23.9,23.9,23.9,23.9,23.9,23.9
23.9,23.9,23.9,23.9,23.9,23.9,23.9,23.9
23.9,23.9,23.9,23.9,23.9,23.9,23.9,23.9
23.9,23.9,23.9,23.9,23.9,23.9,23.9,23.9
87.0,65.5,174.9,64.9,101.7,89.0,125.9,77.7
720.3,65.5,174.9,64.9,101.7,89.0,125.9,77.7
720.3,65.5,174.9,64.9,101.7,89.0,125.9,77.7
720.3,65.5,174.9,64.9,101.7,89.0,125.9,77.7
6.0,6.0,6.0,6.0,6.0,6.0,6.0,6.0
6.0,6.0,6.0,6.0,6.0,6.0,6.0,6.0
6.0,6.0,6.0,6.0,6.0,6.0,6.0,6.0
6.0,6.0,6.0,6.0,6.0,6.0,6.0,6.0
0.0,0.0,0.0,0.0,0.0,0.0,0.0,0.0
0.0,0.0,0.0,0.0,0.0,0.0,0.0,0.0
0.0,0.0,0.0,0.0,0.0,0.0,0.0,0.0
0.0,0.0,0.0,0.0,0.0,0.0,0.0,0.0
0.0,0.0,0.0,0.0,0.0,0.0,0.0,0.0
0.0,0.0,0.0,0.0,0.0,0.0,0.0,0.0
0.0,0.0,0.0,0.0,0.0,0.0,0.0,0.0
0.0,0.0,0.0,0.0,0.0,0.0,0.0,0.0
0.0,0.0,0.0,0.0,0.0,0.0,0.0,0.0
0.0,0.0,0.0,0.0,0.0,0.0,0.0,0.0
0.0,0.0,0.0,0.0,0.0,0.0,0.0,0.0
0.0,0.0,0.0,0.0,0.0,0.0,0.0,0.0
0.0,0.0,0.0,0.0,0.0,0.0,0.0,0.0
0.0,0.0,0.0,0.0,0.0,0.0,0.0,0.0
0.0,0.0,0.0,0.0,0.0,0.0,0.0,0.0
0.0,0.0,0.0,0.0,0.0,0.0,0.0,0.0
0.0,0.0,0.0,0.0,0.0,0.0,0.0,0.0
0.0,0.0,0.0,0.0,0.0,0.0,0.0,0.0
0.0,0.0,0.0,0.0,0.0,0.0,0.0,0.0
0.0,0.0,0.0,0.0,0.0,0.0,0.0,0.0
0.0,0.0,0.0,0.0,0.0,0.0,0.0,0.0
0.0,0.0,0.0,0.0,0.0,0.0,0.0,0.0
0.0,0.0,0.0,0.0,0.0,0.0,0.0,0.0
0.0,0.0,0.0,0.0,0.0,0.0,0.0,0.0
0.0,0.0,0.0,0.0,0.0,0.0,0.0,0.0
0.0,0.0,0.0,0.0,0.0,0.0,0.0,0.0
0.0,0.0,0.0,0.0,0.0,0.0,0.0,0.0
0.0,0.0,0.0,0.0,0.0,0.0,0.0,0.0
0.0,0.0,0.0,0.0,0.0,0.0,0.0,0.0
0.0,0.0,0.0,0.0,0.0,0.0,0.0,0.0
0.0,0.0,0.0,0.0,0.0,0.0,0.0,0.0
0.0,0.0,0.0,0.0,0.0,0.0,0.0,0.0
0.0,0.0,0.0,0.0,0.0,0.0,0.0,0.0
0.0,0.0,0.0,0.0,0.0,0.0,0.0,0.0
0.0,0.0,0.0,0.0,0.0,0.0,0.0,0.0
0.0,0.0,0.0,0.0,0.0,0.0,0.0,0.0
0.0,0.0,0.0,0.0,0.0,0.0,0.0,0.0
0.0,0.0,0.0,0.0,0.0,0.0,0.0,0.0
0.0,0.0,0.0,0.0,0.0,0.0,0.0,0.0
0.0,0.0,0.0,0.0,0.0,0.0,0.0,0.0
0.0,0.0,0.0,0.0,0.0,0.0,0.0,0.0
0.0,0.0,0.0,0.0,0.0,0.0,0.0,0.0
0.0,0.0,0.0,0.0,0.0,0.0,0.0,0.0
0.0,0.0,0.0,0.0,0.0,0.0,0.0,0.0
0.0,0.0,0.0,0.0,0.0,0.0,0.0,0.0
0.0,0.0,0.0,0.0,0.0,0.0,0.0,0.0
0.0,0.0,0.0,0.0,0.0,0.0,0.0,0.0
0.0,0.0,0.0,0.0,0.0,0.0,0.0,0.0
0.0,0.0,0.0,0.0,0.0,0.0,0.0,0.0
0.0,0.0,0.0,0.0,0.0,0.0,0.0,0.0
0.0,0.0,0.0,0.0,0.0,0.0,0.0,0.0
0.0,0.0,0.0,0.0,0.0,0.0,0.0,0.0
0.0,0.0,0.0,0.0,0.0,0.0,0.0,0.0
0.0,0.0,0.0,0.0,0.0,0.0,0.0,0.0
0.0,0.0,0.0,0.0,0.0,0.0,0.0,0.0
0.0,0.0,0.0,0.0,0.0,0.0,0.0,0.0
6.0,6.0,6.0,6.0,6.0,6.0,6.0,6.0
6.0,6.0,6.0,6.0,6.0,6.0,6.0,6.0
6.0,6.0,6.0,6.0,6.0,6.0,6.0,6.0
6.0,6.0,6.0,6.0,6.0,6.0,6.0,6.0
10.3,10.3,10.3,10.3,10.3,10.3,10.3,10.3
10.3,10.3,10.3,10.3,10.3,10.3,10.3,10.3
10.3,10.3,10.3,10.3,10.3,10.3,10.3,10.3
10.3,10.3,10.3,10.3,10.3,10.3,10.3,10.3
16.3,16.3,16.3,16.3,16.3,16.3,16.3,16.3
16.3,16.3,16.3,16.3,16.3,16.3,16.3,16.3
16.3,16.3,16.3,16.3,16.3,16.3,16.3,16.3
16.3,16.3,16.3,16.3,16.3,16.3,16.3,16.3
17.9,17.9,17.9,17.9,17.9,17.9,17.9,17.9
17.9,17.9,17.9,17.9,17.9,17.9,17.9,17.9
17.9,17.9,17.9,17.9,17.9,17.9,17.9,17.9
17.9,17.9,17.9,17.9,17.9,17.9,17.9,17.9
20.4,20.4,20.4,20.4,20.4,20.4,20.4,20.4
20.4,20.4,20.4,20.4,20.4,20.4,20.4,20.4
20.4,20.4,20.4,20.4,20.4,20.4,20.4,20.4
20.4,20.4,20.4,20.4,20.4,20.4,20.4,20.4
20.3,20.3,20.3,20.3,20.3,20.3,20.3,20.3
20.3,20.3,20.3,20.3,20.3,20.3,20.3,20.3
20.3,20.3,20.3,20.3,20.3,20.3,20.3,20.3
20.3,20.3,20.3,20.3,20.3,20.3,20.3,20.3
16.9,16.9,16.9,16.9,16.9,16.9,16.9,16.9
16.9,16.9,16.9,16.9,16.9,16.9,16.9,16.9
16.9,16.9,16.9,16.9,16.9,16.9,16.9,16.9
16.9,16.9,16.9,16.9,16.9,16.9,16.9,16.9
27.1,27.1,27.1,27.1,27.1,27.1,27.1,27.1
27.1,27.1,27.1,27.1,27.1,27.1,27.1,27.1
27.1,27.1,27.1,27.1,27.1,27.1,27.1,27.1
27.1,27.1,27.1,27.1,27.1,27.1,27.1,27.1
11.9,11.9,11.9,11.9,11.9,11.9,11.9,11.9
11.9,11.9,11.9,11.9,11.9,11.9,11.9,11.9
11.9,11.9,11.9,11.9,11.9,11.9,11.9,11.9
11.9,11.9,11.9,11.9,11.9,11.9,11.9,11.9
6.8,6.8,6.8,6.8,6.8,6.8,6.8,6.8
6.8,6.8,6.8,6.8,6.8,6.8,6.8,6.8
6.8,6.8,6.8,6.8,6.8,6.8,6.8,6.8
6.8,6.8,6.8,6.8,6.8,6.8,6.8,6.8
0.0,0.0,0.0,0.0,0.0,0.0,0.0,0.0
0.0,0.0,0.0,0.0,0.0,0.0,0.0,0.0
0.0,0.0,0.0,0.0,0.0,0.0,0.0,0.0
0.0,0.0,0.0,0.0,0.0,0.0,0.0,0.0
0.0,0.0,0.0,0.0,0.0,0.0,0.0,0.0
0.0,0.0,0.0,0.0,0.0,0.0,0.0,0.0
0.0,0.0,0.0,0.0,0.0,0.0,0.0,0.0
0.0,0.0,0.0,0.0,0.0,0.0,0.0,0.0
0.0,0.0,0.0,0.0,0.0,0.0,0.0,0.0
0.0,0.0,0.0,0.0,0.0,0.0,0.0,0.0
0.0,0.0,0.0,0.0,0.0,0.0,0.0,0.0
0.0,0.0,0.0,0.0,0.0,0.0,0.0,0.0
0.0,0.0,0.0,0.0,0.0,0.0,0.0,0.0
0.0,0.0,0.0,0.0,0.0,0.0,0.0,0.0
0.0,0.0,0.0,0.0,0.0,0.0,0.0,0.0
0.0,0.0,0.0,0.0,0.0,0.0,0.0,0.0
0.0,0.0,0.0,0.0,0.0,0.0,0.0,0.0
0.0,0.0,0.0,0.0,0.0,0.0,0.0,0.0
0.0,0.0,0.0,0.0,0.0,0.0,0.0,0.0
0.0,0.0,0.0,0.0,0.0,0.0,0.0,0.0
0.0,0.0,0.0,0.0,0.0,0.0,0.0,0.0
0.0,0.0,0.0,0.0,0.0,0.0,0.0,0.0
0.0,0.0,0.0,0.0,0.0,0.0,0.0,0.0
0.0,0.0,0.0,0.0,0.0,0.0,0.0,0.0
0.0,0.0,0.0,0.0,0.0,0.0,0.0,0.0
0.0,0.0,0.0,0.0,0.0,0.0,0.0,0.0
0.0,0.0,0.0,0.0,0.0,0.0,0.0,0.0
0.0,0.0,0.0,0.0,0.0,0.0,0.0,0.0
0.0,0.0,0.0,0.0,0.0,0.0,0.0,0.0
0.0,0.0,0.0,0.0,0.0,0.0,0.0,0.0
0.0,0.0,0.0,0.0,0.0,0.0,0.0,0.0
0.0,0.0,0.0,0.0,0.0,0.0,0.0,0.0
0.0,0.0,0.0,0.0,0.0,0.0,0.0,0.0
0.0,0.0,0.0,0.0,0.0,0.0,0.0,0.0
0.0,0.0,0.0,0.0,0.0,0.0,0.0,0.0
0.0,0.0,0.0,0.0,0.0,0.0,0.0,0.0
0.0,0.0,0.0,0.0,0.0,0.0,0.0,0.0
0.0,0.0,0.0,0.0,0.0,0.0,0.0,0.0
0.0,0.0,0.0,0.0,0.0,0.0,0.0,0.0
0.0,0.0,0.0,0.0,0.0,0.0,0.0,0.0
0.0,0.0,0.0,0.0,0.0,0.0,0.0,0.0
0.0,0.0,0.0,0.0,0.0,0.0,0.0,0.0
0.0,0.0,0.0,0.0,0.0,0.0,0.0,0.0
0.0,0.0,0.0,0.0,0.0,0.0,0.0,0.0
0.0,0.0,0.0,0.0,0.0,0.0,0.0,0.0
0.0,0.0,0.0,0.0,0.0,0.0,0.0,0.0
0.0,0.0,0.0,0.0,0.0,0.0,0.0,0.0
0.0,0.0,0.0,0.0,0.0,0.0,0.0,0.0
0.0,0.0,0.0,0.0,0.0,0.0,0.0,0.0
0.0,0.0,0.0,0.0,0.0,0.0,0.0,0.0
0.0,0.0,0.0,0.0,0.0,0.0,0.0,0.0
0.0,0.0,0.0,0.0,0.0,0.0,0.0,0.0
0.0,0.0,0.0,0.0,0.0,0.0,0.0,0.0
0.0,0.0,0.0,0.0,0.0,0.0,0.0,0.0
0.0,0.0,0.0,0.0,0.0,0.0,0.0,0.0
0.0,0.0,0.0,0.0,0.0,0.0,0.0,0.0
6.0,6.0,6.0,6.0,6.0,6.0,6.0,6.0
6.0,6.0,6.0,6.0,6.0,6.0,6.0,6.0
6.0,6.0,6.0,6.0,6.0,6.0,6.0,6.0
6.0,6.0,6.0,6.0,6.0,6.0,6.0,6.0
11.2,11.2,11.2,11.2,11.2,11.2,11.2,11.2
11.2,11.2,11.2,11.2,11.2,11.2,11.2,11.2
11.2,11.2,11.2,11.2,11.2,11.2,11.2,11.2
11.2,11.2,11.2,11.2,11.2,11.2,11.2,11.2
17.3,17.3,17.3,17.3,17.3,17.3,17.3,17.3
17.3,17.3,17.3,17.3,17.3,17.3,17.3,17.3
17.3,17.3,17.3,17.3,17.3,17.3,17.3,17.3
17.3,17.3,17.3,17.3,17.3,17.3,17.3,17.3
23.3,23.3,23.3,23.3,23.3,23.3,23.3,23.3
23.3,23.3,23.3,23.3,23.3,23.3,23.3,23.3
23.3,23.3,23.3,23.3,23.3,23.3,23.3,23.3
23.3,23.3,23.3,23.3,23.3,23.3,23.3,23.3
84.5,63.5,169.6,62.7,97.4,86.9,592.1,74.8
84.5,63.5,169.6,62.7,443.1,86.9,122.2,74.8
911.5,63.5,169.6,62.7,97.4,86.9,122.2,74.8
911.5,63.5,169.6,62.7,97.4,86.9,122.2,74.8
1168.5,169.6,173.6,64.4,100.6,144.1,125.0,77.0
86.4,169.6,173.6,64.4,100.6,88.5,125.0,77.0
86.4,169.6,173.6,64.4,100.6,88.5,125.0,77.0
86.4,65.0,173.6,64.4,100.6,88.5,125.0,77.0
84.5,63.5,169.6,62.7,97.4,86.9,122.2,74.8
84.5,63.5,169.6,62.7,97.4,86.9,122.2,74.8
84.5,63.5,169.6,62.7,97.4,86.9,122.2,74.8
84.5,63.5,169.6,62.7,97.4,86.9,122.2,74.8
85.1,64.0,171.0,63.2,98.5,87.4,123.2,75.5
1086.7,64.0,171.0,63.2,98.5,87.4,123.2,75.5
1086.7,64.0,171.0,63.2,98.5,87.4,123.2,75.5
1086.7,64.0,171.0,63.2,98.5,87.4,123.2,75.5
25.0,25.0,25.0,25.0,25.0,25.0,25.0,25.0
25.0,25.0,25.0,25.0,25.0,25.0,25.0,25.0
25.0,25.0,25.0,25.0,25.0,25.0,25.0,25.0
25.0,25.0,25.0,25.0,25.0,25.0,25.0,25.0
11.2,11.2,11.2,11.2,11.2,11.2,11.2,11.2
11.2,11.2,11.2,11.2,11.2,11.2,11.2,11.2
11.2,11.2,11.2,11.2,11.2,11.2,11.2,11.2
11.2,11.2,11.2,11.2,11.2,11.2,11.2,11.2
0.0,0.0,0.0,0.0,0.0,0.0,0.0,0.0
0.0,0.0,0.0,0.0,0.0,0.0,0.0,0.0
0.0,0.0,0.0,0.0,0.0,0.0,0.0,0.0
0.0,0.0,0.0,0.0,0.0,0.0,0.0,0.0
0.0,0.0,0.0,0.0,0.0,0.0,0.0,0.0
0.0,0.0,0.0,0.0,0.0,0.0,0.0,0.0
0.0,0.0,0.0,0.0,0.0,0.0,0.0,0.0
0.0,0.0,0.0,0.0,0.0,0.0,0.0,0.0
0.0,0.0,0.0,0.0,0.0,0.0,0.0,0.0
0.0,0.0,0.0,0.0,0.0,0.0,0.0,0.0
0.0,0.0,0.0,0.0,0.0,0.0,0.0,0.0
0.0,0.0,0.0,0.0,0.0,0.0,0.0,0.0
0.0,0.0,0.0,0.0,0.0,0.0,0.0,0.0
0.0,0.0,0.0,0.0,0.0,0.0,0.0,0.0
0.0,0.0,0.0,0.0,0.0,0.0,0.0,0.0
0.0,0.0,0.0,0.0,0.0,0.0,0.0,0.0
0.0,0.0,0.0,0.0,0.0,0.0,0.0,0.0
0.0,0.0,0.0,0.0,0.0,0.0,0.0,0.0
0.0,0.0,0.0,0.0,0.0,0.0,0.0,0.0
0.0,0.0,0.0,0.0,0.0,0.0,0.0,0.0
0.0,0.0,0.0,0.0,0.0,0.0,0.0,0.0
0.0,0.0,0.0,0.0,0.0,0.0,0.0,0.0
0.0,0.0,0.0,0.0,0.0,0.0,0.0,0.0
0.0,0.0,0.0,0.0,0.0,0.0,0.0,0.0
0.0,0.0,0.0,0.0,0.0,0.0,0.0,0.0
0.0,0.0,0.0,0.0,0.0,0.0,0.0,0.0
0.0,0.0,0.0,0.0,0.0,0.0,0.0,0.0
0.0,0.0,0.0,0.0,0.0,0.0,0.0,0.0
0.0,0.0,0.0,0.0,0.0,0.0,0.0,0.0
0.0,0.0,0.0,0.0,0.0,0.0,0.0,0.0
0.0,0.0,0.0,0.0,0.0,0.0,0.0,0.0
0.0,0.0,0.0,0.0,0.0,0.0,0.0,0.0
0.0,0.0,0.0,0.0,0.0,0.0,0.0,0.0
0.0,0.0,0.0,0.0,0.0,0.0,0.0,0.0
0.0,0.0,0.0,0.0,0.0,0.0,0.0,0.0
0.0,0.0,0.0,0.0,0.0,0.0,0.0,0.0
0.0,0.0,0.0,0.0,0.0,0.0,0.0,0.0
0.0,0.0,0.0,0.0,0.0,0.0,0.0,0.0
0.0,0.0,0.0,0.0,0.0,0.0,0.0,0.0
0.0,0.0,0.0,0.0,0.0,0.0,0.0,0.0
0.0,0.0,0.0,0.0,0.0,0.0,0.0,0.0
0.0,0.0,0.0,0.0,0.0,0.0,0.0,0.0
0.0,0.0,0.0,0.0,0.0,0.0,0.0,0.0
0.0,0.0,0.0,0.0,0.0,0.0,0.0,0.0
0.0,0.0,0.0,0.0,0.0,0.0,0.0,0.0
0.0,0.0,0.0,0.0,0.0,0.0,0.0,0.0
0.0,0.0,0.0,0.0,0.0,0.0,0.0,0.0
0.0,0.0,0.0,0.0,0.0,0.0,0.0,0.0
0.0,0.0,0.0,0.0,0.0,0.0,0.0,0.0
0.0,0.0,0.0,0.0,0.0,0.0,0.0,0.0
0.0,0.0,0.0,0.0,0.0,0.0,0.0,0.0
0.0,0.0,0.0,0.0,0.0,0.0,0.0,0.0
0.0,0.0,0.0,0.0,0.0,0.0,0.0,0.0
0.0,0.0,0.0,0.0,0.0,0.0,0.0,0.0
0.0,0.0,0.0,0.0,0.0,0.0,0.0,0.0
0.0,0.0,0.0,0.0,0.0,0.0,0.0,0.0
6.1,6.1,6.1,6.1,6.1,6.1,6.1,6.1
6.1,6.1,6.1,6.1,6.1,6.1,6.1,6.1
6.1,6.1,6.1,6.1,6.1,6.1,6.1,6.1
6.1,6.1,6.1,6.1,6.1,6.1,6.1,6.1
34.0,34.0,34.0,34.0,34.0,34.0,34.0,34.0
34.0,34.0,34.0,34.0,34.0,34.0,34.0,34.0
34.0,34.0,34.0,34.0,34.0,34.0,34.0,34.0
34.0,34.0,34.0,34.0,34.0,34.0,34.0,34.0
48.4,48.4,48.4,48.4,48.4,48.4,48.4,48.4
48.4,48.4,48.4,48.4,48.4,48.4,48.4,48.4
48.4,48.4,48.4,48.4,48.4,48.4,48.4,48.4
48.4,48.4,48.4,48.4,48.4,48.4,48.4,48.4
34.4,34.4,34.4,34.4,34.4,34.4,34.4,34.4
34.4,34.4,34.4,34.4,34.4,34.4,34.4,34.4
34.4,34.4,34.4,34.4,34.4,34.4,34.4,34.4
34.4,34.4,34.4,34.4,34.4,34.4,34.4,34.4
84.5,63.5,169.6,62.7,97.4,86.9,122.2,74.8
84.5,63.5,169.6,62.7,97.4,86.9,122.2,348.2
84.5,63.5,169.6,62.7,97.4,86.9,122.2,74.8
84.5,63.5,169.6,62.7,97.4,86.9,122.2,74.8
86.4,65.0,1409.6,64.4,100.6,88.5,281.6,77.0
86.4,65.0,1409.6,64.4,100.6,116.3,281.6,77.0
86.4,65.0,173.6,64.4,100.6,116.3,281.6,77.0
86.4,65.0,173.6,64.4,100.6,88.5,125.0,77.0
84.5,63.5,169.6,62.7,97.4,86.9,122.2,74.8
84.5,63.5,169.6,62.7,97.4,86.9,122.2,74.8
84.5,63.5,169.6,62.7,97.4,86.9,122.2,74.8
84.5,63.5,169.6,62.7,97.4,86.9,122.2,74.8
85.1,64.0,171.0,63.2,98.5,87.4,123.2,75.5
85.1,64.0,171.0,63.2,98.5,87.4,123.2,75.5
85.1,64.0,171.0,63.2,98.5,87.4,123.2,75.5
85.1,64.0,171.0,63.2,98.5,87.4,123.2,75.5
51.4,51.4,51.4,51.4,51.4,51.4,51.4,51.4
51.4,51.4,51.4,51.4,51.4,51.4,51.4,51.4
51.4,51.4,51.4,51.4,51.4,51.4,51.4,51.4
51.4,51.4,51.4,51.4,51.4,51.4,51.4,51.4
22.4,22.4,22.4,22.4,22.4,22.4,22.4,22.4
22.4,22.4,22.4,22.4,22.4,22.4,22.4,22.4
22.4,22.4,22.4,22.4,22.4,22.4,22.4,22.4
22.4,22.4,22.4,22.4,22.4,22.4,22.4,22.4
0.0,0.0,0.0,0.0,0.0,0.0,0.0,0.0
0.0,0.0,0.0,0.0,0.0,0.0,0.0,0.0
0.0,0.0,0.0,0.0,0.0,0.0,0.0,0.0
0.0,0.0,0.0,0.0,0.0,0.0,0.0,0.0
0.0,0.0,0.0,0.0,0.0,0.0,0.0,0.0
0.0,0.0,0.0,0.0,0.0,0.0,0.0,0.0
0.0,0.0,0.0,0.0,0.0,0.0,0.0,0.0
0.0,0.0,0.0,0.0,0.0,0.0,0.0,0.0
0.0,0.0,0.0,0.0,0.0,0.0,0.0,0.0
0.0,0.0,0.0,0.0,0.0,0.0,0.0,0.0
0.0,0.0,0.0,0.0,0.0,0.0,0.0,0.0
0.0,0.0,0.0,0.0,0.0,0.0,0.0,0.0
0.0,0.0,0.0,0.0,0.0,0.0,0.0,0.0
0.0,0.0,0.0,0.0,0.0,0.0,0.0,0.0
0.0,0.0,0.0,0.0,0.0,0.0,0.0,0.0
0.0,0.0,0.0,0.0,0.0,0.0,0.0,0.0
0.0,0.0,0.0,0.0,0.0,0.0,0.0,0.0
0.0,0.0,0.0,0.0,0.0,0.0,0.0,0.0
0.0,0.0,0.0,0.0,0.0,0.0,0.0,0.0
0.0,0.0,0.0,0.0,0.0,0.0,0.0,0.0
0.0,0.0,0.0,0.0,0.0,0.0,0.0,0.0
0.0,0.0,0.0,0.0,0.0,0.0,0.0,0.0
0.0,0.0,0.0,0.0,0.0,0.0,0.0,0.0
0.0,0.0,0.0,0.0,0.0,0.0,0.0,0.0
0.0,0.0,0.0,0.0,0.0,0.0,0.0,0.0
0.0,0.0,0.0,0.0,0.0,0.0,0.0,0.0
0.0,0.0,0.0,0.0,0.0,0.0,0.0,0.0
0.0,0.0,0.0,0.0,0.0,0.0,0.0,0.0
0.0,0.0,0.0,0.0,0.0,0.0,0.0,0.0
0.0,0.0,0.0,0.0,0.0,0.0,0.0,0.0
0.0,0.0,0.0,0.0,0.0,0.0,0.0,0.0
0.0,0.0,0.0,0.0,0.0,0.0,0.0,0.0
0.0,0.0,0.0,0.0,0.0,0.0,0.0,0.0
0.0,0.0,0.0,0.0,0.0,0.0,0.0,0.0
0.0,0.0,0.0,0.0,0.0,0.0,0.0,0.0
0.0,0.0,0.0,0.0,0.0,0.0,0.0,0.0
0.0,0.0,0.0,0.0,0.0,0.0,0.0,0.0
0.0,0.0,0.0,0.0,0.0,0.0,0.0,0.0
0.0,0.0,0.0,0.0,0.0,0.0,0.0,0.0
0.0,0.0,0.0,0.0,0.0,0.0,0.0,0.0
0.0,0.0,0.0,0.0,0.0,0.0,0.0,0.0
0.0,0.0,0.0,0.0,0.0,0.0,0.0,0.0
0.0,0.0,0.0,0.0,0.0,0.0,0.0,0.0
0.0,0.0,0.0,0.0,0.0,0.0,0.0,0.0
0.0,0.0,0.0,0.0,0.0,0.0,0.0,0.0
0.0,0.0,0.0,0.0,0.0,0.0,0.0,0.0
0.0,0.0,0.0,0.0,0.0,0.0,0.0,0.0
0.0,0.0,0.0,0.0,0.0,0.0,0.0,0.0
0.0,0.0,0.0,0.0,0.0,0.0,0.0,0.0
0.0,0.0,0.0,0.0,0.0,0.0,0.0,0.0
0.0,0.0,0.0,0.0,0.0,0.0,0.0,0.0
0.0,0.0,0.0,0.0,0.0,0.0,0.0,0.0
0.0,0.0,0.0,0.0,0.0,0.0,0.0,0.0
0.0,0.0,0.0,0.0,0.0,0.0,0.0,0.0
0.0,0.0,0.0,0.0,0.0,0.0,0.0,0.0
0.0,0.0,0.0,0.0,0.0,0.0,0.0,0.0
6.9,6.9,6.9,6.9,6.9,6.9,6.9,6.9
6.9,6.9,6.9,6.9,6.9,6.9,6.9,6.9
6.9,6.9,6.9,6.9,6.9,6.9,6.9,6.9
6.9,6.9,6.9,6.9,6.9,6.9,6.9,6.9
9.5,9.5,9.5,9.5,9.5,9.5,9.5,9.5
9.5,9.5,9.5,9.5,9.5,9.5,9.5,9.5
9.5,9.5,9.5,9.5,9.5,9.5,9.5,9.5
9.5,9.5,9.5,9.5,9.5,9.5,9.5,9.5
18.9,18.9,18.9,18.9,18.9,18.9,18.9,18.9
18.9,18.9,18.9,18.9,18.9,18.9,18.9,18.9
18.9,18.9,18.9,18.9,18.9,18.9,18.9,18.9
18.9,18.9,18.9,18.9,18.9,18.9,18.9,18.9
23.2,23.2,23.2,23.2,23.2,23.2,23.2,23.2
23.2,23.2,23.2,23.2,23.2,23.2,23.2,23.2
23.2,23.2,23.2,23.2,23.2,23.2,23.2,23.2
23.2,23.2,23.2,23.2,23.2,23.2,23.2,23.2
25.7,25.7,25.7,25.7,25.7,25.7,25.7,25.7
25.7,25.7,25.7,25.7,25.7,25.7,25.7,25.7
25.7,25.7,25.7,25.7,25.7,25.7,25.7,25.7
25.7,25.7,25.7,25.7,25.7,25.7,25.7,25.7
32.5,32.5,32.5,32.5,32.5,32.5,32.5,32.5
32.5,32.5,32.5,32.5,32.5,32.5,32.5,32.5
32.5,32.5,32.5,32.5,32.5,32.5,32.5,32.5
32.5,32.5,32.5,32.5,32.5,32.5,32.5,32.5
21.4,21.4,21.4,21.4,21.4,21.4,21.4,21.4
21.4,21.4,21.4,21.4,21.4,21.4,21.4,21.4
21.4,21.4,21.4,21.4,21.4,21.4,21.4,21.4
21.4,21.4,21.4,21.4,21.4,21.4,21.4,21.4
34.2,34.2,34.2,34.2,34.2,34.2,34.2,34.2
34.2,34.2,34.2,34.2,34.2,34.2,34.2,34.2
34.2,34.2,34.2,34.2,34.2,34.2,34.2,34.2
34.2,34.2,34.2,34.2,34.2,34.2,34.2,34.2
10.3,10.3,10.3,10.3,10.3,10.3,10.3,10.3
10.3,10.3,10.3,10.3,10.3,10.3,10.3,10.3
10.3,10.3,10.3,10.3,10.3,10.3,10.3,10.3
10.3,10.3,10.3,10.3,10.3,10.3,10.3,10.3
5.1,5.1,5.1,5.1,5.1,5.1,5.1,5.1
5.1,5.1,5.1,5.1,5.1,5.1,5.1,5.1
5.1,5.1,5.1,5.1,5.1,5.1,5.1,5.1
5.1,5.1,5.1,5.1,5.1,5.1,5.1,5.1
0.0,0.0,0.0,0.0,0.0,0.0,0.0,0.0
0.0,0.0,0.0,0.0,0.0,0.0,0.0,0.0
0.0,0.0,0.0,0.0,0.0,0.0,0.0,0.0
0.0,0.0,0.0,0.0,0.0,0.0,0.0,0.0
0.0,0.0,0.0,0.0,0.0,0.0,0.0,0.0
0.0,0.0,0.0,0.0,0.0,0.0,0.0,0.0
0.0,0.0,0.0,0.0,0.0,0.0,0.0,0.0
0.0,0.0,0.0,0.0,0.0,0.0,0.0,0.0
0.0,0.0,0.0,0.0,0.0,0.0,0.0,0.0
0.0,0.0,0.0,0.0,0.0,0.0,0.0,0.0
0.0,0.0,0.0,0.0,0.0,0.0,0.0,0.0
0.0,0.0,0.0,0.0,0.0,0.0,0.0,0.0
0.0,0.0,0.0,0.0,0.0,0.0,0.0,0.0
0.0,0.0,0.0,0.0,0.0,0.0,0.0,0.0
0.0,0.0,0.0,0.0,0.0,0.0,0.0,0.0
0.0,0.0,0.0,0.0,0.0,0.0,0.0,0.0
0.0,0.0,0.0,0.0,0.0,0.0,0.0,0.0
0.0,0.0,0.0,0.0,0.0,0.0,0.0,0.0
0.0,0.0,0.0,0.0,0.0,0.0,0.0,0.0
0.0,0.0,0.0,0.0,0.0,0.0,0.0,0.0
0.0,0.0,0.0,0.0,0.0,0.0,0.0,0.0
0.0,0.0,0.0,0.0,0.0,0.0,0.0,0.0
0.0,0.0,0.0,0.0,0.0,0.0,0.0,0.0
0.0,0.0,0.0,0.0,0.0,0.0,0.0,0.0
0.0,0.0,0.0,0.0,0.0,0.0,0.0,0.0
0.0,0.0,0.0,0.0,0.0,0.0,0.0,0.0
0.0,0.0,0.0,0.0,0.0,0.0,0.0,0.0
0.0,0.0,0.0,0.0,0.0,0.0,0.0,0.0
0.0,0.0,0.0,0.0,0.0,0.0,0.0,0.0
0.0,0.0,0.0,0.0,0.0,0.0,0.0,0.0
0.0,0.0,0.0,0.0,0.0,0.0,0.0,0.0
0.0,0.0,0.0,0.0,0.0,0.0,0.0,0.0
0.0,0.0,0.0,0.0,0.0,0.0,0.0,0.0
0.0,0.0,0.0,0.0,0.0,0.0,0.0,0.0
0.0,0.0,0.0,0.0,0.0,0.0,0.0,0.0
0.0,0.0,0.0,0.0,0.0,0.0,0.0,0.0
0.0,0.0,0.0,0.0,0.0,0.0,0.0,0.0
0.0,0.0,0.0,0.0,0.0,0.0,0.0,0.0
0.0,0.0,0.0,0.0,0.0,0.0,0.0,0.0
0.0,0.0,0.0,0.0,0.0,0.0,0.0,0.0
0.0,0.0,0.0,0.0,0.0,0.0,0.0,0.0
0.0,0.0,0.0,0.0,0.0,0.0,0.0,0.0
0.0,0.0,0.0,0.0,0.0,0.0,0.0,0.0
0.0,0.0,0.0,0.0,0.0,0.0,0.0,0.0
0.0,0.0,0.0,0.0,0.0,0.0,0.0,0.0
0.0,0.0,0.0,0.0,0.0,0.0,0.0,0.0
0.0,0.0,0.0,0.0,0.0,0.0,0.0,0.0
0.0,0.0,0.0,0.0,0.0,0.0,0.0,0.0
0.0,0.0,0.0,0.0,0.0,0.0,0.0,0.0
0.0,0.0,0.0,0.0,0.0,0.0,0.0,0.0
0.0,0.0,0.0,0.0,0.0,0.0,0.0,0.0
0.0,0.0,0.0,0.0,0.0,0.0,0.0,0.0
0.0,0.0,0.0,0.0,0.0,0.0,0.0,0.0
0.0,0.0,0.0,0.0,0.0,0.0,0.0,0.0
0.0,0.0,0.0,0.0,0.0,0.0,0.0,0.0
0.0,0.0,0.0,0.0,0.0,0.0,0.0,0.0
8.6,8.6,8.6,8.6,8.6,8.6,8.6,8.6
8.6,8.6,8.6,8.6,8.6,8.6,8.6,8.6
8.6,8.6,8.6,8.6,8.6,8.6,8.6,8.6
8.6,8.6,8.6,8.6,8.6,8.6,8.6,8.6
18.1,18.1,18.1,18.1,18.1,18.1,18.1,18.1
18.1,18.1,18.1,18.1,18.1,18.1,18.1,18.1
18.1,18.1,18.1,18.1,18.1,18.1,18.1,18.1
18.1,18.1,18.1,18.1,18.1,18.1,18.1,18.1
30.8,30.8,30.8,30.8,30.8,30.8,30.8,30.8
30.8,30.8,30.8,30.8,30.8,30.8,30.8,30.8
30.8,30.8,30.8,30.8,30.8,30.8,30.8,30.8
30.8,30.8,30.8,30.8,30.8,30.8,30.8,30.8
37.6,37.6,37.6,37.6,37.6,37.6,37.6,37.6
37.6,37.6,37.6,37.6,37.6,37.6,37.6,37.6
37.6,37.6,37.6,37.6,37.6,37.6,37.6,37.6
37.6,37.6,37.6,37.6,37.6,37.6,37.6,37.6
84.5,546.3,169.6,62.7,212.7,86.9,122.2,74.8
84.5,441.7,169.6,62.7,212.7,86.9,122.2,74.8
84.5,441.7,169.6,62.7,212.7,86.9,122.2,74.8
755.2,441.7,194.6,62.7,97.4,86.9,122.2,74.8
40.2,40.2,40.2,40.2,40.2,40.2,40.2,40.2
40.2,40.2,40.2,40.2,40.2,40.2,40.2,40.2
40.2,40.2,40.2,40.2,40.2,40.2,40.2,40.2
40.2,40.2,40.2,40.2,40.2,40.2,40.2,40.2
84.5,63.5,169.6,74.1,97.4,86.9,122.2,74.8
84.5,63.5,133.7,274.7,97.4,86.9,118.5,74.8
84.5,63.5,133.7,274.7,97.4,86.9,118.5,74.8
84.5,63.5,133.7,274.7,97.4,86.9,118.5,74.8
26.6,26.6,26.6,26.6,26.6,26.6,26.6,26.6
26.6,26.6,26.6,26.6,26.6,26.6,26.6,26.6
26.6,26.6,26.6,26.6,26.6,26.6,26.6,26.6
26.6,26.6,26.6,26.6,26.6,26.6,26.6,26.6
87.0,65.5,666.6,612.9,101.7,89.0,125.9,77.7
87.0,65.5,666.6,64.9,101.7,89.0,125.9,77.7
87.0,65.5,666.6,64.9,101.7,89.0,125.9,77.7
87.0,65.5,666.6,64.9,101.7,89.0,125.9,77.7
6.9,6.9,6.9,6.9,6.9,6.9,6.9,6.9
6.9,6.9,6.9,6.9,6.9,6.9,6.9,6.9
6.9,6.9,6.9,6.9,6.9,6.9,6.9,6.9
6.9,6.9,6.9,6.9,6.9,6.9,6.9,6.9
0.0,0.0,0.0,0.0,0.0,0.0,0.0,0.0
0.0,0.0,0.0,0.0,0.0,0.0,0.0,0.0
0.0,0.0,0.0,0.0,0.0,0.0,0.0,0.0
0.0,0.0,0.0,0.0,0.0,0.0,0.0,0.0
0.0,0.0,0.0,0.0,0.0,0.0,0.0,0.0
0.0,0.0,0.0,0.0,0.0,0.0,0.0,0.0
0.0,0.0,0.0,0.0,0.0,0.0,0.0,0.0
0.0,0.0,0.0,0.0,0.0,0.0,0.0,0.0
0.0,0.0,0.0,0.0,0.0,0.0,0.0,0.0
0.0,0.0,0.0,0.0,0.0,0.0,0.0,0.0
0.0,0.0,0.0,0.0,0.0,0.0,0.0,0.0
0.0,0.0,0.0,0.0,0.0,0.0,0.0,0.0
0.0,0.0,0.0,0.0,0.0,0.0,0.0,0.0
0.0,0.0,0.0,0.0,0.0,0.0,0.0,0.0
0.0,0.0,0.0,0.0,0.0,0.0,0.0,0.0
0.0,0.0,0.0,0.0,0.0,0.0,0.0,0.0
0.0,0.0,0.0,0.0,0.0,0.0,0.0,0.0
0.0,0.0,0.0,0.0,0.0,0.0,0.0,0.0
0.0,0.0,0.0,0.0,0.0,0.0,0.0,0.0
0.0,0.0,0.0,0.0,0.0,0.0,0.0,0.0
0.0,0.0,0.0,0.0,0.0,0.0,0.0,0.0
0.0,0.0,0.0,0.0,0.0,0.0,0.0,0.0
0.0,0.0,0.0,0.0,0.0,0.0,0.0,0.0
0.0,0.0,0.0,0.0,0.0,0.0,0.0,0.0
0.0,0.0,0.0,0.0,0.0,0.0,0.0,0.0
0.0,0.0,0.0,0.0,0.0,0.0,0.0,0.0
0.0,0.0,0.0,0.0,0.0,0.0,0.0,0.0
0.0,0.0,0.0,0.0,0.0,0.0,0.0,0.0
0.0,0.0,0.0,0.0,0.0,0.0,0.0,0.0
0.0,0.0,0.0,0.0,0.0,0.0,0.0,0.0
0.0,0.0,0.0,0.0,0.0,0.0,0.0,0.0
0.0,0.0,0.0,0.0,0.0,0.0,0.0,0.0
0.0,0.0,0.0,0.0,0.0,0.0,0.0,0.0
0.0,0.0,0.0,0.0,0.0,0.0,0.0,0.0
0.0,0.0,0.0,0.0,0.0,0.0,0.0,0.0
0.0,0.0,0.0,0.0,0.0,0.0,0.0,0.0
0.0,0.0,0.0,0.0,0.0,0.0,0.0,0.0
0.0,0.0,0.0,0.0,0.0,0.0,0.0,0.0
0.0,0.0,0.0,0.0,0.0,0.0,0.0,0.0
0.0,0.0,0.0,0.0,0.0,0.0,0.0,0.0
0.0,0.0,0.0,0.0,0.0,0.0,0.0,0.0
0.0,0.0,0.0,0.0,0.0,0.0,0.0,0.0
0.0,0.0,0.0,0.0,0.0,0.0,0.0,0.0
0.0,0.0,0.0,0.0,0.0,0.0,0.0,0.0
0.0,0.0,0.0,0.0,0.0,0.0,0.0,0.0
0.0,0.0,0.0,0.0,0.0,0.0,0.0,0.0
0.0,0.0,0.0,0.0,0.0,0.0,0.0,0.0
0.0,0.0,0.0,0.0,0.0,0.0,0.0,0.0
0.0,0.0,0.0,0.0,0.0,0.0,0.0,0.0
0.0,0.0,0.0,0.0,0.0,0.0,0.0,0.0
0.0,0.0,0.0,0.0,0.0,0.0,0.0,0.0
0.0,0.0,0.0,0.0,0.0,0.0,0.0,0.0
0.0,0.0,0.0,0.0,0.0,0.0,0.0,0.0
0.0,0.0,0.0,0.0,0.0,0.0,0.0,0.0
0.0,0.0,0.0,0.0,0.0,0.0,0.0,0.0
0.0,0.0,0.0,0.0,0.0,0.0,0.0,0.0
0.0,0.0,0.0,0.0,0.0,0.0,0.0,0.0
0.0,0.0,0.0,0.0,0.0,0.0,0.0,0.0
0.0,0.0,0.0,0.0,0.0,0.0,0.0,0.0
0.0,0.0,0.0,0.0,0.0,0.0,0.0,0.0
19.0,19.0,19.0,19.0,19.0,19.0,19.0,19.0
19.0,19.0,19.0,19.0,19.0,19.0,19.0,19.0
19.0,19.0,19.0,19.0,19.0,19.0,19.0,19.0
19.0,19.0,19.0,19.0,19.0,19.0,19.0,19.0
80.1,60.0,160.3,58.7,90.0,83.4,115.8,69.8
80.1,60.0,160.3,58.7,90.0,83.4,115.8,69.8
80.1,60.0,160.3,58.7,90.0,83.4,115.8,69.8
80.1,60.0,160.3,58.7,90.0,83.4,115.8,69.8
81.4,61.0,163.0,59.8,92.1,84.4,117.7,71.2
81.4,61.0,163.0,59.8,92.1,84.4,117.7,71.2
81.4,61.0,163.0,59.8,92.1,84.4,274.3,71.2
81.4,61.0,163.0,59.8,1353.9,84.4,270.0,71.2
84.5,63.5,169.6,62.7,906.9,86.9,222.8,74.8
84.5,63.5,169.6,62.7,97.4,86.9,122.2,74.8
84.5,63.5,169.6,62.7,97.4,86.9,122.2,74.8
84.5,63.5,169.6,62.7,97.4,86.9,122.2,348.2
86.4,65.0,173.6,64.4,100.6,88.5,125.0,77.0
86.4,65.0,198.6,64.4,100.6,88.5,125.0,77.0
86.4,65.0,198.6,64.4,100.6,88.5,125.0,77.0
757.1,65.0,173.6,64.4,100.6,88.5,125.0,77.0
84.5,377.4,169.6,62.7,97.4,86.9,122.2,74.8
84.5,63.5,169.6,62.7,97.4,86.9,122.2,74.8
264.0,63.5,169.6,62.7,97.4,86.9,122.2,74.8
264.0,63.5,169.6,62.7,97.4,86.9,122.2,74.8
264.6,64.0,171.0,63.2,98.5,87.4,123.2,75.5
264.6,64.0,171.0,63.2,98.5,87.4,123.2,75.5
264.6,64.0,171.0,63.2,98.5,87.4,123.2,75.5
264.6,64.0,171.0,63.2,98.5,87.4,123.2,75.5
28.3,28.3,28.3,28.3,28.3,28.3,28.3,28.3
28.3,28.3,28.3,28.3,28.3,28.3,28.3,28.3
28.3,28.3,28.3,28.3,28.3,28.3,28.3,28.3
28.3,28.3,28.3,28.3,28.3,28.3,28.3,28.3
6.0,6.0,6.0,6.0,6.0,6.0,6.0,6.0
6.0,6.0,6.0,6.0,6.0,6.0,6.0,6.0
6.0,6.0,6.0,6.0,6.0,6.0,6.0,6.0
6.0,6.0,6.0,6.0,6.0,6.0,6.0,6.0
0.0,0.0,0.0,0.0,0.0,0.0,0.0,0.0
0.0,0.0,0.0,0.0,0.0,0.0,0.0,0.0
0.0,0.0,0.0,0.0,0.0,0.0,0.0,0.0
0.0,0.0,0.0,0.0,0.0,0.0,0.0,0.0
0.0,0.0,0.0,0.0,0.0,0.0,0.0,0.0
0.0,0.0,0.0,0.0,0.0,0.0,0.0,0.0
0.0,0.0,0.0,0.0,0.0,0.0,0.0,0.0
0.0,0.0,0.0,0.0,0.0,0.0,0.0,0.0
0.0,0.0,0.0,0.0,0.0,0.0,0.0,0.0
0.0,0.0,0.0,0.0,0.0,0.0,0.0,0.0
0.0,0.0,0.0,0.0,0.0,0.0,0.0,0.0
0.0,0.0,0.0,0.0,0.0,0.0,0.0,0.0
0.0,0.0,0.0,0.0,0.0,0.0,0.0,0.0
0.0,0.0,0.0,0.0,0.0,0.0,0.0,0.0
0.0,0.0,0.0,0.0,0.0,0.0,0.0,0.0
0.0,0.0,0.0,0.0,0.0,0.0,0.0,0.0
0.0,0.0,0.0,0.0,0.0,0.0,0.0,0.0
0.0,0.0,0.0,0.0,0.0,0.0,0.0,0.0
0.0,0.0,0.0,0.0,0.0,0.0,0.0,0.0
0.0,0.0,0.0,0.0,0.0,0.0,0.0,0.0
0.0,0.0,0.0,0.0,0.0,0.0,0.0,0.0
0.0,0.0,0.0,0.0,0.0,0.0,0.0,0.0
0.0,0.0,0.0,0.0,0.0,0.0,0.0,0.0
0.0,0.0,0.0,0.0,0.0,0.0,0.0,0.0
0.0,0.0,0.0,0.0,0.0,0.0,0.0,0.0
0.0,0.0,0.0,0.0,0.0,0.0,0.0,0.0
0.0,0.0,0.0,0.0,0.0,0.0,0.0,0.0
0.0,0.0,0.0,0.0,0.0,0.0,0.0,0.0
0.0,0.0,0.0,0.0,0.0,0.0,0.0,0.0
0.0,0.0,0.0,0.0,0.0,0.0,0.0,0.0
0.0,0.0,0.0,0.0,0.0,0.0,0.0,0.0
0.0,0.0,0.0,0.0,0.0,0.0,0.0,0.0
0.0,0.0,0.0,0.0,0.0,0.0,0.0,0.0
0.0,0.0,0.0,0.0,0.0,0.0,0.0,0.0
0.0,0.0,0.0,0.0,0.0,0.0,0.0,0.0
0.0,0.0,0.0,0.0,0.0,0.0,0.0,0.0
0.0,0.0,0.0,0.0,0.0,0.0,0.0,0.0
0.0,0.0,0.0,0.0,0.0,0.0,0.0,0.0
0.0,0.0,0.0,0.0,0.0,0.0,0.0,0.0
0.0,0.0,0.0,0.0,0.0,0.0,0.0,0.0
0.0,0.0,0.0,0.0,0.0,0.0,0.0,0.0
0.0,0.0,0.0,0.0,0.0,0.0,0.0,0.0
0.0,0.0,0.0,0.0,0.0,0.0,0.0,0.0
0.0,0.0,0.0,0.0,0.0,0.0,0.0,0.0
0.0,0.0,0.0,0.0,0.0,0.0,0.0,0.0
0.0,0.0,0.0,0.0,0.0,0.0,0.0,0.0
0.0,0.0,0.0,0.0,0.0,0.0,0.0,0.0
0.0,0.0,0.0,0.0,0.0,0.0,0.0,0.0
0.0,0.0,0.0,0.0,0.0,0.0,0.0,0.0
0.0,0.0,0.0,0.0,0.0,0.0,0.0,0.0
0.0,0.0,0.0,0.0,0.0,0.0,0.0,0.0
0.0,0.0,0.0,0.0,0.0,0.0,0.0,0.0
0.0,0.0,0.0,0.0,0.0,0.0,0.0,0.0
0.0,0.0,0.0,0.0,0.0,0.0,0.0,0.0
0.0,0.0,0.0,0.0,0.0,0.0,0.0,0.0
0.0,0.0,0.0,0.0,0.0,0.0,0.0,0.0
6.9,6.9,6.9,6.9,6.9,6.9,6.9,6.9
6.9,6.9,6.9,6.9,6.9,6.9,6.9,6.9
6.9,6.9,6.9,6.9,6.9,6.9,6.9,6.9
6.9,6.9,6.9,6.9,6.9,6.9,6.9,6.9
12.0,12.0,12.0,12.0,12.0,12.0,12.0,12.0
12.0,12.0,12.0,12.0,12.0,12.0,12.0,12.0
12.0,12.0,12.0,12.0,12.0,12.0,12.0,12.0
12.0,12.0,12.0,12.0,12.0,12.0,12.0,12.0
15.4,15.4,15.4,15.4,15.4,15.4,15.4,15.4
15.4,15.4,15.4,15.4,15.4,15.4,15.4,15.4
15.4,15.4,15.4,15.4,15.4,15.4,15.4,15.4
15.4,15.4,15.4,15.4,15.4,15.4,15.4,15.4
79.1,61.0,102.6,59.8,82.2,80.0,89.5,71.2
79.1,61.0,102.6,59.8,82.2,80.0,89.5,71.2
79.1,61.0,102.6,59.8,82.2,80.0,89.5,71.2
79.1,61.0,102.6,59.8,82.2,80.0,89.5,71.2
39.9,39.9,39.9,39.9,39.9,39.9,39.9,39.9
39.9,39.9,39.9,39.9,39.9,39.9,39.9,39.9
39.9,39.9,39.9,39.9,39.9,39.9,39.9,39.9
39.9,39.9,39.9,39.9,39.9,39.9,39.9,39.9
86.4,169.6,173.6,64.4,215.8,88.5,125.0,1041.7
86.4,65.0,173.6,64.4,215.8,88.5,125.0,1146.4
86.4,65.0,198.6,64.4,100.6,88.5,125.0,1236.7
86.4,65.0,198.6,64.4,100.6,88.5,125.0,77.0
84.5,63.5,169.6,303.3,97.4,86.9,122.2,74.8
84.5,63.5,169.6,303.3,97.4,86.9,122.2,74.8
84.5,63.5,169.6,62.7,97.4,306.4,122.2,74.8
84.5,870.0,169.6,62.7,97.4,306.4,122.2,74.8
85.1,755.5,171.0,63.2,98.5,289.7,123.2,75.5
85.1,755.5,171.0,63.2,98.5,289.7,123.2,75.5
85.1,755.5,171.0,63.2,98.5,289.7,123.2,75.5
85.1,755.5,171.0,63.2,98.5,289.7,123.2,75.5
87.0,554.1,174.9,64.9,101.7,249.2,125.9,77.7
87.0,554.1,174.9,64.9,101.7,249.2,125.9,77.7
87.0,714.4,174.9,64.9,101.7,89.0,125.9,77.7
87.0,65.5,174.9,64.9,101.7,89.0,125.9,77.7
93.8,71.0,152.9,71.1,107.8,94.6,121.2,85.6
93.8,71.0,152.9,71.1,107.8,94.6,121.2,85.6
93.8,71.0,152.9,71.1,107.8,94.6,121.2,85.6
93.8,71.0,152.9,71.1,107.8,94.6,121.2,85.6
0.0,0.0,0.0,0.0,0.0,0.0,0.0,0.0
0.0,0.0,0.0,0.0,0.0,0.0,0.0,0.0
0.0,0.0,0.0,0.0,0.0,0.0,0.0,0.0
0.0,0.0,0.0,0.0,0.0,0.0,0.0,0.0
0.0,0.0,0.0,0.0,0.0,0.0,0.0,0.0
0.0,0.0,0.0,0.0,0.0,0.0,0.0,0.0
0.0,0.0,0.0,0.0,0.0,0.0,0.0,0.0
0.0,0.0,0.0,0.0,0.0,0.0,0.0,0.0
0.0,0.0,0.0,0.0,0.0,0.0,0.0,0.0
0.0,0.0,0.0,0.0,0.0,0.0,0.0,0.0
0.0,0.0,0.0,0.0,0.0,0.0,0.0,0.0
0.0,0.0,0.0,0.0,0.0,0.0,0.0,0.0
0.0,0.0,0.0,0.0,0.0,0.0,0.0,0.0
0.0,0.0,0.0,0.0,0.0,0.0,0.0,0.0
0.0,0.0,0.0,0.0,0.0,0.0,0.0,0.0
0.0,0.0,0.0,0.0,0.0,0.0,0.0,0.0
0.0,0.0,0.0,0.0,0.0,0.0,0.0,0.0
0.0,0.0,0.0,0.0,0.0,0.0,0.0,0.0
0.0,0.0,0.0,0.0,0.0,0.0,0.0,0.0
0.0,0.0,0.0,0.0,0.0,0.0,0.0,0.0
0.0,0.0,0.0,0.0,0.0,0.0,0.0,0.0
0.0,0.0,0.0,0.0,0.0,0.0,0.0,0.0
0.0,0.0,0.0,0.0,0.0,0.0,0.0,0.0
0.0,0.0,0.0,0.0,0.0,0.0,0.0,0.0
0.0,0.0,0.0,0.0,0.0,0.0,0.0,0.0
0.0,0.0,0.0,0.0,0.0,0.0,0.0,0.0
0.0,0.0,0.0,0.0,0.0,0.0,0.0,0.0
0.0,0.0,0.0,0.0,0.0,0.0,0.0,0.0
0.0,0.0,0.0,0.0,0.0,0.0,0.0,0.0
0.0,0.0,0.0,0.0,0.0,0.0,0.0,0.0
0.0,0.0,0.0,0.0,0.0,0.0,0.0,0.0
0.0,0.0,0.0,0.0,0.0,0.0,0.0,0.0
0.0,0.0,0.0,0.0,0.0,0.0,0.0,0.0
0.0,0.0,0.0,0.0,0.0,0.0,0.0,0.0
0.0,0.0,0.0,0.0,0.0,0.0,0.0,0.0
0.0,0.0,0.0,0.0,0.0,0.0,0.0,0.0
0.0,0.0,0.0,0.0,0.0,0.0,0.0,0.0
0.0,0.0,0.0,0.0,0.0,0.0,0.0,0.0
0.0,0.0,0.0,0.0,0.0,0.0,0.0,0.0
0.0,0.0,0.0,0.0,0.0,0.0,0.0,0.0
0.0,0.0,0.0,0.0,0.0,0.0,0.0,0.0
0.0,0.0,0.0,0.0,0.0,0.0,0.0,0.0
0.0,0.0,0.0,0.0,0.0,0.0,0.0,0.0
0.0,0.0,0.0,0.0,0.0,0.0,0.0,0.0
0.0,0.0,0.0,0.0,0.0,0.0,0.0,0.0
0.0,0.0,0.0,0.0,0.0,0.0,0.0,0.0
0.0,0.0,0.0,0.0,0.0,0.0,0.0,0.0
0.0,0.0,0.0,0.0,0.0,0.0,0.0,0.0
0.0,0.0,0.0,0.0,0.0,0.0,0.0,0.0
0.0,0.0,0.0,0.0,0.0,0.0,0.0,0.0
0.0,0.0,0.0,0.0,0.0,0.0,0.0,0.0
0.0,0.0,0.0,0.0,0.0,0.0,0.0,0.0
0.0,0.0,0.0,0.0,0.0,0.0,0.0,0.0
0.0,0.0,0.0,0.0,0.0,0.0,0.0,0.0
0.0,0.0,0.0,0.0,0.0,0.0,0.0,0.0
0.0,0.0,0.0,0.0,0.0,0.0,0.0,0.0
9.4,9.4,9.4,9.4,9.4,9.4,9.4,9.4
9.4,9.4,9.4,9.4,9.4,9.4,9.4,9.4
9.4,9.4,9.4,9.4,9.4,9.4,9.4,9.4
9.4,9.4,9.4,9.4,9.4,9.4,9.4,9.4
18.8,18.8,18.8,18.8,18.8,18.8,18.8,18.8
18.8,18.8,18.8,18.8,18.8,18.8,18.8,18.8
18.8,18.8,18.8,18.8,18.8,18.8,18.8,18.8
18.8,18.8,18.8,18.8,18.8,18.8,18.8,18.8
29.8,29.8,29.8,29.8,29.8,29.8,29.8,29.8
29.8,29.8,29.8,29.8,29.8,29.8,29.8,29.8
29.8,29.8,29.8,29.8,29.8,29.8,29.8,29.8
29.8,29.8,29.8,29.8,29.8,29.8,29.8,29.8
38.3,38.3,38.3,38.3,38.3,38.3,38.3,38.3
38.3,38.3,38.3,38.3,38.3,38.3,38.3,38.3
38.3,38.3,38.3,38.3,38.3,38.3,38.3,38.3
38.3,38.3,38.3,38.3,38.3,38.3,38.3,38.3
41.8,41.8,41.8,41.8,41.8,41.8,41.8,41.8
41.8,41.8,41.8,41.8,41.8,41.8,41.8,41.8
41.8,41.8,41.8,41.8,41.8,41.8,41.8,41.8
41.8,41.8,41.8,41.8,41.8,41.8,41.8,41.8
40.2,40.2,40.2,40.2,40.2,40.2,40.2,40.2
40.2,40.2,40.2,40.2,40.2,40.2,40.2,40.2
40.2,40.2,40.2,40.2,40.2,40.2,40.2,40.2
40.2,40.2,40.2,40.2,40.2,40.2,40.2,40.2
135.8,63.5,123.6,62.7,144.3,86.9,100.7,74.8
147.8,63.5,156.4,62.7,97.4,86.9,102.9,74.8
182.4,63.5,119.1,62.7,97.4,86.9,105.6,74.8
182.4,63.5,119.1,62.7,97.4,86.9,105.6,74.8
28.3,28.3,28.3,28.3,28.3,28.3,28.3,28.3
28.3,28.3,28.3,28.3,28.3,28.3,28.3,28.3
28.3,28.3,28.3,28.3,28.3,28.3,28.3,28.3
28.3,28.3,28.3,28.3,28.3,28.3,28.3,28.3
87.0,65.5,174.9,64.9,101.7,89.0,125.9,77.7
87.0,65.5,174.9,64.9,101.7,89.0,125.9,77.7
87.0,65.5,174.9,64.9,101.7,89.0,125.9,77.7
87.0,65.5,174.9,64.9,101.7,89.0,125.9,77.7
7.8,7.8,7.8,7.8,7.8,7.8,7.8,7.8
7.8,7.8,7.8,7.8,7.8,7.8,7.8,7.8
7.8,7.8,7.8,7.8,7.8,7.8,7.8,7.8
7.8,7.8,7.8,7.8,7.8,7.8,7.8,7.8
0.0,0.0,0.0,0.0,0.0,0.0,0.0,0.0
0.0,0.0,0.0,0.0,0.0,0.0,0.0,0.0
0.0,0.0,0.0,0.0,0.0,0.0,0.0,0.0
0.0,0.0,0.0,0.0,0.0,0.0,0.0,0.0
0.0,0.0,0.0,0.0,0.0,0.0,0.0,0.0
0.0,0.0,0.0,0.0,0.0,0.0,0.0,0.0
0.0,0.0,0.0,0.0,0.0,0.0,0.0,0.0
0.0,0.0,0.0,0.0,0.0,0.0,0.0,0.0
0.0,0.0,0.0,0.0,0.0,0.0,0.0,0.0
0.0,0.0,0.0,0.0,0.0,0.0,0.0,0.0
0.0,0.0,0.0,0.0,0.0,0.0,0.0,0.0
0.0,0.0,0.0,0.0,0.0,0.0,0.0,0.0
0.0,0.0,0.0,0.0,0.0,0.0,0.0,0.0
0.0,0.0,0.0,0.0,0.0,0.0,0.0,0.0
0.0,0.0,0.0,0.0,0.0,0.0,0.0,0.0
0.0,0.0,0.0,0.0,0.0,0.0,0.0,0.0
0.0,0.0,0.0,0.0,0.0,0.0,0.0,0.0
0.0,0.0,0.0,0.0,0.0,0.0,0.0,0.0
0.0,0.0,0.0,0.0,0.0,0.0,0.0,0.0
0.0,0.0,0.0,0.0,0.0,0.0,0.0,0.0
0.0,0.0,0.0,0.0,0.0,0.0,0.0,0.0
0.0,0.0,0.0,0.0,0.0,0.0,0.0,0.0
0.0,0.0,0.0,0.0,0.0,0.0,0.0,0.0
0.0,0.0,0.0,0.0,0.0,0.0,0.0,0.0
0.0,0.0,0.0,0.0,0.0,0.0,0.0,0.0
0.0,0.0,0.0,0.0,0.0,0.0,0.0,0.0
0.0,0.0,0.0,0.0,0.0,0.0,0.0,0.0
0.0,0.0,0.0,0.0,0.0,0.0,0.0,0.0
0.0,0.0,0.0,0.0,0.0,0.0,0.0,0.0
0.0,0.0,0.0,0.0,0.0,0.0,0.0,0.0
0.0,0.0,0.0,0.0,0.0,0.0,0.0,0.0
0.0,0.0,0.0,0.0,0.0,0.0,0.0,0.0
0.0,0.0,0.0,0.0,0.0,0.0,0.0,0.0
0.0,0.0,0.0,0.0,0.0,0.0,0.0,0.0
0.0,0.0,0.0,0.0,0.0,0.0,0.0,0.0
0.0,0.0,0.0,0.0,0.0,0.0,0.0,0.0
0.0,0.0,0.0,0.0,0.0,0.0,0.0,0.0
0.0,0.0,0.0,0.0,0.0,0.0,0.0,0.0
0.0,0.0,0.0,0.0,0.0,0.0,0.0,0.0
0.0,0.0,0.0,0.0,0.0,0.0,0.0,0.0
0.0,0.0,0.0,0.0,0.0,0.0,0.0,0.0
0.0,0.0,0.0,0.0,0.0,0.0,0.0,0.0
0.0,0.0,0.0,0.0,0.0,0.0,0.0,0.0
0.0,0.0,0.0,0.0,0.0,0.0,0.0,0.0
0.0,0.0,0.0,0.0,0.0,0.0,0.0,0.0
0.0,0.0,0.0,0.0,0.0,0.0,0.0,0.0
0.0,0.0,0.0,0.0,0.0,0.0,0.0,0.0
0.0,0.0,0.0,0.0,0.0,0.0,0.0,0.0
0.0,0.0,0.0,0.0,0.0,0.0,0.0,0.0
0.0,0.0,0.0,0.0,0.0,0.0,0.0,0.0
0.0,0.0,0.0,0.0,0.0,0.0,0.0,0.0
0.0,0.0,0.0,0.0,0.0,0.0,0.0,0.0
0.0,0.0,0.0,0.0,0.0,0.0,0.0,0.0
0.0,0.0,0.0,0.0,0.0,0.0,0.0,0.0
0.0,0.0,0.0,0.0,0.0,0.0,0.0,0.0
0.0,0.0,0.0,0.0,0.0,0.0,0.0,0.0
9.6,9.6,9.6,9.6,9.6,9.6,9.6,9.6
9.6,9.6,9.6,9.6,9.6,9.6,9.6,9.6
9.6,9.6,9.6,9.6,9.6,9.6,9.6,9.6
9.6,9.6,9.6,9.6,9.6,9.6,9.6,9.6
20.0,20.0,20.0,20.0,20.0,20.0,20.0,20.0
20.0,20.0,20.0,20.0,20.0,20.0,20.0,20.0
20.0,20.0,20.0,20.0,20.0,20.0,20.0,20.0
20.0,20.0,20.0,20.0,20.0,20.0,20.0,20.0
29.5,29.5,29.5,29.5,29.5,29.5,29.5,29.5
29.5,29.5,29.5,29.5,29.5,29.5,29.5,29.5
29.5,29.5,29.5,29.5,29.5,29.5,29.5,29.5
29.5,29.5,29.5,29.5,29.5,29.5,29.5,29.5
69.4,73.7,71.3,59.8,69.6,69.5,70.3,69.2
69.4,73.7,71.3,59.8,69.6,69.5,70.3,69.2
69.4,73.7,71.3,59.8,69.6,69.5,70.3,69.2
69.4,73.7,71.3,59.8,69.6,69.5,70.3,69.2
84.5,63.5,169.6,62.7,97.4,86.9,122.2,348.2
84.5,63.5,169.6,62.7,97.4,86.9,122.2,74.8
84.5,63.5,169.6,62.7,97.4,86.9,122.2,74.8
84.5,63.5,169.6,62.7,97.4,86.9,122.2,74.8
86.4,65.0,173.6,64.4,100.6,88.5,125.0,77.0
86.4,65.0,173.6,64.4,100.6,88.5,125.0,77.0
86.4,65.0,173.6,64.4,100.6,88.5,1105.6,77.0
86.4,65.0,173.6,64.4,100.6,88.5,125.0,77.0
37.0,37.0,37.0,37.0,37.0,37.0,37.0,37.0
37.0,37.0,37.0,37.0,37.0,37.0,37.0,37.0
37.0,37.0,37.0,37.0,37.0,37.0,37.0,37.0
37.0,37.0,37.0,37.0,37.0,37.0,37.0,37.0
85.1,64.0,124.0,63.2,98.5,87.4,300.5,75.5
267.2,64.0,127.3,63.2,98.5,87.4,115.1,75.5
267.2,64.0,127.3,63.2,98.5,87.4,115.1,75.5
267.2,64.0,127.3,63.2,98.5,87.4,115.1,75.5
18.1,18.1,18.1,18.1,18.1,18.1,18.1,18.1
18.1,18.1,18.1,18.1,18.1,18.1,18.1,18.1
18.1,18.1,18.1,18.1,18.1,18.1,18.1,18.1
18.1,18.1,18.1,18.1,18.1,18.1,18.1,18.1
7.8,7.8,7.8,7.8,7.8,7.8,7.8,7.8
7.8,7.8,7.8,7.8,7.8,7.8,7.8,7.8
7.8,7.8,7.8,7.8,7.8,7.8,7.8,7.8
7.8,7.8,7.8,7.8,7.8,7.8,7.8,7.8
49.9,49.9,49.9,49.9,49.9,49.9,49.9,49.9
49.9,49.9,49.9,49.9,49.9,49.9,49.9,49.9
49.9,49.9,49.9,49.9,49.9,49.9,49.9,49.9
49.9,49.9,49.9,49.9,49.9,49.9,49.9,49.9
0.0,0.0,0.0,0.0,0.0,0.0,0.0,0.0
0.0,0.0,0.0,0.0,0.0,0.0,0.0,0.0
0.0,0.0,0.0,0.0,0.0,0.0,0.0,0.0
0.0,0.0,0.0,0.0,0.0,0.0,0.0,0.0
0.0,0.0,0.0,0.0,0.0,0.0,0.0,0.0
0.0,0.0,0.0,0.0,0.0,0.0,0.0,0.0
0.0,0.0,0.0,0.0,0.0,0.0,0.0,0.0
0.0,0.0,0.0,0.0,0.0,0.0,0.0,0.0
0.0,0.0,0.0,0.0,0.0,0.0,0.0,0.0
0.0,0.0,0.0,0.0,0.0,0.0,0.0,0.0
0.0,0.0,0.0,0.0,0.0,0.0,0.0,0.0
0.0,0.0,0.0,0.0,0.0,0.0,0.0,0.0
0.0,0.0,0.0,0.0,0.0,0.0,0.0,0.0
0.0,0.0,0.0,0.0,0.0,0.0,0.0,0.0
0.0,0.0,0.0,0.0,0.0,0.0,0.0,0.0
0.0,0.0,0.0,0.0,0.0,0.0,0.0,0.0
0.0,0.0,0.0,0.0,0.0,0.0,0.0,0.0
0.0,0.0,0.0,0.0,0.0,0.0,0.0,0.0
0.0,0.0,0.0,0.0,0.0,0.0,0.0,0.0
0.0,0.0,0.0,0.0,0.0,0.0,0.0,0.0
0.0,0.0,0.0,0.0,0.0,0.0,0.0,0.0
0.0,0.0,0.0,0.0,0.0,0.0,0.0,0.0
0.0,0.0,0.0,0.0,0.0,0.0,0.0,0.0
0.0,0.0,0.0,0.0,0.0,0.0,0.0,0.0
0.0,0.0,0.0,0.0,0.0,0.0,0.0,0.0
0.0,0.0,0.0,0.0,0.0,0.0,0.0,0.0
0.0,0.0,0.0,0.0,0.0,0.0,0.0,0.0
0.0,0.0,0.0,0.0,0.0,0.0,0.0,0.0
0.0,0.0,0.0,0.0,0.0,0.0,0.0,0.0
0.0,0.0,0.0,0.0,0.0,0.0,0.0,0.0
0.0,0.0,0.0,0.0,0.0,0.0,0.0,0.0
0.0,0.0,0.0,0.0,0.0,0.0,0.0,0.0
0.0,0.0,0.0,0.0,0.0,0.0,0.0,0.0
0.0,0.0,0.0,0.0,0.0,0.0,0.0,0.0
0.0,0.0,0.0,0.0,0.0,0.0,0.0,0.0
0.0,0.0,0.0,0.0,0.0,0.0,0.0,0.0
0.0,0.0,0.0,0.0,0.0,0.0,0.0,0.0
0.0,0.0,0.0,0.0,0.0,0.0,0.0,0.0
0.0,0.0,0.0,0.0,0.0,0.0,0.0,0.0
0.0,0.0,0.0,0.0,0.0,0.0,0.0,0.0
0.0,0.0,0.0,0.0,0.0,0.0,0.0,0.0
0.0,0.0,0.0,0.0,0.0,0.0,0.0,0.0
0.0,0.0,0.0,0.0,0.0,0.0,0.0,0.0
0.0,0.0,0.0,0.0,0.0,0.0,0.0,0.0
0.0,0.0,0.0,0.0,0.0,0.0,0.0,0.0
0.0,0.0,0.0,0.0,0.0,0.0,0.0,0.0
0.0,0.0,0.0,0.0,0.0,0.0,0.0,0.0
0.0,0.0,0.0,0.0,0.0,0.0,0.0,0.0
0.0,0.0,0.0,0.0,0.0,0.0,0.0,0.0
0.0,0.0,0.0,0.0,0.0,0.0,0.0,0.0
0.0,0.0,0.0,0.0,0.0,0.0,0.0,0.0
0.0,0.0,0.0,0.0,0.0,0.0,0.0,0.0
7.0,7.0,7.0,7.0,7.0,7.0,7.0,7.0
7.0,7.0,7.0,7.0,7.0,7.0,7.0,7.0
7.0,7.0,7.0,7.0,7.0,7.0,7.0,7.0
7.0,7.0,7.0,7.0,7.0,7.0,7.0,7.0
11.3,11.3,11.3,11.3,11.3,11.3,11.3,11.3
11.3,11.3,11.3,11.3,11.3,11.3,11.3,11.3
11.3,11.3,11.3,11.3,11.3,11.3,11.3,11.3
11.3,11.3,11.3,11.3,11.3,11.3,11.3,11.3
51.7,51.7,51.7,51.7,51.7,51.7,51.7,51.7
51.7,51.7,51.7,51.7,51.7,51.7,51.7,51.7
51.7,51.7,51.7,51.7,51.7,51.7,51.7,51.7
51.7,51.7,51.7,51.7,51.7,51.7,51.7,51.7
55.7,55.7,55.7,55.7,55.7,55.7,55.7,55.7
55.7,55.7,55.7,55.7,55.7,55.7,55.7,55.7
55.7,55.7,55.7,55.7,55.7,55.7,55.7,55.7
55.7,55.7,55.7,55.7,55.7,55.7,55.7,55.7
84.5,63.5,1461.5,62.7,97.4,86.9,277.7,74.8
84.5,63.5,1257.6,62.7,97.4,86.9,122.2,74.8
84.5,63.5,169.6,62.7,97.4,86.9,122.2,74.8
84.5,63.5,169.6,62.7,97.4,86.9,122.2,74.8
86.4,65.0,1222.3,64.4,100.6,88.5,125.0,77.0
86.4,65.0,173.6,64.4,100.6,88.5,125.0,77.0
86.4,65.0,173.6,64.4,100.6,88.5,125.0,168.1
86.4,65.0,173.6,64.4,446.3,88.5,125.0,168.1
84.5,63.5,169.6,62.7,97.4,86.9,122.2,166.0
84.5,63.5,169.6,62.7,97.4,86.9,122.2,74.8
84.5,63.5,169.6,907.3,97.4,86.9,122.2,74.8
84.5,63.5,169.6,907.3,97.4,86.9,122.2,74.8
64.0,64.0,64.0,64.0,64.0,64.0,64.0,64.0
64.0,64.0,64.0,64.0,64.0,64.0,64.0,64.0
64.0,64.0,64.0,64.0,64.0,64.0,64.0,64.0
64.0,64.0,64.0,64.0,64.0,64.0,64.0,64.0
58.1,58.1,58.1,58.1,58.1,58.1,58.1,58.1
58.1,58.1,58.1,58.1,58.1,58.1,58.1,58.1
58.1,58.1,58.1,58.1,58.1,58.1,58.1,58.1
58.1,58.1,58.1,58.1,58.1,58.1,58.1,58.1
35.2,35.2,35.2,35.2,35.2,35.2,35.2,35.2
35.2,35.2,35.2,35.2,35.2,35.2,35.2,35.2
35.2,35.2,35.2,35.2,35.2,35.2,35.2,35.2
35.2,35.2,35.2,35.2,35.2,35.2,35.2,35.2
67.6,67.6,67.6,67.6,67.6,67.6,67.6,67.6
67.6,67.6,67.6,67.6,67.6,67.6,67.6,67.6
67.6,67.6,67.6,67.6,67.6,67.6,67.6,67.6
67.6,67.6,67.6,67.6,67.6,67.6,67.6,67.6
0.0,0.0,0.0,0.0,0.0,0.0,0.0,0.0
0.0,0.0,0.0,0.0,0.0,0.0,0.0,0.0
0.0,0.0,0.0,0.0,0.0,0.0,0.0,0.0
0.0,0.0,0.0,0.0,0.0,0.0,0.0,0.0
0.0,0.0,0.0,0.0,0.0,0.0,0.0,0.0
0.0,0.0,0.0,0.0,0.0,0.0,0.0,0.0
0.0,0.0,0.0,0.0,0.0,0.0,0.0,0.0
0.0,0.0,0.0,0.0,0.0,0.0,0.0,0.0
0.0,0.0,0.0,0.0,0.0,0.0,0.0,0.0
0.0,0.0,0.0,0.0,0.0,0.0,0.0,0.0
0.0,0.0,0.0,0.0,0.0,0.0,0.0,0.0
0.0,0.0,0.0,0.0,0.0,0.0,0.0,0.0
0.0,0.0,0.0,0.0,0.0,0.0,0.0,0.0
0.0,0.0,0.0,0.0,0.0,0.0,0.0,0.0
0.0,0.0,0.0,0.0,0.0,0.0,0.0,0.0
0.0,0.0,0.0,0.0,0.0,0.0,0.0,0.0
0.0,0.0,0.0,0.0,0.0,0.0,0.0,0.0
0.0,0.0,0.0,0.0,0.0,0.0,0.0,0.0
0.0,0.0,0.0,0.0,0.0,0.0,0.0,0.0
0.0,0.0,0.0,0.0,0.0,0.0,0.0,0.0
0.0,0.0,0.0,0.0,0.0,0.0,0.0,0.0
0.0,0.0,0.0,0.0,0.0,0.0,0.0,0.0
0.0,0.0,0.0,0.0,0.0,0.0,0.0,0.0
0.0,0.0,0.0,0.0,0.0,0.0,0.0,0.0
0.0,0.0,0.0,0.0,0.0,0.0,0.0,0.0
0.0,0.0,0.0,0.0,0.0,0.0,0.0,0.0
0.0,0.0,0.0,0.0,0.0,0.0,0.0,0.0
0.0,0.0,0.0,0.0,0.0,0.0,0.0,0.0
0.0,0.0,0.0,0.0,0.0,0.0,0.0,0.0
0.0,0.0,0.0,0.0,0.0,0.0,0.0,0.0
0.0,0.0,0.0,0.0,0.0,0.0,0.0,0.0
0.0,0.0,0.0,0.0,0.0,0.0,0.0,0.0
0.0,0.0,0.0,0.0,0.0,0.0,0.0,0.0
0.0,0.0,0.0,0.0,0.0,0.0,0.0,0.0
0.0,0.0,0.0,0.0,0.0,0.0,0.0,0.0
0.0,0.0,0.0,0.0,0.0,0.0,0.0,0.0
0.0,0.0,0.0,0.0,0.0,0.0,0.0,0.0
0.0,0.0,0.0,0.0,0.0,0.0,0.0,0.0
0.0,0.0,0.0,0.0,0.0,0.0,0.0,0.0
0.0,0.0,0.0,0.0,0.0,0.0,0.0,0.0
0.0,0.0,0.0,0.0,0.0,0.0,0.0,0.0
0.0,0.0,0.0,0.0,0.0,0.0,0.0,0.0
0.0,0.0,0.0,0.0,0.0,0.0,0.0,0.0
0.0,0.0,0.0,0.0,0.0,0.0,0.0,0.0
0.0,0.0,0.0,0.0,0.0,0.0,0.0,0.0
0.0,0.0,0.0,0.0,0.0,0.0,0.0,0.0
0.0,0.0,0.0,0.0,0.0,0.0,0.0,0.0
0.0,0.0,0.0,0.0,0.0,0.0,0.0,0.0
0.0,0.0,0.0,0.0,0.0,0.0,0.0,0.0
0.0,0.0,0.0,0.0,0.0,0.0,0.0,0.0
0.0,0.0,0.0,0.0,0.0,0.0,0.0,0.0
0.0,0.0,0.0,0.0,0.0,0.0,0.0,0.0
7.8,7.8,7.8,7.8,7.8,7.8,7.8,7.8
7.8,7.8,7.8,7.8,7.8,7.8,7.8,7.8
7.8,7.8,7.8,7.8,7.8,7.8,7.8,7.8
7.8,7.8,7.8,7.8,7.8,7.8,7.8,7.8
12.9,12.9,12.9,12.9,12.9,12.9,12.9,12.9
12.9,12.9,12.9,12.9,12.9,12.9,12.9,12.9
12.9,12.9,12.9,12.9,12.9,12.9,12.9,12.9
12.9,12.9,12.9,12.9,12.9,12.9,12.9,12.9
19.8,19.8,19.8,19.8,19.8,19.8,19.8,19.8
19.8,19.8,19.8,19.8,19.8,19.8,19.8,19.8
19.8,19.8,19.8,19.8,19.8,19.8,19.8,19.8
19.8,19.8,19.8,19.8,19.8,19.8,19.8,19.8
24.9,24.9,24.9,24.9,24.9,24.9,24.9,24.9
24.9,24.9,24.9,24.9,24.9,24.9,24.9,24.9
24.9,24.9,24.9,24.9,24.9,24.9,24.9,24.9
24.9,24.9,24.9,24.9,24.9,24.9,24.9,24.9
29.2,29.2,29.2,29.2,29.2,29.2,29.2,29.2
29.2,29.2,29.2,29.2,29.2,29.2,29.2,29.2
29.2,29.2,29.2,29.2,29.2,29.2,29.2,29.2
29.2,29.2,29.2,29.2,29.2,29.2,29.2,29.2
86.4,108.7,97.9,64.4,89.5,88.1,92.3,77.0
86.4,108.7,97.9,64.4,89.5,88.1,92.3,77.0
86.4,65.0,125.5,64.4,93.5,88.2,104.2,77.0
86.4,65.0,125.5,64.4,93.5,88.2,104.2,77.0
84.5,63.5,169.6,544.0,97.4,86.9,122.2,74.8
84.5,63.5,169.6,62.7,97.4,86.9,122.2,74.8
84.5,63.5,169.6,62.7,97.4,86.9,122.2,74.8
84.5,63.5,169.6,62.7,97.4,86.9,122.2,74.8
33.5,33.5,33.5,33.5,33.5,33.5,33.5,33.5
33.5,33.5,33.5,33.5,33.5,33.5,33.5,33.5
33.5,33.5,33.5,33.5,33.5,33.5,33.5,33.5
33.5,33.5,33.5,33.5,33.5,33.5,33.5,33.5
18.1,18.1,18.1,18.1,18.1,18.1,18.1,18.1
18.1,18.1,18.1,18.1,18.1,18.1,18.1,18.1
18.1,18.1,18.1,18.1,18.1,18.1,18.1,18.1
18.1,18.1,18.1,18.1,18.1,18.1,18.1,18.1
37.0,37.0,37.0,37.0,37.0,37.0,37.0,37.0
37.0,37.0,37.0,37.0,37.0,37.0,37.0,37.0
37.0,37.0,37.0,37.0,37.0,37.0,37.0,37.0
37.0,37.0,37.0,37.0,37.0,37.0,37.0,37.0
1.7,1.7,1.7,1.7,1.7,1.7,1.7,1.7
1.7,1.7,1.7,1.7,1.7,1.7,1.7,1.7
1.7,1.7,1.7,1.7,1.7,1.7,1.7,1.7
1.7,1.7,1.7,1.7,1.7,1.7,1.7,1.7
0.0,0.0,0.0,0.0,0.0,0.0,0.0,0.0
0.0,0.0,0.0,0.0,0.0,0.0,0.0,0.0
0.0,0.0,0.0,0.0,0.0,0.0,0.0,0.0
0.0,0.0,0.0,0.0,0.0,0.0,0.0,0.0
0.0,0.0,0.0,0.0,0.0,0.0,0.0,0.0
0.0,0.0,0.0,0.0,0.0,0.0,0.0,0.0
0.0,0.0,0.0,0.0,0.0,0.0,0.0,0.0
0.0,0.0,0.0,0.0,0.0,0.0,0.0,0.0
0.0,0.0,0.0,0.0,0.0,0.0,0.0,0.0
0.0,0.0,0.0,0.0,0.0,0.0,0.0,0.0
0.0,0.0,0.0,0.0,0.0,0.0,0.0,0.0
0.0,0.0,0.0,0.0,0.0,0.0,0.0,0.0
0.0,0.0,0.0,0.0,0.0,0.0,0.0,0.0
0.0,0.0,0.0,0.0,0.0,0.0,0.0,0.0
0.0,0.0,0.0,0.0,0.0,0.0,0.0,0.0
0.0,0.0,0.0,0.0,0.0,0.0,0.0,0.0
0.0,0.0,0.0,0.0,0.0,0.0,0.0,0.0
0.0,0.0,0.0,0.0,0.0,0.0,0.0,0.0
0.0,0.0,0.0,0.0,0.0,0.0,0.0,0.0
0.0,0.0,0.0,0.0,0.0,0.0,0.0,0.0
0.0,0.0,0.0,0.0,0.0,0.0,0.0,0.0
0.0,0.0,0.0,0.0,0.0,0.0,0.0,0.0
0.0,0.0,0.0,0.0,0.0,0.0,0.0,0.0
0.0,0.0,0.0,0.0,0.0,0.0,0.0,0.0
0.0,0.0,0.0,0.0,0.0,0.0,0.0,0.0
0.0,0.0,0.0,0.0,0.0,0.0,0.0,0.0
0.0,0.0,0.0,0.0,0.0,0.0,0.0,0.0
0.0,0.0,0.0,0.0,0.0,0.0,0.0,0.0
0.0,0.0,0.0,0.0,0.0,0.0,0.0,0.0
0.0,0.0,0.0,0.0,0.0,0.0,0.0,0.0
0.0,0.0,0.0,0.0,0.0,0.0,0.0,0.0
0.0,0.0,0.0,0.0,0.0,0.0,0.0,0.0
0.0,0.0,0.0,0.0,0.0,0.0,0.0,0.0
0.0,0.0,0.0,0.0,0.0,0.0,0.0,0.0
0.0,0.0,0.0,0.0,0.0,0.0,0.0,0.0
0.0,0.0,0.0,0.0,0.0,0.0,0.0,0.0
0.0,0.0,0.0,0.0,0.0,0.0,0.0,0.0
0.0,0.0,0.0,0.0,0.0,0.0,0.0,0.0
0.0,0.0,0.0,0.0,0.0,0.0,0.0,0.0
0.0,0.0,0.0,0.0,0.0,0.0,0.0,0.0
0.0,0.0,0.0,0.0,0.0,0.0,0.0,0.0
0.0,0.0,0.0,0.0,0.0,0.0,0.0,0.0
0.0,0.0,0.0,0.0,0.0,0.0,0.0,0.0
0.0,0.0,0.0,0.0,0.0,0.0,0.0,0.0
0.0,0.0,0.0,0.0,0.0,0.0,0.0,0.0
0.0,0.0,0.0,0.0,0.0,0.0,0.0,0.0
0.0,0.0,0.0,0.0,0.0,0.0,0.0,0.0
0.0,0.0,0.0,0.0,0.0,0.0,0.0,0.0
0.0,0.0,0.0,0.0,0.0,0.0,0.0,0.0
0.0,0.0,0.0,0.0,0.0,0.0,0.0,0.0
0.0,0.0,0.0,0.0,0.0,0.0,0.0,0.0
0.0,0.0,0.0,0.0,0.0,0.0,0.0,0.0
7.8,7.8,7.8,7.8,7.8,7.8,7.8,7.8
7.8,7.8,7.8,7.8,7.8,7.8,7.8,7.8
7.8,7.8,7.8,7.8,7.8,7.8,7.8,7.8
7.8,7.8,7.8,7.8,7.8,7.8,7.8,7.8
13.9,13.9,13.9,13.9,13.9,13.9,13.9,13.9
13.9,13.9,13.9,13.9,13.9,13.9,13.9,13.9
13.9,13.9,13.9,13.9,13.9,13.9,13.9,13.9
13.9,13.9,13.9,13.9,13.9,13.9,13.9,13.9
20.7,20.7,20.7,20.7,20.7,20.7,20.7,20.7
20.7,20.7,20.7,20.7,20.7,20.7,20.7,20.7
20.7,20.7,20.7,20.7,20.7,20.7,20.7,20.7
20.7,20.7,20.7,20.7,20.7,20.7,20.7,20.7
22.4,22.4,22.4,22.4,22.4,22.4,22.4,22.4
22.4,22.4,22.4,22.4,22.4,22.4,22.4,22.4
22.4,22.4,22.4,22.4,22.4,22.4,22.4,22.4
22.4,22.4,22.4,22.4,22.4,22.4,22.4,22.4
43.6,43.6,43.6,43.6,43.6,43.6,43.6,43.6
43.6,43.6,43.6,43.6,43.6,43.6,43.6,43.6
43.6,43.6,43.6,43.6,43.6,43.6,43.6,43.6
43.6,43.6,43.6,43.6,43.6,43.6,43.6,43.6
43.5,43.5,43.5,43.5,43.5,43.5,43.5,43.5
43.5,43.5,43.5,43.5,43.5,43.5,43.5,43.5
43.5,43.5,43.5,43.5,43.5,43.5,43.5,43.5
43.5,43.5,43.5,43.5,43.5,43.5,43.5,43.5
84.5,63.5,169.6,62.7,97.4,86.9,122.2,74.8
84.5,63.5,169.6,62.7,97.4,86.9,122.2,74.8
84.5,63.5,169.6,62.7,97.4,86.9,122.2,74.8
84.5,63.5,169.6,62.7,97.4,86.9,122.2,74.8
85.1,64.0,171.0,63.2,98.5,87.4,123.2,75.5
85.1,64.0,171.0,63.2,98.5,87.4,123.2,75.5
85.1,64.0,171.0,63.2,98.5,87.4,123.2,75.5
85.1,64.0,171.0,63.2,98.5,87.4,123.2,75.5
87.0,65.5,174.9,64.9,101.7,89.0,125.9,77.7
87.0,65.5,174.9,64.9,101.7,89.0,125.9,77.7
87.0,65.5,174.9,64.9,101.7,89.0,125.9,77.7
87.0,65.5,174.9,64.9,101.7,89.0,125.9,77.7
93.8,71.0,189.6,71.1,113.3,94.6,136.0,85.6
93.8,71.0,189.6,71.1,113.3,94.6,136.0,85.6
93.8,71.0,189.6,71.1,113.3,94.6,136.0,85.6
93.8,71.0,189.6,71.1,113.3,94.6,136.0,85.6
79.9,79.9,79.9,79.9,79.9,79.9,79.9,79.9
79.9,79.9,79.9,79.9,79.9,79.9,79.9,79.9
79.9,79.9,79.9,79.9,79.9,79.9,79.9,79.9
79.9,79.9,79.9,79.9,79.9,79.9,79.9,79.9
0.0,0.0,0.0,0.0,0.0,0.0,0.0,0.0
0.0,0.0,0.0,0.0,0.0,0.0,0.0,0.0
0.0,0.0,0.0,0.0,0.0,0.0,0.0,0.0
0.0,0.0,0.0,0.0,0.0,0.0,0.0,0.0
0.0,0.0,0.0,0.0,0.0,0.0,0.0,0.0
0.0,0.0,0.0,0.0,0.0,0.0,0.0,0.0
0.0,0.0,0.0,0.0,0.0,0.0,0.0,0.0
0.0,0.0,0.0,0.0,0.0,0.0,0.0,0.0
0.0,0.0,0.0,0.0,0.0,0.0,0.0,0.0
0.0,0.0,0.0,0.0,0.0,0.0,0.0,0.0
0.0,0.0,0.0,0.0,0.0,0.0,0.0,0.0
0.0,0.0,0.0,0.0,0.0,0.0,0.0,0.0
0.0,0.0,0.0,0.0,0.0,0.0,0.0,0.0
0.0,0.0,0.0,0.0,0.0,0.0,0.0,0.0
0.0,0.0,0.0,0.0,0.0,0.0,0.0,0.0
0.0,0.0,0.0,0.0,0.0,0.0,0.0,0.0
0.0,0.0,0.0,0.0,0.0,0.0,0.0,0.0
0.0,0.0,0.0,0.0,0.0,0.0,0.0,0.0
0.0,0.0,0.0,0.0,0.0,0.0,0.0,0.0
0.0,0.0,0.0,0.0,0.0,0.0,0.0,0.0
0.0,0.0,0.0,0.0,0.0,0.0,0.0,0.0
0.0,0.0,0.0,0.0,0.0,0.0,0.0,0.0
0.0,0.0,0.0,0.0,0.0,0.0,0.0,0.0
0.0,0.0,0.0,0.0,0.0,0.0,0.0,0.0
0.0,0.0,0.0,0.0,0.0,0.0,0.0,0.0
0.0,0.0,0.0,0.0,0.0,0.0,0.0,0.0
0.0,0.0,0.0,0.0,0.0,0.0,0.0,0.0
0.0,0.0,0.0,0.0,0.0,0.0,0.0,0.0
0.0,0.0,0.0,0.0,0.0,0.0,0.0,0.0
0.0,0.0,0.0,0.0,0.0,0.0,0.0,0.0
0.0,0.0,0.0,0.0,0.0,0.0,0.0,0.0
0.0,0.0,0.0,0.0,0.0,0.0,0.0,0.0
0.0,0.0,0.0,0.0,0.0,0.0,0.0,0.0
0.0,0.0,0.0,0.0,0.0,0.0,0.0,0.0
0.0,0.0,0.0,0.0,0.0,0.0,0.0,0.0
0.0,0.0,0.0,0.0,0.0,0.0,0.0,0.0
0.0,0.0,0.0,0.0,0.0,0.0,0.0,0.0
0.0,0.0,0.0,0.0,0.0,0.0,0.0,0.0
0.0,0.0,0.0,0.0,0.0,0.0,0.0,0.0
0.0,0.0,0.0,0.0,0.0,0.0,0.0,0.0
0.0,0.0,0.0,0.0,0.0,0.0,0.0,0.0
0.0,0.0,0.0,0.0,0.0,0.0,0.0,0.0
0.0,0.0,0.0,0.0,0.0,0.0,0.0,0.0
0.0,0.0,0.0,0.0,0.0,0.0,0.0,0.0
0.0,0.0,0.0,0.0,0.0,0.0,0.0,0.0
0.0,0.0,0.0,0.0,0.0,0.0,0.0,0.0
0.0,0.0,0.0,0.0,0.0,0.0,0.0,0.0
0.0,0.0,0.0,0.0,0.0,0.0,0.0,0.0
4.3,4.3,4.3,4.3,4.3,4.3,4.3,4.3
4.3,4.3,4.3,4.3,4.3,4.3,4.3,4.3
4.3,4.3,4.3,4.3,4.3,4.3,4.3,4.3
4.3,4.3,4.3,4.3,4.3,4.3,4.3,4.3
7.7,7.7,7.7,7.7,7.7,7.7,7.7,7.7
7.7,7.7,7.7,7.7,7.7,7.7,7.7,7.7
7.7,7.7,7.7,7.7,7.7,7.7,7.7,7.7
7.7,7.7,7.7,7.7,7.7,7.7,7.7,7.7
13.7,13.7,13.7,13.7,13.7,13.7,13.7,13.7
13.7,13.7,13.7,13.7,13.7,13.7,13.7,13.7
13.7,13.7,13.7,13.7,13.7,13.7,13.7,13.7
13.7,13.7,13.7,13.7,13.7,13.7,13.7,13.7
20.5,20.5,20.5,20.5,20.5,20.5,20.5,20.5
20.5,20.5,20.5,20.5,20.5,20.5,20.5,20.5
20.5,20.5,20.5,20.5,20.5,20.5,20.5,20.5
20.5,20.5,20.5,20.5,20.5,20.5,20.5,20.5
27.2,27.2,27.2,27.2,27.2,27.2,27.2,27.2
27.2,27.2,27.2,27.2,27.2,27.2,27.2,27.2
27.2,27.2,27.2,27.2,27.2,27.2,27.2,27.2
27.2,27.2,27.2,27.2,27.2,27.2,27.2,27.2
30.6,30.6,30.6,30.6,30.6,30.6,30.6,30.6
30.6,30.6,30.6,30.6,30.6,30.6,30.6,30.6
30.6,30.6,30.6,30.6,30.6,30.6,30.6,30.6
30.6,30.6,30.6,30.6,30.6,30.6,30.6,30.6
29.7,29.7,29.7,29.7,29.7,29.7,29.7,29.7
29.7,29.7,29.7,29.7,29.7,29.7,29.7,29.7
29.7,29.7,29.7,29.7,29.7,29.7,29.7,29.7
29.7,29.7,29.7,29.7,29.7,29.7,29.7,29.7
24.7,24.7,24.7,24.7,24.7,24.7,24.7,24.7
24.7,24.7,24.7,24.7,24.7,24.7,24.7,24.7
24.7,24.7,24.7,24.7,24.7,24.7,24.7,24.7
24.7,24.7,24.7,24.7,24.7,24.7,24.7,24.7
18.7,18.7,18.7,18.7,18.7,18.7,18.7,18.7
18.7,18.7,18.7,18.7,18.7,18.7,18.7,18.7
18.7,18.7,18.7,18.7,18.7,18.7,18.7,18.7
18.7,18.7,18.7,18.7,18.7,18.7,18.7,18.7
11.9,11.9,11.9,11.9,11.9,11.9,11.9,11.9
11.9,11.9,11.9,11.9,11.9,11.9,11.9,11.9
11.9,11.9,11.9,11.9,11.9,11.9,11.9,11.9
11.9,11.9,11.9,11.9,11.9,11.9,11.9,11.9
6.8,6.8,6.8,6.8,6.8,6.8,6.8,6.8
6.8,6.8,6.8,6.8,6.8,6.8,6.8,6.8
6.8,6.8,6.8,6.8,6.8,6.8,6.8,6.8
6.8,6.8,6.8,6.8,6.8,6.8,6.8,6.8
2.6,2.6,2.6,2.6,2.6,2.6,2.6,2.6
2.6,2.6,2.6,2.6,2.6,2.6,2.6,2.6
2.6,2.6,2.6,2.6,2.6,2.6,2.6,2.6
2.6,2.6,2.6,2.6,2.6,2.6,2.6,2.6
0.0,0.0,0.0,0.0,0.0,0.0,0.0,0.0
0.0,0.0,0.0,0.0,0.0,0.0,0.0,0.0
0.0,0.0,0.0,0.0,0.0,0.0,0.0,0.0
0.0,0.0,0.0,0.0,0.0,0.0,0.0,0.0
0.0,0.0,0.0,0.0,0.0,0.0,0.0,0.0
0.0,0.0,0.0,0.0,0.0,0.0,0.0,0.0
0.0,0.0,0.0,0.0,0.0,0.0,0.0,0.0
0.0,0.0,0.0,0.0,0.0,0.0,0.0,0.0
0.0,0.0,0.0,0.0,0.0,0.0,0.0,0.0
0.0,0.0,0.0,0.0,0.0,0.0,0.0,0.0
0.0,0.0,0.0,0.0,0.0,0.0,0.0,0.0
0.0,0.0,0.0,0.0,0.0,0.0,0.0,0.0
0.0,0.0,0.0,0.0,0.0,0.0,0.0,0.0
0.0,0.0,0.0,0.0,0.0,0.0,0.0,0.0
0.0,0.0,0.0,0.0,0.0,0.0,0.0,0.0
0.0,0.0,0.0,0.0,0.0,0.0,0.0,0.0
0.0,0.0,0.0,0.0,0.0,0.0,0.0,0.0
0.0,0.0,0.0,0.0,0.0,0.0,0.0,0.0
0.0,0.0,0.0,0.0,0.0,0.0,0.0,0.0
0.0,0.0,0.0,0.0,0.0,0.0,0.0,0.0
0.0,0.0,0.0,0.0,0.0,0.0,0.0,0.0
0.0,0.0,0.0,0.0,0.0,0.0,0.0,0.0
0.0,0.0,0.0,0.0,0.0,0.0,0.0,0.0
0.0,0.0,0.0,0.0,0.0,0.0,0.0,0.0
0.0,0.0,0.0,0.0,0.0,0.0,0.0,0.0
0.0,0.0,0.0,0.0,0.0,0.0,0.0,0.0
0.0,0.0,0.0,0.0,0.0,0.0,0.0,0.0
0.0,0.0,0.0,0.0,0.0,0.0,0.0,0.0
0.0,0.0,0.0,0.0,0.0,0.0,0.0,0.0
0.0,0.0,0.0,0.0,0.0,0.0,0.0,0.0
0.0,0.0,0.0,0.0,0.0,0.0,0.0,0.0
0.0,0.0,0.0,0.0,0.0,0.0,0.0,0.0
0.0,0.0,0.0,0.0,0.0,0.0,0.0,0.0
0.0,0.0,0.0,0.0,0.0,0.0,0.0,0.0
0.0,0.0,0.0,0.0,0.0,0.0,0.0,0.0
0.0,0.0,0.0,0.0,0.0,0.0,0.0,0.0
0.0,0.0,0.0,0.0,0.0,0.0,0.0,0.0
0.0,0.0,0.0,0.0,0.0,0.0,0.0,0.0
0.0,0.0,0.0,0.0,0.0,0.0,0.0,0.0
0.0,0.0,0.0,0.0,0.0,0.0,0.0,0.0
0.0,0.0,0.0,0.0,0.0,0.0,0.0,0.0
0.0,0.0,0.0,0.0,0.0,0.0,0.0,0.0
0.0,0.0,0.0,0.0,0.0,0.0,0.0,0.0
0.0,0.0,0.0,0.0,0.0,0.0,0.0,0.0
0.0,0.0,0.0,0.0,0.0,0.0,0.0,0.0
0.0,0.0,0.0,0.0,0.0,0.0,0.0,0.0
0.0,0.0,0.0,0.0,0.0,0.0,0.0,0.0
0.0,0.0,0.0,0.0,0.0,0.0,0.0,0.0
4.3,4.3,4.3,4.3,4.3,4.3,4.3,4.3
4.3,4.3,4.3,4.3,4.3,4.3,4.3,4.3
4.3,4.3,4.3,4.3,4.3,4.3,4.3,4.3
4.3,4.3,4.3,4.3,4.3,4.3,4.3,4.3
8.6,8.6,8.6,8.6,8.6,8.6,8.6,8.6
8.6,8.6,8.6,8.6,8.6,8.6,8.6,8.6
8.6,8.6,8.6,8.6,8.6,8.6,8.6,8.6
8.6,8.6,8.6,8.6,8.6,8.6,8.6,8.6
12.0,12.0,12.0,12.0,12.0,12.0,12.0,12.0
12.0,12.0,12.0,12.0,12.0,12.0,12.0,12.0
12.0,12.0,12.0,12.0,12.0,12.0,12.0,12.0
12.0,12.0,12.0,12.0,12.0,12.0,12.0,12.0
22.2,22.2,22.2,22.2,22.2,22.2,22.2,22.2
22.2,22.2,22.2,22.2,22.2,22.2,22.2,22.2
22.2,22.2,22.2,22.2,22.2,22.2,22.2,22.2
22.2,22.2,22.2,22.2,22.2,22.2,22.2,22.2
28.0,28.0,28.0,28.0,28.0,28.0,28.0,28.0
28.0,28.0,28.0,28.0,28.0,28.0,28.0,28.0
28.0,28.0,28.0,28.0,28.0,28.0,28.0,28.0
28.0,28.0,28.0,28.0,28.0,28.0,28.0,28.0
26.3,26.3,26.3,26.3,26.3,26.3,26.3,26.3
26.3,26.3,26.3,26.3,26.3,26.3,26.3,26.3
26.3,26.3,26.3,26.3,26.3,26.3,26.3,26.3
26.3,26.3,26.3,26.3,26.3,26.3,26.3,26.3
26.3,26.3,26.3,26.3,26.3,26.3,26.3,26.3
26.3,26.3,26.3,26.3,26.3,26.3,26.3,26.3
26.3,26.3,26.3,26.3,26.3,26.3,26.3,26.3
26.3,26.3,26.3,26.3,26.3,26.3,26.3,26.3
23.7,23.7,23.7,23.7,23.7,23.7,23.7,23.7
23.7,23.7,23.7,23.7,23.7,23.7,23.7,23.7
23.7,23.7,23.7,23.7,23.7,23.7,23.7,23.7
23.7,23.7,23.7,23.7,23.7,23.7,23.7,23.7
29.7,29.7,29.7,29.7,29.7,29.7,29.7,29.7
29.7,29.7,29.7,29.7,29.7,29.7,29.7,29.7
29.7,29.7,29.7,29.7,29.7,29.7,29.7,29.7
29.7,29.7,29.7,29.7,29.7,29.7,29.7,29.7
87.0,65.5,174.9,64.9,101.7,89.0,125.9,77.7
87.0,65.5,174.9,64.9,101.7,89.0,125.9,77.7
87.0,65.5,174.9,64.9,101.7,89.0,125.9,77.7
87.0,65.5,174.9,64.9,101.7,89.0,125.9,77.7
93.8,71.0,189.6,71.1,113.3,94.6,136.0,85.6
93.8,71.0,189.6,71.1,113.3,94.6,136.0,85.6
93.8,71.0,189.6,71.1,113.3,94.6,136.0,85.6
93.8,71.0,189.6,71.1,113.3,94.6,136.0,85.6
105.1,80.1,213.5,81.3,132.4,103.8,152.5,98.6
105.1,80.1,213.5,81.3,132.4,103.8,152.5,98.6
105.1,80.1,213.5,81.3,132.4,103.8,152.5,98.6
105.1,80.1,213.5,81.3,132.4,103.8,152.5,98.6
0.0,0.0,0.0,0.0,0.0,0.0,0.0,0.0
0.0,0.0,0.0,0.0,0.0,0.0,0.0,0.0
0.0,0.0,0.0,0.0,0.0,0.0,0.0,0.0
0.0,0.0,0.0,0.0,0.0,0.0,0.0,0.0
0.0,0.0,0.0,0.0,0.0,0.0,0.0,0.0
0.0,0.0,0.0,0.0,0.0,0.0,0.0,0.0
0.0,0.0,0.0,0.0,0.0,0.0,0.0,0.0
0.0,0.0,0.0,0.0,0.0,0.0,0.0,0.0
0.0,0.0,0.0,0.0,0.0,0.0,0.0,0.0
0.0,0.0,0.0,0.0,0.0,0.0,0.0,0.0
0.0,0.0,0.0,0.0,0.0,0.0,0.0,0.0
0.0,0.0,0.0,0.0,0.0,0.0,0.0,0.0
0.0,0.0,0.0,0.0,0.0,0.0,0.0,0.0
0.0,0.0,0.0,0.0,0.0,0.0,0.0,0.0
0.0,0.0,0.0,0.0,0.0,0.0,0.0,0.0
0.0,0.0,0.0,0.0,0.0,0.0,0.0,0.0
0.0,0.0,0.0,0.0,0.0,0.0,0.0,0.0
0.0,0.0,0.0,0.0,0.0,0.0,0.0,0.0
0.0,0.0,0.0,0.0,0.0,0.0,0.0,0.0
0.0,0.0,0.0,0.0,0.0,0.0,0.0,0.0
0.0,0.0,0.0,0.0,0.0,0.0,0.0,0.0
0.0,0.0,0.0,0.0,0.0,0.0,0.0,0.0
0.0,0.0,0.0,0.0,0.0,0.0,0.0,0.0
0.0,0.0,0.0,0.0,0.0,0.0,0.0,0.0
0.0,0.0,0.0,0.0,0.0,0.0,0.0,0.0
0.0,0.0,0.0,0.0,0.0,0.0,0.0,0.0
0.0,0.0,0.0,0.0,0.0,0.0,0.0,0.0
0.0,0.0,0.0,0.0,0.0,0.0,0.0,0.0
0.0,0.0,0.0,0.0,0.0,0.0,0.0,0.0
0.0,0.0,0.0,0.0,0.0,0.0,0.0,0.0
0.0,0.0,0.0,0.0,0.0,0.0,0.0,0.0
0.0,0.0,0.0,0.0,0.0,0.0,0.0,0.0
0.0,0.0,0.0,0.0,0.0,0.0,0.0,0.0
0.0,0.0,0.0,0.0,0.0,0.0,0.0,0.0
0.0,0.0,0.0,0.0,0.0,0.0,0.0,0.0
0.0,0.0,0.0,0.0,0.0,0.0,0.0,0.0
0.0,0.0,0.0,0.0,0.0,0.0,0.0,0.0
0.0,0.0,0.0,0.0,0.0,0.0,0.0,0.0
0.0,0.0,0.0,0.0,0.0,0.0,0.0,0.0
0.0,0.0,0.0,0.0,0.0,0.0,0.0,0.0
0.0,0.0,0.0,0.0,0.0,0.0,0.0,0.0
0.0,0.0,0.0,0.0,0.0,0.0,0.0,0.0
0.0,0.0,0.0,0.0,0.0,0.0,0.0,0.0
0.0,0.0,0.0,0.0,0.0,0.0,0.0,0.0
0.0,0.0,0.0,0.0,0.0,0.0,0.0,0.0
0.0,0.0,0.0,0.0,0.0,0.0,0.0,0.0
0.0,0.0,0.0,0.0,0.0,0.0,0.0,0.0
0.0,0.0,0.0,0.0,0.0,0.0,0.0,0.0
6.9,6.9,6.9,6.9,6.9,6.9,6.9,6.9
6.9,6.9,6.9,6.9,6.9,6.9,6.9,6.9
6.9,6.9,6.9,6.9,6.9,6.9,6.9,6.9
6.9,6.9,6.9,6.9,6.9,6.9,6.9,6.9
16.4,16.4,16.4,16.4,16.4,16.4,16.4,16.4
16.4,16.4,16.4,16.4,16.4,16.4,16.4,16.4
16.4,16.4,16.4,16.4,16.4,16.4,16.4,16.4
16.4,16.4,16.4,16.4,16.4,16.4,16.4,16.4
12.9,12.9,12.9,12.9,12.9,12.9,12.9,12.9
12.9,12.9,12.9,12.9,12.9,12.9,12.9,12.9
12.9,12.9,12.9,12.9,12.9,12.9,12.9,12.9
12.9,12.9,12.9,12.9,12.9,12.9,12.9,12.9
34.3,34.3,34.3,34.3,34.3,34.3,34.3,34.3
34.3,34.3,34.3,34.3,34.3,34.3,34.3,34.3
34.3,34.3,34.3,34.3,34.3,34.3,34.3,34.3
34.3,34.3,34.3,34.3,34.3,34.3,34.3,34.3
81.4,61.0,163.0,59.8,92.1,84.4,117.7,71.2
81.4,61.0,163.0,59.8,92.1,84.4,117.7,71.2
81.4,61.0,163.0,59.8,92.1,84.4,117.7,71.2
81.4,61.0,163.0,59.8,92.1,84.4,117.7,71.2
84.5,63.5,169.6,85.6,97.4,86.9,122.2,74.8
755.2,63.5,169.6,62.7,97.4,86.9,122.2,74.8
84.5,63.5,169.6,62.7,97.4,86.9,122.2,74.8
84.5,63.5,169.6,62.7,97.4,86.9,357.2,348.2
82.3,65.0,87.0,64.4,101.6,82.4,96.9,77.0
82.8,65.0,105.4,64.4,85.1,87.7,89.1,77.0
83.0,65.0,101.1,64.4,85.9,89.2,91.0,77.0
82.2,65.0,118.8,64.4,82.9,82.3,83.9,77.0
84.5,63.5,932.6,62.7,97.4,86.9,122.2,74.8
84.5,63.5,932.6,62.7,97.4,86.9,122.2,74.8
84.5,63.5,932.6,62.7,97.4,86.9,122.2,74.8
84.5,63.5,169.6,62.7,97.4,86.9,122.2,74.8
85.1,64.0,171.0,63.2,98.5,87.4,123.2,75.5
85.1,64.0,171.0,63.2,98.5,87.4,123.2,75.5
85.1,64.0,171.0,63.2,98.5,87.4,123.2,75.5
85.1,64.0,171.0,63.2,98.5,87.4,123.2,75.5
87.0,65.5,174.9,64.9,101.7,89.0,125.9,77.7
87.0,65.5,174.9,64.9,101.7,89.0,125.9,77.7
87.0,65.5,174.9,64.9,101.7,89.0,125.9,77.7
87.0,65.5,174.9,64.9,101.7,89.0,125.9,77.7
63.3,63.3,63.3,63.3,63.3,63.3,63.3,63.3
63.3,63.3,63.3,63.3,63.3,63.3,63.3,63.3
63.3,63.3,63.3,63.3,63.3,63.3,63.3,63.3
63.3,63.3,63.3,63.3,63.3,63.3,63.3,63.3
11.3,11.3,11.3,11.3,11.3,11.3,11.3,11.3
11.3,11.3,11.3,11.3,11.3,11.3,11.3,11.3
11.3,11.3,11.3,11.3,11.3,11.3,11.3,11.3
11.3,11.3,11.3,11.3,11.3,11.3,11.3,11.3
0.0,0.0,0.0,0.0,0.0,0.0,0.0,0.0
0.0,0.0,0.0,0.0,0.0,0.0,0.0,0.0
0.0,0.0,0.0,0.0,0.0,0.0,0.0,0.0
0.0,0.0,0.0,0.0,0.0,0.0,0.0,0.0
0.0,0.0,0.0,0.0,0.0,0.0,0.0,0.0
0.0,0.0,0.0,0.0,0.0,0.0,0.0,0.0
0.0,0.0,0.0,0.0,0.0,0.0,0.0,0.0
0.0,0.0,0.0,0.0,0.0,0.0,0.0,0.0
0.0,0.0,0.0,0.0,0.0,0.0,0.0,0.0
0.0,0.0,0.0,0.0,0.0,0.0,0.0,0.0
0.0,0.0,0.0,0.0,0.0,0.0,0.0,0.0
0.0,0.0,0.0,0.0,0.0,0.0,0.0,0.0
0.0,0.0,0.0,0.0,0.0,0.0,0.0,0.0
0.0,0.0,0.0,0.0,0.0,0.0,0.0,0.0
0.0,0.0,0.0,0.0,0.0,0.0,0.0,0.0
0.0,0.0,0.0,0.0,0.0,0.0,0.0,0.0
0.0,0.0,0.0,0.0,0.0,0.0,0.0,0.0
0.0,0.0,0.0,0.0,0.0,0.0,0.0,0.0
0.0,0.0,0.0,0.0,0.0,0.0,0.0,0.0
0.0,0.0,0.0,0.0,0.0,0.0,0.0,0.0
0.0,0.0,0.0,0.0,0.0,0.0,0.0,0.0
0.0,0.0,0.0,0.0,0.0,0.0,0.0,0.0
0.0,0.0,0.0,0.0,0.0,0.0,0.0,0.0
0.0,0.0,0.0,0.0,0.0,0.0,0.0,0.0
0.0,0.0,0.0,0.0,0.0,0.0,0.0,0.0
0.0,0.0,0.0,0.0,0.0,0.0,0.0,0.0
0.0,0.0,0.0,0.0,0.0,0.0,0.0,0.0
0.0,0.0,0.0,0.0,0.0,0.0,0.0,0.0
0.0,0.0,0.0,0.0,0.0,0.0,0.0,0.0
0.0,0.0,0.0,0.0,0.0,0.0,0.0,0.0
0.0,0.0,0.0,0.0,0.0,0.0,0.0,0.0
0.0,0.0,0.0,0.0,0.0,0.0,0.0,0.0
0.0,0.0,0.0,0.0,0.0,0.0,0.0,0.0
0.0,0.0,0.0,0.0,0.0,0.0,0.0,0.0
0.0,0.0,0.0,0.0,0.0,0.0,0.0,0.0
0.0,0.0,0.0,0.0,0.0,0.0,0.0,0.0
0.0,0.0,0.0,0.0,0.0,0.0,0.0,0.0
0.0,0.0,0.0,0.0,0.0,0.0,0.0,0.0
0.0,0.0,0.0,0.0,0.0,0.0,0.0,0.0
0.0,0.0,0.0,0.0,0.0,0.0,0.0,0.0
0.0,0.0,0.0,0.0,0.0,0.0,0.0,0.0
0.0,0.0,0.0,0.0,0.0,0.0,0.0,0.0
0.0,0.0,0.0,0.0,0.0,0.0,0.0,0.0
0.0,0.0,0.0,0.0,0.0,0.0,0.0,0.0
0.0,0.0,0.0,0.0,0.0,0.0,0.0,0.0
0.0,0.0,0.0,0.0,0.0,0.0,0.0,0.0
0.0,0.0,0.0,0.0,0.0,0.0,0.0,0.0
0.0,0.0,0.0,0.0,0.0,0.0,0.0,0.0
0.0,0.0,0.0,0.0,0.0,0.0,0.0,0.0
0.0,0.0,0.0,0.0,0.0,0.0,0.0,0.0
0.0,0.0,0.0,0.0,0.0,0.0,0.0,0.0
0.0,0.0,0.0,0.0,0.0,0.0,0.0,0.0
0.0,0.0,0.0,0.0,0.0,0.0,0.0,0.0
0.0,0.0,0.0,0.0,0.0,0.0,0.0,0.0
0.0,0.0,0.0,0.0,0.0,0.0,0.0,0.0
0.0,0.0,0.0,0.0,0.0,0.0,0.0,0.0
78.3,58.4,140.1,57.0,86.8,81.8,390.3,67.6
78.3,58.4,156.3,57.0,86.8,81.8,113.1,67.6
78.3,58.4,156.3,57.0,86.8,81.8,113.1,67.6
78.3,58.4,156.3,57.0,86.8,81.8,113.1,67.6
80.1,60.0,160.3,58.7,90.0,83.4,115.8,69.8
80.1,60.0,160.3,58.7,90.0,83.4,115.8,69.8
80.1,60.0,160.3,58.7,90.0,83.4,115.8,69.8
80.1,60.0,160.3,58.7,90.0,83.4,115.8,69.8
81.4,61.0,163.0,59.8,92.1,84.4,117.7,71.2
81.4,61.0,163.0,59.8,92.1,84.4,117.7,71.2
81.4,61.0,161.5,59.8,92.1,84.4,269.8,71.2
81.4,61.0,161.5,59.8,92.1,84.4,269.8,71.2
47.1,47.1,47.1,47.1,47.1,47.1,47.1,47.1
47.1,47.1,47.1,47.1,47.1,47.1,47.1,47.1
47.1,47.1,47.1,47.1,47.1,47.1,47.1,47.1
47.1,47.1,47.1,47.1,47.1,47.1,47.1,47.1
421.7,65.0,173.6,64.4,100.6,88.5,125.0,77.0
421.7,65.0,173.6,64.4,100.6,88.5,125.0,77.0
86.4,65.0,173.6,72.0,100.6,88.5,125.0,77.0
86.4,65.0,173.6,72.0,100.6,88.5,125.0,77.0
84.5,63.5,139.2,70.3,94.8,86.9,110.0,74.8
84.5,63.5,144.3,62.7,95.2,86.9,112.1,74.8
84.5,63.5,144.3,62.7,95.2,86.9,112.1,74.8
84.5,63.5,100.2,128.4,91.3,86.9,94.4,74.8
38.6,38.6,38.6,38.6,38.6,38.6,38.6,38.6
38.6,38.6,38.6,38.6,38.6,38.6,38.6,38.6
38.6,38.6,38.6,38.6,38.6,38.6,38.6,38.6
38.6,38.6,38.6,38.6,38.6,38.6,38.6,38.6
87.0,65.5,174.9,402.1,101.7,89.0,125.9,77.7
87.0,65.5,174.9,402.1,101.7,89.0,125.9,77.7
87.0,65.5,174.9,64.9,101.7,89.0,125.9,77.7
87.0,65.5,174.9,64.9,101.7,89.0,125.9,77.7
93.8,71.0,189.6,71.1,113.3,94.6,136.0,85.6
93.8,71.0,189.6,71.1,113.3,94.6,136.0,85.6
93.8,71.0,189.6,71.1,113.3,94.6,136.0,85.6
93.8,71.0,189.6,71.1,113.3,94.6,136.0,85.6
105.1,80.1,213.5,81.3,132.4,103.8,152.5,98.6
105.1,80.1,213.5,118.3,132.4,103.8,152.5,98.6
105.1,80.1,213.5,118.3,132.4,103.8,152.5,98.6
105.1,80.1,213.5,118.3,132.4,103.8,1504.6,98.6
0.0,0.0,0.0,0.0,0.0,0.0,0.0,0.0
0.0,0.0,0.0,0.0,0.0,0.0,0.0,0.0
0.0,0.0,0.0,0.0,0.0,0.0,0.0,0.0
0.0,0.0,0.0,0.0,0.0,0.0,0.0,0.0
0.0,0.0,0.0,0.0,0.0,0.0,0.0,0.0
0.0,0.0,0.0,0.0,0.0,0.0,0.0,0.0
0.0,0.0,0.0,0.0,0.0,0.0,0.0,0.0
0.0,0.0,0.0,0.0,0.0,0.0,0.0,0.0
0.0,0.0,0.0,0.0,0.0,0.0,0.0,0.0
0.0,0.0,0.0,0.0,0.0,0.0,0.0,0.0
0.0,0.0,0.0,0.0,0.0,0.0,0.0,0.0
0.0,0.0,0.0,0.0,0.0,0.0,0.0,0.0
0.0,0.0,0.0,0.0,0.0,0.0,0.0,0.0
0.0,0.0,0.0,0.0,0.0,0.0,0.0,0.0
0.0,0.0,0.0,0.0,0.0,0.0,0.0,0.0
0.0,0.0,0.0,0.0,0.0,0.0,0.0,0.0
0.0,0.0,0.0,0.0,0.0,0.0,0.0,0.0
0.0,0.0,0.0,0.0,0.0,0.0,0.0,0.0
0.0,0.0,0.0,0.0,0.0,0.0,0.0,0.0
0.0,0.0,0.0,0.0,0.0,0.0,0.0,0.0
0.0,0.0,0.0,0.0,0.0,0.0,0.0,0.0
0.0,0.0,0.0,0.0,0.0,0.0,0.0,0.0
0.0,0.0,0.0,0.0,0.0,0.0,0.0,0.0
0.0,0.0,0.0,0.0,0.0,0.0,0.0,0.0
0.0,0.0,0.0,0.0,0.0,0.0,0.0,0.0
0.0,0.0,0.0,0.0,0.0,0.0,0.0,0.0
0.0,0.0,0.0,0.0,0.0,0.0,0.0,0.0
0.0,0.0,0.0,0.0,0.0,0.0,0.0,0.0
0.0,0.0,0.0,0.0,0.0,0.0,0.0,0.0
0.0,0.0,0.0,0.0,0.0,0.0,0.0,0.0
0.0,0.0,0.0,0.0,0.0,0.0,0.0,0.0
0.0,0.0,0.0,0.0,0.0,0.0,0.0,0.0
0.0,0.0,0.0,0.0,0.0,0.0,0.0,0.0
0.0,0.0,0.0,0.0,0.0,0.0,0.0,0.0
0.0,0.0,0.0,0.0,0.0,0.0,0.0,0.0
0.0,0.0,0.0,0.0,0.0,0.0,0.0,0.0
0.0,0.0,0.0,0.0,0.0,0.0,0.0,0.0
0.0,0.0,0.0,0.0,0.0,0.0,0.0,0.0
0.0,0.0,0.0,0.0,0.0,0.0,0.0,0.0
0.0,0.0,0.0,0.0,0.0,0.0,0.0,0.0
0.0,0.0,0.0,0.0,0.0,0.0,0.0,0.0
0.0,0.0,0.0,0.0,0.0,0.0,0.0,0.0
0.0,0.0,0.0,0.0,0.0,0.0,0.0,0.0
0.0,0.0,0.0,0.0,0.0,0.0,0.0,0.0
0.0,0.0,0.0,0.0,0.0,0.0,0.0,0.0
0.0,0.0,0.0,0.0,0.0,0.0,0.0,0.0
0.0,0.0,0.0,0.0,0.0,0.0,0.0,0.0
0.0,0.0,0.0,0.0,0.0,0.0,0.0,0.0
0.0,0.0,0.0,0.0,0.0,0.0,0.0,0.0
0.0,0.0,0.0,0.0,0.0,0.0,0.0,0.0
0.0,0.0,0.0,0.0,0.0,0.0,0.0,0.0
0.0,0.0,0.0,0.0,0.0,0.0,0.0,0.0
0.0,0.0,0.0,0.0,0.0,0.0,0.0,0.0
0.0,0.0,0.0,0.0,0.0,0.0,0.0,0.0
0.0,0.0,0.0,0.0,0.0,0.0,0.0,0.0
0.0,0.0,0.0,0.0,0.0,0.0,0.0,0.0
0.0,0.0,0.0,0.0,0.0,0.0,0.0,0.0
0.0,0.0,0.0,0.0,0.0,0.0,0.0,0.0
0.0,0.0,0.0,0.0,0.0,0.0,0.0,0.0
0.0,0.0,0.0,0.0,0.0,0.0,0.0,0.0
757.5,60.0,160.3,58.7,90.0,83.4,115.8,69.8
757.5,60.0,160.3,58.7,90.0,83.4,115.8,69.8
757.5,60.0,160.3,58.7,90.0,83.4,115.8,69.8
757.5,60.0,160.3,58.7,90.0,83.4,115.8,69.8
758.7,61.0,163.0,59.8,92.1,84.4,117.7,71.2
758.7,61.0,163.0,59.8,92.1,84.4,117.7,71.2
758.7,61.0,163.0,59.8,92.1,84.4,117.7,344.6
758.7,61.0,163.0,59.8,92.1,84.4,117.7,71.2
2260.5,63.5,169.6,62.7,97.4,86.9,122.2,74.8
2260.5,63.5,169.6,223.1,97.4,86.9,122.2,74.8
2260.5,377.4,169.6,223.1,97.4,86.9,122.2,74.8
2260.5,63.5,169.6,223.1,97.4,86.9,122.2,74.8
729.9,65.0,173.6,64.4,100.6,88.5,125.0,77.0
729.9,65.0,173.6,64.4,100.6,88.5,125.0,77.0
718.8,65.0,184.6,64.4,100.6,88.5,125.0,77.0
602.2,65.0,183.2,64.4,218.6,88.5,125.0,77.0
42.6,42.6,42.6,42.6,42.6,42.6,42.6,42.6
42.6,42.6,42.6,42.6,42.6,42.6,42.6,42.6
42.6,42.6,42.6,42.6,42.6,42.6,42.6,42.6
42.6,42.6,42.6,42.6,42.6,42.6,42.6,42.6
31.5,31.5,31.5,31.5,31.5,31.5,31.5,31.5
31.5,31.5,31.5,31.5,31.5,31.5,31.5,31.5
31.5,31.5,31.5,31.5,31.5,31.5,31.5,31.5
31.5,31.5,31.5,31.5,31.5,31.5,31.5,31.5
20.5,20.5,20.5,20.5,20.5,20.5,20.5,20.5
20.5,20.5,20.5,20.5,20.5,20.5,20.5,20.5
20.5,20.5,20.5,20.5,20.5,20.5,20.5,20.5
20.5,20.5,20.5,20.5,20.5,20.5,20.5,20.5
9.5,9.5,9.5,9.5,9.5,9.5,9.5,9.5
9.5,9.5,9.5,9.5,9.5,9.5,9.5,9.5
9.5,9.5,9.5,9.5,9.5,9.5,9.5,9.5
9.5,9.5,9.5,9.5,9.5,9.5,9.5,9.5
2.6,2.6,2.6,2.6,2.6,2.6,2.6,2.6
2.6,2.6,2.6,2.6,2.6,2.6,2.6,2.6
2.6,2.6,2.6,2.6,2.6,2.6,2.6,2.6
2.6,2.6,2.6,2.6,2.6,2.6,2.6,2.6
0.0,0.0,0.0,0.0,0.0,0.0,0.0,0.0
0.0,0.0,0.0,0.0,0.0,0.0,0.0,0.0
0.0,0.0,0.0,0.0,0.0,0.0,0.0,0.0
0.0,0.0,0.0,0.0,0.0,0.0,0.0,0.0
0.0,0.0,0.0,0.0,0.0,0.0,0.0,0.0
0.0,0.0,0.0,0.0,0.0,0.0,0.0,0.0
0.0,0.0,0.0,0.0,0.0,0.0,0.0,0.0
0.0,0.0,0.0,0.0,0.0,0.0,0.0,0.0
0.0,0.0,0.0,0.0,0.0,0.0,0.0,0.0
0.0,0.0,0.0,0.0,0.0,0.0,0.0,0.0
0.0,0.0,0.0,0.0,0.0,0.0,0.0,0.0
0.0,0.0,0.0,0.0,0.0,0.0,0.0,0.0
0.0,0.0,0.0,0.0,0.0,0.0,0.0,0.0
0.0,0.0,0.0,0.0,0.0,0.0,0.0,0.0
0.0,0.0,0.0,0.0,0.0,0.0,0.0,0.0
0.0,0.0,0.0,0.0,0.0,0.0,0.0,0.0
0.0,0.0,0.0,0.0,0.0,0.0,0.0,0.0
0.0,0.0,0.0,0.0,0.0,0.0,0.0,0.0
0.0,0.0,0.0,0.0,0.0,0.0,0.0,0.0
0.0,0.0,0.0,0.0,0.0,0.0,0.0,0.0
0.0,0.0,0.0,0.0,0.0,0.0,0.0,0.0
0.0,0.0,0.0,0.0,0.0,0.0,0.0,0.0
0.0,0.0,0.0,0.0,0.0,0.0,0.0,0.0
0.0,0.0,0.0,0.0,0.0,0.0,0.0,0.0
0.0,0.0,0.0,0.0,0.0,0.0,0.0,0.0
0.0,0.0,0.0,0.0,0.0,0.0,0.0,0.0
0.0,0.0,0.0,0.0,0.0,0.0,0.0,0.0
0.0,0.0,0.0,0.0,0.0,0.0,0.0,0.0
0.0,0.0,0.0,0.0,0.0,0.0,0.0,0.0
0.0,0.0,0.0,0.0,0.0,0.0,0.0,0.0
0.0,0.0,0.0,0.0,0.0,0.0,0.0,0.0
0.0,0.0,0.0,0.0,0.0,0.0,0.0,0.0
0.0,0.0,0.0,0.0,0.0,0.0,0.0,0.0
0.0,0.0,0.0,0.0,0.0,0.0,0.0,0.0
0.0,0.0,0.0,0.0,0.0,0.0,0.0,0.0
0.0,0.0,0.0,0.0,0.0,0.0,0.0,0.0
0.0,0.0,0.0,0.0,0.0,0.0,0.0,0.0
0.0,0.0,0.0,0.0,0.0,0.0,0.0,0.0
0.0,0.0,0.0,0.0,0.0,0.0,0.0,0.0
0.0,0.0,0.0,0.0,0.0,0.0,0.0,0.0
0.0,0.0,0.0,0.0,0.0,0.0,0.0,0.0
0.0,0.0,0.0,0.0,0.0,0.0,0.0,0.0
0.0,0.0,0.0,0.0,0.0,0.0,0.0,0.0
0.0,0.0,0.0,0.0,0.0,0.0,0.0,0.0
0.0,0.0,0.0,0.0,0.0,0.0,0.0,0.0
0.0,0.0,0.0,0.0,0.0,0.0,0.0,0.0
0.0,0.0,0.0,0.0,0.0,0.0,0.0,0.0
0.0,0.0,0.0,0.0,0.0,0.0,0.0,0.0
29.3,29.3,29.3,29.3,29.3,29.3,29.3,29.3
29.3,29.3,29.3,29.3,29.3,29.3,29.3,29.3
29.3,29.3,29.3,29.3,29.3,29.3,29.3,29.3
29.3,29.3,29.3,29.3,29.3,29.3,29.3,29.3
55.0,55.0,55.0,55.0,55.0,55.0,55.0,55.0
55.0,55.0,55.0,55.0,55.0,55.0,55.0,55.0
55.0,55.0,55.0,55.0,55.0,55.0,55.0,55.0
55.0,55.0,55.0,55.0,55.0,55.0,55.0,55.0
78.3,58.4,156.3,57.0,86.8,81.8,113.1,67.6
78.3,58.4,156.3,57.0,86.8,81.8,113.1,67.6
78.3,58.4,156.3,57.0,86.8,81.8,113.1,67.6
78.3,58.4,156.3,57.0,86.8,81.8,113.1,67.6
80.1,60.0,160.3,58.7,90.0,83.4,115.8,69.8
80.1,60.0,160.3,58.7,90.0,83.4,115.8,69.8
80.1,60.0,160.3,58.7,90.0,83.4,115.8,69.8
80.1,60.0,160.3,58.7,90.0,83.4,115.8,69.8
81.4,61.0,163.0,59.8,92.1,84.4,117.7,71.2
81.4,61.0,163.0,59.8,92.1,84.4,117.7,71.2
81.4,61.0,163.0,59.8,92.1,84.4,117.7,71.2
81.4,61.0,163.0,59.8,92.1,84.4,117.7,71.2
84.5,63.5,169.6,62.7,97.4,86.9,122.2,74.8
84.5,63.5,169.6,62.7,97.4,142.6,122.2,74.8
84.5,63.5,169.6,62.7,97.4,86.9,592.1,74.8
84.5,63.5,186.3,62.7,97.4,86.9,122.2,74.8
757.1,65.0,190.3,64.4,100.6,88.5,125.0,77.0
86.4,65.0,190.3,64.4,100.6,88.5,125.0,77.0
86.4,65.0,173.6,64.4,100.6,88.5,125.0,77.0
86.4,65.0,173.6,64.4,100.6,88.5,125.0,77.0
84.5,63.5,169.6,62.7,97.4,86.9,122.2,74.8
84.5,63.5,169.6,62.7,97.4,86.9,122.2,74.8
84.5,63.5,169.6,62.7,97.4,86.9,122.2,74.8
84.5,63.5,169.6,62.7,97.4,86.9,122.2,74.8
85.1,64.0,555.0,63.2,98.5,87.4,800.0,75.5
85.1,64.0,555.0,63.2,98.5,87.4,800.0,75.5
85.1,64.0,555.0,63.2,98.5,87.4,800.0,75.5
85.1,64.0,171.0,63.2,98.5,87.4,800.0,75.5
87.0,65.5,174.9,64.9,101.7,89.0,802.8,77.7
87.0,65.5,174.9,64.9,101.7,89.0,802.8,77.7
87.0,65.5,174.9,64.9,101.7,89.0,802.8,77.7
87.0,65.5,174.9,64.9,101.7,89.0,802.8,77.7
93.8,71.0,130.3,71.1,113.3,94.6,259.2,85.6
93.8,71.0,189.6,71.1,113.3,94.6,136.0,85.6
93.8,71.0,189.6,71.1,113.3,94.6,136.0,85.6
93.8,151.4,176.8,71.1,113.3,94.6,132.4,85.6
12.9,12.9,12.9,12.9,12.9,12.9,12.9,12.9
12.9,12.9,12.9,12.9,12.9,12.9,12.9,12.9
12.9,12.9,12.9,12.9,12.9,12.9,12.9,12.9
12.9,12.9,12.9,12.9,12.9,12.9,12.9,12.9
0.0,0.0,0.0,0.0,0.0,0.0,0.0,0.0
0.0,0.0,0.0,0.0,0.0,0.0,0.0,0.0
0.0,0.0,0.0,0.0,0.0,0.0,0.0,0.0
0.0,0.0,0.0,0.0,0.0,0.0,0.0,0.0
0.0,0.0,0.0,0.0,0.0,0.0,0.0,0.0
0.0,0.0,0.0,0.0,0.0,0.0,0.0,0.0
0.0,0.0,0.0,0.0,0.0,0.0,0.0,0.0
0.0,0.0,0.0,0.0,0.0,0.0,0.0,0.0
0.0,0.0,0.0,0.0,0.0,0.0,0.0,0.0
0.0,0.0,0.0,0.0,0.0,0.0,0.0,0.0
0.0,0.0,0.0,0.0,0.0,0.0,0.0,0.0
0.0,0.0,0.0,0.0,0.0,0.0,0.0,0.0
0.0,0.0,0.0,0.0,0.0,0.0,0.0,0.0
0.0,0.0,0.0,0.0,0.0,0.0,0.0,0.0
0.0,0.0,0.0,0.0,0.0,0.0,0.0,0.0
0.0,0.0,0.0,0.0,0.0,0.0,0.0,0.0
0.0,0.0,0.0,0.0,0.0,0.0,0.0,0.0
0.0,0.0,0.0,0.0,0.0,0.0,0.0,0.0
0.0,0.0,0.0,0.0,0.0,0.0,0.0,0.0
0.0,0.0,0.0,0.0,0.0,0.0,0.0,0.0
0.0,0.0,0.0,0.0,0.0,0.0,0.0,0.0
0.0,0.0,0.0,0.0,0.0,0.0,0.0,0.0
0.0,0.0,0.0,0.0,0.0,0.0,0.0,0.0
0.0,0.0,0.0,0.0,0.0,0.0,0.0,0.0
0.0,0.0,0.0,0.0,0.0,0.0,0.0,0.0
0.0,0.0,0.0,0.0,0.0,0.0,0.0,0.0
0.0,0.0,0.0,0.0,0.0,0.0,0.0,0.0
0.0,0.0,0.0,0.0,0.0,0.0,0.0,0.0
0.0,0.0,0.0,0.0,0.0,0.0,0.0,0.0
0.0,0.0,0.0,0.0,0.0,0.0,0.0,0.0
0.0,0.0,0.0,0.0,0.0,0.0,0.0,0.0
0.0,0.0,0.0,0.0,0.0,0.0,0.0,0.0
0.0,0.0,0.0,0.0,0.0,0.0,0.0,0.0
0.0,0.0,0.0,0.0,0.0,0.0,0.0,0.0
0.0,0.0,0.0,0.0,0.0,0.0,0.0,0.0
0.0,0.0,0.0,0.0,0.0,0.0,0.0,0.0
0.0,0.0,0.0,0.0,0.0,0.0,0.0,0.0
0.0,0.0,0.0,0.0,0.0,0.0,0.0,0.0
0.0,0.0,0.0,0.0,0.0,0.0,0.0,0.0
0.0,0.0,0.0,0.0,0.0,0.0,0.0,0.0
0.0,0.0,0.0,0.0,0.0,0.0,0.0,0.0
0.0,0.0,0.0,0.0,0.0,0.0,0.0,0.0
0.0,0.0,0.0,0.0,0.0,0.0,0.0,0.0
0.0,0.0,0.0,0.0,0.0,0.0,0.0,0.0
0.0,0.0,0.0,0.0,0.0,0.0,0.0,0.0
0.0,0.0,0.0,0.0,0.0,0.0,0.0,0.0
0.0,0.0,0.0,0.0,0.0,0.0,0.0,0.0
0.0,0.0,0.0,0.0,0.0,0.0,0.0,0.0
19.1,19.1,19.1,19.1,19.1,19.1,19.1,19.1
19.1,19.1,19.1,19.1,19.1,19.1,19.1,19.1
19.1,19.1,19.1,19.1,19.1,19.1,19.1,19.1
19.1,19.1,19.1,19.1,19.1,19.1,19.1,19.1
22.5,22.5,22.5,22.5,22.5,22.5,22.5,22.5
22.5,22.5,22.5,22.5,22.5,22.5,22.5,22.5
22.5,22.5,22.5,22.5,22.5,22.5,22.5,22.5
22.5,22.5,22.5,22.5,22.5,22.5,22.5,22.5
78.3,58.4,126.7,57.0,84.9,81.8,100.7,67.6
78.3,58.4,126.7,57.0,84.9,81.8,100.7,67.6
78.3,58.4,126.7,57.0,84.9,81.8,100.7,67.6
78.3,58.4,126.7,57.0,84.9,81.8,100.7,67.6
80.1,60.0,160.3,58.7,90.0,83.4,115.8,69.8
80.1,60.0,160.3,58.7,90.0,83.4,115.8,69.8
80.1,60.0,160.3,58.7,90.0,83.4,115.8,69.8
80.1,60.0,160.3,58.7,90.0,83.4,115.8,69.8
81.4,61.0,163.0,59.8,92.1,84.4,117.7,71.2
81.4,61.0,163.0,59.8,92.1,84.4,117.7,71.2
81.4,61.0,163.0,59.8,92.1,84.4,117.7,71.2
81.4,61.0,163.0,59.8,92.1,84.4,117.7,71.2
84.5,63.5,169.6,62.7,97.4,86.9,122.2,74.8
84.5,63.5,942.6,62.7,97.4,86.9,122.2,74.8
84.5,63.5,942.6,62.7,97.4,86.9,122.2,74.8
84.5,290.5,942.6,62.7,97.4,86.9,122.2,74.8
86.4,292.0,946.6,64.4,100.6,88.5,359.9,77.0
86.4,292.0,173.6,171.4,100.6,88.5,359.9,77.0
86.4,292.0,173.6,171.4,100.6,88.5,125.0,77.0
86.4,65.0,173.6,171.4,100.6,88.5,125.0,77.0
84.5,63.5,169.6,169.7,97.4,86.9,122.2,74.8
84.5,63.5,169.6,62.7,97.4,86.9,122.2,74.8
84.5,63.5,169.6,62.7,97.4,86.9,122.2,74.8
84.5,63.5,169.6,62.7,97.4,86.9,122.2,74.8
85.1,64.0,171.0,63.2,98.5,87.4,123.2,75.5
85.1,64.0,171.0,63.2,98.5,87.4,123.2,75.5
85.1,64.0,171.0,63.2,98.5,87.4,123.2,75.5
85.1,64.0,171.0,63.2,98.5,87.4,123.2,75.5
87.0,65.5,174.9,64.9,101.7,89.0,125.9,77.7
87.0,65.5,174.9,64.9,101.7,89.0,125.9,77.7
87.0,65.5,174.9,64.9,101.7,89.0,125.9,77.7
87.0,65.5,174.9,64.9,101.7,89.0,125.9,77.7
93.8,71.0,189.6,71.1,113.3,94.6,136.0,85.6
93.8,71.0,189.6,71.1,113.3,94.6,136.0,85.6
93.8,71.0,189.6,71.1,113.3,94.6,136.0,85.6
93.8,71.0,189.6,71.1,113.3,94.6,136.0,85.6
105.1,80.1,213.5,81.3,132.4,103.8,152.5,98.6
105.1,80.1,173.6,81.3,272.9,103.8,136.4,98.6
105.1,80.1,159.5,81.3,225.5,166.9,134.8,98.6
105.1,80.1,139.8,81.3,159.6,142.1,245.1,98.6
0.0,0.0,0.0,0.0,0.0,0.0,0.0,0.0
0.0,0.0,0.0,0.0,0.0,0.0,0.0,0.0
0.0,0.0,0.0,0.0,0.0,0.0,0.0,0.0
0.0,0.0,0.0,0.0,0.0,0.0,0.0,0.0
0.0,0.0,0.0,0.0,0.0,0.0,0.0,0.0
0.0,0.0,0.0,0.0,0.0,0.0,0.0,0.0
0.0,0.0,0.0,0.0,0.0,0.0,0.0,0.0
0.0,0.0,0.0,0.0,0.0,0.0,0.0,0.0
0.0,0.0,0.0,0.0,0.0,0.0,0.0,0.0
0.0,0.0,0.0,0.0,0.0,0.0,0.0,0.0
0.0,0.0,0.0,0.0,0.0,0.0,0.0,0.0
0.0,0.0,0.0,0.0,0.0,0.0,0.0,0.0
0.0,0.0,0.0,0.0,0.0,0.0,0.0,0.0
0.0,0.0,0.0,0.0,0.0,0.0,0.0,0.0
0.0,0.0,0.0,0.0,0.0,0.0,0.0,0.0
0.0,0.0,0.0,0.0,0.0,0.0,0.0,0.0
0.0,0.0,0.0,0.0,0.0,0.0,0.0,0.0
0.0,0.0,0.0,0.0,0.0,0.0,0.0,0.0
0.0,0.0,0.0,0.0,0.0,0.0,0.0,0.0
0.0,0.0,0.0,0.0,0.0,0.0,0.0,0.0
0.0,0.0,0.0,0.0,0.0,0.0,0.0,0.0
0.0,0.0,0.0,0.0,0.0,0.0,0.0,0.0
0.0,0.0,0.0,0.0,0.0,0.0,0.0,0.0
0.0,0.0,0.0,0.0,0.0,0.0,0.0,0.0
0.0,0.0,0.0,0.0,0.0,0.0,0.0,0.0
0.0,0.0,0.0,0.0,0.0,0.0,0.0,0.0
0.0,0.0,0.0,0.0,0.0,0.0,0.0,0.0
0.0,0.0,0.0,0.0,0.0,0.0,0.0,0.0
0.0,0.0,0.0,0.0,0.0,0.0,0.0,0.0
0.0,0.0,0.0,0.0,0.0,0.0,0.0,0.0
0.0,0.0,0.0,0.0,0.0,0.0,0.0,0.0
0.0,0.0,0.0,0.0,0.0,0.0,0.0,0.0
0.0,0.0,0.0,0.0,0.0,0.0,0.0,0.0
0.0,0.0,0.0,0.0,0.0,0.0,0.0,0.0
0.0,0.0,0.0,0.0,0.0,0.0,0.0,0.0
0.0,0.0,0.0,0.0,0.0,0.0,0.0,0.0
0.0,0.0,0.0,0.0,0.0,0.0,0.0,0.0
0.0,0.0,0.0,0.0,0.0,0.0,0.0,0.0
0.0,0.0,0.0,0.0,0.0,0.0,0.0,0.0
0.0,0.0,0.0,0.0,0.0,0.0,0.0,0.0
0.0,0.0,0.0,0.0,0.0,0.0,0.0,0.0
0.0,0.0,0.0,0.0,0.0,0.0,0.0,0.0
0.0,0.0,0.0,0.0,0.0,0.0,0.0,0.0
0.0,0.0,0.0,0.0,0.0,0.0,0.0,0.0
0.0,0.0,0.0,0.0,0.0,0.0,0.0,0.0
0.0,0.0,0.0,0.0,0.0,0.0,0.0,0.0
0.0,0.0,0.0,0.0,0.0,0.0,0.0,0.0
0.0,0.0,0.0,0.0,0.0,0.0,0.0,0.0
11.3,11.3,11.3,11.3,11.3,11.3,11.3,11.3
11.3,11.3,11.3,11.3,11.3,11.3,11.3,11.3
11.3,11.3,11.3,11.3,11.3,11.3,11.3,11.3
11.3,11.3,11.3,11.3,11.3,11.3,11.3,11.3
34.4,34.4,34.4,34.4,34.4,34.4,34.4,34.4
34.4,34.4,34.4,34.4,34.4,34.4,34.4,34.4
34.4,34.4,34.4,34.4,34.4,34.4,34.4,34.4
34.4,34.4,34.4,34.4,34.4,34.4,34.4,34.4
78.3,58.4,150.2,57.0,289.0,81.8,113.1,129.6
78.3,58.4,156.3,57.0,86.8,81.8,113.1,67.6
78.3,58.4,156.3,57.0,86.8,81.8,113.1,67.6
78.3,279.8,156.3,57.0,86.8,81.8,113.1,67.6
80.1,281.3,160.3,58.7,90.0,83.4,115.8,69.8
80.1,281.3,160.3,58.7,90.0,83.4,115.8,69.8
80.1,281.3,160.3,58.7,90.0,83.4,115.8,69.8
80.1,281.3,160.3,58.7,90.0,83.4,115.8,69.8
81.4,282.3,163.0,59.8,92.1,84.4,117.7,71.2
81.4,61.0,163.0,59.8,92.1,84.4,117.7,71.2
81.4,61.0,163.0,59.8,92.1,84.4,117.7,71.2
81.4,61.0,163.0,59.8,92.1,84.4,117.7,71.2
84.5,63.5,169.6,62.7,97.4,86.9,122.2,74.8
84.5,63.5,194.6,62.7,97.4,86.9,122.2,74.8
308.1,63.5,194.6,62.7,97.4,86.9,122.2,74.8
308.1,63.5,169.6,62.7,97.4,86.9,357.2,74.8
309.9,65.0,173.6,64.4,464.6,88.5,359.9,77.0
86.4,65.0,173.6,64.4,464.6,88.5,125.0,77.0
86.4,65.0,173.6,64.4,100.6,88.5,125.0,77.0
86.4,65.0,173.6,64.4,100.6,88.5,125.0,77.0
84.5,63.5,169.6,74.1,97.4,86.9,122.2,74.8
84.5,63.5,169.6,74.1,97.4,86.9,122.2,74.8
84.5,63.5,169.6,62.7,97.4,86.9,122.2,74.8
84.5,63.5,169.6,62.7,97.4,86.9,122.2,74.8
85.1,64.0,171.0,63.2,98.5,87.4,123.2,75.5
85.1,64.0,171.0,63.2,98.5,87.4,123.2,75.5
85.1,64.0,171.0,63.2,98.5,87.4,123.2,75.5
85.1,64.0,171.0,63.2,98.5,87.4,123.2,75.5
87.0,65.5,174.9,64.9,101.7,89.0,125.9,77.7
87.0,65.5,174.9,64.9,101.7,89.0,125.9,77.7
87.0,65.5,174.9,64.9,101.7,89.0,125.9,77.7
87.0,65.5,174.9,64.9,101.7,89.0,125.9,77.7
93.8,71.0,189.6,71.1,113.3,94.6,136.0,85.6
93.8,71.0,189.6,71.1,113.3,94.6,136.0,85.6
93.8,71.0,189.6,71.1,113.3,94.6,136.0,85.6
93.8,71.0,189.6,71.1,113.3,94.6,136.0,85.6
1529.3,80.1,213.5,118.6,132.4,103.8,152.5,98.6
105.1,80.1,213.5,118.6,132.4,103.8,152.5,98.6
105.1,80.1,213.5,118.6,132.4,103.8,152.5,98.6
105.1,80.1,213.5,81.3,1593.9,103.8,152.5,98.6
0.0,0.0,0.0,0.0,0.0,0.0,0.0,0.0
0.0,0.0,0.0,0.0,0.0,0.0,0.0,0.0
0.0,0.0,0.0,0.0,0.0,0.0,0.0,0.0
0.0,0.0,0.0,0.0,0.0,0.0,0.0,0.0
0.0,0.0,0.0,0.0,0.0,0.0,0.0,0.0
0.0,0.0,0.0,0.0,0.0,0.0,0.0,0.0
0.0,0.0,0.0,0.0,0.0,0.0,0.0,0.0
0.0,0.0,0.0,0.0,0.0,0.0,0.0,0.0
0.0,0.0,0.0,0.0,0.0,0.0,0.0,0.0
0.0,0.0,0.0,0.0,0.0,0.0,0.0,0.0
0.0,0.0,0.0,0.0,0.0,0.0,0.0,0.0
0.0,0.0,0.0,0.0,0.0,0.0,0.0,0.0
0.0,0.0,0.0,0.0,0.0,0.0,0.0,0.0
0.0,0.0,0.0,0.0,0.0,0.0,0.0,0.0
0.0,0.0,0.0,0.0,0.0,0.0,0.0,0.0
0.0,0.0,0.0,0.0,0.0,0.0,0.0,0.0
0.0,0.0,0.0,0.0,0.0,0.0,0.0,0.0
0.0,0.0,0.0,0.0,0.0,0.0,0.0,0.0
0.0,0.0,0.0,0.0,0.0,0.0,0.0,0.0
0.0,0.0,0.0,0.0,0.0,0.0,0.0,0.0
0.0,0.0,0.0,0.0,0.0,0.0,0.0,0.0
0.0,0.0,0.0,0.0,0.0,0.0,0.0,0.0
0.0,0.0,0.0,0.0,0.0,0.0,0.0,0.0
0.0,0.0,0.0,0.0,0.0,0.0,0.0,0.0
0.0,0.0,0.0,0.0,0.0,0.0,0.0,0.0
0.0,0.0,0.0,0.0,0.0,0.0,0.0,0.0
0.0,0.0,0.0,0.0,0.0,0.0,0.0,0.0
0.0,0.0,0.0,0.0,0.0,0.0,0.0,0.0
0.0,0.0,0.0,0.0,0.0,0.0,0.0,0.0
0.0,0.0,0.0,0.0,0.0,0.0,0.0,0.0
0.0,0.0,0.0,0.0,0.0,0.0,0.0,0.0
0.0,0.0,0.0,0.0,0.0,0.0,0.0,0.0
0.0,0.0,0.0,0.0,0.0,0.0,0.0,0.0
0.0,0.0,0.0,0.0,0.0,0.0,0.0,0.0
0.0,0.0,0.0,0.0,0.0,0.0,0.0,0.0
0.0,0.0,0.0,0.0,0.0,0.0,0.0,0.0
0.0,0.0,0.0,0.0,0.0,0.0,0.0,0.0
0.0,0.0,0.0,0.0,0.0,0.0,0.0,0.0
0.0,0.0,0.0,0.0,0.0,0.0,0.0,0.0
0.0,0.0,0.0,0.0,0.0,0.0,0.0,0.0
0.0,0.0,0.0,0.0,0.0,0.0,0.0,0.0
0.0,0.0,0.0,0.0,0.0,0.0,0.0,0.0
0.0,0.0,0.0,0.0,0.0,0.0,0.0,0.0
0.0,0.0,0.0,0.0,0.0,0.0,0.0,0.0
0.0,0.0,0.0,0.0,0.0,0.0,0.0,0.0
0.0,0.0,0.0,0.0,0.0,0.0,0.0,0.0
0.0,0.0,0.0,0.0,0.0,0.0,0.0,0.0
0.0,0.0,0.0,0.0,0.0,0.0,0.0,0.0
4.3,4.3,4.3,4.3,4.3,4.3,4.3,4.3
4.3,4.3,4.3,4.3,4.3,4.3,4.3,4.3
4.3,4.3,4.3,4.3,4.3,4.3,4.3,4.3
4.3,4.3,4.3,4.3,4.3,4.3,4.3,4.3
14.7,14.7,14.7,14.7,14.7,14.7,14.7,14.7
14.7,14.7,14.7,14.7,14.7,14.7,14.7,14.7
14.7,14.7,14.7,14.7,14.7,14.7,14.7,14.7
14.7,14.7,14.7,14.7,14.7,14.7,14.7,14.7
25.8,25.8,25.8,25.8,25.8,25.8,25.8,25.8
25.8,25.8,25.8,25.8,25.8,25.8,25.8,25.8
25.8,25.8,25.8,25.8,25.8,25.8,25.8,25.8
25.8,25.8,25.8,25.8,25.8,25.8,25.8,25.8
20.5,20.5,20.5,20.5,20.5,20.5,20.5,20.5
20.5,20.5,20.5,20.5,20.5,20.5,20.5,20.5
20.5,20.5,20.5,20.5,20.5,20.5,20.5,20.5
20.5,20.5,20.5,20.5,20.5,20.5,20.5,20.5
44.2,44.2,44.2,44.2,44.2,44.2,44.2,44.2
44.2,44.2,44.2,44.2,44.2,44.2,44.2,44.2
44.2,44.2,44.2,44.2,44.2,44.2,44.2,44.2
44.2,44.2,44.2,44.2,44.2,44.2,44.2,44.2
46.6,46.6,46.6,46.6,46.6,46.6,46.6,46.6
46.6,46.6,46.6,46.6,46.6,46.6,46.6,46.6
46.6,46.6,46.6,46.6,46.6,46.6,46.6,46.6
46.6,46.6,46.6,46.6,46.6,46.6,46.6,46.6
50.0,50.0,50.0,50.0,50.0,50.0,50.0,50.0
50.0,50.0,50.0,50.0,50.0,50.0,50.0,50.0
50.0,50.0,50.0,50.0,50.0,50.0,50.0,50.0
50.0,50.0,50.0,50.0,50.0,50.0,50.0,50.0
40.7,40.7,40.7,40.7,40.7,40.7,40.7,40.7
40.7,40.7,40.7,40.7,40.7,40.7,40.7,40.7
40.7,40.7,40.7,40.7,40.7,40.7,40.7,40.7
40.7,40.7,40.7,40.7,40.7,40.7,40.7,40.7
33.1,33.1,33.1,33.1,33.1,33.1,33.1,33.1
33.1,33.1,33.1,33.1,33.1,33.1,33.1,33.1
33.1,33.1,33.1,33.1,33.1,33.1,33.1,33.1
33.1,33.1,33.1,33.1,33.1,33.1,33.1,33.1
21.3,21.3,21.3,21.3,21.3,21.3,21.3,21.3
21.3,21.3,21.3,21.3,21.3,21.3,21.3,21.3
21.3,21.3,21.3,21.3,21.3,21.3,21.3,21.3
21.3,21.3,21.3,21.3,21.3,21.3,21.3,21.3
11.1,11.1,11.1,11.1,11.1,11.1,11.1,11.1
11.1,11.1,11.1,11.1,11.1,11.1,11.1,11.1
11.1,11.1,11.1,11.1,11.1,11.1,11.1,11.1
11.1,11.1,11.1,11.1,11.1,11.1,11.1,11.1
3.4,3.4,3.4,3.4,3.4,3.4,3.4,3.4
3.4,3.4,3.4,3.4,3.4,3.4,3.4,3.4
3.4,3.4,3.4,3.4,3.4,3.4,3.4,3.4
3.4,3.4,3.4,3.4,3.4,3.4,3.4,3.4
0.0,0.0,0.0,0.0,0.0,0.0,0.0,0.0
0.0,0.0,0.0,0.0,0.0,0.0,0.0,0.0
0.0,0.0,0.0,0.0,0.0,0.0,0.0,0.0
0.0,0.0,0.0,0.0,0.0,0.0,0.0,0.0
0.0,0.0,0.0,0.0,0.0,0.0,0.0,0.0
0.0,0.0,0.0,0.0,0.0,0.0,0.0,0.0
0.0,0.0,0.0,0.0,0.0,0.0,0.0,0.0
0.0,0.0,0.0,0.0,0.0,0.0,0.0,0.0
0.0,0.0,0.0,0.0,0.0,0.0,0.0,0.0
0.0,0.0,0.0,0.0,0.0,0.0,0.0,0.0
0.0,0.0,0.0,0.0,0.0,0.0,0.0,0.0
0.0,0.0,0.0,0.0,0.0,0.0,0.0,0.0
0.0,0.0,0.0,0.0,0.0,0.0,0.0,0.0
0.0,0.0,0.0,0.0,0.0,0.0,0.0,0.0
0.0,0.0,0.0,0.0,0.0,0.0,0.0,0.0
0.0,0.0,0.0,0.0,0.0,0.0,0.0,0.0
0.0,0.0,0.0,0.0,0.0,0.0,0.0,0.0
0.0,0.0,0.0,0.0,0.0,0.0,0.0,0.0
0.0,0.0,0.0,0.0,0.0,0.0,0.0,0.0
0.0,0.0,0.0,0.0,0.0,0.0,0.0,0.0
0.0,0.0,0.0,0.0,0.0,0.0,0.0,0.0
0.0,0.0,0.0,0.0,0.0,0.0,0.0,0.0
0.0,0.0,0.0,0.0,0.0,0.0,0.0,0.0
0.0,0.0,0.0,0.0,0.0,0.0,0.0,0.0
0.0,0.0,0.0,0.0,0.0,0.0,0.0,0.0
0.0,0.0,0.0,0.0,0.0,0.0,0.0,0.0
0.0,0.0,0.0,0.0,0.0,0.0,0.0,0.0
0.0,0.0,0.0,0.0,0.0,0.0,0.0,0.0
0.0,0.0,0.0,0.0,0.0,0.0,0.0,0.0
0.0,0.0,0.0,0.0,0.0,0.0,0.0,0.0
0.0,0.0,0.0,0.0,0.0,0.0,0.0,0.0
0.0,0.0,0.0,0.0,0.0,0.0,0.0,0.0
0.0,0.0,0.0,0.0,0.0,0.0,0.0,0.0
0.0,0.0,0.0,0.0,0.0,0.0,0.0,0.0
0.0,0.0,0.0,0.0,0.0,0.0,0.0,0.0
0.0,0.0,0.0,0.0,0.0,0.0,0.0,0.0
0.0,0.0,0.0,0.0,0.0,0.0,0.0,0.0
0.0,0.0,0.0,0.0,0.0,0.0,0.0,0.0
0.0,0.0,0.0,0.0,0.0,0.0,0.0,0.0
0.0,0.0,0.0,0.0,0.0,0.0,0.0,0.0
0.0,0.0,0.0,0.0,0.0,0.0,0.0,0.0
0.0,0.0,0.0,0.0,0.0,0.0,0.0,0.0
0.0,0.0,0.0,0.0,0.0,0.0,0.0,0.0
0.0,0.0,0.0,0.0,0.0,0.0,0.0,0.0
0.0,0.0,0.0,0.0,0.0,0.0,0.0,0.0
0.0,0.0,0.0,0.0,0.0,0.0,0.0,0.0
0.0,0.0,0.0,0.0,0.0,0.0,0.0,0.0
0.0,0.0,0.0,0.0,0.0,0.0,0.0,0.0
30.4,30.4,30.4,30.4,30.4,30.4,30.4,30.4
30.4,30.4,30.4,30.4,30.4,30.4,30.4,30.4
30.4,30.4,30.4,30.4,30.4,30.4,30.4,30.4
30.4,30.4,30.4,30.4,30.4,30.4,30.4,30.4
0.0,0.0,0.0,0.0,0.0,0.0,0.0,0.0
0.0,0.0,0.0,0.0,0.0,0.0,0.0,0.0
0.0,0.0,0.0,0.0,0.0,0.0,0.0,0.0
0.0,0.0,0.0,0.0,0.0,0.0,0.0,0.0
78.3,58.4,398.4,57.0,86.8,135.8,113.1,134.5
78.3,58.4,452.0,57.0,86.8,81.8,113.1,134.8
78.3,58.4,519.3,57.0,86.8,81.8,113.1,67.6
78.3,58.4,519.3,57.0,86.8,81.8,113.1,67.6
80.1,60.0,1248.3,58.7,90.0,83.4,115.8,69.8
80.1,60.0,1248.3,58.7,90.0,83.4,115.8,69.8
80.1,60.0,1248.3,58.7,90.0,83.4,115.8,69.8
80.1,60.0,160.3,58.7,90.0,83.4,115.8,69.8
373.9,61.0,163.0,59.8,92.1,84.4,117.7,71.2
373.9,61.0,163.0,59.8,92.1,84.4,117.7,71.2
373.9,61.0,163.0,59.8,92.1,84.4,117.7,71.2
373.9,61.0,163.0,59.8,92.1,84.4,117.7,71.2
377.1,63.5,169.6,62.7,270.3,114.8,122.2,74.8
377.1,63.5,169.6,62.7,270.3,114.8,122.2,74.8
377.1,63.5,169.6,62.7,97.4,86.9,122.2,74.8
84.5,63.5,169.6,62.7,97.4,86.9,122.2,74.8
421.7,65.0,173.6,64.4,100.6,88.5,125.0,77.0
421.7,65.0,173.6,64.4,100.6,88.5,125.0,77.0
86.4,221.9,173.6,64.4,100.6,88.5,6179.7,77.0
86.4,221.9,173.6,75.8,100.6,88.5,125.0,77.0
84.5,63.5,169.6,74.1,97.4,86.9,122.2,74.8
84.5,63.5,169.6,62.7,97.4,86.9,122.2,74.8
84.5,63.5,169.6,62.7,97.4,86.9,122.2,74.8
84.5,63.5,169.6,62.7,97.4,86.9,122.2,74.8
85.1,64.0,171.0,63.2,98.5,87.4,123.2,75.5
85.1,64.0,171.0,63.2,98.5,87.4,123.2,75.5
85.1,64.0,171.0,63.2,98.5,87.4,123.2,75.5
316.0,64.0,171.0,63.2,98.5,87.4,123.2,75.5
317.8,65.5,174.9,64.9,101.7,89.0,125.9,77.7
317.8,65.5,174.9,64.9,101.7,89.0,125.9,77.7
317.8,65.5,174.9,64.9,101.7,89.0,125.9,77.7
317.8,65.5,174.9,64.9,101.7,89.0,125.9,77.7
324.7,71.0,189.6,71.1,113.3,94.6,136.0,85.6
324.7,71.0,189.6,71.1,113.3,94.6,136.0,85.6
93.8,71.0,189.6,71.1,113.3,94.6,136.0,85.6
93.8,71.0,189.6,71.1,113.3,94.6,136.0,85.6
105.1,80.1,213.5,81.3,132.4,103.8,152.5,98.6
105.1,80.1,213.5,81.3,132.4,103.8,152.5,98.6
105.1,80.1,213.5,81.3,132.4,103.8,152.5,98.6
105.1,80.1,213.5,81.3,132.4,194.4,152.5,98.6
0.0,0.0,0.0,0.0,0.0,0.0,0.0,0.0
0.0,0.0,0.0,0.0,0.0,0.0,0.0,0.0
0.0,0.0,0.0,0.0,0.0,0.0,0.0,0.0
0.0,0.0,0.0,0.0,0.0,0.0,0.0,0.0
0.0,0.0,0.0,0.0,0.0,0.0,0.0,0.0
0.0,0.0,0.0,0.0,0.0,0.0,0.0,0.0
0.0,0.0,0.0,0.0,0.0,0.0,0.0,0.0
0.0,0.0,0.0,0.0,0.0,0.0,0.0,0.0
0.0,0.0,0.0,0.0,0.0,0.0,0.0,0.0
0.0,0.0,0.0,0.0,0.0,0.0,0.0,0.0
0.0,0.0,0.0,0.0,0.0,0.0,0.0,0.0
0.0,0.0,0.0,0.0,0.0,0.0,0.0,0.0
0.0,0.0,0.0,0.0,0.0,0.0,0.0,0.0
0.0,0.0,0.0,0.0,0.0,0.0,0.0,0.0
0.0,0.0,0.0,0.0,0.0,0.0,0.0,0.0
0.0,0.0,0.0,0.0,0.0,0.0,0.0,0.0
0.0,0.0,0.0,0.0,0.0,0.0,0.0,0.0
0.0,0.0,0.0,0.0,0.0,0.0,0.0,0.0
0.0,0.0,0.0,0.0,0.0,0.0,0.0,0.0
0.0,0.0,0.0,0.0,0.0,0.0,0.0,0.0
0.0,0.0,0.0,0.0,0.0,0.0,0.0,0.0
0.0,0.0,0.0,0.0,0.0,0.0,0.0,0.0
0.0,0.0,0.0,0.0,0.0,0.0,0.0,0.0
0.0,0.0,0.0,0.0,0.0,0.0,0.0,0.0
0.0,0.0,0.0,0.0,0.0,0.0,0.0,0.0
0.0,0.0,0.0,0.0,0.0,0.0,0.0,0.0
0.0,0.0,0.0,0.0,0.0,0.0,0.0,0.0
0.0,0.0,0.0,0.0,0.0,0.0,0.0,0.0
0.0,0.0,0.0,0.0,0.0,0.0,0.0,0.0
0.0,0.0,0.0,0.0,0.0,0.0,0.0,0.0
0.0,0.0,0.0,0.0,0.0,0.0,0.0,0.0
0.0,0.0,0.0,0.0,0.0,0.0,0.0,0.0
0.0,0.0,0.0,0.0,0.0,0.0,0.0,0.0
0.0,0.0,0.0,0.0,0.0,0.0,0.0,0.0
0.0,0.0,0.0,0.0,0.0,0.0,0.0,0.0
0.0,0.0,0.0,0.0,0.0,0.0,0.0,0.0
0.0,0.0,0.0,0.0,0.0,0.0,0.0,0.0
0.0,0.0,0.0,0.0,0.0,0.0,0.0,0.0
0.0,0.0,0.0,0.0,0.0,0.0,0.0,0.0
0.0,0.0,0.0,0.0,0.0,0.0,0.0,0.0
0.0,0.0,0.0,0.0,0.0,0.0,0.0,0.0
0.0,0.0,0.0,0.0,0.0,0.0,0.0,0.0
0.0,0.0,0.0,0.0,0.0,0.0,0.0,0.0
0.0,0.0,0.0,0.0,0.0,0.0,0.0,0.0
0.0,0.0,0.0,0.0,0.0,0.0,0.0,0.0
0.0,0.0,0.0,0.0,0.0,0.0,0.0,0.0
0.0,0.0,0.0,0.0,0.0,0.0,0.0,0.0
0.0,0.0,0.0,0.0,0.0,0.0,0.0,0.0
6.1,6.1,6.1,6.1,6.1,6.1,6.1,6.1
6.1,6.1,6.1,6.1,6.1,6.1,6.1,6.1
6.1,6.1,6.1,6.1,6.1,6.1,6.1,6.1
6.1,6.1,6.1,6.1,6.1,6.1,6.1,6.1
15.5,15.5,15.5,15.5,15.5,15.5,15.5,15.5
15.5,15.5,15.5,15.5,15.5,15.5,15.5,15.5
15.5,15.5,15.5,15.5,15.5,15.5,15.5,15.5
15.5,15.5,15.5,15.5,15.5,15.5,15.5,15.5
26.7,26.7,26.7,26.7,26.7,26.7,26.7,26.7
26.7,26.7,26.7,26.7,26.7,26.7,26.7,26.7
26.7,26.7,26.7,26.7,26.7,26.7,26.7,26.7
26.7,26.7,26.7,26.7,26.7,26.7,26.7,26.7
80.1,60.0,160.3,58.7,90.0,83.4,115.8,69.8
80.1,60.0,160.3,58.7,90.0,83.4,115.8,69.8
80.1,60.0,160.3,58.7,90.0,83.4,115.8,69.8
80.1,60.0,160.3,58.7,90.0,83.4,115.8,69.8
81.4,61.0,163.0,59.8,92.1,84.4,117.7,71.2
81.4,61.0,163.0,59.8,92.1,84.4,117.7,71.2
81.4,61.0,163.0,59.8,92.1,84.4,117.7,71.2
81.4,61.0,163.0,59.8,92.1,140.1,117.7,71.2
84.5,63.5,169.6,62.7,97.4,86.9,122.2,74.8
84.5,63.5,169.6,62.7,97.4,86.9,122.2,74.8
84.5,63.5,169.6,62.7,97.4,86.9,122.2,74.8
84.5,63.5,169.6,70.3,97.4,86.9,122.2,74.8
86.4,127.9,129.5,72.0,99.5,88.5,109.6,77.0
86.4,127.9,129.5,72.0,99.5,88.5,109.6,77.0
151.5,104.5,104.8,64.4,98.9,88.5,100.9,77.0
86.4,65.0,173.6,64.4,100.6,88.5,125.0,77.0
84.5,63.5,194.6,62.7,97.4,86.9,122.2,74.8
84.5,63.5,194.6,62.7,97.4,86.9,122.2,74.8
84.5,332.3,153.2,62.7,97.4,86.9,122.2,74.8
84.5,332.3,153.2,62.7,97.4,86.9,122.2,74.8
85.1,460.0,171.0,63.2,98.5,87.4,123.2,75.5
85.1,460.0,171.0,63.2,98.5,87.4,123.2,75.5
85.1,460.0,171.0,63.2,98.5,87.4,123.2,75.5
85.1,460.0,171.0,63.2,98.5,87.4,123.2,75.5
87.0,461.5,174.9,64.9,101.7,89.0,125.9,77.7
87.0,461.5,174.9,64.9,101.7,89.0,125.9,77.7
87.0,461.5,174.9,64.9,101.7,89.0,125.9,77.7
87.0,461.5,174.9,64.9,101.7,89.0,125.9,77.7
93.8,71.0,189.6,71.1,113.3,94.6,136.0,85.6
93.8,71.0,189.6,71.1,113.3,94.6,136.0,85.6
93.8,71.0,189.6,71.1,113.3,94.6,136.0,85.6
93.8,71.0,189.6,71.1,113.3,94.6,136.0,85.6
3.5,3.5,3.5,3.5,3.5,3.5,3.5,3.5
3.5,3.5,3.5,3.5,3.5,3.5,3.5,3.5
3.5,3.5,3.5,3.5,3.5,3.5,3.5,3.5
3.5,3.5,3.5,3.5,3.5,3.5,3.5,3.5
0.0,0.0,0.0,0.0,0.0,0.0,0.0,0.0
0.0,0.0,0.0,0.0,0.0,0.0,0.0,0.0
0.0,0.0,0.0,0.0,0.0,0.0,0.0,0.0
0.0,0.0,0.0,0.0,0.0,0.0,0.0,0.0
0.0,0.0,0.0,0.0,0.0,0.0,0.0,0.0
0.0,0.0,0.0,0.0,0.0,0.0,0.0,0.0
0.0,0.0,0.0,0.0,0.0,0.0,0.0,0.0
0.0,0.0,0.0,0.0,0.0,0.0,0.0,0.0
0.0,0.0,0.0,0.0,0.0,0.0,0.0,0.0
0.0,0.0,0.0,0.0,0.0,0.0,0.0,0.0
0.0,0.0,0.0,0.0,0.0,0.0,0.0,0.0
0.0,0.0,0.0,0.0,0.0,0.0,0.0,0.0
0.0,0.0,0.0,0.0,0.0,0.0,0.0,0.0
0.0,0.0,0.0,0.0,0.0,0.0,0.0,0.0
0.0,0.0,0.0,0.0,0.0,0.0,0.0,0.0
0.0,0.0,0.0,0.0,0.0,0.0,0.0,0.0
0.0,0.0,0.0,0.0,0.0,0.0,0.0,0.0
0.0,0.0,0.0,0.0,0.0,0.0,0.0,0.0
0.0,0.0,0.0,0.0,0.0,0.0,0.0,0.0
0.0,0.0,0.0,0.0,0.0,0.0,0.0,0.0
0.0,0.0,0.0,0.0,0.0,0.0,0.0,0.0
0.0,0.0,0.0,0.0,0.0,0.0,0.0,0.0
0.0,0.0,0.0,0.0,0.0,0.0,0.0,0.0
0.0,0.0,0.0,0.0,0.0,0.0,0.0,0.0
0.0,0.0,0.0,0.0,0.0,0.0,0.0,0.0
0.0,0.0,0.0,0.0,0.0,0.0,0.0,0.0
0.0,0.0,0.0,0.0,0.0,0.0,0.0,0.0
0.0,0.0,0.0,0.0,0.0,0.0,0.0,0.0
0.0,0.0,0.0,0.0,0.0,0.0,0.0,0.0
0.0,0.0,0.0,0.0,0.0,0.0,0.0,0.0
0.0,0.0,0.0,0.0,0.0,0.0,0.0,0.0
0.0,0.0,0.0,0.0,0.0,0.0,0.0,0.0
0.0,0.0,0.0,0.0,0.0,0.0,0.0,0.0
0.0,0.0,0.0,0.0,0.0,0.0,0.0,0.0
0.0,0.0,0.0,0.0,0.0,0.0,0.0,0.0
0.0,0.0,0.0,0.0,0.0,0.0,0.0,0.0
0.0,0.0,0.0,0.0,0.0,0.0,0.0,0.0
0.0,0.0,0.0,0.0,0.0,0.0,0.0,0.0
0.0,0.0,0.0,0.0,0.0,0.0,0.0,0.0
0.0,0.0,0.0,0.0,0.0,0.0,0.0,0.0
0.0,0.0,0.0,0.0,0.0,0.0,0.0,0.0
0.0,0.0,0.0,0.0,0.0,0.0,0.0,0.0
0.0,0.0,0.0,0.0,0.0,0.0,0.0,0.0
0.0,0.0,0.0,0.0,0.0,0.0,0.0,0.0
0.0,0.0,0.0,0.0,0.0,0.0,0.0,0.0
0.0,0.0,0.0,0.0,0.0,0.0,0.0,0.0
0.0,0.0,0.0,0.0,0.0,0.0,0.0,0.0
0.0,0.0,0.0,0.0,0.0,0.0,0.0,0.0
6.1,6.1,6.1,6.1,6.1,6.1,6.1,6.1
6.1,6.1,6.1,6.1,6.1,6.1,6.1,6.1
6.1,6.1,6.1,6.1,6.1,6.1,6.1,6.1
6.1,6.1,6.1,6.1,6.1,6.1,6.1,6.1
15.5,15.5,15.5,15.5,15.5,15.5,15.5,15.5
15.5,15.5,15.5,15.5,15.5,15.5,15.5,15.5
15.5,15.5,15.5,15.5,15.5,15.5,15.5,15.5
15.5,15.5,15.5,15.5,15.5,15.5,15.5,15.5
41.2,41.2,41.2,41.2,41.2,41.2,41.2,41.2
41.2,41.2,41.2,41.2,41.2,41.2,41.2,41.2
41.2,41.2,41.2,41.2,41.2,41.2,41.2,41.2
41.2,41.2,41.2,41.2,41.2,41.2,41.2,41.2
80.1,60.0,160.3,58.7,90.0,83.4,115.8,69.8
80.1,60.0,160.3,58.7,90.0,83.4,115.8,69.8
80.1,60.0,160.3,58.7,90.0,83.4,115.8,69.8
80.1,60.0,160.3,58.7,90.0,83.4,115.8,69.8
81.4,61.0,163.0,59.8,92.1,84.4,117.7,71.2
81.4,61.0,163.0,59.8,92.1,84.4,117.7,71.2
81.4,61.0,163.0,59.8,437.8,84.4,117.7,71.2
81.4,61.0,163.0,59.8,92.1,84.4,117.7,71.2
84.5,63.5,169.6,62.7,97.4,86.9,122.2,74.8
84.5,63.5,169.6,62.7,97.4,86.9,122.2,74.8
84.5,63.5,169.6,62.7,97.4,86.9,122.2,74.8
84.5,63.5,169.6,70.3,97.4,86.9,122.2,74.8
86.4,65.0,173.6,72.0,100.6,88.5,2166.6,77.0
86.4,65.0,173.6,72.0,100.6,88.5,125.0,77.0
86.4,65.0,173.6,64.4,100.6,88.5,125.0,77.0
86.4,65.0,173.6,64.4,100.6,88.5,125.0,77.0
84.5,63.5,169.6,62.7,97.4,86.9,122.2,74.8
84.5,63.5,169.6,62.7,97.4,86.9,122.2,74.8
84.5,63.5,169.6,62.7,97.4,86.9,122.2,74.8
84.5,63.5,169.6,62.7,97.4,86.9,122.2,74.8
85.1,64.0,171.0,63.2,98.5,87.4,123.2,75.5
85.1,64.0,171.0,63.2,98.5,87.4,123.2,75.5
85.1,64.0,171.0,63.2,98.5,87.4,123.2,75.5
85.1,64.0,171.0,63.2,98.5,87.4,123.2,75.5
87.0,65.5,174.9,64.9,101.7,89.0,125.9,77.7
87.0,65.5,174.9,64.9,101.7,89.0,125.9,77.7
87.0,65.5,174.9,64.9,101.7,89.0,125.9,77.7
87.0,65.5,174.9,64.9,101.7,89.0,125.9,77.7
93.8,71.0,189.6,71.1,113.3,94.6,136.0,85.6
93.8,71.0,189.6,71.1,113.3,94.6,136.0,85.6
93.8,71.0,189.6,71.1,113.3,94.6,136.0,85.6
93.8,71.0,189.6,71.1,113.3,94.6,136.0,85.6
105.1,80.1,213.5,81.3,533.7,103.8,152.5,98.6
105.1,80.1,213.5,624.8,417.0,103.8,152.5,98.6
105.1,80.1,213.5,524.6,368.8,252.1,152.5,98.6
105.1,80.1,317.9,458.2,336.9,246.0,152.5,98.6
0.0,0.0,0.0,0.0,0.0,0.0,0.0,0.0
0.0,0.0,0.0,0.0,0.0,0.0,0.0,0.0
0.0,0.0,0.0,0.0,0.0,0.0,0.0,0.0
0.0,0.0,0.0,0.0,0.0,0.0,0.0,0.0
0.0,0.0,0.0,0.0,0.0,0.0,0.0,0.0
0.0,0.0,0.0,0.0,0.0,0.0,0.0,0.0
0.0,0.0,0.0,0.0,0.0,0.0,0.0,0.0
0.0,0.0,0.0,0.0,0.0,0.0,0.0,0.0
0.0,0.0,0.0,0.0,0.0,0.0,0.0,0.0
0.0,0.0,0.0,0.0,0.0,0.0,0.0,0.0
0.0,0.0,0.0,0.0,0.0,0.0,0.0,0.0
0.0,0.0,0.0,0.0,0.0,0.0,0.0,0.0
0.0,0.0,0.0,0.0,0.0,0.0,0.0,0.0
0.0,0.0,0.0,0.0,0.0,0.0,0.0,0.0
0.0,0.0,0.0,0.0,0.0,0.0,0.0,0.0
0.0,0.0,0.0,0.0,0.0,0.0,0.0,0.0
0.0,0.0,0.0,0.0,0.0,0.0,0.0,0.0
0.0,0.0,0.0,0.0,0.0,0.0,0.0,0.0
0.0,0.0,0.0,0.0,0.0,0.0,0.0,0.0
0.0,0.0,0.0,0.0,0.0,0.0,0.0,0.0
0.0,0.0,0.0,0.0,0.0,0.0,0.0,0.0
0.0,0.0,0.0,0.0,0.0,0.0,0.0,0.0
0.0,0.0,0.0,0.0,0.0,0.0,0.0,0.0
0.0,0.0,0.0,0.0,0.0,0.0,0.0,0.0
0.0,0.0,0.0,0.0,0.0,0.0,0.0,0.0
0.0,0.0,0.0,0.0,0.0,0.0,0.0,0.0
0.0,0.0,0.0,0.0,0.0,0.0,0.0,0.0
0.0,0.0,0.0,0.0,0.0,0.0,0.0,0.0
0.0,0.0,0.0,0.0,0.0,0.0,0.0,0.0
0.0,0.0,0.0,0.0,0.0,0.0,0.0,0.0
0.0,0.0,0.0,0.0,0.0,0.0,0.0,0.0
0.0,0.0,0.0,0.0,0.0,0.0,0.0,0.0
0.0,0.0,0.0,0.0,0.0,0.0,0.0,0.0
0.0,0.0,0.0,0.0,0.0,0.0,0.0,0.0
0.0,0.0,0.0,0.0,0.0,0.0,0.0,0.0
0.0,0.0,0.0,0.0,0.0,0.0,0.0,0.0
0.0,0.0,0.0,0.0,0.0,0.0,0.0,0.0
0.0,0.0,0.0,0.0,0.0,0.0,0.0,0.0
0.0,0.0,0.0,0.0,0.0,0.0,0.0,0.0
0.0,0.0,0.0,0.0,0.0,0.0,0.0,0.0
0.0,0.0,0.0,0.0,0.0,0.0,0.0,0.0
0.0,0.0,0.0,0.0,0.0,0.0,0.0,0.0
0.0,0.0,0.0,0.0,0.0,0.0,0.0,0.0
0.0,0.0,0.0,0.0,0.0,0.0,0.0,0.0
0.0,0.0,0.0,0.0,0.0,0.0,0.0,0.0
0.0,0.0,0.0,0.0,0.0,0.0,0.0,0.0
0.0,0.0,0.0,0.0,0.0,0.0,0.0,0.0
0.0,0.0,0.0,0.0,0.0,0.0,0.0,0.0
6.1,6.1,6.1,6.1,6.1,6.1,6.1,6.1
6.1,6.1,6.1,6.1,6.1,6.1,6.1,6.1
6.1,6.1,6.1,6.1,6.1,6.1,6.1,6.1
6.1,6.1,6.1,6.1,6.1,6.1,6.1,6.1
16.4,16.4,16.4,16.4,16.4,16.4,16.4,16.4
16.4,16.4,16.4,16.4,16.4,16.4,16.4,16.4
16.4,16.4,16.4,16.4,16.4,16.4,16.4,16.4
16.4,16.4,16.4,16.4,16.4,16.4,16.4,16.4
28.3,28.3,28.3,28.3,28.3,28.3,28.3,28.3
28.3,28.3,28.3,28.3,28.3,28.3,28.3,28.3
28.3,28.3,28.3,28.3,28.3,28.3,28.3,28.3
28.3,28.3,28.3,28.3,28.3,28.3,28.3,28.3
80.1,60.0,160.3,58.7,90.0,83.4,115.8,69.8
80.1,60.0,160.3,58.7,90.0,83.4,115.8,69.8
80.1,60.0,160.3,58.7,90.0,83.4,115.8,69.8
80.1,60.0,160.3,58.7,90.0,83.4,115.8,69.8
81.4,61.0,163.0,59.8,92.1,84.4,117.7,71.2
81.4,61.0,163.0,59.8,92.1,84.4,117.7,71.2
81.4,61.0,163.0,59.8,92.1,84.4,117.7,71.2
81.4,61.0,163.0,59.8,92.1,84.4,117.7,71.2
84.5,63.5,139.9,62.7,93.0,86.9,105.0,74.8
84.5,119.3,100.0,62.7,89.7,86.9,92.3,74.8
140.6,63.5,89.1,62.7,88.8,86.9,88.9,89.7
84.5,63.5,135.8,62.7,93.8,86.9,108.2,74.8
76.6,65.0,81.3,76.6,77.3,76.7,78.7,76.1
77.2,65.0,87.4,64.4,78.9,77.5,81.7,76.1
76.4,65.0,79.4,64.4,76.9,76.5,93.7,76.1
76.7,65.0,82.1,64.4,88.2,76.8,79.1,76.1
82.9,63.5,107.3,62.7,100.9,83.1,86.6,74.8
83.0,63.5,120.9,62.7,84.9,83.4,88.7,74.8
83.0,63.5,120.9,62.7,84.9,83.4,88.7,74.8
83.0,63.5,120.9,62.7,84.9,83.4,88.7,74.8
85.1,64.0,171.0,63.2,98.5,87.4,123.2,75.5
85.1,64.0,171.0,63.2,98.5,87.4,123.2,75.5
85.1,64.0,171.0,63.2,98.5,87.4,123.2,75.5
85.1,64.0,171.0,63.2,98.5,87.4,123.2,75.5
87.0,65.5,174.9,64.9,101.7,89.0,125.9,77.7
87.0,65.5,174.9,64.9,101.7,89.0,125.9,77.7
87.0,65.5,174.9,64.9,101.7,89.0,125.9,77.7
87.0,65.5,174.9,64.9,101.7,89.0,125.9,77.7
93.8,71.0,189.6,71.1,113.3,94.6,136.0,85.6
93.8,71.0,189.6,71.1,113.3,94.6,136.0,85.6
93.8,71.0,189.6,71.1,113.3,94.6,136.0,85.6
93.8,71.0,189.6,71.1,113.3,94.6,136.0,85.6
105.1,80.1,213.5,624.7,747.0,103.8,152.5,98.6
105.1,80.1,448.9,524.1,612.2,103.8,152.5,98.6
105.1,80.1,213.5,416.4,467.7,103.8,152.5,586.3
105.1,80.1,213.5,416.4,467.7,103.8,152.5,586.3
0.0,0.0,0.0,0.0,0.0,0.0,0.0,0.0
0.0,0.0,0.0,0.0,0.0,0.0,0.0,0.0
0.0,0.0,0.0,0.0,0.0,0.0,0.0,0.0
0.0,0.0,0.0,0.0,0.0,0.0,0.0,0.0
0.0,0.0,0.0,0.0,0.0,0.0,0.0,0.0
0.0,0.0,0.0,0.0,0.0,0.0,0.0,0.0
0.0,0.0,0.0,0.0,0.0,0.0,0.0,0.0
0.0,0.0,0.0,0.0,0.0,0.0,0.0,0.0
0.0,0.0,0.0,0.0,0.0,0.0,0.0,0.0
0.0,0.0,0.0,0.0,0.0,0.0,0.0,0.0
0.0,0.0,0.0,0.0,0.0,0.0,0.0,0.0
0.0,0.0,0.0,0.0,0.0,0.0,0.0,0.0
0.0,0.0,0.0,0.0,0.0,0.0,0.0,0.0
0.0,0.0,0.0,0.0,0.0,0.0,0.0,0.0
0.0,0.0,0.0,0.0,0.0,0.0,0.0,0.0
0.0,0.0,0.0,0.0,0.0,0.0,0.0,0.0
0.0,0.0,0.0,0.0,0.0,0.0,0.0,0.0
0.0,0.0,0.0,0.0,0.0,0.0,0.0,0.0
0.0,0.0,0.0,0.0,0.0,0.0,0.0,0.0
0.0,0.0,0.0,0.0,0.0,0.0,0.0,0.0
0.0,0.0,0.0,0.0,0.0,0.0,0.0,0.0
0.0,0.0,0.0,0.0,0.0,0.0,0.0,0.0
0.0,0.0,0.0,0.0,0.0,0.0,0.0,0.0
0.0,0.0,0.0,0.0,0.0,0.0,0.0,0.0
0.0,0.0,0.0,0.0,0.0,0.0,0.0,0.0
0.0,0.0,0.0,0.0,0.0,0.0,0.0,0.0
0.0,0.0,0.0,0.0,0.0,0.0,0.0,0.0
0.0,0.0,0.0,0.0,0.0,0.0,0.0,0.0
0.0,0.0,0.0,0.0,0.0,0.0,0.0,0.0
0.0,0.0,0.0,0.0,0.0,0.0,0.0,0.0
0.0,0.0,0.0,0.0,0.0,0.0,0.0,0.0
0.0,0.0,0.0,0.0,0.0,0.0,0.0,0.0
0.0,0.0,0.0,0.0,0.0,0.0,0.0,0.0
0.0,0.0,0.0,0.0,0.0,0.0,0.0,0.0
0.0,0.0,0.0,0.0,0.0,0.0,0.0,0.0
0.0,0.0,0.0,0.0,0.0,0.0,0.0,0.0
0.0,0.0,0.0,0.0,0.0,0.0,0.0,0.0
0.0,0.0,0.0,0.0,0.0,0.0,0.0,0.0
0.0,0.0,0.0,0.0,0.0,0.0,0.0,0.0
0.0,0.0,0.0,0.0,0.0,0.0,0.0,0.0
0.0,0.0,0.0,0.0,0.0,0.0,0.0,0.0
0.0,0.0,0.0,0.0,0.0,0.0,0.0,0.0
0.0,0.0,0.0,0.0,0.0,0.0,0.0,0.0
0.0,0.0,0.0,0.0,0.0,0.0,0.0,0.0
0.0,0.0,0.0,0.0,0.0,0.0,0.0,0.0
0.0,0.0,0.0,0.0,0.0,0.0,0.0,0.0
0.0,0.0,0.0,0.0,0.0,0.0,0.0,0.0
0.0,0.0,0.0,0.0,0.0,0.0,0.0,0.0
6.9,6.9,6.9,6.9,6.9,6.9,6.9,6.9
6.9,6.9,6.9,6.9,6.9,6.9,6.9,6.9
6.9,6.9,6.9,6.9,6.9,6.9,6.9,6.9
6.9,6.9,6.9,6.9,6.9,6.9,6.9,6.9
11.2,11.2,11.2,11.2,11.2,11.2,11.2,11.2
11.2,11.2,11.2,11.2,11.2,11.2,11.2,11.2
11.2,11.2,11.2,11.2,11.2,11.2,11.2,11.2
11.2,11.2,11.2,11.2,11.2,11.2,11.2,11.2
28.2,28.2,28.2,28.2,28.2,28.2,28.2,28.2
28.2,28.2,28.2,28.2,28.2,28.2,28.2,28.2
28.2,28.2,28.2,28.2,28.2,28.2,28.2,28.2
28.2,28.2,28.2,28.2,28.2,28.2,28.2,28.2
39.1,39.1,39.1,39.1,39.1,39.1,39.1,39.1
39.1,39.1,39.1,39.1,39.1,39.1,39.1,39.1
39.1,39.1,39.1,39.1,39.1,39.1,39.1,39.1
39.1,39.1,39.1,39.1,39.1,39.1,39.1,39.1
81.4,61.0,126.1,59.8,92.1,84.4,108.7,210.8
81.4,61.0,126.1,59.8,92.1,84.4,108.7,210.8
81.4,61.0,115.5,59.8,92.1,84.4,181.7,148.4
143.5,61.0,118.4,59.8,92.1,84.4,106.0,159.1
108.3,63.5,98.6,62.7,100.7,86.9,93.6,114.5
108.7,63.5,97.4,62.7,100.9,86.9,93.6,115.0
84.5,63.5,119.3,62.7,134.8,86.9,102.3,74.8
84.5,130.5,101.9,62.7,92.0,86.9,95.4,74.8
86.4,65.0,173.6,64.4,100.6,144.1,125.0,77.0
86.4,65.0,173.6,64.4,100.6,88.5,125.0,77.0
86.4,65.0,173.6,64.4,100.6,88.5,125.0,77.0
86.4,65.0,173.6,64.4,100.6,88.5,125.0,77.0
84.5,63.5,169.6,62.7,97.4,86.9,122.2,74.8
84.5,63.5,169.6,62.7,97.4,86.9,122.2,74.8
84.5,63.5,169.6,62.7,97.4,86.9,122.2,74.8
84.5,63.5,169.6,62.7,97.4,86.9,122.2,74.8
85.1,64.0,101.7,154.9,95.5,87.4,97.6,75.5
85.1,64.0,101.7,154.9,95.5,87.4,97.6,75.5
109.6,64.0,99.4,133.6,95.4,87.4,96.8,75.5
109.6,64.0,99.4,133.6,95.4,87.4,96.8,75.5
53.3,53.3,53.3,53.3,53.3,53.3,53.3,53.3
53.3,53.3,53.3,53.3,53.3,53.3,53.3,53.3
53.3,53.3,53.3,53.3,53.3,53.3,53.3,53.3
53.3,53.3,53.3,53.3,53.3,53.3,53.3,53.3
366.2,335.8,189.6,71.1,113.3,94.6,136.0,85.6
366.2,335.8,189.6,71.1,113.3,94.6,136.0,85.6
366.2,335.8,189.6,71.1,113.3,94.6,136.0,85.6
366.2,71.0,189.6,71.1,113.3,94.6,136.0,85.6
377.4,80.1,213.5,81.3,132.4,103.8,152.5,98.6
377.4,80.1,213.5,81.3,132.4,103.8,152.5,730.6
105.1,80.1,213.5,81.3,132.4,103.8,152.5,730.6
105.1,80.1,213.5,81.3,132.4,103.8,152.5,730.6
0.0,0.0,0.0,0.0,0.0,0.0,0.0,0.0
0.0,0.0,0.0,0.0,0.0,0.0,0.0,0.0
0.0,0.0,0.0,0.0,0.0,0.0,0.0,0.0
0.0,0.0,0.0,0.0,0.0,0.0,0.0,0.0
0.0,0.0,0.0,0.0,0.0,0.0,0.0,0.0
0.0,0.0,0.0,0.0,0.0,0.0,0.0,0.0
0.0,0.0,0.0,0.0,0.0,0.0,0.0,0.0
0.0,0.0,0.0,0.0,0.0,0.0,0.0,0.0
0.0,0.0,0.0,0.0,0.0,0.0,0.0,0.0
0.0,0.0,0.0,0.0,0.0,0.0,0.0,0.0
0.0,0.0,0.0,0.0,0.0,0.0,0.0,0.0
0.0,0.0,0.0,0.0,0.0,0.0,0.0,0.0
0.0,0.0,0.0,0.0,0.0,0.0,0.0,0.0
0.0,0.0,0.0,0.0,0.0,0.0,0.0,0.0
0.0,0.0,0.0,0.0,0.0,0.0,0.0,0.0
0.0,0.0,0.0,0.0,0.0,0.0,0.0,0.0
0.0,0.0,0.0,0.0,0.0,0.0,0.0,0.0
0.0,0.0,0.0,0.0,0.0,0.0,0.0,0.0
0.0,0.0,0.0,0.0,0.0,0.0,0.0,0.0
0.0,0.0,0.0,0.0,0.0,0.0,0.0,0.0
0.0,0.0,0.0,0.0,0.0,0.0,0.0,0.0
0.0,0.0,0.0,0.0,0.0,0.0,0.0,0.0
0.0,0.0,0.0,0.0,0.0,0.0,0.0,0.0
0.0,0.0,0.0,0.0,0.0,0.0,0.0,0.0
0.0,0.0,0.0,0.0,0.0,0.0,0.0,0.0
0.0,0.0,0.0,0.0,0.0,0.0,0.0,0.0
0.0,0.0,0.0,0.0,0.0,0.0,0.0,0.0
0.0,0.0,0.0,0.0,0.0,0.0,0.0,0.0
0.0,0.0,0.0,0.0,0.0,0.0,0.0,0.0
0.0,0.0,0.0,0.0,0.0,0.0,0.0,0.0
0.0,0.0,0.0,0.0,0.0,0.0,0.0,0.0
0.0,0.0,0.0,0.0,0.0,0.0,0.0,0.0
0.0,0.0,0.0,0.0,0.0,0.0,0.0,0.0
0.0,0.0,0.0,0.0,0.0,0.0,0.0,0.0
0.0,0.0,0.0,0.0,0.0,0.0,0.0,0.0
0.0,0.0,0.0,0.0,0.0,0.0,0.0,0.0
0.0,0.0,0.0,0.0,0.0,0.0,0.0,0.0
0.0,0.0,0.0,0.0,0.0,0.0,0.0,0.0
0.0,0.0,0.0,0.0,0.0,0.0,0.0,0.0
0.0,0.0,0.0,0.0,0.0,0.0,0.0,0.0
0.0,0.0,0.0,0.0,0.0,0.0,0.0,0.0
0.0,0.0,0.0,0.0,0.0,0.0,0.0,0.0
0.0,0.0,0.0,0.0,0.0,0.0,0.0,0.0
0.0,0.0,0.0,0.0,0.0,0.0,0.0,0.0
0.0,0.0,0.0,0.0,0.0,0.0,0.0,0.0
0.0,0.0,0.0,0.0,0.0,0.0,0.0,0.0
0.0,0.0,0.0,0.0,0.0,0.0,0.0,0.0
0.0,0.0,0.0,0.0,0.0,0.0,0.0,0.0
0.0,0.0,0.0,0.0,0.0,0.0,0.0,0.0
0.0,0.0,0.0,0.0,0.0,0.0,0.0,0.0
0.0,0.0,0.0,0.0,0.0,0.0,0.0,0.0
0.0,0.0,0.0,0.0,0.0,0.0,0.0,0.0
77.0,57.4,121.7,55.9,84.7,80.8,189.4,66.2
185.1,57.4,96.3,55.9,84.7,80.8,106.8,66.2
77.0,57.4,101.0,55.9,200.2,80.8,94.6,66.2
77.0,57.4,134.1,55.9,84.7,152.7,105.1,66.2
0.0,0.0,0.0,0.0,0.0,0.0,0.0,0.0
0.0,0.0,0.0,0.0,0.0,0.0,0.0,0.0
0.0,0.0,0.0,0.0,0.0,0.0,0.0,0.0
0.0,0.0,0.0,0.0,0.0,0.0,0.0,0.0
80.1,60.0,160.3,58.7,90.0,83.4,115.8,69.8
80.1,60.0,160.3,58.7,90.0,83.4,115.8,69.8
80.1,60.0,160.3,58.7,90.0,83.4,115.8,69.8
80.1,60.0,160.3,58.7,90.0,83.4,115.8,69.8
81.4,61.0,163.0,59.8,92.1,84.4,117.7,71.2
81.4,61.0,163.0,59.8,92.1,84.4,117.7,71.2
81.4,61.0,163.0,71.3,92.1,84.4,117.7,71.2
81.4,3357.1,163.0,71.3,92.1,84.4,117.7,71.2
84.5,3359.6,169.6,62.7,97.4,86.9,122.2,348.2
84.5,63.5,169.6,62.7,97.4,86.9,122.2,74.8
84.5,63.5,186.3,62.7,97.4,86.9,122.2,74.8
84.5,63.5,186.3,62.7,97.4,86.9,122.2,74.8
86.4,65.0,190.3,64.4,100.6,88.5,125.0,77.0
86.4,65.0,173.6,64.4,100.6,88.5,125.0,77.0
86.4,65.0,173.6,64.4,100.6,88.5,125.0,77.0
421.7,65.0,173.6,64.4,273.5,88.5,125.0,77.0
419.9,63.5,169.6,62.7,270.3,86.9,357.2,74.8
84.5,63.5,169.6,62.7,97.4,86.9,357.2,74.8
84.5,63.5,169.6,62.7,97.4,86.9,122.2,74.8
84.5,63.5,169.6,62.7,97.4,86.9,122.2,74.8
85.1,64.0,171.0,63.2,98.5,87.4,123.2,75.5
681.7,64.0,171.0,63.2,98.5,87.4,123.2,75.5
681.7,64.0,171.0,63.2,98.5,87.4,123.2,75.5
681.7,64.0,171.0,63.2,98.5,87.4,123.2,75.5
683.6,65.5,174.9,64.9,101.7,89.0,125.9,77.7
683.6,65.5,174.9,64.9,101.7,89.0,125.9,77.7
683.6,65.5,174.9,64.9,101.7,89.0,125.9,77.7
683.6,65.5,174.9,64.9,101.7,89.0,125.9,77.7
93.8,71.0,189.6,71.1,113.3,94.6,136.0,85.6
93.8,71.0,189.6,71.1,113.3,94.6,136.0,85.6
93.8,71.0,189.6,71.1,113.3,94.6,136.0,85.6
93.8,71.0,189.6,71.1,113.3,94.6,136.0,85.6
105.1,80.1,213.5,137.3,132.4,103.8,152.5,98.6
105.1,80.1,213.5,137.3,132.4,103.8,699.1,98.6
138.4,80.1,213.5,137.3,1981.6,103.8,541.6,98.6
138.4,80.1,213.5,137.3,132.4,103.8,699.1,98.6
0.0,0.0,0.0,0.0,0.0,0.0,0.0,0.0
0.0,0.0,0.0,0.0,0.0,0.0,0.0,0.0
0.0,0.0,0.0,0.0,0.0,0.0,0.0,0.0
0.0,0.0,0.0,0.0,0.0,0.0,0.0,0.0
0.0,0.0,0.0,0.0,0.0,0.0,0.0,0.0
0.0,0.0,0.0,0.0,0.0,0.0,0.0,0.0
0.0,0.0,0.0,0.0,0.0,0.0,0.0,0.0
0.0,0.0,0.0,0.0,0.0,0.0,0.0,0.0
0.0,0.0,0.0,0.0,0.0,0.0,0.0,0.0
0.0,0.0,0.0,0.0,0.0,0.0,0.0,0.0
0.0,0.0,0.0,0.0,0.0,0.0,0.0,0.0
0.0,0.0,0.0,0.0,0.0,0.0,0.0,0.0
0.0,0.0,0.0,0.0,0.0,0.0,0.0,0.0
0.0,0.0,0.0,0.0,0.0,0.0,0.0,0.0
0.0,0.0,0.0,0.0,0.0,0.0,0.0,0.0
0.0,0.0,0.0,0.0,0.0,0.0,0.0,0.0
0.0,0.0,0.0,0.0,0.0,0.0,0.0,0.0
0.0,0.0,0.0,0.0,0.0,0.0,0.0,0.0
0.0,0.0,0.0,0.0,0.0,0.0,0.0,0.0
0.0,0.0,0.0,0.0,0.0,0.0,0.0,0.0
0.0,0.0,0.0,0.0,0.0,0.0,0.0,0.0
0.0,0.0,0.0,0.0,0.0,0.0,0.0,0.0
0.0,0.0,0.0,0.0,0.0,0.0,0.0,0.0
0.0,0.0,0.0,0.0,0.0,0.0,0.0,0.0
0.0,0.0,0.0,0.0,0.0,0.0,0.0,0.0
0.0,0.0,0.0,0.0,0.0,0.0,0.0,0.0
0.0,0.0,0.0,0.0,0.0,0.0,0.0,0.0
0.0,0.0,0.0,0.0,0.0,0.0,0.0,0.0
0.0,0.0,0.0,0.0,0.0,0.0,0.0,0.0
0.0,0.0,0.0,0.0,0.0,0.0,0.0,0.0
0.0,0.0,0.0,0.0,0.0,0.0,0.0,0.0
0.0,0.0,0.0,0.0,0.0,0.0,0.0,0.0
0.0,0.0,0.0,0.0,0.0,0.0,0.0,0.0
0.0,0.0,0.0,0.0,0.0,0.0,0.0,0.0
0.0,0.0,0.0,0.0,0.0,0.0,0.0,0.0
0.0,0.0,0.0,0.0,0.0,0.0,0.0,0.0
0.0,0.0,0.0,0.0,0.0,0.0,0.0,0.0
0.0,0.0,0.0,0.0,0.0,0.0,0.0,0.0
0.0,0.0,0.0,0.0,0.0,0.0,0.0,0.0
0.0,0.0,0.0,0.0,0.0,0.0,0.0,0.0
0.0,0.0,0.0,0.0,0.0,0.0,0.0,0.0
0.0,0.0,0.0,0.0,0.0,0.0,0.0,0.0
0.0,0.0,0.0,0.0,0.0,0.0,0.0,0.0
0.0,0.0,0.0,0.0,0.0,0.0,0.0,0.0
0.0,0.0,0.0,0.0,0.0,0.0,0.0,0.0
0.0,0.0,0.0,0.0,0.0,0.0,0.0,0.0
0.0,0.0,0.0,0.0,0.0,0.0,0.0,0.0
0.0,0.0,0.0,0.0,0.0,0.0,0.0,0.0
48.2,48.2,48.2,48.2,48.2,48.2,48.2,48.2
48.2,48.2,48.2,48.2,48.2,48.2,48.2,48.2
48.2,48.2,48.2,48.2,48.2,48.2,48.2,48.2
48.2,48.2,48.2,48.2,48.2,48.2,48.2,48.2
74.4,57.4,96.4,55.9,76.6,75.5,84.2,66.2
74.4,57.4,96.4,55.9,76.6,75.5,84.2,66.2
74.4,57.4,96.4,55.9,76.6,75.5,84.2,66.2
73.5,57.4,77.7,55.9,73.9,75.7,75.4,97.1
78.3,58.4,156.3,57.0,86.8,81.8,113.1,67.6
78.3,58.4,156.3,57.0,86.8,81.8,113.1,67.6
78.3,58.4,156.3,57.0,86.8,81.8,113.1,67.6
78.3,58.4,156.3,57.0,86.8,81.8,113.1,67.6
80.1,60.0,160.3,58.7,90.0,83.4,115.8,69.8
80.1,60.0,160.3,58.7,90.0,83.4,115.8,69.8
80.1,60.0,160.3,58.7,90.0,83.4,115.8,69.8
80.1,60.0,160.3,58.7,90.0,83.4,115.8,69.8
81.4,61.0,163.0,59.8,92.1,84.4,117.7,71.2
81.4,61.0,163.0,59.8,92.1,84.4,117.7,71.2
81.4,61.0,163.0,67.5,92.1,84.4,117.7,71.2
81.4,61.0,163.0,67.5,92.1,84.4,117.7,71.2
308.1,63.5,169.6,70.3,97.4,86.9,122.2,74.8
308.1,63.5,169.6,62.7,97.4,86.9,122.2,74.8
308.1,63.5,169.6,62.7,97.4,86.9,122.2,74.8
84.5,63.5,169.6,62.7,97.4,86.9,592.1,74.8
86.4,65.0,173.6,64.4,100.6,88.5,125.0,77.0
86.4,65.0,190.3,64.4,100.6,88.5,125.0,77.0
86.4,65.0,729.8,64.4,100.6,88.5,125.0,77.0
86.4,65.0,729.8,64.4,100.6,88.5,125.0,77.0
84.5,63.5,709.1,62.7,97.4,86.9,122.2,74.8
84.5,63.5,709.1,62.7,97.4,86.9,122.2,74.8
84.5,63.5,709.1,62.7,97.4,86.9,122.2,74.8
84.5,63.5,709.1,62.7,97.4,86.9,122.2,74.8
85.1,64.0,710.5,63.2,98.5,87.4,123.2,75.5
85.1,64.0,710.5,63.2,98.5,87.4,123.2,75.5
85.1,64.0,171.0,63.2,98.5,87.4,123.2,75.5
85.1,64.0,171.0,63.2,98.5,87.4,123.2,75.5
87.0,65.5,174.9,64.9,101.7,89.0,125.9,77.7
87.0,65.5,174.9,64.9,101.7,89.0,125.9,77.7
87.0,65.5,174.9,64.9,101.7,89.0,125.9,77.7
87.0,65.5,174.9,64.9,101.7,89.0,125.9,77.7
93.8,71.0,189.6,71.1,113.3,94.6,136.0,85.6
93.8,71.0,189.6,71.1,113.3,94.6,136.0,85.6
93.8,71.0,189.6,71.1,113.3,94.6,136.0,85.6
93.8,71.0,189.6,71.1,113.3,94.6,136.0,85.6
105.1,696.7,213.5,81.3,132.4,103.8,424.8,98.6
105.1,545.5,213.5,81.3,132.4,103.8,362.1,312.6
105.1,80.1,213.5,81.3,132.4,103.8,644.5,487.6
105.1,80.1,213.5,81.3,132.4,103.8,644.5,487.6
0.0,0.0,0.0,0.0,0.0,0.0,0.0,0.0
0.0,0.0,0.0,0.0,0.0,0.0,0.0,0.0
0.0,0.0,0.0,0.0,0.0,0.0,0.0,0.0
0.0,0.0,0.0,0.0,0.0,0.0,0.0,0.0
0.0,0.0,0.0,0.0,0.0,0.0,0.0,0.0
0.0,0.0,0.0,0.0,0.0,0.0,0.0,0.0
0.0,0.0,0.0,0.0,0.0,0.0,0.0,0.0
0.0,0.0,0.0,0.0,0.0,0.0,0.0,0.0
0.0,0.0,0.0,0.0,0.0,0.0,0.0,0.0
0.0,0.0,0.0,0.0,0.0,0.0,0.0,0.0
0.0,0.0,0.0,0.0,0.0,0.0,0.0,0.0
0.0,0.0,0.0,0.0,0.0,0.0,0.0,0.0
0.0,0.0,0.0,0.0,0.0,0.0,0.0,0.0
0.0,0.0,0.0,0.0,0.0,0.0,0.0,0.0
0.0,0.0,0.0,0.0,0.0,0.0,0.0,0.0
0.0,0.0,0.0,0.0,0.0,0.0,0.0,0.0
0.0,0.0,0.0,0.0,0.0,0.0,0.0,0.0
0.0,0.0,0.0,0.0,0.0,0.0,0.0,0.0
0.0,0.0,0.0,0.0,0.0,0.0,0.0,0.0
0.0,0.0,0.0,0.0,0.0,0.0,0.0,0.0
0.0,0.0,0.0,0.0,0.0,0.0,0.0,0.0
0.0,0.0,0.0,0.0,0.0,0.0,0.0,0.0
0.0,0.0,0.0,0.0,0.0,0.0,0.0,0.0
0.0,0.0,0.0,0.0,0.0,0.0,0.0,0.0
0.0,0.0,0.0,0.0,0.0,0.0,0.0,0.0
0.0,0.0,0.0,0.0,0.0,0.0,0.0,0.0
0.0,0.0,0.0,0.0,0.0,0.0,0.0,0.0
0.0,0.0,0.0,0.0,0.0,0.0,0.0,0.0
0.0,0.0,0.0,0.0,0.0,0.0,0.0,0.0
0.0,0.0,0.0,0.0,0.0,0.0,0.0,0.0
0.0,0.0,0.0,0.0,0.0,0.0,0.0,0.0
0.0,0.0,0.0,0.0,0.0,0.0,0.0,0.0
0.0,0.0,0.0,0.0,0.0,0.0,0.0,0.0
0.0,0.0,0.0,0.0,0.0,0.0,0.0,0.0
0.0,0.0,0.0,0.0,0.0,0.0,0.0,0.0
0.0,0.0,0.0,0.0,0.0,0.0,0.0,0.0
0.0,0.0,0.0,0.0,0.0,0.0,0.0,0.0
0.0,0.0,0.0,0.0,0.0,0.0,0.0,0.0
0.0,0.0,0.0,0.0,0.0,0.0,0.0,0.0
0.0,0.0,0.0,0.0,0.0,0.0,0.0,0.0
0.0,0.0,0.0,0.0,0.0,0.0,0.0,0.0
0.0,0.0,0.0,0.0,0.0,0.0,0.0,0.0
0.0,0.0,0.0,0.0,0.0,0.0,0.0,0.0
0.0,0.0,0.0,0.0,0.0,0.0,0.0,0.0
0.0,0.0,0.0,0.0,0.0,0.0,0.0,0.0
0.0,0.0,0.0,0.0,0.0,0.0,0.0,0.0
0.0,0.0,0.0,0.0,0.0,0.0,0.0,0.0
0.0,0.0,0.0,0.0,0.0,0.0,0.0,0.0
7.8,7.8,7.8,7.8,7.8,7.8,7.8,7.8
7.8,7.8,7.8,7.8,7.8,7.8,7.8,7.8
7.8,7.8,7.8,7.8,7.8,7.8,7.8,7.8
7.8,7.8,7.8,7.8,7.8,7.8,7.8,7.8
18.0,18.0,18.0,18.0,18.0,18.0,18.0,18.0
18.0,18.0,18.0,18.0,18.0,18.0,18.0,18.0
18.0,18.0,18.0,18.0,18.0,18.0,18.0,18.0
18.0,18.0,18.0,18.0,18.0,18.0,18.0,18.0
29.9,29.9,29.9,29.9,29.9,29.9,29.9,29.9
29.9,29.9,29.9,29.9,29.9,29.9,29.9,29.9
29.9,29.9,29.9,29.9,29.9,29.9,29.9,29.9
29.9,29.9,29.9,29.9,29.9,29.9,29.9,29.9
40.0,40.0,40.0,40.0,40.0,40.0,40.0,40.0
40.0,40.0,40.0,40.0,40.0,40.0,40.0,40.0
40.0,40.0,40.0,40.0,40.0,40.0,40.0,40.0
40.0,40.0,40.0,40.0,40.0,40.0,40.0,40.0
1174.8,64.7,173.1,62.8,95.0,91.2,125.3,74.3
1174.8,64.7,173.1,62.8,95.0,91.2,125.3,74.3
1174.8,64.7,173.1,62.8,95.0,91.2,125.3,74.3
1174.8,64.7,173.1,62.8,95.0,91.2,125.3,211.0
1177.9,67.2,229.6,65.7,100.3,93.8,129.9,214.7
1177.9,67.2,179.7,73.3,100.3,93.8,129.9,77.9
1177.9,67.2,179.7,73.3,100.3,678.4,129.9,77.9
1177.9,67.2,179.7,73.3,100.3,678.4,129.9,77.9
1179.8,68.7,183.7,67.4,103.5,95.3,132.7,80.1
1273.2,382.6,183.7,67.4,103.5,95.3,875.4,80.1
1475.3,68.7,183.7,67.4,103.5,95.3,987.2,80.1
1387.0,68.7,183.7,67.4,103.5,95.3,1075.6,80.1
89.9,67.2,179.7,65.7,2520.4,93.8,129.9,77.9
89.9,67.2,179.7,65.7,2520.4,93.8,129.9,77.9
89.9,67.2,179.7,65.7,2520.4,93.8,129.9,77.9
89.9,67.2,179.7,65.7,100.3,93.8,129.9,77.9
90.5,67.7,181.0,66.2,101.4,94.3,130.8,78.7
90.5,67.7,181.0,66.2,101.4,94.3,130.8,78.7
90.5,67.7,181.0,66.2,101.4,94.3,130.8,78.7
90.5,67.7,181.0,66.2,101.4,94.3,130.8,78.7
92.4,69.2,185.0,67.9,104.5,95.8,133.6,80.8
92.4,69.2,185.0,67.9,104.5,95.8,133.6,80.8
92.4,69.2,185.0,67.9,104.5,95.8,133.6,80.8
92.4,69.2,185.0,67.9,104.5,95.8,133.6,80.8
99.2,74.7,199.6,74.1,116.2,101.4,143.7,88.8
99.2,74.7,199.6,74.1,116.2,101.4,401.7,88.8
99.2,74.7,199.6,74.1,116.2,101.4,401.7,88.8
99.2,74.7,199.6,74.1,116.2,101.4,401.7,88.8
110.5,83.8,223.6,84.3,135.3,110.6,418.1,101.7
110.5,83.8,223.6,84.3,135.3,110.6,160.1,101.7
110.5,83.8,223.6,84.3,135.3,110.6,160.1,101.7
110.5,83.8,223.6,84.3,135.3,110.6,160.1,101.7
0.0,0.0,0.0,0.0,0.0,0.0,0.0,0.0
0.0,0.0,0.0,0.0,0.0,0.0,0.0,0.0
0.0,0.0,0.0,0.0,0.0,0.0,0.0,0.0
0.0,0.0,0.0,0.0,0.0,0.0,0.0,0.0
0.0,0.0,0.0,0.0,0.0,0.0,0.0,0.0
0.0,0.0,0.0,0.0,0.0,0.0,0.0,0.0
0.0,0.0,0.0,0.0,0.0,0.0,0.0,0.0
0.0,0.0,0.0,0.0,0.0,0.0,0.0,0.0
0.0,0.0,0.0,0.0,0.0,0.0,0.0,0.0
0.0,0.0,0.0,0.0,0.0,0.0,0.0,0.0
0.0,0.0,0.0,0.0,0.0,0.0,0.0,0.0
0.0,0.0,0.0,0.0,0.0,0.0,0.0,0.0
0.0,0.0,0.0,0.0,0.0,0.0,0.0,0.0
0.0,0.0,0.0,0.0,0.0,0.0,0.0,0.0
0.0,0.0,0.0,0.0,0.0,0.0,0.0,0.0
0.0,0.0,0.0,0.0,0.0,0.0,0.0,0.0
0.0,0.0,0.0,0.0,0.0,0.0,0.0,0.0
0.0,0.0,0.0,0.0,0.0,0.0,0.0,0.0
0.0,0.0,0.0,0.0,0.0,0.0,0.0,0.0
0.0,0.0,0.0,0.0,0.0,0.0,0.0,0.0
0.0,0.0,0.0,0.0,0.0,0.0,0.0,0.0
0.0,0.0,0.0,0.0,0.0,0.0,0.0,0.0
0.0,0.0,0.0,0.0,0.0,0.0,0.0,0.0
0.0,0.0,0.0,0.0,0.0,0.0,0.0,0.0
0.0,0.0,0.0,0.0,0.0,0.0,0.0,0.0
0.0,0.0,0.0,0.0,0.0,0.0,0.0,0.0
0.0,0.0,0.0,0.0,0.0,0.0,0.0,0.0
0.0,0.0,0.0,0.0,0.0,0.0,0.0,0.0
0.0,0.0,0.0,0.0,0.0,0.0,0.0,0.0
0.0,0.0,0.0,0.0,0.0,0.0,0.0,0.0
0.0,0.0,0.0,0.0,0.0,0.0,0.0,0.0
0.0,0.0,0.0,0.0,0.0,0.0,0.0,0.0
0.0,0.0,0.0,0.0,0.0,0.0,0.0,0.0
0.0,0.0,0.0,0.0,0.0,0.0,0.0,0.0
0.0,0.0,0.0,0.0,0.0,0.0,0.0,0.0
0.0,0.0,0.0,0.0,0.0,0.0,0.0,0.0
0.0,0.0,0.0,0.0,0.0,0.0,0.0,0.0
0.0,0.0,0.0,0.0,0.0,0.0,0.0,0.0
0.0,0.0,0.0,0.0,0.0,0.0,0.0,0.0
0.0,0.0,0.0,0.0,0.0,0.0,0.0,0.0
0.0,0.0,0.0,0.0,0.0,0.0,0.0,0.0
0.0,0.0,0.0,0.0,0.0,0.0,0.0,0.0
0.0,0.0,0.0,0.0,0.0,0.0,0.0,0.0
0.0,0.0,0.0,0.0,0.0,0.0,0.0,0.0
0.0,0.0,0.0,0.0,0.0,0.0,0.0,0.0
0.0,0.0,0.0,0.0,0.0,0.0,0.0,0.0
0.0,0.0,0.0,0.0,0.0,0.0,0.0,0.0
0.0,0.0,0.0,0.0,0.0,0.0,0.0,0.0
0.0,0.0,0.0,0.0,0.0,0.0,0.0,0.0
0.0,0.0,0.0,0.0,0.0,0.0,0.0,0.0
0.0,0.0,0.0,0.0,0.0,0.0,0.0,0.0
0.0,0.0,0.0,0.0,0.0,0.0,0.0,0.0
0.0,0.0,0.0,0.0,0.0,0.0,0.0,0.0
0.0,0.0,0.0,0.0,0.0,0.0,0.0,0.0
0.0,0.0,0.0,0.0,0.0,0.0,0.0,0.0
0.0,0.0,0.0,0.0,0.0,0.0,0.0,0.0
0.0,0.0,0.0,0.0,0.0,0.0,0.0,0.0
0.0,0.0,0.0,0.0,0.0,0.0,0.0,0.0
0.0,0.0,0.0,0.0,0.0,0.0,0.0,0.0
0.0,0.0,0.0,0.0,0.0,0.0,0.0,0.0
85.5,63.7,170.4,61.7,92.9,90.2,123.5,72.9
85.5,63.7,170.4,61.7,92.9,90.2,123.5,72.9
85.5,63.7,170.4,61.7,92.9,90.2,123.5,72.9
85.5,63.7,170.4,61.7,92.9,90.2,123.5,72.9
86.8,64.7,173.1,62.8,95.0,91.2,125.3,74.3
86.8,64.7,173.1,62.8,95.0,91.2,125.3,74.3
86.8,64.7,173.1,74.3,95.0,91.2,125.3,74.3
86.8,64.7,173.1,74.3,95.0,91.2,125.3,74.3
89.9,67.2,179.7,65.7,100.3,93.8,129.9,77.9
89.9,67.2,179.7,65.7,273.2,93.8,129.9,77.9
89.9,67.2,179.7,65.7,273.2,93.8,129.9,77.9
89.9,67.2,179.7,65.7,100.3,93.8,129.9,77.9
91.8,68.7,183.7,67.4,103.5,95.3,132.7,80.1
315.3,68.7,183.7,67.4,103.5,95.3,132.7,80.1
315.3,68.7,183.7,67.4,103.5,95.3,132.7,80.1
315.3,68.7,183.7,67.4,103.5,95.3,132.7,80.1
89.9,67.2,179.7,335.5,100.3,93.8,129.9,77.9
89.9,67.2,179.7,335.5,100.3,93.8,129.9,77.9
89.9,67.2,179.7,335.5,100.3,93.8,129.9,77.9
89.9,67.2,179.7,335.5,100.3,93.8,129.9,77.9
90.5,67.7,181.0,336.1,101.4,94.3,130.8,78.7
90.5,67.7,181.0,336.1,101.4,94.3,130.8,78.7
90.5,67.7,181.0,336.1,101.4,94.3,130.8,78.7
90.5,67.7,181.0,336.1,101.4,94.3,130.8,78.7
92.4,69.2,185.0,337.7,104.5,95.8,133.6,80.8
92.4,69.2,185.0,337.7,104.5,95.8,133.6,80.8
92.4,69.2,185.0,337.7,104.5,95.8,133.6,80.8
92.4,69.2,185.0,67.9,104.5,95.8,133.6,80.8
99.2,74.7,199.6,74.1,116.2,101.4,143.7,88.8
99.2,74.7,199.6,74.1,116.2,101.4,143.7,88.8
99.2,74.7,199.6,74.1,116.2,101.4,143.7,88.8
99.2,74.7,199.6,74.1,116.2,101.4,143.7,88.8
110.5,83.8,223.6,84.3,135.3,110.6,160.1,427.1
1011.5,83.8,223.6,84.3,135.3,110.6,160.1,427.1
1011.5,83.8,223.6,84.3,135.3,110.6,160.1,427.1
1447.8,83.8,223.6,84.3,135.3,110.6,160.1,379.1
0.0,0.0,0.0,0.0,0.0,0.0,0.0,0.0
0.0,0.0,0.0,0.0,0.0,0.0,0.0,0.0
0.0,0.0,0.0,0.0,0.0,0.0,0.0,0.0
0.0,0.0,0.0,0.0,0.0,0.0,0.0,0.0
0.0,0.0,0.0,0.0,0.0,0.0,0.0,0.0
0.0,0.0,0.0,0.0,0.0,0.0,0.0,0.0
0.0,0.0,0.0,0.0,0.0,0.0,0.0,0.0
0.0,0.0,0.0,0.0,0.0,0.0,0.0,0.0
0.0,0.0,0.0,0.0,0.0,0.0,0.0,0.0
0.0,0.0,0.0,0.0,0.0,0.0,0.0,0.0
0.0,0.0,0.0,0.0,0.0,0.0,0.0,0.0
0.0,0.0,0.0,0.0,0.0,0.0,0.0,0.0
0.0,0.0,0.0,0.0,0.0,0.0,0.0,0.0
0.0,0.0,0.0,0.0,0.0,0.0,0.0,0.0
0.0,0.0,0.0,0.0,0.0,0.0,0.0,0.0
0.0,0.0,0.0,0.0,0.0,0.0,0.0,0.0
0.0,0.0,0.0,0.0,0.0,0.0,0.0,0.0
0.0,0.0,0.0,0.0,0.0,0.0,0.0,0.0
0.0,0.0,0.0,0.0,0.0,0.0,0.0,0.0
0.0,0.0,0.0,0.0,0.0,0.0,0.0,0.0
0.0,0.0,0.0,0.0,0.0,0.0,0.0,0.0
0.0,0.0,0.0,0.0,0.0,0.0,0.0,0.0
0.0,0.0,0.0,0.0,0.0,0.0,0.0,0.0
0.0,0.0,0.0,0.0,0.0,0.0,0.0,0.0
0.0,0.0,0.0,0.0,0.0,0.0,0.0,0.0
0.0,0.0,0.0,0.0,0.0,0.0,0.0,0.0
0.0,0.0,0.0,0.0,0.0,0.0,0.0,0.0
0.0,0.0,0.0,0.0,0.0,0.0,0.0,0.0
0.0,0.0,0.0,0.0,0.0,0.0,0.0,0.0
0.0,0.0,0.0,0.0,0.0,0.0,0.0,0.0
0.0,0.0,0.0,0.0,0.0,0.0,0.0,0.0
0.0,0.0,0.0,0.0,0.0,0.0,0.0,0.0
0.0,0.0,0.0,0.0,0.0,0.0,0.0,0.0
0.0,0.0,0.0,0.0,0.0,0.0,0.0,0.0
0.0,0.0,0.0,0.0,0.0,0.0,0.0,0.0
0.0,0.0,0.0,0.0,0.0,0.0,0.0,0.0
0.0,0.0,0.0,0.0,0.0,0.0,0.0,0.0
0.0,0.0,0.0,0.0,0.0,0.0,0.0,0.0
0.0,0.0,0.0,0.0,0.0,0.0,0.0,0.0
0.0,0.0,0.0,0.0,0.0,0.0,0.0,0.0
0.0,0.0,0.0,0.0,0.0,0.0,0.0,0.0
0.0,0.0,0.0,0.0,0.0,0.0,0.0,0.0
0.0,0.0,0.0,0.0,0.0,0.0,0.0,0.0
0.0,0.0,0.0,0.0,0.0,0.0,0.0,0.0
0.0,0.0,0.0,0.0,0.0,0.0,0.0,0.0
0.0,0.0,0.0,0.0,0.0,0.0,0.0,0.0
0.0,0.0,0.0,0.0,0.0,0.0,0.0,0.0
0.0,0.0,0.0,0.0,0.0,0.0,0.0,0.0
6.0,6.0,6.0,6.0,6.0,6.0,6.0,6.0
6.0,6.0,6.0,6.0,6.0,6.0,6.0,6.0
6.0,6.0,6.0,6.0,6.0,6.0,6.0,6.0
6.0,6.0,6.0,6.0,6.0,6.0,6.0,6.0
12.0,12.0,12.0,12.0,12.0,12.0,12.0,12.0
12.0,12.0,12.0,12.0,12.0,12.0,12.0,12.0
12.0,12.0,12.0,12.0,12.0,12.0,12.0,12.0
12.0,12.0,12.0,12.0,12.0,12.0,12.0,12.0
17.1,17.1,17.1,17.1,17.1,17.1,17.1,17.1
17.1,17.1,17.1,17.1,17.1,17.1,17.1,17.1
17.1,17.1,17.1,17.1,17.1,17.1,17.1,17.1
17.1,17.1,17.1,17.1,17.1,17.1,17.1,17.1
24.6,24.6,24.6,24.6,24.6,24.6,24.6,24.6
24.6,24.6,24.6,24.6,24.6,24.6,24.6,24.6
24.6,24.6,24.6,24.6,24.6,24.6,24.6,24.6
24.6,24.6,24.6,24.6,24.6,24.6,24.6,24.6
30.5,30.5,30.5,30.5,30.5,30.5,30.5,30.5
30.5,30.5,30.5,30.5,30.5,30.5,30.5,30.5
30.5,30.5,30.5,30.5,30.5,30.5,30.5,30.5
30.5,30.5,30.5,30.5,30.5,30.5,30.5,30.5
89.9,67.2,179.7,65.7,100.3,93.8,129.9,77.9
89.9,67.2,179.7,65.7,100.3,93.8,129.9,77.9
89.9,67.2,179.7,65.7,100.3,121.6,129.9,77.9
89.9,67.2,179.7,65.7,273.2,121.6,129.9,214.7
91.8,68.7,183.7,67.4,276.3,95.3,132.7,216.8
91.8,68.7,183.7,67.4,103.5,95.3,289.3,80.1
91.8,173.3,183.7,67.4,103.5,95.3,289.3,80.1
91.8,173.3,183.7,67.4,103.5,95.3,289.3,80.1
89.9,171.8,179.7,65.7,100.3,93.8,129.9,77.9
89.9,67.2,179.7,65.7,100.3,93.8,129.9,77.9
89.9,67.2,179.7,65.7,100.3,93.8,129.9,77.9
89.9,67.2,179.7,65.7,100.3,93.8,129.9,77.9
23.7,23.7,23.7,23.7,23.7,23.7,23.7,23.7
23.7,23.7,23.7,23.7,23.7,23.7,23.7,23.7
23.7,23.7,23.7,23.7,23.7,23.7,23.7,23.7
23.7,23.7,23.7,23.7,23.7,23.7,23.7,23.7
17.0,17.0,17.0,17.0,17.0,17.0,17.0,17.0
17.0,17.0,17.0,17.0,17.0,17.0,17.0,17.0
17.0,17.0,17.0,17.0,17.0,17.0,17.0,17.0
17.0,17.0,17.0,17.0,17.0,17.0,17.0,17.0
17.9,17.9,17.9,17.9,17.9,17.9,17.9,17.9
17.9,17.9,17.9,17.9,17.9,17.9,17.9,17.9
17.9,17.9,17.9,17.9,17.9,17.9,17.9,17.9
17.9,17.9,17.9,17.9,17.9,17.9,17.9,17.9
7.7,7.7,7.7,7.7,7.7,7.7,7.7,7.7
7.7,7.7,7.7,7.7,7.7,7.7,7.7,7.7
7.7,7.7,7.7,7.7,7.7,7.7,7.7,7.7
7.7,7.7,7.7,7.7,7.7,7.7,7.7,7.7
0.0,0.0,0.0,0.0,0.0,0.0,0.0,0.0
0.0,0.0,0.0,0.0,0.0,0.0,0.0,0.0
0.0,0.0,0.0,0.0,0.0,0.0,0.0,0.0
0.0,0.0,0.0,0.0,0.0,0.0,0.0,0.0
0.0,0.0,0.0,0.0,0.0,0.0,0.0,0.0
0.0,0.0,0.0,0.0,0.0,0.0,0.0,0.0
0.0,0.0,0.0,0.0,0.0,0.0,0.0,0.0
0.0,0.0,0.0,0.0,0.0,0.0,0.0,0.0
0.0,0.0,0.0,0.0,0.0,0.0,0.0,0.0
0.0,0.0,0.0,0.0,0.0,0.0,0.0,0.0
0.0,0.0,0.0,0.0,0.0,0.0,0.0,0.0
0.0,0.0,0.0,0.0,0.0,0.0,0.0,0.0
0.0,0.0,0.0,0.0,0.0,0.0,0.0,0.0
0.0,0.0,0.0,0.0,0.0,0.0,0.0,0.0
0.0,0.0,0.0,0.0,0.0,0.0,0.0,0.0
0.0,0.0,0.0,0.0,0.0,0.0,0.0,0.0
0.0,0.0,0.0,0.0,0.0,0.0,0.0,0.0
0.0,0.0,0.0,0.0,0.0,0.0,0.0,0.0
0.0,0.0,0.0,0.0,0.0,0.0,0.0,0.0
0.0,0.0,0.0,0.0,0.0,0.0,0.0,0.0
0.0,0.0,0.0,0.0,0.0,0.0,0.0,0.0
0.0,0.0,0.0,0.0,0.0,0.0,0.0,0.0
0.0,0.0,0.0,0.0,0.0,0.0,0.0,0.0
0.0,0.0,0.0,0.0,0.0,0.0,0.0,0.0
0.0,0.0,0.0,0.0,0.0,0.0,0.0,0.0
0.0,0.0,0.0,0.0,0.0,0.0,0.0,0.0
0.0,0.0,0.0,0.0,0.0,0.0,0.0,0.0
0.0,0.0,0.0,0.0,0.0,0.0,0.0,0.0
0.0,0.0,0.0,0.0,0.0,0.0,0.0,0.0
0.0,0.0,0.0,0.0,0.0,0.0,0.0,0.0
0.0,0.0,0.0,0.0,0.0,0.0,0.0,0.0
0.0,0.0,0.0,0.0,0.0,0.0,0.0,0.0
0.0,0.0,0.0,0.0,0.0,0.0,0.0,0.0
0.0,0.0,0.0,0.0,0.0,0.0,0.0,0.0
0.0,0.0,0.0,0.0,0.0,0.0,0.0,0.0
0.0,0.0,0.0,0.0,0.0,0.0,0.0,0.0
0.0,0.0,0.0,0.0,0.0,0.0,0.0,0.0
0.0,0.0,0.0,0.0,0.0,0.0,0.0,0.0
0.0,0.0,0.0,0.0,0.0,0.0,0.0,0.0
0.0,0.0,0.0,0.0,0.0,0.0,0.0,0.0
0.0,0.0,0.0,0.0,0.0,0.0,0.0,0.0
0.0,0.0,0.0,0.0,0.0,0.0,0.0,0.0
0.0,0.0,0.0,0.0,0.0,0.0,0.0,0.0
0.0,0.0,0.0,0.0,0.0,0.0,0.0,0.0
0.0,0.0,0.0,0.0,0.0,0.0,0.0,0.0
0.0,0.0,0.0,0.0,0.0,0.0,0.0,0.0
0.0,0.0,0.0,0.0,0.0,0.0,0.0,0.0
0.0,0.0,0.0,0.0,0.0,0.0,0.0,0.0
8.7,8.7,8.7,8.7,8.7,8.7,8.7,8.7
8.7,8.7,8.7,8.7,8.7,8.7,8.7,8.7
8.7,8.7,8.7,8.7,8.7,8.7,8.7,8.7
8.7,8.7,8.7,8.7,8.7,8.7,8.7,8.7
19.9,19.9,19.9,19.9,19.9,19.9,19.9,19.9
19.9,19.9,19.9,19.9,19.9,19.9,19.9,19.9
19.9,19.9,19.9,19.9,19.9,19.9,19.9,19.9
19.9,19.9,19.9,19.9,19.9,19.9,19.9,19.9
21.5,21.5,21.5,21.5,21.5,21.5,21.5,21.5
21.5,21.5,21.5,21.5,21.5,21.5,21.5,21.5
21.5,21.5,21.5,21.5,21.5,21.5,21.5,21.5
21.5,21.5,21.5,21.5,21.5,21.5,21.5,21.5
85.5,63.7,170.4,61.7,92.9,90.2,123.5,72.9
85.5,63.7,170.4,61.7,92.9,90.2,123.5,72.9
85.5,63.7,170.4,61.7,92.9,90.2,123.5,72.9
85.5,63.7,170.4,61.7,92.9,90.2,123.5,72.9
86.8,64.7,173.1,62.8,95.0,91.2,125.3,74.3
86.8,64.7,173.1,62.8,95.0,91.2,125.3,74.3
86.8,64.7,173.1,62.8,95.0,91.2,125.3,165.5
86.8,64.7,173.1,62.8,95.0,91.2,125.3,165.5
89.9,67.2,179.7,65.7,100.3,93.8,129.9,169.1
89.9,67.2,179.7,65.7,100.3,93.8,129.9,77.9
89.9,67.2,179.7,65.7,100.3,93.8,129.9,77.9
89.9,67.2,179.7,65.7,100.3,93.8,129.9,77.9
86.0,68.7,104.7,67.4,88.4,86.7,94.3,80.1
114.3,68.7,88.9,67.4,85.4,85.0,86.7,80.1
85.1,68.7,116.1,67.4,85.9,85.3,87.9,80.1
85.1,68.7,116.1,67.4,85.9,85.3,87.9,80.1
89.9,381.1,529.3,65.7,100.3,93.8,129.9,77.9
89.9,67.2,179.7,65.7,100.3,93.8,129.9,77.9
89.9,67.2,179.7,65.7,100.3,93.8,129.9,77.9
89.9,67.2,179.7,65.7,100.3,93.8,129.9,77.9
90.5,67.7,181.0,66.2,101.4,94.3,130.8,78.7
90.5,67.7,181.0,66.2,101.4,94.3,130.8,78.7
90.5,67.7,181.0,66.2,255.4,94.3,130.8,78.7
90.5,67.7,181.0,66.2,255.4,94.3,130.8,78.7
15.5,15.5,15.5,15.5,15.5,15.5,15.5,15.5
15.5,15.5,15.5,15.5,15.5,15.5,15.5,15.5
15.5,15.5,15.5,15.5,15.5,15.5,15.5,15.5
15.5,15.5,15.5,15.5,15.5,15.5,15.5,15.5
99.2,74.7,199.6,74.1,270.2,101.4,143.7,88.8
99.2,74.7,199.6,74.1,270.2,101.4,143.7,88.8
99.2,74.7,199.6,74.1,116.2,101.4,143.7,88.8
99.2,74.7,199.6,74.1,116.2,101.4,143.7,88.8
23.4,23.4,23.4,23.4,23.4,23.4,23.4,23.4
23.4,23.4,23.4,23.4,23.4,23.4,23.4,23.4
23.4,23.4,23.4,23.4,23.4,23.4,23.4,23.4
23.4,23.4,23.4,23.4,23.4,23.4,23.4,23.4
0.0,0.0,0.0,0.0,0.0,0.0,0.0,0.0
0.0,0.0,0.0,0.0,0.0,0.0,0.0,0.0
0.0,0.0,0.0,0.0,0.0,0.0,0.0,0.0
0.0,0.0,0.0,0.0,0.0,0.0,0.0,0.0
0.0,0.0,0.0,0.0,0.0,0.0,0.0,0.0
0.0,0.0,0.0,0.0,0.0,0.0,0.0,0.0
0.0,0.0,0.0,0.0,0.0,0.0,0.0,0.0
0.0,0.0,0.0,0.0,0.0,0.0,0.0,0.0
0.0,0.0,0.0,0.0,0.0,0.0,0.0,0.0
0.0,0.0,0.0,0.0,0.0,0.0,0.0,0.0
0.0,0.0,0.0,0.0,0.0,0.0,0.0,0.0
0.0,0.0,0.0,0.0,0.0,0.0,0.0,0.0
0.0,0.0,0.0,0.0,0.0,0.0,0.0,0.0
0.0,0.0,0.0,0.0,0.0,0.0,0.0,0.0
0.0,0.0,0.0,0.0,0.0,0.0,0.0,0.0
0.0,0.0,0.0,0.0,0.0,0.0,0.0,0.0
0.0,0.0,0.0,0.0,0.0,0.0,0.0,0.0
0.0,0.0,0.0,0.0,0.0,0.0,0.0,0.0
0.0,0.0,0.0,0.0,0.0,0.0,0.0,0.0
0.0,0.0,0.0,0.0,0.0,0.0,0.0,0.0
0.0,0.0,0.0,0.0,0.0,0.0,0.0,0.0
0.0,0.0,0.0,0.0,0.0,0.0,0.0,0.0
0.0,0.0,0.0,0.0,0.0,0.0,0.0,0.0
0.0,0.0,0.0,0.0,0.0,0.0,0.0,0.0
0.0,0.0,0.0,0.0,0.0,0.0,0.0,0.0
0.0,0.0,0.0,0.0,0.0,0.0,0.0,0.0
0.0,0.0,0.0,0.0,0.0,0.0,0.0,0.0
0.0,0.0,0.0,0.0,0.0,0.0,0.0,0.0
0.0,0.0,0.0,0.0,0.0,0.0,0.0,0.0
0.0,0.0,0.0,0.0,0.0,0.0,0.0,0.0
0.0,0.0,0.0,0.0,0.0,0.0,0.0,0.0
0.0,0.0,0.0,0.0,0.0,0.0,0.0,0.0
0.0,0.0,0.0,0.0,0.0,0.0,0.0,0.0
0.0,0.0,0.0,0.0,0.0,0.0,0.0,0.0
0.0,0.0,0.0,0.0,0.0,0.0,0.0,0.0
0.0,0.0,0.0,0.0,0.0,0.0,0.0,0.0
0.0,0.0,0.0,0.0,0.0,0.0,0.0,0.0
0.0,0.0,0.0,0.0,0.0,0.0,0.0,0.0
0.0,0.0,0.0,0.0,0.0,0.0,0.0,0.0
0.0,0.0,0.0,0.0,0.0,0.0,0.0,0.0
0.0,0.0,0.0,0.0,0.0,0.0,0.0,0.0
0.0,0.0,0.0,0.0,0.0,0.0,0.0,0.0
0.0,0.0,0.0,0.0,0.0,0.0,0.0,0.0
0.0,0.0,0.0,0.0,0.0,0.0,0.0,0.0
0.0,0.0,0.0,0.0,0.0,0.0,0.0,0.0
0.0,0.0,0.0,0.0,0.0,0.0,0.0,0.0
0.0,0.0,0.0,0.0,0.0,0.0,0.0,0.0
0.0,0.0,0.0,0.0,0.0,0.0,0.0,0.0
7.0,7.0,7.0,7.0,7.0,7.0,7.0,7.0
7.0,7.0,7.0,7.0,7.0,7.0,7.0,7.0
7.0,7.0,7.0,7.0,7.0,7.0,7.0,7.0
7.0,7.0,7.0,7.0,7.0,7.0,7.0,7.0
69.8,74.1,72.3,58.9,69.9,69.9,70.9,69.3
69.8,74.1,72.3,58.9,69.9,69.9,70.9,69.3
69.6,71.9,70.9,58.9,69.7,69.7,70.2,74.1
69.6,71.6,76.4,58.9,69.6,69.6,70.1,69.3
83.7,218.8,543.7,60.0,89.7,88.7,120.8,70.7
83.7,62.2,578.4,60.0,89.7,88.7,120.8,70.7
83.7,62.2,566.4,60.0,89.7,88.7,120.8,70.7
83.7,62.2,566.4,60.0,89.7,88.7,120.8,70.7
85.5,63.7,570.4,61.7,92.9,90.2,123.5,72.9
85.5,63.7,570.4,61.7,92.9,90.2,123.5,72.9
85.5,63.7,570.4,61.7,92.9,90.2,123.5,72.9
85.5,63.7,570.4,61.7,92.9,90.2,123.5,72.9
86.8,64.7,173.1,62.8,95.0,91.2,125.3,74.3
86.8,64.7,173.1,62.8,95.0,91.2,125.3,74.3
658.8,64.7,173.1,62.8,95.0,91.2,125.3,74.3
86.8,64.7,173.1,62.8,95.0,91.2,360.3,74.3
89.9,67.2,179.7,65.7,100.3,93.8,364.8,77.9
89.9,67.2,179.7,65.7,100.3,93.8,129.9,77.9
89.9,67.2,179.7,65.7,100.3,93.8,129.9,77.9
89.9,67.2,179.7,65.7,100.3,93.8,129.9,77.9
91.8,68.7,208.7,67.4,276.3,95.3,132.7,80.1
91.8,68.7,208.7,67.4,276.3,95.3,132.7,80.1
91.8,173.3,183.7,67.4,103.5,95.3,132.7,80.1
91.8,173.3,183.7,67.4,103.5,95.3,132.7,80.1
89.9,171.8,179.7,73.3,100.3,93.8,129.9,77.9
89.9,67.2,179.7,73.3,100.3,93.8,129.9,77.9
89.9,67.2,179.7,73.3,100.3,93.8,129.9,77.9
89.9,67.2,179.7,65.7,100.3,93.8,129.9,77.9
37.6,37.6,37.6,37.6,37.6,37.6,37.6,37.6
37.6,37.6,37.6,37.6,37.6,37.6,37.6,37.6
37.6,37.6,37.6,37.6,37.6,37.6,37.6,37.6
37.6,37.6,37.6,37.6,37.6,37.6,37.6,37.6
26.5,26.5,26.5,26.5,26.5,26.5,26.5,26.5
26.5,26.5,26.5,26.5,26.5,26.5,26.5,26.5
26.5,26.5,26.5,26.5,26.5,26.5,26.5,26.5
26.5,26.5,26.5,26.5,26.5,26.5,26.5,26.5
61.7,61.7,61.7,61.7,61.7,61.7,61.7,61.7
61.7,61.7,61.7,61.7,61.7,61.7,61.7,61.7
61.7,61.7,61.7,61.7,61.7,61.7,61.7,61.7
61.7,61.7,61.7,61.7,61.7,61.7,61.7,61.7
19.9,19.9,19.9,19.9,19.9,19.9,19.9,19.9
19.9,19.9,19.9,19.9,19.9,19.9,19.9,19.9
19.9,19.9,19.9,19.9,19.9,19.9,19.9,19.9
19.9,19.9,19.9,19.9,19.9,19.9,19.9,19.9
0.0,0.0,0.0,0.0,0.0,0.0,0.0,0.0
0.0,0.0,0.0,0.0,0.0,0.0,0.0,0.0
0.0,0.0,0.0,0.0,0.0,0.0,0.0,0.0
0.0,0.0,0.0,0.0,0.0,0.0,0.0,0.0
0.0,0.0,0.0,0.0,0.0,0.0,0.0,0.0
0.0,0.0,0.0,0.0,0.0,0.0,0.0,0.0
0.0,0.0,0.0,0.0,0.0,0.0,0.0,0.0
0.0,0.0,0.0,0.0,0.0,0.0,0.0,0.0
0.0,0.0,0.0,0.0,0.0,0.0,0.0,0.0
0.0,0.0,0.0,0.0,0.0,0.0,0.0,0.0
0.0,0.0,0.0,0.0,0.0,0.0,0.0,0.0
0.0,0.0,0.0,0.0,0.0,0.0,0.0,0.0
0.0,0.0,0.0,0.0,0.0,0.0,0.0,0.0
0.0,0.0,0.0,0.0,0.0,0.0,0.0,0.0
0.0,0.0,0.0,0.0,0.0,0.0,0.0,0.0
0.0,0.0,0.0,0.0,0.0,0.0,0.0,0.0
0.0,0.0,0.0,0.0,0.0,0.0,0.0,0.0
0.0,0.0,0.0,0.0,0.0,0.0,0.0,0.0
0.0,0.0,0.0,0.0,0.0,0.0,0.0,0.0
0.0,0.0,0.0,0.0,0.0,0.0,0.0,0.0
0.0,0.0,0.0,0.0,0.0,0.0,0.0,0.0
0.0,0.0,0.0,0.0,0.0,0.0,0.0,0.0
0.0,0.0,0.0,0.0,0.0,0.0,0.0,0.0
0.0,0.0,0.0,0.0,0.0,0.0,0.0,0.0
0.0,0.0,0.0,0.0,0.0,0.0,0.0,0.0
0.0,0.0,0.0,0.0,0.0,0.0,0.0,0.0
0.0,0.0,0.0,0.0,0.0,0.0,0.0,0.0
0.0,0.0,0.0,0.0,0.0,0.0,0.0,0.0
0.0,0.0,0.0,0.0,0.0,0.0,0.0,0.0
0.0,0.0,0.0,0.0,0.0,0.0,0.0,0.0
0.0,0.0,0.0,0.0,0.0,0.0,0.0,0.0
0.0,0.0,0.0,0.0,0.0,0.0,0.0,0.0
0.0,0.0,0.0,0.0,0.0,0.0,0.0,0.0
0.0,0.0,0.0,0.0,0.0,0.0,0.0,0.0
0.0,0.0,0.0,0.0,0.0,0.0,0.0,0.0
0.0,0.0,0.0,0.0,0.0,0.0,0.0,0.0
0.0,0.0,0.0,0.0,0.0,0.0,0.0,0.0
0.0,0.0,0.0,0.0,0.0,0.0,0.0,0.0
0.0,0.0,0.0,0.0,0.0,0.0,0.0,0.0
0.0,0.0,0.0,0.0,0.0,0.0,0.0,0.0
0.0,0.0,0.0,0.0,0.0,0.0,0.0,0.0
0.0,0.0,0.0,0.0,0.0,0.0,0.0,0.0
0.0,0.0,0.0,0.0,0.0,0.0,0.0,0.0
0.0,0.0,0.0,0.0,0.0,0.0,0.0,0.0
0.0,0.0,0.0,0.0,0.0,0.0,0.0,0.0
0.0,0.0,0.0,0.0,0.0,0.0,0.0,0.0
0.0,0.0,0.0,0.0,0.0,0.0,0.0,0.0
0.0,0.0,0.0,0.0,0.0,0.0,0.0,0.0
37.2,37.2,37.2,37.2,37.2,37.2,37.2,37.2
37.2,37.2,37.2,37.2,37.2,37.2,37.2,37.2
37.2,37.2,37.2,37.2,37.2,37.2,37.2,37.2
37.2,37.2,37.2,37.2,37.2,37.2,37.2,37.2
9.5,9.5,9.5,9.5,9.5,9.5,9.5,9.5
9.5,9.5,9.5,9.5,9.5,9.5,9.5,9.5
9.5,9.5,9.5,9.5,9.5,9.5,9.5,9.5
9.5,9.5,9.5,9.5,9.5,9.5,9.5,9.5
0.0,0.0,0.0,0.0,0.0,0.0,0.0,0.0
0.0,0.0,0.0,0.0,0.0,0.0,0.0,0.0
0.0,0.0,0.0,0.0,0.0,0.0,0.0,0.0
0.0,0.0,0.0,0.0,0.0,0.0,0.0,0.0
85.5,63.7,170.4,61.7,92.9,90.2,123.5,72.9
85.5,63.7,170.4,61.7,92.9,90.2,123.5,72.9
85.5,63.7,170.4,61.7,92.9,90.2,123.5,72.9
85.5,63.7,170.4,61.7,92.9,90.2,123.5,72.9
86.8,64.7,173.1,62.8,95.0,91.2,125.3,74.3
86.8,64.7,173.1,62.8,95.0,91.2,125.3,74.3
86.8,64.7,173.1,62.8,95.0,91.2,125.3,74.3
86.8,64.7,173.1,62.8,95.0,91.2,125.3,74.3
89.9,67.2,179.7,65.7,100.3,93.8,286.5,77.9
89.9,67.2,179.7,65.7,100.3,93.8,286.5,77.9
89.9,67.2,179.7,65.7,100.3,93.8,286.5,77.9
89.9,67.2,179.7,65.7,100.3,93.8,129.9,77.9
91.8,68.7,183.7,67.4,103.5,95.3,132.7,80.1
91.8,68.7,208.7,67.4,276.3,95.3,132.7,80.1
822.6,68.7,208.7,67.4,276.3,95.3,132.7,80.1
3572.4,68.7,457.7,67.4,103.5,95.3,132.7,1629.7
2928.2,67.2,453.7,65.7,100.3,93.8,129.9,1356.3
1019.7,67.2,453.7,65.7,100.3,93.8,129.9,77.9
1019.7,67.2,453.7,65.7,100.3,93.8,129.9,77.9
1019.7,67.2,179.7,65.7,100.3,93.8,129.9,77.9
821.4,67.7,181.0,66.2,101.4,94.3,757.8,78.7
90.5,67.7,181.0,66.2,101.4,94.3,757.8,78.7
90.5,67.7,181.0,66.2,101.4,94.3,757.8,78.7
90.5,67.7,181.0,66.2,101.4,94.3,757.8,78.7
92.4,69.2,185.0,67.9,104.5,95.8,133.6,80.8
92.4,69.2,185.0,67.9,104.5,95.8,133.6,80.8
92.4,69.2,185.0,67.9,104.5,95.8,133.6,80.8
92.4,69.2,185.0,67.9,104.5,95.8,133.6,80.8
99.2,74.7,199.6,74.1,116.2,101.4,143.7,88.8
99.2,74.7,199.6,74.1,116.2,101.4,143.7,88.8
99.2,74.7,199.6,74.1,116.2,101.4,143.7,88.8
99.2,74.7,199.6,74.1,116.2,101.4,143.7,88.8
86.0,83.8,87.2,84.3,86.3,86.0,86.5,85.9
85.8,83.8,88.6,84.3,85.9,85.8,85.9,85.8
85.8,83.8,88.6,84.3,85.9,85.8,85.9,85.8
85.8,83.8,88.6,84.3,85.9,85.8,85.9,85.8
0.0,0.0,0.0,0.0,0.0,0.0,0.0,0.0
0.0,0.0,0.0,0.0,0.0,0.0,0.0,0.0
0.0,0.0,0.0,0.0,0.0,0.0,0.0,0.0
0.0,0.0,0.0,0.0,0.0,0.0,0.0,0.0
0.0,0.0,0.0,0.0,0.0,0.0,0.0,0.0
0.0,0.0,0.0,0.0,0.0,0.0,0.0,0.0
0.0,0.0,0.0,0.0,0.0,0.0,0.0,0.0
0.0,0.0,0.0,0.0,0.0,0.0,0.0,0.0
0.0,0.0,0.0,0.0,0.0,0.0,0.0,0.0
0.0,0.0,0.0,0.0,0.0,0.0,0.0,0.0
0.0,0.0,0.0,0.0,0.0,0.0,0.0,0.0
0.0,0.0,0.0,0.0,0.0,0.0,0.0,0.0
0.0,0.0,0.0,0.0,0.0,0.0,0.0,0.0
0.0,0.0,0.0,0.0,0.0,0.0,0.0,0.0
0.0,0.0,0.0,0.0,0.0,0.0,0.0,0.0
0.0,0.0,0.0,0.0,0.0,0.0,0.0,0.0
0.0,0.0,0.0,0.0,0.0,0.0,0.0,0.0
0.0,0.0,0.0,0.0,0.0,0.0,0.0,0.0
0.0,0.0,0.0,0.0,0.0,0.0,0.0,0.0
0.0,0.0,0.0,0.0,0.0,0.0,0.0,0.0
0.0,0.0,0.0,0.0,0.0,0.0,0.0,0.0
0.0,0.0,0.0,0.0,0.0,0.0,0.0,0.0
0.0,0.0,0.0,0.0,0.0,0.0,0.0,0.0
0.0,0.0,0.0,0.0,0.0,0.0,0.0,0.0
0.0,0.0,0.0,0.0,0.0,0.0,0.0,0.0
0.0,0.0,0.0,0.0,0.0,0.0,0.0,0.0
0.0,0.0,0.0,0.0,0.0,0.0,0.0,0.0
0.0,0.0,0.0,0.0,0.0,0.0,0.0,0.0
0.0,0.0,0.0,0.0,0.0,0.0,0.0,0.0
0.0,0.0,0.0,0.0,0.0,0.0,0.0,0.0
0.0,0.0,0.0,0.0,0.0,0.0,0.0,0.0
0.0,0.0,0.0,0.0,0.0,0.0,0.0,0.0
0.0,0.0,0.0,0.0,0.0,0.0,0.0,0.0
0.0,0.0,0.0,0.0,0.0,0.0,0.0,0.0
0.0,0.0,0.0,0.0,0.0,0.0,0.0,0.0
0.0,0.0,0.0,0.0,0.0,0.0,0.0,0.0
0.0,0.0,0.0,0.0,0.0,0.0,0.0,0.0
0.0,0.0,0.0,0.0,0.0,0.0,0.0,0.0
0.0,0.0,0.0,0.0,0.0,0.0,0.0,0.0
0.0,0.0,0.0,0.0,0.0,0.0,0.0,0.0
0.0,0.0,0.0,0.0,0.0,0.0,0.0,0.0
0.0,0.0,0.0,0.0,0.0,0.0,0.0,0.0
0.0,0.0,0.0,0.0,0.0,0.0,0.0,0.0
0.0,0.0,0.0,0.0,0.0,0.0,0.0,0.0
0.0,0.0,0.0,0.0,0.0,0.0,0.0,0.0
0.0,0.0,0.0,0.0,0.0,0.0,0.0,0.0
0.0,0.0,0.0,0.0,0.0,0.0,0.0,0.0
0.0,0.0,0.0,0.0,0.0,0.0,0.0,0.0
6.1,6.1,6.1,6.1,6.1,6.1,6.1,6.1
6.1,6.1,6.1,6.1,6.1,6.1,6.1,6.1
6.1,6.1,6.1,6.1,6.1,6.1,6.1,6.1
6.1,6.1,6.1,6.1,6.1,6.1,6.1,6.1
11.2,11.2,11.2,11.2,11.2,11.2,11.2,11.2
11.2,11.2,11.2,11.2,11.2,11.2,11.2,11.2
11.2,11.2,11.2,11.2,11.2,11.2,11.2,11.2
11.2,11.2,11.2,11.2,11.2,11.2,11.2,11.2
83.7,224.5,134.0,60.0,89.7,88.7,118.4,138.2
83.7,224.5,134.0,60.0,89.7,88.7,118.4,138.2
83.7,282.2,143.0,60.0,89.7,88.7,119.0,70.7
83.7,282.2,143.0,60.0,89.7,88.7,119.0,70.7
85.5,433.0,170.4,61.7,92.9,90.2,123.5,72.9
85.5,433.0,170.4,61.7,92.9,90.2,123.5,72.9
85.5,63.7,170.4,61.7,92.9,90.2,123.5,72.9
85.5,63.7,170.4,61.7,92.9,90.2,123.5,72.9
86.8,64.7,173.1,62.8,95.0,91.2,125.3,74.3
86.8,64.7,173.1,62.8,95.0,91.2,125.3,74.3
86.8,64.7,173.1,62.8,95.0,146.9,125.3,74.3
86.8,378.6,173.1,62.8,95.0,91.2,125.3,74.3
89.9,67.2,179.7,65.7,100.3,93.8,129.9,77.9
89.9,67.2,179.7,65.7,100.3,93.8,129.9,214.7
89.9,67.2,179.7,65.7,100.3,93.8,129.9,214.7
89.9,67.2,179.7,65.7,100.3,93.8,129.9,77.9
91.8,68.7,183.7,67.4,103.5,95.3,132.7,80.1
91.8,68.7,183.7,67.4,103.5,95.3,132.7,80.1
91.8,68.7,183.7,67.4,103.5,95.3,132.7,80.1
91.8,68.7,183.7,67.4,103.5,95.3,132.7,80.1
89.9,67.2,179.7,65.7,100.3,93.8,129.9,77.9
89.9,67.2,179.7,65.7,100.3,93.8,129.9,77.9
89.9,67.2,179.7,65.7,100.3,93.8,129.9,77.9
89.9,67.2,179.7,65.7,100.3,93.8,129.9,77.9
90.5,67.7,181.0,66.2,101.4,94.3,130.8,78.7
90.5,67.7,181.0,66.2,101.4,94.3,130.8,78.7
90.5,67.7,181.0,66.2,101.4,94.3,130.8,78.7
90.5,67.7,181.0,66.2,101.4,94.3,130.8,78.7
92.4,69.2,185.0,67.9,104.5,95.8,133.6,80.8
92.4,69.2,185.0,67.9,104.5,95.8,133.6,80.8
92.4,69.2,185.0,67.9,104.5,95.8,133.6,80.8
92.4,69.2,185.0,67.9,104.5,95.8,133.6,80.8
99.2,74.7,199.6,74.1,116.2,101.4,143.7,88.8
99.2,74.7,199.6,74.1,116.2,101.4,143.7,88.8
99.2,74.7,199.6,74.1,116.2,101.4,143.7,88.8
99.2,74.7,199.6,74.1,116.2,101.4,143.7,88.8
110.5,83.8,203.3,84.3,132.7,110.6,152.6,101.7
110.5,83.8,203.3,84.3,132.7,110.6,152.6,101.7
164.5,83.8,144.3,84.3,123.4,110.6,166.8,101.7
172.7,83.8,141.6,84.3,123.3,110.6,161.4,101.7
0.0,0.0,0.0,0.0,0.0,0.0,0.0,0.0
0.0,0.0,0.0,0.0,0.0,0.0,0.0,0.0
0.0,0.0,0.0,0.0,0.0,0.0,0.0,0.0
0.0,0.0,0.0,0.0,0.0,0.0,0.0,0.0
0.0,0.0,0.0,0.0,0.0,0.0,0.0,0.0
0.0,0.0,0.0,0.0,0.0,0.0,0.0,0.0
0.0,0.0,0.0,0.0,0.0,0.0,0.0,0.0
0.0,0.0,0.0,0.0,0.0,0.0,0.0,0.0
0.0,0.0,0.0,0.0,0.0,0.0,0.0,0.0
0.0,0.0,0.0,0.0,0.0,0.0,0.0,0.0
0.0,0.0,0.0,0.0,0.0,0.0,0.0,0.0
0.0,0.0,0.0,0.0,0.0,0.0,0.0,0.0
0.0,0.0,0.0,0.0,0.0,0.0,0.0,0.0
0.0,0.0,0.0,0.0,0.0,0.0,0.0,0.0
0.0,0.0,0.0,0.0,0.0,0.0,0.0,0.0
0.0,0.0,0.0,0.0,0.0,0.0,0.0,0.0
0.0,0.0,0.0,0.0,0.0,0.0,0.0,0.0
0.0,0.0,0.0,0.0,0.0,0.0,0.0,0.0
0.0,0.0,0.0,0.0,0.0,0.0,0.0,0.0
0.0,0.0,0.0,0.0,0.0,0.0,0.0,0.0
0.0,0.0,0.0,0.0,0.0,0.0,0.0,0.0
0.0,0.0,0.0,0.0,0.0,0.0,0.0,0.0
0.0,0.0,0.0,0.0,0.0,0.0,0.0,0.0
0.0,0.0,0.0,0.0,0.0,0.0,0.0,0.0
0.0,0.0,0.0,0.0,0.0,0.0,0.0,0.0
0.0,0.0,0.0,0.0,0.0,0.0,0.0,0.0
0.0,0.0,0.0,0.0,0.0,0.0,0.0,0.0
0.0,0.0,0.0,0.0,0.0,0.0,0.0,0.0
0.0,0.0,0.0,0.0,0.0,0.0,0.0,0.0
0.0,0.0,0.0,0.0,0.0,0.0,0.0,0.0
0.0,0.0,0.0,0.0,0.0,0.0,0.0,0.0
0.0,0.0,0.0,0.0,0.0,0.0,0.0,0.0
0.0,0.0,0.0,0.0,0.0,0.0,0.0,0.0
0.0,0.0,0.0,0.0,0.0,0.0,0.0,0.0
0.0,0.0,0.0,0.0,0.0,0.0,0.0,0.0
0.0,0.0,0.0,0.0,0.0,0.0,0.0,0.0
0.0,0.0,0.0,0.0,0.0,0.0,0.0,0.0
0.0,0.0,0.0,0.0,0.0,0.0,0.0,0.0
0.0,0.0,0.0,0.0,0.0,0.0,0.0,0.0
0.0,0.0,0.0,0.0,0.0,0.0,0.0,0.0
0.0,0.0,0.0,0.0,0.0,0.0,0.0,0.0
0.0,0.0,0.0,0.0,0.0,0.0,0.0,0.0
0.0,0.0,0.0,0.0,0.0,0.0,0.0,0.0
0.0,0.0,0.0,0.0,0.0,0.0,0.0,0.0
0.0,0.0,0.0,0.0,0.0,0.0,0.0,0.0
0.0,0.0,0.0,0.0,0.0,0.0,0.0,0.0
0.0,0.0,0.0,0.0,0.0,0.0,0.0,0.0
0.0,0.0,0.0,0.0,0.0,0.0,0.0,0.0
0.0,0.0,0.0,0.0,0.0,0.0,0.0,0.0
0.0,0.0,0.0,0.0,0.0,0.0,0.0,0.0
0.0,0.0,0.0,0.0,0.0,0.0,0.0,0.0
0.0,0.0,0.0,0.0,0.0,0.0,0.0,0.0
82.4,61.2,106.9,227.8,87.6,87.6,104.3,69.3
82.4,61.2,106.8,227.8,87.6,87.6,104.3,69.3
222.7,61.2,129.6,58.9,87.6,87.6,110.1,69.3
82.4,61.2,163.8,58.9,87.6,87.6,118.9,69.3
83.7,62.2,166.4,60.0,89.7,88.7,120.8,70.7
83.7,62.2,166.4,60.0,89.7,88.7,120.8,70.7
83.7,62.2,166.4,60.0,89.7,88.7,120.8,70.7
83.7,62.2,166.4,60.0,89.7,88.7,120.8,70.7
85.5,63.7,170.4,61.7,92.9,90.2,123.5,72.9
85.5,63.7,170.4,61.7,92.9,90.2,123.5,72.9
85.5,63.7,170.4,61.7,92.9,90.2,123.5,72.9
85.5,63.7,170.4,61.7,92.9,90.2,123.5,72.9
86.8,64.7,173.1,62.8,95.0,91.2,125.3,74.3
86.8,64.7,173.1,62.8,95.0,91.2,125.3,74.3
86.8,64.7,173.1,223.3,95.0,91.2,125.3,74.3
86.8,64.7,173.1,223.3,95.0,91.2,125.3,74.3
89.9,67.2,179.7,226.1,100.3,93.8,129.9,77.9
89.9,67.2,179.7,65.7,100.3,93.8,129.9,77.9
89.9,67.2,179.7,65.7,100.3,149.4,129.9,77.9
313.5,67.2,179.7,65.7,100.3,93.8,129.9,77.9
315.3,68.7,183.7,67.4,103.5,95.3,132.7,80.1
315.3,68.7,183.7,67.4,103.5,95.3,132.7,80.1
91.8,68.7,183.7,67.4,103.5,95.3,132.7,80.1
91.8,68.7,183.7,67.4,103.5,95.3,602.5,80.1
89.9,67.2,179.7,65.7,100.3,93.8,129.9,77.9
89.9,67.2,179.7,65.7,100.3,93.8,129.9,77.9
89.9,67.2,179.7,65.7,100.3,93.8,129.9,77.9
89.9,67.2,179.7,65.7,100.3,93.8,129.9,77.9
90.5,67.7,181.0,66.2,101.4,94.3,130.8,78.7
694.5,67.7,181.0,66.2,101.4,94.3,130.8,78.7
694.5,67.7,181.0,66.2,101.4,94.3,130.8,78.7
694.5,67.7,181.0,66.2,101.4,94.3,130.8,78.7
696.4,69.2,1061.0,67.9,104.5,95.8,133.6,80.8
696.4,69.2,1061.0,67.9,104.5,95.8,133.6,80.8
696.4,69.2,1061.0,67.9,104.5,95.8,133.6,80.8
696.4,69.2,185.0,67.9,104.5,95.8,133.6,80.8
99.2,74.7,199.6,74.1,116.2,101.4,143.7,88.8
99.2,74.7,199.6,74.1,116.2,101.4,143.7,88.8
99.2,74.7,199.6,74.1,116.2,336.9,143.7,88.8
99.2,74.7,199.6,74.1,116.2,336.9,143.7,88.8
969.2,83.8,223.6,84.3,135.3,270.5,160.1,101.7
110.5,83.8,223.6,84.3,135.3,346.0,160.1,690.5
110.5,83.8,223.6,192.3,135.3,346.0,160.1,690.5
110.5,83.8,223.6,84.3,135.3,346.0,160.1,690.5
0.0,0.0,0.0,0.0,0.0,0.0,0.0,0.0
0.0,0.0,0.0,0.0,0.0,0.0,0.0,0.0
0.0,0.0,0.0,0.0,0.0,0.0,0.0,0.0
0.0,0.0,0.0,0.0,0.0,0.0,0.0,0.0
0.0,0.0,0.0,0.0,0.0,0.0,0.0,0.0
0.0,0.0,0.0,0.0,0.0,0.0,0.0,0.0
0.0,0.0,0.0,0.0,0.0,0.0,0.0,0.0
0.0,0.0,0.0,0.0,0.0,0.0,0.0,0.0
0.0,0.0,0.0,0.0,0.0,0.0,0.0,0.0
0.0,0.0,0.0,0.0,0.0,0.0,0.0,0.0
0.0,0.0,0.0,0.0,0.0,0.0,0.0,0.0
0.0,0.0,0.0,0.0,0.0,0.0,0.0,0.0
0.0,0.0,0.0,0.0,0.0,0.0,0.0,0.0
0.0,0.0,0.0,0.0,0.0,0.0,0.0,0.0
0.0,0.0,0.0,0.0,0.0,0.0,0.0,0.0
0.0,0.0,0.0,0.0,0.0,0.0,0.0,0.0
0.0,0.0,0.0,0.0,0.0,0.0,0.0,0.0
0.0,0.0,0.0,0.0,0.0,0.0,0.0,0.0
0.0,0.0,0.0,0.0,0.0,0.0,0.0,0.0
0.0,0.0,0.0,0.0,0.0,0.0,0.0,0.0
0.0,0.0,0.0,0.0,0.0,0.0,0.0,0.0
0.0,0.0,0.0,0.0,0.0,0.0,0.0,0.0
0.0,0.0,0.0,0.0,0.0,0.0,0.0,0.0
0.0,0.0,0.0,0.0,0.0,0.0,0.0,0.0
0.0,0.0,0.0,0.0,0.0,0.0,0.0,0.0
0.0,0.0,0.0,0.0,0.0,0.0,0.0,0.0
0.0,0.0,0.0,0.0,0.0,0.0,0.0,0.0
0.0,0.0,0.0,0.0,0.0,0.0,0.0,0.0
0.0,0.0,0.0,0.0,0.0,0.0,0.0,0.0
0.0,0.0,0.0,0.0,0.0,0.0,0.0,0.0
0.0,0.0,0.0,0.0,0.0,0.0,0.0,0.0
0.0,0.0,0.0,0.0,0.0,0.0,0.0,0.0
0.0,0.0,0.0,0.0,0.0,0.0,0.0,0.0
0.0,0.0,0.0,0.0,0.0,0.0,0.0,0.0
0.0,0.0,0.0,0.0,0.0,0.0,0.0,0.0
0.0,0.0,0.0,0.0,0.0,0.0,0.0,0.0
0.0,0.0,0.0,0.0,0.0,0.0,0.0,0.0
0.0,0.0,0.0,0.0,0.0,0.0,0.0,0.0
0.0,0.0,0.0,0.0,0.0,0.0,0.0,0.0
0.0,0.0,0.0,0.0,0.0,0.0,0.0,0.0
0.0,0.0,0.0,0.0,0.0,0.0,0.0,0.0
0.0,0.0,0.0,0.0,0.0,0.0,0.0,0.0
0.0,0.0,0.0,0.0,0.0,0.0,0.0,0.0
0.0,0.0,0.0,0.0,0.0,0.0,0.0,0.0
0.0,0.0,0.0,0.0,0.0,0.0,0.0,0.0
0.0,0.0,0.0,0.0,0.0,0.0,0.0,0.0
0.0,0.0,0.0,0.0,0.0,0.0,0.0,0.0
0.0,0.0,0.0,0.0,0.0,0.0,0.0,0.0
0.0,0.0,0.0,0.0,0.0,0.0,0.0,0.0
0.0,0.0,0.0,0.0,0.0,0.0,0.0,0.0
0.0,0.0,0.0,0.0,0.0,0.0,0.0,0.0
0.0,0.0,0.0,0.0,0.0,0.0,0.0,0.0
21.4,21.4,21.4,21.4,21.4,21.4,21.4,21.4
21.4,21.4,21.4,21.4,21.4,21.4,21.4,21.4
21.4,21.4,21.4,21.4,21.4,21.4,21.4,21.4
21.4,21.4,21.4,21.4,21.4,21.4,21.4,21.4
33.2,33.2,33.2,33.2,33.2,33.2,33.2,33.2
33.2,33.2,33.2,33.2,33.2,33.2,33.2,33.2
33.2,33.2,33.2,33.2,33.2,33.2,33.2,33.2
33.2,33.2,33.2,33.2,33.2,33.2,33.2,33.2
44.0,44.0,44.0,44.0,44.0,44.0,44.0,44.0
44.0,44.0,44.0,44.0,44.0,44.0,44.0,44.0
44.0,44.0,44.0,44.0,44.0,44.0,44.0,44.0
44.0,44.0,44.0,44.0,44.0,44.0,44.0,44.0
86.8,64.7,172.0,62.8,95.0,91.2,125.0,74.3
86.8,64.7,172.0,62.8,95.0,91.2,125.0,74.3
86.8,64.7,132.4,62.8,95.0,91.2,110.0,128.9
86.8,64.7,106.2,122.7,95.0,91.2,100.1,105.2
74.6,67.2,78.8,76.1,74.7,74.7,74.9,75.2
74.8,67.2,85.5,65.7,78.0,74.9,75.5,74.6
74.8,67.2,85.5,65.7,78.0,74.9,75.5,74.6
74.8,67.2,88.2,65.7,75.1,74.9,75.7,74.6
91.8,68.7,159.0,67.4,95.3,94.5,98.3,80.1
91.8,101.5,128.5,67.4,94.9,94.4,96.5,80.1
114.5,97.8,110.3,67.4,94.6,94.9,95.4,80.1
130.0,68.7,122.6,67.4,94.8,95.3,96.1,80.1
49.4,49.4,49.4,49.4,49.4,49.4,49.4,49.4
49.4,49.4,49.4,49.4,49.4,49.4,49.4,49.4
49.4,49.4,49.4,49.4,49.4,49.4,49.4,49.4
49.4,49.4,49.4,49.4,49.4,49.4,49.4,49.4
90.5,67.7,181.0,66.2,101.4,94.3,130.8,78.7
90.5,67.7,181.0,66.2,101.4,94.3,130.8,78.7
90.5,67.7,181.0,66.2,101.4,94.3,130.8,78.7
90.5,67.7,181.0,66.2,101.4,94.3,130.8,78.7
92.4,69.2,185.0,67.9,104.5,95.8,133.6,80.8
92.4,69.2,185.0,67.9,104.5,95.8,133.6,80.8
92.4,69.2,185.0,67.9,104.5,95.8,133.6,80.8
92.4,69.2,185.0,67.9,104.5,95.8,133.6,80.8
10.2,10.2,10.2,10.2,10.2,10.2,10.2,10.2
10.2,10.2,10.2,10.2,10.2,10.2,10.2,10.2
10.2,10.2,10.2,10.2,10.2,10.2,10.2,10.2
10.2,10.2,10.2,10.2,10.2,10.2,10.2,10.2
8.5,8.5,8.5,8.5,8.5,8.5,8.5,8.5
8.5,8.5,8.5,8.5,8.5,8.5,8.5,8.5
8.5,8.5,8.5,8.5,8.5,8.5,8.5,8.5
8.5,8.5,8.5,8.5,8.5,8.5,8.5,8.5
0.0,0.0,0.0,0.0,0.0,0.0,0.0,0.0
0.0,0.0,0.0,0.0,0.0,0.0,0.0,0.0
0.0,0.0,0.0,0.0,0.0,0.0,0.0,0.0
0.0,0.0,0.0,0.0,0.0,0.0,0.0,0.0
0.0,0.0,0.0,0.0,0.0,0.0,0.0,0.0
0.0,0.0,0.0,0.0,0.0,0.0,0.0,0.0
0.0,0.0,0.0,0.0,0.0,0.0,0.0,0.0
0.0,0.0,0.0,0.0,0.0,0.0,0.0,0.0
0.0,0.0,0.0,0.0,0.0,0.0,0.0,0.0
0.0,0.0,0.0,0.0,0.0,0.0,0.0,0.0
0.0,0.0,0.0,0.0,0.0,0.0,0.0,0.0
0.0,0.0,0.0,0.0,0.0,0.0,0.0,0.0
0.0,0.0,0.0,0.0,0.0,0.0,0.0,0.0
0.0,0.0,0.0,0.0,0.0,0.0,0.0,0.0
0.0,0.0,0.0,0.0,0.0,0.0,0.0,0.0
0.0,0.0,0.0,0.0,0.0,0.0,0.0,0.0
0.0,0.0,0.0,0.0,0.0,0.0,0.0,0.0
0.0,0.0,0.0,0.0,0.0,0.0,0.0,0.0
0.0,0.0,0.0,0.0,0.0,0.0,0.0,0.0
0.0,0.0,0.0,0.0,0.0,0.0,0.0,0.0
0.0,0.0,0.0,0.0,0.0,0.0,0.0,0.0
0.0,0.0,0.0,0.0,0.0,0.0,0.0,0.0
0.0,0.0,0.0,0.0,0.0,0.0,0.0,0.0
0.0,0.0,0.0,0.0,0.0,0.0,0.0,0.0
0.0,0.0,0.0,0.0,0.0,0.0,0.0,0.0
0.0,0.0,0.0,0.0,0.0,0.0,0.0,0.0
0.0,0.0,0.0,0.0,0.0,0.0,0.0,0.0
0.0,0.0,0.0,0.0,0.0,0.0,0.0,0.0
0.0,0.0,0.0,0.0,0.0,0.0,0.0,0.0
0.0,0.0,0.0,0.0,0.0,0.0,0.0,0.0
0.0,0.0,0.0,0.0,0.0,0.0,0.0,0.0
0.0,0.0,0.0,0.0,0.0,0.0,0.0,0.0
0.0,0.0,0.0,0.0,0.0,0.0,0.0,0.0
0.0,0.0,0.0,0.0,0.0,0.0,0.0,0.0
0.0,0.0,0.0,0.0,0.0,0.0,0.0,0.0
0.0,0.0,0.0,0.0,0.0,0.0,0.0,0.0
0.0,0.0,0.0,0.0,0.0,0.0,0.0,0.0
0.0,0.0,0.0,0.0,0.0,0.0,0.0,0.0
0.0,0.0,0.0,0.0,0.0,0.0,0.0,0.0
0.0,0.0,0.0,0.0,0.0,0.0,0.0,0.0
0.0,0.0,0.0,0.0,0.0,0.0,0.0,0.0
0.0,0.0,0.0,0.0,0.0,0.0,0.0,0.0
0.0,0.0,0.0,0.0,0.0,0.0,0.0,0.0
0.0,0.0,0.0,0.0,0.0,0.0,0.0,0.0
0.0,0.0,0.0,0.0,0.0,0.0,0.0,0.0
0.0,0.0,0.0,0.0,0.0,0.0,0.0,0.0
0.0,0.0,0.0,0.0,0.0,0.0,0.0,0.0
0.0,0.0,0.0,0.0,0.0,0.0,0.0,0.0
7.7,7.7,7.7,7.7,7.7,7.7,7.7,7.7
7.7,7.7,7.7,7.7,7.7,7.7,7.7,7.7
7.7,7.7,7.7,7.7,7.7,7.7,7.7,7.7
7.7,7.7,7.7,7.7,7.7,7.7,7.7,7.7
14.6,14.6,14.6,14.6,14.6,14.6,14.6,14.6
14.6,14.6,14.6,14.6,14.6,14.6,14.6,14.6
14.6,14.6,14.6,14.6,14.6,14.6,14.6,14.6
14.6,14.6,14.6,14.6,14.6,14.6,14.6,14.6
22.2,22.2,22.2,22.2,22.2,22.2,22.2,22.2
22.2,22.2,22.2,22.2,22.2,22.2,22.2,22.2
22.2,22.2,22.2,22.2,22.2,22.2,22.2,22.2
22.2,22.2,22.2,22.2,22.2,22.2,22.2,22.2
27.2,27.2,27.2,27.2,27.2,27.2,27.2,27.2
27.2,27.2,27.2,27.2,27.2,27.2,27.2,27.2
27.2,27.2,27.2,27.2,27.2,27.2,27.2,27.2
27.2,27.2,27.2,27.2,27.2,27.2,27.2,27.2
49.1,49.1,49.1,49.1,49.1,49.1,49.1,49.1
49.1,49.1,49.1,49.1,49.1,49.1,49.1,49.1
49.1,49.1,49.1,49.1,49.1,49.1,49.1,49.1
49.1,49.1,49.1,49.1,49.1,49.1,49.1,49.1
48.1,48.1,48.1,48.1,48.1,48.1,48.1,48.1
48.1,48.1,48.1,48.1,48.1,48.1,48.1,48.1
48.1,48.1,48.1,48.1,48.1,48.1,48.1,48.1
48.1,48.1,48.1,48.1,48.1,48.1,48.1,48.1
217.6,132.3,134.8,67.4,103.5,95.3,122.4,80.1
243.2,120.1,120.5,67.4,103.5,95.3,123.3,80.1
243.2,120.1,120.5,67.4,103.5,95.3,123.3,80.1
265.9,68.7,148.4,67.4,103.5,95.3,124.0,80.1
46.3,46.3,46.3,46.3,46.3,46.3,46.3,46.3
46.3,46.3,46.3,46.3,46.3,46.3,46.3,46.3
46.3,46.3,46.3,46.3,46.3,46.3,46.3,46.3
46.3,46.3,46.3,46.3,46.3,46.3,46.3,46.3
35.4,35.4,35.4,35.4,35.4,35.4,35.4,35.4
35.4,35.4,35.4,35.4,35.4,35.4,35.4,35.4
35.4,35.4,35.4,35.4,35.4,35.4,35.4,35.4
35.4,35.4,35.4,35.4,35.4,35.4,35.4,35.4
16.9,16.9,16.9,16.9,16.9,16.9,16.9,16.9
16.9,16.9,16.9,16.9,16.9,16.9,16.9,16.9
16.9,16.9,16.9,16.9,16.9,16.9,16.9,16.9
16.9,16.9,16.9,16.9,16.9,16.9,16.9,16.9
28.0,28.0,28.0,28.0,28.0,28.0,28.0,28.0
28.0,28.0,28.0,28.0,28.0,28.0,28.0,28.0
28.0,28.0,28.0,28.0,28.0,28.0,28.0,28.0
28.0,28.0,28.0,28.0,28.0,28.0,28.0,28.0
5.1,5.1,5.1,5.1,5.1,5.1,5.1,5.1
5.1,5.1,5.1,5.1,5.1,5.1,5.1,5.1
5.1,5.1,5.1,5.1,5.1,5.1,5.1,5.1
5.1,5.1,5.1,5.1,5.1,5.1,5.1,5.1
0.0,0.0,0.0,0.0,0.0,0.0,0.0,0.0
0.0,0.0,0.0,0.0,0.0,0.0,0.0,0.0
0.0,0.0,0.0,0.0,0.0,0.0,0.0,0.0
0.0,0.0,0.0,0.0,0.0,0.0,0.0,0.0
0.0,0.0,0.0,0.0,0.0,0.0,0.0,0.0
0.0,0.0,0.0,0.0,0.0,0.0,0.0,0.0
0.0,0.0,0.0,0.0,0.0,0.0,0.0,0.0
0.0,0.0,0.0,0.0,0.0,0.0,0.0,0.0
0.0,0.0,0.0,0.0,0.0,0.0,0.0,0.0
0.0,0.0,0.0,0.0,0.0,0.0,0.0,0.0
0.0,0.0,0.0,0.0,0.0,0.0,0.0,0.0
0.0,0.0,0.0,0.0,0.0,0.0,0.0,0.0
0.0,0.0,0.0,0.0,0.0,0.0,0.0,0.0
0.0,0.0,0.0,0.0,0.0,0.0,0.0,0.0
0.0,0.0,0.0,0.0,0.0,0.0,0.0,0.0
0.0,0.0,0.0,0.0,0.0,0.0,0.0,0.0
0.0,0.0,0.0,0.0,0.0,0.0,0.0,0.0
0.0,0.0,0.0,0.0,0.0,0.0,0.0,0.0
0.0,0.0,0.0,0.0,0.0,0.0,0.0,0.0
0.0,0.0,0.0,0.0,0.0,0.0,0.0,0.0
0.0,0.0,0.0,0.0,0.0,0.0,0.0,0.0
0.0,0.0,0.0,0.0,0.0,0.0,0.0,0.0
0.0,0.0,0.0,0.0,0.0,0.0,0.0,0.0
0.0,0.0,0.0,0.0,0.0,0.0,0.0,0.0
0.0,0.0,0.0,0.0,0.0,0.0,0.0,0.0
0.0,0.0,0.0,0.0,0.0,0.0,0.0,0.0
0.0,0.0,0.0,0.0,0.0,0.0,0.0,0.0
0.0,0.0,0.0,0.0,0.0,0.0,0.0,0.0
0.0,0.0,0.0,0.0,0.0,0.0,0.0,0.0
0.0,0.0,0.0,0.0,0.0,0.0,0.0,0.0
0.0,0.0,0.0,0.0,0.0,0.0,0.0,0.0
0.0,0.0,0.0,0.0,0.0,0.0,0.0,0.0
0.0,0.0,0.0,0.0,0.0,0.0,0.0,0.0
0.0,0.0,0.0,0.0,0.0,0.0,0.0,0.0
0.0,0.0,0.0,0.0,0.0,0.0,0.0,0.0
0.0,0.0,0.0,0.0,0.0,0.0,0.0,0.0
0.0,0.0,0.0,0.0,0.0,0.0,0.0,0.0
0.0,0.0,0.0,0.0,0.0,0.0,0.0,0.0
0.0,0.0,0.0,0.0,0.0,0.0,0.0,0.0
0.0,0.0,0.0,0.0,0.0,0.0,0.0,0.0
0.0,0.0,0.0,0.0,0.0,0.0,0.0,0.0
0.0,0.0,0.0,0.0,0.0,0.0,0.0,0.0
0.0,0.0,0.0,0.0,0.0,0.0,0.0,0.0
0.0,0.0,0.0,0.0,0.0,0.0,0.0,0.0
0.0,0.0,0.0,0.0,0.0,0.0,0.0,0.0
0.0,0.0,0.0,0.0,0.0,0.0,0.0,0.0
0.0,0.0,0.0,0.0,0.0,0.0,0.0,0.0
0.0,0.0,0.0,0.0,0.0,0.0,0.0,0.0
22.7,22.7,22.7,22.7,22.7,22.7,22.7,22.7
22.7,22.7,22.7,22.7,22.7,22.7,22.7,22.7
22.7,22.7,22.7,22.7,22.7,22.7,22.7,22.7
22.7,22.7,22.7,22.7,22.7,22.7,22.7,22.7
0.0,0.0,0.0,0.0,0.0,0.0,0.0,0.0
0.0,0.0,0.0,0.0,0.0,0.0,0.0,0.0
0.0,0.0,0.0,0.0,0.0,0.0,0.0,0.0
0.0,0.0,0.0,0.0,0.0,0.0,0.0,0.0
83.7,62.2,138.4,60.0,89.0,88.3,109.0,70.7
83.7,62.2,151.6,60.0,88.2,87.9,96.9,70.7
83.7,62.2,151.6,60.0,88.2,87.9,96.9,70.7
83.7,62.2,151.6,60.0,88.2,87.9,96.9,70.7
85.5,63.7,320.4,61.7,92.9,90.2,123.5,72.9
85.5,63.7,170.4,61.7,92.9,90.2,123.5,72.9
85.5,63.7,170.4,61.7,92.9,90.2,123.5,72.9
85.5,63.7,170.4,61.7,92.9,90.2,123.5,72.9
86.8,64.7,173.1,62.8,95.0,91.2,125.3,74.3
86.8,64.7,173.1,62.8,95.0,91.2,125.3,74.3
86.8,64.7,173.1,62.8,95.0,91.2,125.3,74.3
86.8,3360.8,173.1,62.8,95.0,91.2,125.3,74.3
89.9,3363.3,179.7,65.7,100.3,93.8,129.9,77.9
89.9,67.2,179.7,65.7,100.3,93.8,129.9,77.9
89.9,67.2,1024.7,65.7,100.3,93.8,129.9,77.9
89.9,67.2,1074.6,65.7,100.3,93.8,129.9,77.9
91.8,68.7,1028.7,67.4,103.5,95.3,132.7,171.2
91.8,68.7,1028.7,67.4,103.5,95.3,132.7,570.6
91.8,68.7,183.7,67.4,103.5,95.3,132.7,570.6
91.8,68.7,183.7,67.4,103.5,95.3,132.7,479.4
89.9,67.2,179.7,65.7,100.3,149.4,129.9,477.3
89.9,67.2,179.7,65.7,100.3,93.8,129.9,477.3
89.9,67.2,179.7,65.7,100.3,93.8,129.9,477.3
89.9,67.2,179.7,65.7,100.3,93.8,129.9,77.9
90.5,67.7,181.0,66.2,101.4,94.3,130.8,78.7
90.5,67.7,181.0,66.2,101.4,94.3,130.8,78.7
90.5,67.7,181.0,66.2,101.4,94.3,130.8,78.7
90.5,67.7,181.0,66.2,101.4,94.3,130.8,78.7
92.4,69.2,185.0,67.9,104.5,95.8,133.6,80.8
92.4,69.2,185.0,67.9,104.5,95.8,133.6,80.8
92.4,69.2,185.0,67.9,104.5,95.8,133.6,80.8
92.4,69.2,185.0,67.9,104.5,95.8,133.6,80.8
99.2,74.7,199.6,74.1,116.2,101.4,143.7,88.8
99.2,74.7,199.6,74.1,116.2,101.4,143.7,88.8
99.2,74.7,199.6,74.1,116.2,101.4,143.7,88.8
99.2,74.7,199.6,74.1,116.2,101.4,143.7,88.8
110.5,83.8,223.6,84.3,135.3,110.6,160.1,1223.7
110.5,83.8,748.0,84.3,401.9,110.6,160.1,1223.7
110.5,83.8,748.0,84.3,401.9,110.6,160.1,101.7
110.5,83.8,748.0,84.3,401.9,110.6,160.1,101.7
0.0,0.0,0.0,0.0,0.0,0.0,0.0,0.0
0.0,0.0,0.0,0.0,0.0,0.0,0.0,0.0
0.0,0.0,0.0,0.0,0.0,0.0,0.0,0.0
0.0,0.0,0.0,0.0,0.0,0.0,0.0,0.0
0.0,0.0,0.0,0.0,0.0,0.0,0.0,0.0
0.0,0.0,0.0,0.0,0.0,0.0,0.0,0.0
0.0,0.0,0.0,0.0,0.0,0.0,0.0,0.0
0.0,0.0,0.0,0.0,0.0,0.0,0.0,0.0
0.0,0.0,0.0,0.0,0.0,0.0,0.0,0.0
0.0,0.0,0.0,0.0,0.0,0.0,0.0,0.0
0.0,0.0,0.0,0.0,0.0,0.0,0.0,0.0
0.0,0.0,0.0,0.0,0.0,0.0,0.0,0.0
0.0,0.0,0.0,0.0,0.0,0.0,0.0,0.0
0.0,0.0,0.0,0.0,0.0,0.0,0.0,0.0
0.0,0.0,0.0,0.0,0.0,0.0,0.0,0.0
0.0,0.0,0.0,0.0,0.0,0.0,0.0,0.0
0.0,0.0,0.0,0.0,0.0,0.0,0.0,0.0
0.0,0.0,0.0,0.0,0.0,0.0,0.0,0.0
0.0,0.0,0.0,0.0,0.0,0.0,0.0,0.0
0.0,0.0,0.0,0.0,0.0,0.0,0.0,0.0
0.0,0.0,0.0,0.0,0.0,0.0,0.0,0.0
0.0,0.0,0.0,0.0,0.0,0.0,0.0,0.0
0.0,0.0,0.0,0.0,0.0,0.0,0.0,0.0
0.0,0.0,0.0,0.0,0.0,0.0,0.0,0.0
0.0,0.0,0.0,0.0,0.0,0.0,0.0,0.0
0.0,0.0,0.0,0.0,0.0,0.0,0.0,0.0
0.0,0.0,0.0,0.0,0.0,0.0,0.0,0.0
0.0,0.0,0.0,0.0,0.0,0.0,0.0,0.0
0.0,0.0,0.0,0.0,0.0,0.0,0.0,0.0
0.0,0.0,0.0,0.0,0.0,0.0,0.0,0.0
0.0,0.0,0.0,0.0,0.0,0.0,0.0,0.0
0.0,0.0,0.0,0.0,0.0,0.0,0.0,0.0
0.0,0.0,0.0,0.0,0.0,0.0,0.0,0.0
0.0,0.0,0.0,0.0,0.0,0.0,0.0,0.0
0.0,0.0,0.0,0.0,0.0,0.0,0.0,0.0
0.0,0.0,0.0,0.0,0.0,0.0,0.0,0.0
0.0,0.0,0.0,0.0,0.0,0.0,0.0,0.0
0.0,0.0,0.0,0.0,0.0,0.0,0.0,0.0
0.0,0.0,0.0,0.0,0.0,0.0,0.0,0.0
0.0,0.0,0.0,0.0,0.0,0.0,0.0,0.0
0.0,0.0,0.0,0.0,0.0,0.0,0.0,0.0
0.0,0.0,0.0,0.0,0.0,0.0,0.0,0.0
0.0,0.0,0.0,0.0,0.0,0.0,0.0,0.0
0.0,0.0,0.0,0.0,0.0,0.0,0.0,0.0
0.0,0.0,0.0,0.0,0.0,0.0,0.0,0.0
0.0,0.0,0.0,0.0,0.0,0.0,0.0,0.0
0.0,0.0,0.0,0.0,0.0,0.0,0.0,0.0
0.0,0.0,0.0,0.0,0.0,0.0,0.0,0.0
0.0,0.0,0.0,0.0,0.0,0.0,0.0,0.0
0.0,0.0,0.0,0.0,0.0,0.0,0.0,0.0
0.0,0.0,0.0,0.0,0.0,0.0,0.0,0.0
0.0,0.0,0.0,0.0,0.0,0.0,0.0,0.0
0.0,0.0,0.0,0.0,0.0,0.0,0.0,0.0
0.0,0.0,0.0,0.0,0.0,0.0,0.0,0.0
0.0,0.0,0.0,0.0,0.0,0.0,0.0,0.0
0.0,0.0,0.0,0.0,0.0,0.0,0.0,0.0
0.0,0.0,0.0,0.0,0.0,0.0,0.0,0.0
0.0,0.0,0.0,0.0,0.0,0.0,0.0,0.0
0.0,0.0,0.0,0.0,0.0,0.0,0.0,0.0
0.0,0.0,0.0,0.0,0.0,0.0,0.0,0.0
85.5,63.7,170.4,61.7,92.9,90.2,123.5,72.9
85.5,63.7,170.4,61.7,92.9,90.2,123.5,72.9
85.5,63.7,170.4,61.7,92.9,90.2,123.5,72.9
85.5,63.7,170.4,61.7,92.9,90.2,123.5,72.9
86.8,64.7,173.1,62.8,95.0,91.2,125.3,74.3
86.8,64.7,173.1,62.8,95.0,91.2,125.3,74.3
86.8,64.7,173.1,62.8,95.0,91.2,125.3,211.0
86.8,64.7,173.1,62.8,95.0,91.2,125.3,211.0
89.9,67.2,179.7,65.7,100.3,93.8,129.9,77.9
89.9,67.2,179.7,65.7,100.3,93.8,129.9,77.9
89.9,67.2,179.7,65.7,100.3,93.8,129.9,77.9
89.9,67.2,179.7,65.7,100.3,93.8,129.9,77.9
91.8,68.7,183.7,67.4,103.5,95.3,367.6,80.1
91.8,68.7,183.7,78.8,103.5,95.3,367.6,80.1
91.8,68.7,183.7,78.8,218.7,95.3,132.7,80.1
91.8,68.7,183.7,67.4,218.7,95.3,132.7,80.1
89.9,67.2,522.8,65.7,215.5,93.8,129.9,77.9
89.9,67.2,522.8,65.7,100.3,93.8,129.9,77.9
89.9,67.2,522.8,65.7,100.3,93.8,129.9,77.9
89.9,67.2,522.8,65.7,100.3,93.8,129.9,77.9
90.5,67.7,524.1,66.2,101.4,94.3,130.8,78.7
90.5,67.7,524.1,66.2,101.4,94.3,130.8,78.7
90.5,67.7,524.1,66.2,101.4,94.3,130.8,78.7
90.5,67.7,524.1,66.2,101.4,94.3,130.8,78.7
92.4,69.2,528.1,67.9,104.5,95.8,133.6,80.8
92.4,69.2,185.0,67.9,104.5,95.8,133.6,80.8
92.4,69.2,185.0,67.9,104.5,95.8,133.6,80.8
92.4,69.2,185.0,67.9,104.5,95.8,133.6,80.8
99.2,74.7,199.6,74.1,116.2,101.4,143.7,88.8
99.2,74.7,199.6,74.1,116.2,101.4,143.7,88.8
412.8,74.7,199.6,74.1,116.2,101.4,143.7,88.8
412.8,74.7,199.6,74.1,116.2,101.4,143.7,88.8
424.1,83.8,223.6,84.3,520.9,110.6,1197.1,101.7
424.1,83.8,223.6,84.3,520.9,110.6,1197.1,101.7
424.1,83.8,223.6,84.3,520.9,110.6,1197.1,101.7
424.1,700.8,223.6,84.3,520.9,110.6,1197.1,101.7
0.0,0.0,0.0,0.0,0.0,0.0,0.0,0.0
0.0,0.0,0.0,0.0,0.0,0.0,0.0,0.0
0.0,0.0,0.0,0.0,0.0,0.0,0.0,0.0
0.0,0.0,0.0,0.0,0.0,0.0,0.0,0.0
0.0,0.0,0.0,0.0,0.0,0.0,0.0,0.0
0.0,0.0,0.0,0.0,0.0,0.0,0.0,0.0
0.0,0.0,0.0,0.0,0.0,0.0,0.0,0.0
0.0,0.0,0.0,0.0,0.0,0.0,0.0,0.0
0.0,0.0,0.0,0.0,0.0,0.0,0.0,0.0
0.0,0.0,0.0,0.0,0.0,0.0,0.0,0.0
0.0,0.0,0.0,0.0,0.0,0.0,0.0,0.0
0.0,0.0,0.0,0.0,0.0,0.0,0.0,0.0
0.0,0.0,0.0,0.0,0.0,0.0,0.0,0.0
0.0,0.0,0.0,0.0,0.0,0.0,0.0,0.0
0.0,0.0,0.0,0.0,0.0,0.0,0.0,0.0
0.0,0.0,0.0,0.0,0.0,0.0,0.0,0.0
0.0,0.0,0.0,0.0,0.0,0.0,0.0,0.0
0.0,0.0,0.0,0.0,0.0,0.0,0.0,0.0
0.0,0.0,0.0,0.0,0.0,0.0,0.0,0.0
0.0,0.0,0.0,0.0,0.0,0.0,0.0,0.0
0.0,0.0,0.0,0.0,0.0,0.0,0.0,0.0
0.0,0.0,0.0,0.0,0.0,0.0,0.0,0.0
0.0,0.0,0.0,0.0,0.0,0.0,0.0,0.0
0.0,0.0,0.0,0.0,0.0,0.0,0.0,0.0
0.0,0.0,0.0,0.0,0.0,0.0,0.0,0.0
0.0,0.0,0.0,0.0,0.0,0.0,0.0,0.0
0.0,0.0,0.0,0.0,0.0,0.0,0.0,0.0
0.0,0.0,0.0,0.0,0.0,0.0,0.0,0.0
0.0,0.0,0.0,0.0,0.0,0.0,0.0,0.0
0.0,0.0,0.0,0.0,0.0,0.0,0.0,0.0
0.0,0.0,0.0,0.0,0.0,0.0,0.0,0.0
0.0,0.0,0.0,0.0,0.0,0.0,0.0,0.0
0.0,0.0,0.0,0.0,0.0,0.0,0.0,0.0
0.0,0.0,0.0,0.0,0.0,0.0,0.0,0.0
0.0,0.0,0.0,0.0,0.0,0.0,0.0,0.0
0.0,0.0,0.0,0.0,0.0,0.0,0.0,0.0
0.0,0.0,0.0,0.0,0.0,0.0,0.0,0.0
0.0,0.0,0.0,0.0,0.0,0.0,0.0,0.0
0.0,0.0,0.0,0.0,0.0,0.0,0.0,0.0
0.0,0.0,0.0,0.0,0.0,0.0,0.0,0.0
0.0,0.0,0.0,0.0,0.0,0.0,0.0,0.0
0.0,0.0,0.0,0.0,0.0,0.0,0.0,0.0
0.0,0.0,0.0,0.0,0.0,0.0,0.0,0.0
0.0,0.0,0.0,0.0,0.0,0.0,0.0,0.0
0.0,0.0,0.0,0.0,0.0,0.0,0.0,0.0
0.0,0.0,0.0,0.0,0.0,0.0,0.0,0.0
0.0,0.0,0.0,0.0,0.0,0.0,0.0,0.0
0.0,0.0,0.0,0.0,0.0,0.0,0.0,0.0
0.0,0.0,0.0,0.0,0.0,0.0,0.0,0.0
0.0,0.0,0.0,0.0,0.0,0.0,0.0,0.0
0.0,0.0,0.0,0.0,0.0,0.0,0.0,0.0
0.0,0.0,0.0,0.0,0.0,0.0,0.0,0.0
0.0,0.0,0.0,0.0,0.0,0.0,0.0,0.0
0.0,0.0,0.0,0.0,0.0,0.0,0.0,0.0
0.0,0.0,0.0,0.0,0.0,0.0,0.0,0.0
0.0,0.0,0.0,0.0,0.0,0.0,0.0,0.0
83.7,376.2,204.4,60.0,89.7,138.7,138.8,70.7
83.7,62.2,204.4,60.0,89.7,88.7,138.8,70.7
83.7,62.2,166.4,60.0,89.7,88.7,120.8,70.7
83.7,62.2,166.4,60.0,89.7,88.7,120.8,70.7
85.5,63.7,170.4,61.7,92.9,90.2,123.5,72.9
85.5,63.7,170.4,61.7,92.9,90.2,123.5,72.9
85.5,63.7,170.4,61.7,92.9,90.2,123.5,72.9
85.5,63.7,170.4,61.7,92.9,90.2,123.5,72.9
86.8,64.7,173.1,62.8,95.0,91.2,125.3,74.3
86.8,64.7,173.1,62.8,95.0,91.2,125.3,371.9
86.8,64.7,173.1,62.8,95.0,91.2,125.3,371.9
86.8,64.7,223.0,62.8,95.0,91.2,125.3,371.9
89.9,67.2,179.7,65.7,100.3,149.4,129.9,375.5
89.9,67.2,179.7,77.1,100.3,93.8,129.9,375.5
89.9,67.2,179.7,77.1,100.3,93.8,129.9,77.9
89.9,67.2,179.7,65.7,100.3,93.8,129.9,77.9
91.8,68.7,183.7,67.4,103.5,95.3,132.7,80.1
91.8,201.9,115.3,67.4,103.5,95.3,110.5,80.1
91.8,201.9,115.3,67.4,103.5,95.3,110.5,80.1
91.8,68.7,183.7,67.4,103.5,95.3,132.7,80.1
54.7,54.7,54.7,54.7,54.7,54.7,54.7,54.7
54.7,54.7,54.7,54.7,54.7,54.7,54.7,54.7
54.7,54.7,54.7,54.7,54.7,54.7,54.7,54.7
54.7,54.7,54.7,54.7,54.7,54.7,54.7,54.7
42.9,42.9,42.9,42.9,42.9,42.9,42.9,42.9
42.9,42.9,42.9,42.9,42.9,42.9,42.9,42.9
42.9,42.9,42.9,42.9,42.9,42.9,42.9,42.9
42.9,42.9,42.9,42.9,42.9,42.9,42.9,42.9
1116.4,69.2,185.0,67.9,104.5,95.8,133.6,80.8
1116.4,69.2,185.0,67.9,104.5,95.8,133.6,80.8
92.4,69.2,185.0,67.9,104.5,95.8,133.6,80.8
92.4,69.2,185.0,67.9,104.5,95.8,133.6,80.8
17.3,17.3,17.3,17.3,17.3,17.3,17.3,17.3
17.3,17.3,17.3,17.3,17.3,17.3,17.3,17.3
17.3,17.3,17.3,17.3,17.3,17.3,17.3,17.3
17.3,17.3,17.3,17.3,17.3,17.3,17.3,17.3
15.6,15.6,15.6,15.6,15.6,15.6,15.6,15.6
15.6,15.6,15.6,15.6,15.6,15.6,15.6,15.6
15.6,15.6,15.6,15.6,15.6,15.6,15.6,15.6
15.6,15.6,15.6,15.6,15.6,15.6,15.6,15.6
0.0,0.0,0.0,0.0,0.0,0.0,0.0,0.0
0.0,0.0,0.0,0.0,0.0,0.0,0.0,0.0
0.0,0.0,0.0,0.0,0.0,0.0,0.0,0.0
0.0,0.0,0.0,0.0,0.0,0.0,0.0,0.0
0.0,0.0,0.0,0.0,0.0,0.0,0.0,0.0
0.0,0.0,0.0,0.0,0.0,0.0,0.0,0.0
0.0,0.0,0.0,0.0,0.0,0.0,0.0,0.0
0.0,0.0,0.0,0.0,0.0,0.0,0.0,0.0
0.0,0.0,0.0,0.0,0.0,0.0,0.0,0.0
0.0,0.0,0.0,0.0,0.0,0.0,0.0,0.0
0.0,0.0,0.0,0.0,0.0,0.0,0.0,0.0
0.0,0.0,0.0,0.0,0.0,0.0,0.0,0.0
0.0,0.0,0.0,0.0,0.0,0.0,0.0,0.0
0.0,0.0,0.0,0.0,0.0,0.0,0.0,0.0
0.0,0.0,0.0,0.0,0.0,0.0,0.0,0.0
0.0,0.0,0.0,0.0,0.0,0.0,0.0,0.0
0.0,0.0,0.0,0.0,0.0,0.0,0.0,0.0
0.0,0.0,0.0,0.0,0.0,0.0,0.0,0.0
0.0,0.0,0.0,0.0,0.0,0.0,0.0,0.0
0.0,0.0,0.0,0.0,0.0,0.0,0.0,0.0
0.0,0.0,0.0,0.0,0.0,0.0,0.0,0.0
0.0,0.0,0.0,0.0,0.0,0.0,0.0,0.0
0.0,0.0,0.0,0.0,0.0,0.0,0.0,0.0
0.0,0.0,0.0,0.0,0.0,0.0,0.0,0.0
0.0,0.0,0.0,0.0,0.0,0.0,0.0,0.0
0.0,0.0,0.0,0.0,0.0,0.0,0.0,0.0
0.0,0.0,0.0,0.0,0.0,0.0,0.0,0.0
0.0,0.0,0.0,0.0,0.0,0.0,0.0,0.0
0.0,0.0,0.0,0.0,0.0,0.0,0.0,0.0
0.0,0.0,0.0,0.0,0.0,0.0,0.0,0.0
0.0,0.0,0.0,0.0,0.0,0.0,0.0,0.0
0.0,0.0,0.0,0.0,0.0,0.0,0.0,0.0
0.0,0.0,0.0,0.0,0.0,0.0,0.0,0.0
0.0,0.0,0.0,0.0,0.0,0.0,0.0,0.0
0.0,0.0,0.0,0.0,0.0,0.0,0.0,0.0
0.0,0.0,0.0,0.0,0.0,0.0,0.0,0.0
0.0,0.0,0.0,0.0,0.0,0.0,0.0,0.0
0.0,0.0,0.0,0.0,0.0,0.0,0.0,0.0
0.0,0.0,0.0,0.0,0.0,0.0,0.0,0.0
0.0,0.0,0.0,0.0,0.0,0.0,0.0,0.0
0.0,0.0,0.0,0.0,0.0,0.0,0.0,0.0
0.0,0.0,0.0,0.0,0.0,0.0,0.0,0.0
0.0,0.0,0.0,0.0,0.0,0.0,0.0,0.0
0.0,0.0,0.0,0.0,0.0,0.0,0.0,0.0
0.0,0.0,0.0,0.0,0.0,0.0,0.0,0.0
0.0,0.0,0.0,0.0,0.0,0.0,0.0,0.0
0.0,0.0,0.0,0.0,0.0,0.0,0.0,0.0
0.0,0.0,0.0,0.0,0.0,0.0,0.0,0.0
0.0,0.0,0.0,0.0,0.0,0.0,0.0,0.0
0.0,0.0,0.0,0.0,0.0,0.0,0.0,0.0
0.0,0.0,0.0,0.0,0.0,0.0,0.0,0.0
0.0,0.0,0.0,0.0,0.0,0.0,0.0,0.0
0.0,0.0,0.0,0.0,0.0,0.0,0.0,0.0
0.0,0.0,0.0,0.0,0.0,0.0,0.0,0.0
0.0,0.0,0.0,0.0,0.0,0.0,0.0,0.0
0.0,0.0,0.0,0.0,0.0,0.0,0.0,0.0
503.3,62.2,166.4,60.0,89.7,88.7,120.8,70.7
503.3,62.2,166.4,60.0,89.7,88.7,120.8,70.7
83.7,62.2,166.4,60.0,89.7,88.7,120.8,70.7
83.7,62.2,166.4,60.0,89.7,88.7,120.8,70.7
85.5,63.7,170.4,61.7,92.9,90.2,123.5,72.9
85.5,63.7,170.4,61.7,92.9,90.2,123.5,72.9
85.5,63.7,170.4,61.7,92.9,90.2,123.5,72.9
85.5,63.7,170.4,61.7,92.9,90.2,123.5,72.9
86.8,64.7,173.1,62.8,95.0,91.2,125.3,74.3
86.8,64.7,173.1,62.8,95.0,91.2,125.3,74.3
86.8,64.7,173.1,62.8,95.0,91.2,125.3,74.3
86.8,64.7,355.3,62.8,95.0,91.2,125.3,211.0
89.9,67.2,362.0,65.7,100.3,93.8,129.9,214.7
89.9,67.2,362.0,65.7,100.3,149.4,129.9,77.9
89.9,67.2,362.0,65.7,100.3,93.8,129.9,77.9
89.9,67.2,362.0,983.3,100.3,93.8,129.9,77.9
91.8,68.7,366.0,985.0,103.5,95.3,132.7,80.1
91.8,68.7,328.4,746.4,103.5,95.3,488.1,80.1
91.8,68.7,183.7,977.4,103.5,95.3,132.7,80.1
91.8,68.7,183.7,67.4,103.5,95.3,132.7,80.1
89.9,67.2,179.7,65.7,100.3,93.8,129.9,77.9
89.9,67.2,179.7,65.7,100.3,93.8,129.9,77.9
89.9,67.2,179.7,65.7,100.3,93.8,129.9,77.9
89.9,67.2,179.7,65.7,100.3,93.8,129.9,77.9
90.5,67.7,181.0,66.2,101.4,94.3,130.8,78.7
90.5,67.7,181.0,66.2,101.4,94.3,130.8,78.7
90.5,67.7,181.0,66.2,101.4,94.3,130.8,78.7
90.5,67.7,181.0,66.2,101.4,94.3,130.8,78.7
92.4,69.2,185.0,67.9,104.5,95.8,133.6,80.8
92.4,69.2,185.0,67.9,104.5,95.8,133.6,80.8
339.7,69.2,185.0,67.9,104.5,95.8,133.6,80.8
339.7,69.2,185.0,67.9,104.5,95.8,133.6,80.8
346.6,74.7,199.6,74.1,116.2,101.4,143.7,88.8
346.6,74.7,199.6,74.1,116.2,101.4,143.7,88.8
346.6,74.7,199.6,74.1,116.2,101.4,143.7,88.8
346.6,74.7,199.6,74.1,116.2,101.4,143.7,88.8
357.8,83.8,599.6,84.3,135.3,110.6,160.1,101.7
357.8,83.8,223.6,84.3,135.3,110.6,729.5,101.7
357.8,83.8,223.6,84.3,135.3,110.6,729.5,101.7
357.8,83.8,223.6,84.3,135.3,110.6,729.5,101.7
0.0,0.0,0.0,0.0,0.0,0.0,0.0,0.0
0.0,0.0,0.0,0.0,0.0,0.0,0.0,0.0
0.0,0.0,0.0,0.0,0.0,0.0,0.0,0.0
0.0,0.0,0.0,0.0,0.0,0.0,0.0,0.0
0.0,0.0,0.0,0.0,0.0,0.0,0.0,0.0
0.0,0.0,0.0,0.0,0.0,0.0,0.0,0.0
0.0,0.0,0.0,0.0,0.0,0.0,0.0,0.0
0.0,0.0,0.0,0.0,0.0,0.0,0.0,0.0
0.0,0.0,0.0,0.0,0.0,0.0,0.0,0.0
0.0,0.0,0.0,0.0,0.0,0.0,0.0,0.0
0.0,0.0,0.0,0.0,0.0,0.0,0.0,0.0
0.0,0.0,0.0,0.0,0.0,0.0,0.0,0.0
0.0,0.0,0.0,0.0,0.0,0.0,0.0,0.0
0.0,0.0,0.0,0.0,0.0,0.0,0.0,0.0
0.0,0.0,0.0,0.0,0.0,0.0,0.0,0.0
0.0,0.0,0.0,0.0,0.0,0.0,0.0,0.0
0.0,0.0,0.0,0.0,0.0,0.0,0.0,0.0
0.0,0.0,0.0,0.0,0.0,0.0,0.0,0.0
0.0,0.0,0.0,0.0,0.0,0.0,0.0,0.0
0.0,0.0,0.0,0.0,0.0,0.0,0.0,0.0
0.0,0.0,0.0,0.0,0.0,0.0,0.0,0.0
0.0,0.0,0.0,0.0,0.0,0.0,0.0,0.0
0.0,0.0,0.0,0.0,0.0,0.0,0.0,0.0
0.0,0.0,0.0,0.0,0.0,0.0,0.0,0.0
0.0,0.0,0.0,0.0,0.0,0.0,0.0,0.0
0.0,0.0,0.0,0.0,0.0,0.0,0.0,0.0
0.0,0.0,0.0,0.0,0.0,0.0,0.0,0.0
0.0,0.0,0.0,0.0,0.0,0.0,0.0,0.0
0.0,0.0,0.0,0.0,0.0,0.0,0.0,0.0
0.0,0.0,0.0,0.0,0.0,0.0,0.0,0.0
0.0,0.0,0.0,0.0,0.0,0.0,0.0,0.0
0.0,0.0,0.0,0.0,0.0,0.0,0.0,0.0
0.0,0.0,0.0,0.0,0.0,0.0,0.0,0.0
0.0,0.0,0.0,0.0,0.0,0.0,0.0,0.0
0.0,0.0,0.0,0.0,0.0,0.0,0.0,0.0
0.0,0.0,0.0,0.0,0.0,0.0,0.0,0.0
0.0,0.0,0.0,0.0,0.0,0.0,0.0,0.0
0.0,0.0,0.0,0.0,0.0,0.0,0.0,0.0
0.0,0.0,0.0,0.0,0.0,0.0,0.0,0.0
0.0,0.0,0.0,0.0,0.0,0.0,0.0,0.0
0.0,0.0,0.0,0.0,0.0,0.0,0.0,0.0
0.0,0.0,0.0,0.0,0.0,0.0,0.0,0.0
0.0,0.0,0.0,0.0,0.0,0.0,0.0,0.0
0.0,0.0,0.0,0.0,0.0,0.0,0.0,0.0
0.0,0.0,0.0,0.0,0.0,0.0,0.0,0.0
0.0,0.0,0.0,0.0,0.0,0.0,0.0,0.0
0.0,0.0,0.0,0.0,0.0,0.0,0.0,0.0
0.0,0.0,0.0,0.0,0.0,0.0,0.0,0.0
12.3,12.3,12.3,12.3,12.3,12.3,12.3,12.3
12.3,12.3,12.3,12.3,12.3,12.3,12.3,12.3
12.3,12.3,12.3,12.3,12.3,12.3,12.3,12.3
12.3,12.3,12.3,12.3,12.3,12.3,12.3,12.3
25.3,25.3,25.3,25.3,25.3,25.3,25.3,25.3
25.3,25.3,25.3,25.3,25.3,25.3,25.3,25.3
25.3,25.3,25.3,25.3,25.3,25.3,25.3,25.3
25.3,25.3,25.3,25.3,25.3,25.3,25.3,25.3
103.7,62.2,166.4,60.0,89.7,88.7,120.8,70.7
83.7,62.2,166.4,60.0,89.7,88.7,120.8,70.7
83.7,62.2,166.4,60.0,89.7,88.7,120.8,70.7
83.7,62.2,166.4,60.0,89.7,88.7,120.8,70.7
85.5,63.7,170.4,61.7,92.9,90.2,123.5,72.9
85.5,63.7,170.4,61.7,92.9,90.2,123.5,72.9
85.5,63.7,170.4,61.7,92.9,90.2,123.5,72.9
85.5,63.7,170.4,61.7,92.9,90.2,123.5,72.9
86.8,64.7,173.1,62.8,95.0,91.2,125.3,74.3
86.8,64.7,173.1,62.8,95.0,91.2,125.3,74.3
86.8,64.7,173.1,62.8,95.0,91.2,125.3,74.3
383.8,64.7,173.1,62.8,95.0,91.2,125.3,74.3
386.9,171.8,179.7,65.7,100.3,1263.0,129.9,77.9
386.9,171.8,179.7,65.7,215.5,93.8,129.9,77.9
386.9,171.8,179.7,65.7,215.5,93.8,129.9,77.9
1994.9,67.2,179.7,65.7,215.5,93.8,129.9,77.9
925.2,68.7,183.7,67.4,103.5,95.3,1271.4,80.1
925.2,68.7,183.7,67.4,103.5,95.3,1271.4,80.1
925.2,68.7,183.7,67.4,103.5,95.3,1271.4,80.1
2064.0,68.7,183.7,67.4,103.5,95.3,132.7,80.1
704.9,447.1,179.7,65.7,100.3,93.8,129.9,1317.5
1732.1,659.5,179.7,65.7,100.3,93.8,129.9,77.9
456.4,769.9,179.7,65.7,100.3,93.8,129.9,77.9
456.4,67.2,179.7,65.7,100.3,93.8,129.9,77.9
308.2,67.7,155.9,66.2,101.4,94.3,128.3,78.7
308.2,67.7,155.9,66.2,101.4,94.3,128.3,78.7
308.2,67.7,155.9,66.2,101.4,94.3,128.3,78.7
308.2,67.7,155.9,66.2,101.4,94.3,128.3,78.7
287.2,69.2,153.5,67.9,104.5,95.8,128.4,80.8
287.2,69.2,153.5,67.9,104.5,95.8,128.4,80.8
92.4,69.2,185.0,67.9,104.5,95.8,133.6,80.8
92.4,69.2,185.0,67.9,104.5,95.8,133.6,80.8
99.2,74.7,199.6,74.1,116.2,101.4,143.7,88.8
99.2,74.7,199.6,74.1,116.2,101.4,143.7,88.8
99.2,74.7,199.6,74.1,116.2,101.4,143.7,88.8
99.2,74.7,199.6,74.1,116.2,101.4,143.7,88.8
110.5,83.8,223.6,84.3,1000.3,110.6,160.1,101.7
110.5,83.8,223.6,84.3,1000.3,674.6,160.1,101.7
1415.6,83.8,223.6,84.3,735.2,110.6,160.1,101.7
1415.6,83.8,223.6,84.3,735.2,110.6,160.1,101.7
0.0,0.0,0.0,0.0,0.0,0.0,0.0,0.0
0.0,0.0,0.0,0.0,0.0,0.0,0.0,0.0
0.0,0.0,0.0,0.0,0.0,0.0,0.0,0.0
0.0,0.0,0.0,0.0,0.0,0.0,0.0,0.0
0.0,0.0,0.0,0.0,0.0,0.0,0.0,0.0
0.0,0.0,0.0,0.0,0.0,0.0,0.0,0.0
0.0,0.0,0.0,0.0,0.0,0.0,0.0,0.0
0.0,0.0,0.0,0.0,0.0,0.0,0.0,0.0
0.0,0.0,0.0,0.0,0.0,0.0,0.0,0.0
0.0,0.0,0.0,0.0,0.0,0.0,0.0,0.0
0.0,0.0,0.0,0.0,0.0,0.0,0.0,0.0
0.0,0.0,0.0,0.0,0.0,0.0,0.0,0.0
0.0,0.0,0.0,0.0,0.0,0.0,0.0,0.0
0.0,0.0,0.0,0.0,0.0,0.0,0.0,0.0
0.0,0.0,0.0,0.0,0.0,0.0,0.0,0.0
0.0,0.0,0.0,0.0,0.0,0.0,0.0,0.0
0.0,0.0,0.0,0.0,0.0,0.0,0.0,0.0
0.0,0.0,0.0,0.0,0.0,0.0,0.0,0.0
0.0,0.0,0.0,0.0,0.0,0.0,0.0,0.0
0.0,0.0,0.0,0.0,0.0,0.0,0.0,0.0
0.0,0.0,0.0,0.0,0.0,0.0,0.0,0.0
0.0,0.0,0.0,0.0,0.0,0.0,0.0,0.0
0.0,0.0,0.0,0.0,0.0,0.0,0.0,0.0
0.0,0.0,0.0,0.0,0.0,0.0,0.0,0.0
0.0,0.0,0.0,0.0,0.0,0.0,0.0,0.0
0.0,0.0,0.0,0.0,0.0,0.0,0.0,0.0
0.0,0.0,0.0,0.0,0.0,0.0,0.0,0.0
0.0,0.0,0.0,0.0,0.0,0.0,0.0,0.0
0.0,0.0,0.0,0.0,0.0,0.0,0.0,0.0
0.0,0.0,0.0,0.0,0.0,0.0,0.0,0.0
0.0,0.0,0.0,0.0,0.0,0.0,0.0,0.0
0.0,0.0,0.0,0.0,0.0,0.0,0.0,0.0
0.0,0.0,0.0,0.0,0.0,0.0,0.0,0.0
0.0,0.0,0.0,0.0,0.0,0.0,0.0,0.0
0.0,0.0,0.0,0.0,0.0,0.0,0.0,0.0
0.0,0.0,0.0,0.0,0.0,0.0,0.0,0.0
0.0,0.0,0.0,0.0,0.0,0.0,0.0,0.0
0.0,0.0,0.0,0.0,0.0,0.0,0.0,0.0
0.0,0.0,0.0,0.0,0.0,0.0,0.0,0.0
0.0,0.0,0.0,0.0,0.0,0.0,0.0,0.0
0.0,0.0,0.0,0.0,0.0,0.0,0.0,0.0
0.0,0.0,0.0,0.0,0.0,0.0,0.0,0.0
0.0,0.0,0.0,0.0,0.0,0.0,0.0,0.0
0.0,0.0,0.0,0.0,0.0,0.0,0.0,0.0
0.0,0.0,0.0,0.0,0.0,0.0,0.0,0.0
0.0,0.0,0.0,0.0,0.0,0.0,0.0,0.0
0.0,0.0,0.0,0.0,0.0,0.0,0.0,0.0
0.0,0.0,0.0,0.0,0.0,0.0,0.0,0.0
0.0,0.0,0.0,0.0,0.0,0.0,0.0,0.0
0.0,0.0,0.0,0.0,0.0,0.0,0.0,0.0
0.0,0.0,0.0,0.0,0.0,0.0,0.0,0.0
0.0,0.0,0.0,0.0,0.0,0.0,0.0,0.0
0.0,0.0,0.0,0.0,0.0,0.0,0.0,0.0
0.0,0.0,0.0,0.0,0.0,0.0,0.0,0.0
0.0,0.0,0.0,0.0,0.0,0.0,0.0,0.0
0.0,0.0,0.0,0.0,0.0,0.0,0.0,0.0
13.8,13.8,13.8,13.8,13.8,13.8,13.8,13.8
13.8,13.8,13.8,13.8,13.8,13.8,13.8,13.8
13.8,13.8,13.8,13.8,13.8,13.8,13.8,13.8
13.8,13.8,13.8,13.8,13.8,13.8,13.8,13.8
85.5,63.7,562.4,61.7,92.9,90.2,123.5,72.9
85.5,63.7,562.4,61.7,92.9,90.2,123.5,72.9
85.5,63.7,562.4,61.7,92.9,90.2,123.5,72.9
85.5,63.7,1258.4,61.7,92.9,90.2,123.5,72.9
86.8,64.7,1261.1,62.8,95.0,91.2,125.3,74.3
86.8,64.7,1261.1,62.8,95.0,91.2,125.3,74.3
86.8,64.7,1261.1,62.8,95.0,91.2,125.3,74.3
86.8,64.7,2349.1,62.8,95.0,91.2,125.3,74.3
89.9,381.1,2355.7,65.7,100.3,93.8,129.9,77.9
89.9,67.2,2355.7,65.7,100.3,93.8,129.9,77.9
89.9,67.2,1267.7,65.7,100.3,93.8,129.9,77.9
89.9,67.2,1267.7,65.7,100.3,93.8,129.9,77.9
91.8,68.7,183.7,67.4,103.5,95.3,132.7,80.1
91.8,68.7,183.7,67.4,103.5,95.3,602.5,80.1
91.8,68.7,183.7,67.4,103.5,95.3,132.7,80.1
7990.4,68.7,183.7,67.4,103.5,95.3,132.7,80.1
89.9,67.2,179.7,73.3,100.3,93.8,129.9,77.9
89.9,67.2,179.7,73.3,100.3,93.8,129.9,77.9
89.9,67.2,179.7,73.3,100.3,93.8,129.9,77.9
89.9,67.2,179.7,65.7,100.3,93.8,129.9,77.9
90.5,67.7,181.0,66.2,101.4,94.3,130.8,78.7
90.5,67.7,181.0,66.2,101.4,94.3,130.8,78.7
90.5,67.7,181.0,66.2,101.4,94.3,130.8,78.7
90.5,67.7,181.0,66.2,101.4,94.3,130.8,78.7
92.4,69.2,185.0,67.9,104.5,95.8,133.6,80.8
92.4,69.2,185.0,67.9,104.5,95.8,133.6,80.8
92.4,69.2,185.0,67.9,104.5,95.8,133.6,80.8
92.4,69.2,185.0,67.9,104.5,95.8,133.6,80.8
99.2,74.7,199.6,74.1,116.2,101.4,143.7,88.8
99.2,74.7,199.6,74.1,116.2,101.4,143.7,88.8
99.2,74.7,199.6,74.1,116.2,101.4,143.7,88.8
99.2,74.7,199.6,74.1,116.2,101.4,143.7,88.8
110.5,83.8,223.6,84.3,135.3,110.6,160.1,101.7
110.5,83.8,223.6,84.3,135.3,110.6,160.1,101.7
110.5,83.8,223.6,84.3,2175.3,110.6,160.1,101.7
110.5,83.8,304.9,84.3,135.3,110.6,160.1,101.7
0.0,0.0,0.0,0.0,0.0,0.0,0.0,0.0
0.0,0.0,0.0,0.0,0.0,0.0,0.0,0.0
0.0,0.0,0.0,0.0,0.0,0.0,0.0,0.0
0.0,0.0,0.0,0.0,0.0,0.0,0.0,0.0
0.0,0.0,0.0,0.0,0.0,0.0,0.0,0.0
0.0,0.0,0.0,0.0,0.0,0.0,0.0,0.0
0.0,0.0,0.0,0.0,0.0,0.0,0.0,0.0
0.0,0.0,0.0,0.0,0.0,0.0,0.0,0.0
0.0,0.0,0.0,0.0,0.0,0.0,0.0,0.0
0.0,0.0,0.0,0.0,0.0,0.0,0.0,0.0
0.0,0.0,0.0,0.0,0.0,0.0,0.0,0.0
0.0,0.0,0.0,0.0,0.0,0.0,0.0,0.0
0.0,0.0,0.0,0.0,0.0,0.0,0.0,0.0
0.0,0.0,0.0,0.0,0.0,0.0,0.0,0.0
0.0,0.0,0.0,0.0,0.0,0.0,0.0,0.0
0.0,0.0,0.0,0.0,0.0,0.0,0.0,0.0
0.0,0.0,0.0,0.0,0.0,0.0,0.0,0.0
0.0,0.0,0.0,0.0,0.0,0.0,0.0,0.0
0.0,0.0,0.0,0.0,0.0,0.0,0.0,0.0
0.0,0.0,0.0,0.0,0.0,0.0,0.0,0.0
0.0,0.0,0.0,0.0,0.0,0.0,0.0,0.0
0.0,0.0,0.0,0.0,0.0,0.0,0.0,0.0
0.0,0.0,0.0,0.0,0.0,0.0,0.0,0.0
0.0,0.0,0.0,0.0,0.0,0.0,0.0,0.0
0.0,0.0,0.0,0.0,0.0,0.0,0.0,0.0
0.0,0.0,0.0,0.0,0.0,0.0,0.0,0.0
0.0,0.0,0.0,0.0,0.0,0.0,0.0,0.0
0.0,0.0,0.0,0.0,0.0,0.0,0.0,0.0
0.0,0.0,0.0,0.0,0.0,0.0,0.0,0.0
0.0,0.0,0.0,0.0,0.0,0.0,0.0,0.0
0.0,0.0,0.0,0.0,0.0,0.0,0.0,0.0
0.0,0.0,0.0,0.0,0.0,0.0,0.0,0.0
0.0,0.0,0.0,0.0,0.0,0.0,0.0,0.0
0.0,0.0,0.0,0.0,0.0,0.0,0.0,0.0
0.0,0.0,0.0,0.0,0.0,0.0,0.0,0.0
0.0,0.0,0.0,0.0,0.0,0.0,0.0,0.0
0.0,0.0,0.0,0.0,0.0,0.0,0.0,0.0
0.0,0.0,0.0,0.0,0.0,0.0,0.0,0.0
0.0,0.0,0.0,0.0,0.0,0.0,0.0,0.0
0.0,0.0,0.0,0.0,0.0,0.0,0.0,0.0
0.0,0.0,0.0,0.0,0.0,0.0,0.0,0.0
0.0,0.0,0.0,0.0,0.0,0.0,0.0,0.0
0.0,0.0,0.0,0.0,0.0,0.0,0.0,0.0
0.0,0.0,0.0,0.0,0.0,0.0,0.0,0.0
0.0,0.0,0.0,0.0,0.0,0.0,0.0,0.0
0.0,0.0,0.0,0.0,0.0,0.0,0.0,0.0
0.0,0.0,0.0,0.0,0.0,0.0,0.0,0.0
0.0,0.0,0.0,0.0,0.0,0.0,0.0,0.0
32.5,32.5,32.5,32.5,32.5,32.5,32.5,32.5
32.5,32.5,32.5,32.5,32.5,32.5,32.5,32.5
32.5,32.5,32.5,32.5,32.5,32.5,32.5,32.5
32.5,32.5,32.5,32.5,32.5,32.5,32.5,32.5
31.1,31.1,31.1,31.1,31.1,31.1,31.1,31.1
31.1,31.1,31.1,31.1,31.1,31.1,31.1,31.1
31.1,31.1,31.1,31.1,31.1,31.1,31.1,31.1
31.1,31.1,31.1,31.1,31.1,31.1,31.1,31.1
83.7,62.2,166.4,60.0,89.7,88.7,120.8,70.7
83.7,62.2,166.4,60.0,89.7,88.7,120.8,70.7
83.7,62.2,166.4,60.0,89.7,88.7,120.8,70.7
83.7,62.2,166.4,60.0,89.7,88.7,120.8,70.7
85.5,63.7,170.4,61.7,92.9,90.2,123.5,72.9
85.5,63.7,170.4,61.7,92.9,90.2,123.5,72.9
85.5,63.7,170.4,61.7,92.9,90.2,123.5,72.9
85.5,63.7,170.4,61.7,92.9,90.2,123.5,72.9
86.8,64.7,173.1,62.8,95.0,91.2,125.3,74.3
86.8,64.7,173.1,62.8,95.0,91.2,125.3,74.3
86.8,64.7,173.1,62.8,95.0,91.2,125.3,74.3
86.8,64.7,173.1,62.8,95.0,91.2,125.3,74.3
89.9,67.2,179.7,65.7,100.3,93.8,129.9,77.9
89.9,67.2,179.7,65.7,100.3,93.8,129.9,77.9
89.9,67.2,643.7,65.7,100.3,121.6,129.9,77.9
89.9,67.2,643.7,65.7,100.3,121.6,129.9,77.9
427.1,68.7,647.7,67.4,103.5,95.3,367.6,80.1
427.1,68.7,647.7,67.4,103.5,95.3,367.6,80.1
91.8,68.7,647.7,67.4,103.5,95.3,132.7,80.1
91.8,68.7,647.7,67.4,103.5,95.3,132.7,80.1
89.9,67.2,643.7,73.3,100.3,93.8,129.9,77.9
89.9,67.2,179.7,73.3,100.3,93.8,129.9,77.9
89.9,67.2,179.7,73.3,100.3,93.8,129.9,77.9
89.9,67.2,179.7,65.7,100.3,93.8,129.9,77.9
90.5,67.7,181.0,66.2,101.4,94.3,130.8,78.7
90.5,67.7,181.0,66.2,101.4,94.3,130.8,78.7
90.5,67.7,181.0,66.2,101.4,94.3,130.8,78.7
90.5,67.7,181.0,66.2,101.4,94.3,130.8,78.7
92.4,69.2,185.0,67.9,104.5,95.8,133.6,80.8
92.4,69.2,185.0,67.9,104.5,95.8,133.6,80.8
92.4,69.2,185.0,67.9,104.5,95.8,133.6,80.8
92.4,69.2,185.0,67.9,104.5,95.8,133.6,80.8
52.4,52.4,52.4,52.4,52.4,52.4,52.4,52.4
52.4,52.4,52.4,52.4,52.4,52.4,52.4,52.4
52.4,52.4,52.4,52.4,52.4,52.4,52.4,52.4
52.4,52.4,52.4,52.4,52.4,52.4,52.4,52.4
34.0,34.0,34.0,34.0,34.0,34.0,34.0,34.0
34.0,34.0,34.0,34.0,34.0,34.0,34.0,34.0
34.0,34.0,34.0,34.0,34.0,34.0,34.0,34.0
34.0,34.0,34.0,34.0,34.0,34.0,34.0,34.0
0.0,0.0,0.0,0.0,0.0,0.0,0.0,0.0
0.0,0.0,0.0,0.0,0.0,0.0,0.0,0.0
0.0,0.0,0.0,0.0,0.0,0.0,0.0,0.0
0.0,0.0,0.0,0.0,0.0,0.0,0.0,0.0
0.0,0.0,0.0,0.0,0.0,0.0,0.0,0.0
0.0,0.0,0.0,0.0,0.0,0.0,0.0,0.0
0.0,0.0,0.0,0.0,0.0,0.0,0.0,0.0
0.0,0.0,0.0,0.0,0.0,0.0,0.0,0.0
0.0,0.0,0.0,0.0,0.0,0.0,0.0,0.0
0.0,0.0,0.0,0.0,0.0,0.0,0.0,0.0
0.0,0.0,0.0,0.0,0.0,0.0,0.0,0.0
0.0,0.0,0.0,0.0,0.0,0.0,0.0,0.0
0.0,0.0,0.0,0.0,0.0,0.0,0.0,0.0
0.0,0.0,0.0,0.0,0.0,0.0,0.0,0.0
0.0,0.0,0.0,0.0,0.0,0.0,0.0,0.0
0.0,0.0,0.0,0.0,0.0,0.0,0.0,0.0
0.0,0.0,0.0,0.0,0.0,0.0,0.0,0.0
0.0,0.0,0.0,0.0,0.0,0.0,0.0,0.0
0.0,0.0,0.0,0.0,0.0,0.0,0.0,0.0
0.0,0.0,0.0,0.0,0.0,0.0,0.0,0.0
0.0,0.0,0.0,0.0,0.0,0.0,0.0,0.0
0.0,0.0,0.0,0.0,0.0,0.0,0.0,0.0
0.0,0.0,0.0,0.0,0.0,0.0,0.0,0.0
0.0,0.0,0.0,0.0,0.0,0.0,0.0,0.0
0.0,0.0,0.0,0.0,0.0,0.0,0.0,0.0
0.0,0.0,0.0,0.0,0.0,0.0,0.0,0.0
0.0,0.0,0.0,0.0,0.0,0.0,0.0,0.0
0.0,0.0,0.0,0.0,0.0,0.0,0.0,0.0
0.0,0.0,0.0,0.0,0.0,0.0,0.0,0.0
0.0,0.0,0.0,0.0,0.0,0.0,0.0,0.0
0.0,0.0,0.0,0.0,0.0,0.0,0.0,0.0
0.0,0.0,0.0,0.0,0.0,0.0,0.0,0.0
0.0,0.0,0.0,0.0,0.0,0.0,0.0,0.0
0.0,0.0,0.0,0.0,0.0,0.0,0.0,0.0
0.0,0.0,0.0,0.0,0.0,0.0,0.0,0.0
0.0,0.0,0.0,0.0,0.0,0.0,0.0,0.0
0.0,0.0,0.0,0.0,0.0,0.0,0.0,0.0
0.0,0.0,0.0,0.0,0.0,0.0,0.0,0.0
0.0,0.0,0.0,0.0,0.0,0.0,0.0,0.0
0.0,0.0,0.0,0.0,0.0,0.0,0.0,0.0
0.0,0.0,0.0,0.0,0.0,0.0,0.0,0.0
0.0,0.0,0.0,0.0,0.0,0.0,0.0,0.0
0.0,0.0,0.0,0.0,0.0,0.0,0.0,0.0
0.0,0.0,0.0,0.0,0.0,0.0,0.0,0.0
0.0,0.0,0.0,0.0,0.0,0.0,0.0,0.0
0.0,0.0,0.0,0.0,0.0,0.0,0.0,0.0
0.0,0.0,0.0,0.0,0.0,0.0,0.0,0.0
0.0,0.0,0.0,0.0,0.0,0.0,0.0,0.0
12.9,12.9,12.9,12.9,12.9,12.9,12.9,12.9
12.9,12.9,12.9,12.9,12.9,12.9,12.9,12.9
12.9,12.9,12.9,12.9,12.9,12.9,12.9,12.9
12.9,12.9,12.9,12.9,12.9,12.9,12.9,12.9
24.7,24.7,24.7,24.7,24.7,24.7,24.7,24.7
24.7,24.7,24.7,24.7,24.7,24.7,24.7,24.7
24.7,24.7,24.7,24.7,24.7,24.7,24.7,24.7
24.7,24.7,24.7,24.7,24.7,24.7,24.7,24.7
37.2,37.2,37.2,37.2,37.2,37.2,37.2,37.2
37.2,37.2,37.2,37.2,37.2,37.2,37.2,37.2
37.2,37.2,37.2,37.2,37.2,37.2,37.2,37.2
37.2,37.2,37.2,37.2,37.2,37.2,37.2,37.2
85.5,63.7,170.4,61.7,92.9,90.2,123.5,72.9
85.5,63.7,170.4,61.7,92.9,90.2,123.5,72.9
85.5,63.7,170.4,61.7,92.9,90.2,123.5,72.9
85.5,63.7,170.4,61.7,92.9,90.2,123.5,72.9
86.8,64.7,173.1,62.8,95.0,91.2,125.3,74.3
86.8,64.7,173.1,62.8,95.0,91.2,125.3,74.3
310.4,64.7,173.1,62.8,95.0,91.2,125.3,74.3
310.4,64.7,173.1,62.8,95.0,91.2,125.3,74.3
77.1,76.2,75.8,65.7,74.9,74.9,75.2,77.5
75.0,78.3,77.2,65.7,75.3,75.1,76.0,74.7
79.1,67.2,75.6,76.0,74.9,74.8,75.1,74.7
79.1,67.2,75.6,76.0,74.9,74.8,75.1,74.7
53.7,53.7,53.7,53.7,53.7,53.7,53.7,53.7
53.7,53.7,53.7,53.7,53.7,53.7,53.7,53.7
53.7,53.7,53.7,53.7,53.7,53.7,53.7,53.7
53.7,53.7,53.7,53.7,53.7,53.7,53.7,53.7
185.4,67.2,179.9,65.7,100.3,93.8,113.5,77.9
185.4,67.2,179.9,65.7,100.3,93.8,113.5,77.9
186.8,67.2,178.5,65.7,100.3,93.8,113.6,77.9
186.8,67.2,178.5,65.7,100.3,93.8,113.6,77.9
41.2,41.2,41.2,41.2,41.2,41.2,41.2,41.2
41.2,41.2,41.2,41.2,41.2,41.2,41.2,41.2
41.2,41.2,41.2,41.2,41.2,41.2,41.2,41.2
41.2,41.2,41.2,41.2,41.2,41.2,41.2,41.2
29.4,29.4,29.4,29.4,29.4,29.4,29.4,29.4
29.4,29.4,29.4,29.4,29.4,29.4,29.4,29.4
29.4,29.4,29.4,29.4,29.4,29.4,29.4,29.4
29.4,29.4,29.4,29.4,29.4,29.4,29.4,29.4
141.6,74.7,134.7,189.5,116.2,101.4,125.3,88.8
99.2,74.7,141.3,223.4,116.2,101.4,127.1,88.8
99.2,74.7,141.3,223.4,116.2,101.4,127.1,88.8
99.2,74.7,141.3,223.4,116.2,101.4,127.1,88.8
39.8,39.8,39.8,39.8,39.8,39.8,39.8,39.8
39.8,39.8,39.8,39.8,39.8,39.8,39.8,39.8
39.8,39.8,39.8,39.8,39.8,39.8,39.8,39.8
39.8,39.8,39.8,39.8,39.8,39.8,39.8,39.8
57.0,57.0,57.0,57.0,57.0,57.0,57.0,57.0
57.0,57.0,57.0,57.0,57.0,57.0,57.0,57.0
57.0,57.0,57.0,57.0,57.0,57.0,57.0,57.0
57.0,57.0,57.0,57.0,57.0,57.0,57.0,57.0
0.0,0.0,0.0,0.0,0.0,0.0,0.0,0.0
0.0,0.0,0.0,0.0,0.0,0.0,0.0,0.0
0.0,0.0,0.0,0.0,0.0,0.0,0.0,0.0
0.0,0.0,0.0,0.0,0.0,0.0,0.0,0.0
0.0,0.0,0.0,0.0,0.0,0.0,0.0,0.0
0.0,0.0,0.0,0.0,0.0,0.0,0.0,0.0
0.0,0.0,0.0,0.0,0.0,0.0,0.0,0.0
0.0,0.0,0.0,0.0,0.0,0.0,0.0,0.0
0.0,0.0,0.0,0.0,0.0,0.0,0.0,0.0
0.0,0.0,0.0,0.0,0.0,0.0,0.0,0.0
0.0,0.0,0.0,0.0,0.0,0.0,0.0,0.0
0.0,0.0,0.0,0.0,0.0,0.0,0.0,0.0
0.0,0.0,0.0,0.0,0.0,0.0,0.0,0.0
0.0,0.0,0.0,0.0,0.0,0.0,0.0,0.0
0.0,0.0,0.0,0.0,0.0,0.0,0.0,0.0
0.0,0.0,0.0,0.0,0.0,0.0,0.0,0.0
0.0,0.0,0.0,0.0,0.0,0.0,0.0,0.0
0.0,0.0,0.0,0.0,0.0,0.0,0.0,0.0
0.0,0.0,0.0,0.0,0.0,0.0,0.0,0.0
0.0,0.0,0.0,0.0,0.0,0.0,0.0,0.0
0.0,0.0,0.0,0.0,0.0,0.0,0.0,0.0
0.0,0.0,0.0,0.0,0.0,0.0,0.0,0.0
0.0,0.0,0.0,0.0,0.0,0.0,0.0,0.0
0.0,0.0,0.0,0.0,0.0,0.0,0.0,0.0
0.0,0.0,0.0,0.0,0.0,0.0,0.0,0.0
0.0,0.0,0.0,0.0,0.0,0.0,0.0,0.0
0.0,0.0,0.0,0.0,0.0,0.0,0.0,0.0
0.0,0.0,0.0,0.0,0.0,0.0,0.0,0.0
0.0,0.0,0.0,0.0,0.0,0.0,0.0,0.0
0.0,0.0,0.0,0.0,0.0,0.0,0.0,0.0
0.0,0.0,0.0,0.0,0.0,0.0,0.0,0.0
0.0,0.0,0.0,0.0,0.0,0.0,0.0,0.0
0.0,0.0,0.0,0.0,0.0,0.0,0.0,0.0
0.0,0.0,0.0,0.0,0.0,0.0,0.0,0.0
0.0,0.0,0.0,0.0,0.0,0.0,0.0,0.0
0.0,0.0,0.0,0.0,0.0,0.0,0.0,0.0
0.0,0.0,0.0,0.0,0.0,0.0,0.0,0.0
0.0,0.0,0.0,0.0,0.0,0.0,0.0,0.0
0.0,0.0,0.0,0.0,0.0,0.0,0.0,0.0
0.0,0.0,0.0,0.0,0.0,0.0,0.0,0.0
0.0,0.0,0.0,0.0,0.0,0.0,0.0,0.0
0.0,0.0,0.0,0.0,0.0,0.0,0.0,0.0
0.0,0.0,0.0,0.0,0.0,0.0,0.0,0.0
0.0,0.0,0.0,0.0,0.0,0.0,0.0,0.0
0.0,0.0,0.0,0.0,0.0,0.0,0.0,0.0
0.0,0.0,0.0,0.0,0.0,0.0,0.0,0.0
0.0,0.0,0.0,0.0,0.0,0.0,0.0,0.0
0.0,0.0,0.0,0.0,0.0,0.0,0.0,0.0
0.0,0.0,0.0,0.0,0.0,0.0,0.0,0.0
0.0,0.0,0.0,0.0,0.0,0.0,0.0,0.0
0.0,0.0,0.0,0.0,0.0,0.0,0.0,0.0
0.0,0.0,0.0,0.0,0.0,0.0,0.0,0.0
0.0,0.0,0.0,0.0,0.0,0.0,0.0,0.0
0.0,0.0,0.0,0.0,0.0,0.0,0.0,0.0
0.0,0.0,0.0,0.0,0.0,0.0,0.0,0.0
0.0,0.0,0.0,0.0,0.0,0.0,0.0,0.0
85.5,63.7,170.4,61.7,509.8,90.2,123.5,72.9
85.5,63.7,170.4,61.7,92.9,90.2,123.5,72.9
85.5,63.7,170.4,61.7,92.9,90.2,123.5,72.9
85.5,63.7,170.4,61.7,92.9,90.2,123.5,72.9
86.8,64.7,173.1,62.8,95.0,91.2,125.3,74.3
86.8,64.7,173.1,62.8,95.0,91.2,125.3,74.3
86.8,64.7,173.1,62.8,95.0,91.2,125.3,74.3
86.8,64.7,173.1,62.8,95.0,91.2,125.3,74.3
89.9,67.2,179.7,65.7,100.3,93.8,129.9,77.9
89.9,224.2,179.7,65.7,100.3,93.8,129.9,77.9
89.9,224.2,179.7,65.7,100.3,93.8,129.9,77.9
89.9,67.2,179.7,65.7,100.3,93.8,129.9,77.9
91.8,68.7,183.7,67.4,103.5,95.3,132.7,80.1
91.8,68.7,183.7,75.0,103.5,95.3,132.7,353.5
91.8,68.7,183.7,75.0,103.5,95.3,132.7,80.1
91.8,656.4,183.7,75.0,103.5,95.3,132.7,80.1
89.9,654.9,179.7,65.7,100.3,93.8,129.9,77.9
89.9,654.9,179.7,65.7,100.3,93.8,129.9,77.9
89.9,654.9,179.7,65.7,100.3,93.8,129.9,77.9
89.9,654.9,179.7,65.7,100.3,93.8,129.9,77.9
90.5,655.4,181.0,66.2,101.4,94.3,130.8,78.7
90.5,655.4,181.0,66.2,101.4,94.3,130.8,78.7
90.5,655.4,181.0,66.2,101.4,94.3,130.8,78.7
90.5,655.4,181.0,66.2,101.4,94.3,130.8,78.7
92.4,656.9,185.0,67.9,104.5,95.8,133.6,80.8
92.4,656.9,185.0,67.9,104.5,95.8,133.6,80.8
92.4,656.9,185.0,67.9,104.5,95.8,133.6,80.8
92.4,69.2,185.0,67.9,104.5,95.8,133.6,80.8
99.2,74.7,199.6,74.1,116.2,101.4,143.7,88.8
99.2,74.7,199.6,74.1,116.2,101.4,143.7,88.8
99.2,74.7,199.6,74.1,116.2,101.4,143.7,88.8
99.2,74.7,199.6,74.1,116.2,101.4,143.7,88.8
110.5,83.8,223.6,84.3,135.3,110.6,160.1,101.7
110.5,83.8,223.6,84.3,135.3,110.6,160.1,101.7
110.5,83.8,403.6,84.3,135.3,110.6,160.1,101.7
110.5,83.8,403.6,84.3,135.3,248.0,160.1,101.7
62.3,62.3,62.3,62.3,62.3,62.3,62.3,62.3
62.3,62.3,62.3,62.3,62.3,62.3,62.3,62.3
62.3,62.3,62.3,62.3,62.3,62.3,62.3,62.3
62.3,62.3,62.3,62.3,62.3,62.3,62.3,62.3
0.0,0.0,0.0,0.0,0.0,0.0,0.0,0.0
0.0,0.0,0.0,0.0,0.0,0.0,0.0,0.0
0.0,0.0,0.0,0.0,0.0,0.0,0.0,0.0
0.0,0.0,0.0,0.0,0.0,0.0,0.0,0.0
0.0,0.0,0.0,0.0,0.0,0.0,0.0,0.0
0.0,0.0,0.0,0.0,0.0,0.0,0.0,0.0
0.0,0.0,0.0,0.0,0.0,0.0,0.0,0.0
0.0,0.0,0.0,0.0,0.0,0.0,0.0,0.0
0.0,0.0,0.0,0.0,0.0,0.0,0.0,0.0
0.0,0.0,0.0,0.0,0.0,0.0,0.0,0.0
0.0,0.0,0.0,0.0,0.0,0.0,0.0,0.0
0.0,0.0,0.0,0.0,0.0,0.0,0.0,0.0
0.0,0.0,0.0,0.0,0.0,0.0,0.0,0.0
0.0,0.0,0.0,0.0,0.0,0.0,0.0,0.0
0.0,0.0,0.0,0.0,0.0,0.0,0.0,0.0
0.0,0.0,0.0,0.0,0.0,0.0,0.0,0.0
0.0,0.0,0.0,0.0,0.0,0.0,0.0,0.0
0.0,0.0,0.0,0.0,0.0,0.0,0.0,0.0
0.0,0.0,0.0,0.0,0.0,0.0,0.0,0.0
0.0,0.0,0.0,0.0,0.0,0.0,0.0,0.0
0.0,0.0,0.0,0.0,0.0,0.0,0.0,0.0
0.0,0.0,0.0,0.0,0.0,0.0,0.0,0.0
0.0,0.0,0.0,0.0,0.0,0.0,0.0,0.0
0.0,0.0,0.0,0.0,0.0,0.0,0.0,0.0
0.0,0.0,0.0,0.0,0.0,0.0,0.0,0.0
0.0,0.0,0.0,0.0,0.0,0.0,0.0,0.0
0.0,0.0,0.0,0.0,0.0,0.0,0.0,0.0
0.0,0.0,0.0,0.0,0.0,0.0,0.0,0.0
0.0,0.0,0.0,0.0,0.0,0.0,0.0,0.0
0.0,0.0,0.0,0.0,0.0,0.0,0.0,0.0
0.0,0.0,0.0,0.0,0.0,0.0,0.0,0.0
0.0,0.0,0.0,0.0,0.0,0.0,0.0,0.0
0.0,0.0,0.0,0.0,0.0,0.0,0.0,0.0
0.0,0.0,0.0,0.0,0.0,0.0,0.0,0.0
0.0,0.0,0.0,0.0,0.0,0.0,0.0,0.0
0.0,0.0,0.0,0.0,0.0,0.0,0.0,0.0
0.0,0.0,0.0,0.0,0.0,0.0,0.0,0.0
0.0,0.0,0.0,0.0,0.0,0.0,0.0,0.0
0.0,0.0,0.0,0.0,0.0,0.0,0.0,0.0
0.0,0.0,0.0,0.0,0.0,0.0,0.0,0.0
0.0,0.0,0.0,0.0,0.0,0.0,0.0,0.0
0.0,0.0,0.0,0.0,0.0,0.0,0.0,0.0
0.0,0.0,0.0,0.0,0.0,0.0,0.0,0.0
0.0,0.0,0.0,0.0,0.0,0.0,0.0,0.0
0.0,0.0,0.0,0.0,0.0,0.0,0.0,0.0
0.0,0.0,0.0,0.0,0.0,0.0,0.0,0.0
0.0,0.0,0.0,0.0,0.0,0.0,0.0,0.0
0.0,0.0,0.0,0.0,0.0,0.0,0.0,0.0
0.0,0.0,0.0,0.0,0.0,0.0,0.0,0.0
0.0,0.0,0.0,0.0,0.0,0.0,0.0,0.0
0.0,0.0,0.0,0.0,0.0,0.0,0.0,0.0
0.0,0.0,0.0,0.0,0.0,0.0,0.0,0.0
3.8,3.8,3.8,3.8,3.8,3.8,3.8,3.8
3.8,3.8,3.8,3.8,3.8,3.8,3.8,3.8
3.8,3.8,3.8,3.8,3.8,3.8,3.8,3.8
3.8,3.8,3.8,3.8,3.8,3.8,3.8,3.8
85.5,63.7,170.4,61.7,92.9,90.2,123.5,72.9
85.5,63.7,170.4,61.7,92.9,90.2,123.5,72.9
85.5,63.7,170.4,61.7,92.9,90.2,123.5,72.9
85.5,63.7,170.4,61.7,92.9,90.2,123.5,72.9
86.8,64.7,173.1,62.8,95.0,91.2,125.3,74.3
86.8,64.7,173.1,62.8,95.0,91.2,125.3,74.3
86.8,64.7,173.1,62.8,95.0,91.2,125.3,74.3
86.8,64.7,173.1,62.8,95.0,91.2,125.3,165.5
425.3,67.2,179.7,65.7,100.3,93.8,129.9,169.1
425.3,67.2,179.7,65.7,100.3,93.8,129.9,169.1
89.9,67.2,179.7,65.7,100.3,678.4,129.9,77.9
89.9,67.2,179.7,65.7,100.3,678.4,3418.7,77.9
91.8,68.7,183.7,67.4,103.5,95.3,3421.4,80.1
91.8,68.7,200.3,67.4,103.5,95.3,3421.4,80.1
91.8,68.7,200.3,574.6,103.5,95.3,132.7,80.1
395.1,68.7,692.3,574.6,103.5,95.3,460.2,80.1
393.2,67.2,671.7,572.9,100.3,93.8,457.5,77.9
393.2,67.2,671.7,572.9,100.3,93.8,457.5,77.9
393.2,67.2,671.7,572.9,100.3,93.8,457.5,77.9
393.2,67.2,671.7,572.9,100.3,93.8,457.5,77.9
393.8,67.7,673.0,573.5,101.4,94.3,458.4,78.7
393.8,67.7,673.0,573.5,101.4,94.3,458.4,78.7
393.8,67.7,673.0,573.5,101.4,94.3,458.4,78.7
393.8,67.7,673.0,573.5,101.4,94.3,458.4,78.7
395.7,69.2,677.0,575.2,104.5,95.8,133.6,80.8
395.7,69.2,677.0,67.9,104.5,95.8,133.6,80.8
395.7,69.2,677.0,67.9,104.5,95.8,133.6,80.8
92.4,69.2,185.0,67.9,104.5,95.8,133.6,80.8
99.2,74.7,199.6,74.1,116.2,101.4,143.7,88.8
99.2,74.7,199.6,74.1,116.2,101.4,143.7,88.8
99.2,74.7,199.6,74.1,116.2,101.4,143.7,88.8
99.2,74.7,199.6,74.1,116.2,101.4,143.7,88.8
110.5,83.8,223.6,84.3,135.3,110.6,160.1,320.1
110.5,83.8,223.6,84.3,135.3,110.6,160.1,320.1
110.5,1218.5,223.6,84.3,135.3,110.6,160.1,320.1
110.5,1218.5,315.6,84.3,135.3,110.6,160.1,320.1
80.6,80.6,80.6,80.6,80.6,80.6,80.6,80.6
80.6,80.6,80.6,80.6,80.6,80.6,80.6,80.6
80.6,80.6,80.6,80.6,80.6,80.6,80.6,80.6
80.6,80.6,80.6,80.6,80.6,80.6,80.6,80.6
0.0,0.0,0.0,0.0,0.0,0.0,0.0,0.0
0.0,0.0,0.0,0.0,0.0,0.0,0.0,0.0
0.0,0.0,0.0,0.0,0.0,0.0,0.0,0.0
0.0,0.0,0.0,0.0,0.0,0.0,0.0,0.0
0.0,0.0,0.0,0.0,0.0,0.0,0.0,0.0
0.0,0.0,0.0,0.0,0.0,0.0,0.0,0.0
0.0,0.0,0.0,0.0,0.0,0.0,0.0,0.0
0.0,0.0,0.0,0.0,0.0,0.0,0.0,0.0
0.0,0.0,0.0,0.0,0.0,0.0,0.0,0.0
0.0,0.0,0.0,0.0,0.0,0.0,0.0,0.0
0.0,0.0,0.0,0.0,0.0,0.0,0.0,0.0
0.0,0.0,0.0,0.0,0.0,0.0,0.0,0.0
0.0,0.0,0.0,0.0,0.0,0.0,0.0,0.0
0.0,0.0,0.0,0.0,0.0,0.0,0.0,0.0
0.0,0.0,0.0,0.0,0.0,0.0,0.0,0.0
0.0,0.0,0.0,0.0,0.0,0.0,0.0,0.0
0.0,0.0,0.0,0.0,0.0,0.0,0.0,0.0
0.0,0.0,0.0,0.0,0.0,0.0,0.0,0.0
0.0,0.0,0.0,0.0,0.0,0.0,0.0,0.0
0.0,0.0,0.0,0.0,0.0,0.0,0.0,0.0
0.0,0.0,0.0,0.0,0.0,0.0,0.0,0.0
0.0,0.0,0.0,0.0,0.0,0.0,0.0,0.0
0.0,0.0,0.0,0.0,0.0,0.0,0.0,0.0
0.0,0.0,0.0,0.0,0.0,0.0,0.0,0.0
0.0,0.0,0.0,0.0,0.0,0.0,0.0,0.0
0.0,0.0,0.0,0.0,0.0,0.0,0.0,0.0
0.0,0.0,0.0,0.0,0.0,0.0,0.0,0.0
0.0,0.0,0.0,0.0,0.0,0.0,0.0,0.0
0.0,0.0,0.0,0.0,0.0,0.0,0.0,0.0
0.0,0.0,0.0,0.0,0.0,0.0,0.0,0.0
0.0,0.0,0.0,0.0,0.0,0.0,0.0,0.0
0.0,0.0,0.0,0.0,0.0,0.0,0.0,0.0
0.0,0.0,0.0,0.0,0.0,0.0,0.0,0.0
0.0,0.0,0.0,0.0,0.0,0.0,0.0,0.0
0.0,0.0,0.0,0.0,0.0,0.0,0.0,0.0
0.0,0.0,0.0,0.0,0.0,0.0,0.0,0.0
0.0,0.0,0.0,0.0,0.0,0.0,0.0,0.0
0.0,0.0,0.0,0.0,0.0,0.0,0.0,0.0
0.0,0.0,0.0,0.0,0.0,0.0,0.0,0.0
0.0,0.0,0.0,0.0,0.0,0.0,0.0,0.0
0.0,0.0,0.0,0.0,0.0,0.0,0.0,0.0
0.0,0.0,0.0,0.0,0.0,0.0,0.0,0.0
0.0,0.0,0.0,0.0,0.0,0.0,0.0,0.0
0.0,0.0,0.0,0.0,0.0,0.0,0.0,0.0
0.0,0.0,0.0,0.0,0.0,0.0,0.0,0.0
0.0,0.0,0.0,0.0,0.0,0.0,0.0,0.0
0.0,0.0,0.0,0.0,0.0,0.0,0.0,0.0
0.0,0.0,0.0,0.0,0.0,0.0,0.0,0.0
0.0,0.0,0.0,0.0,0.0,0.0,0.0,0.0
0.0,0.0,0.0,0.0,0.0,0.0,0.0,0.0
0.0,0.0,0.0,0.0,0.0,0.0,0.0,0.0
0.0,0.0,0.0,0.0,0.0,0.0,0.0,0.0
0.0,0.0,0.0,0.0,0.0,0.0,0.0,0.0
0.0,0.0,0.0,0.0,0.0,0.0,0.0,0.0
0.0,0.0,0.0,0.0,0.0,0.0,0.0,0.0
0.0,0.0,0.0,0.0,0.0,0.0,0.0,0.0
85.5,63.7,170.4,61.7,92.9,90.2,123.5,72.9
85.5,63.7,170.4,61.7,92.9,90.2,123.5,72.9
85.5,63.7,170.4,61.7,92.9,90.2,123.5,72.9
85.5,63.7,170.4,61.7,92.9,90.2,123.5,72.9
86.8,64.7,173.1,62.8,95.0,91.2,125.3,74.3
86.8,64.7,173.1,62.8,95.0,91.2,125.3,74.3
86.8,64.7,173.1,62.8,95.0,91.2,125.3,74.3
86.8,64.7,173.1,62.8,95.0,91.2,125.3,74.3
89.9,67.2,179.7,65.7,446.0,93.8,129.9,77.9
425.3,67.2,179.7,65.7,100.3,93.8,129.9,77.9
425.3,67.2,179.7,65.7,100.3,93.8,129.9,77.9
89.9,67.2,179.7,65.7,100.3,93.8,129.9,77.9
91.8,68.7,183.7,67.4,103.5,95.3,132.7,80.1
91.8,68.7,183.7,566.8,103.5,95.3,132.7,80.1
91.8,68.7,183.7,566.8,103.5,95.3,132.7,80.1
91.8,225.7,183.7,566.8,103.5,95.3,132.7,80.1
89.9,224.2,179.7,565.1,100.3,93.8,129.9,351.4
89.9,67.2,179.7,565.1,100.3,93.8,129.9,77.9
89.9,67.2,179.7,565.1,100.3,93.8,129.9,77.9
89.9,67.2,179.7,565.1,100.3,93.8,129.9,77.9
90.5,67.7,181.0,66.2,101.4,94.3,130.8,78.7
90.5,67.7,181.0,66.2,101.4,94.3,130.8,78.7
90.5,67.7,181.0,66.2,101.4,94.3,130.8,78.7
90.5,67.7,181.0,66.2,101.4,94.3,130.8,78.7
92.4,69.2,185.0,67.9,104.5,95.8,133.6,80.8
92.4,69.2,185.0,67.9,104.5,95.8,133.6,80.8
92.4,368.5,185.0,67.9,104.5,95.8,133.6,80.8
92.4,368.5,185.0,67.9,104.5,95.8,133.6,80.8
99.2,374.1,199.6,74.1,116.2,101.4,143.7,88.8
99.2,374.1,199.6,74.1,116.2,101.4,143.7,88.8
99.2,374.1,199.6,74.1,116.2,101.4,143.7,88.8
99.2,374.1,199.6,74.1,116.2,101.4,143.7,88.8
110.5,83.8,223.6,84.3,135.3,110.6,160.1,101.7
110.5,83.8,223.6,84.3,135.3,110.6,160.1,101.7
110.5,83.8,223.6,84.3,135.3,110.6,160.1,770.6
1037.1,83.8,223.6,84.3,135.3,110.6,160.1,770.6
64.6,64.6,64.6,64.6,64.6,64.6,64.6,64.6
64.6,64.6,64.6,64.6,64.6,64.6,64.6,64.6
64.6,64.6,64.6,64.6,64.6,64.6,64.6,64.6
64.6,64.6,64.6,64.6,64.6,64.6,64.6,64.6
0.0,0.0,0.0,0.0,0.0,0.0,0.0,0.0
0.0,0.0,0.0,0.0,0.0,0.0,0.0,0.0
0.0,0.0,0.0,0.0,0.0,0.0,0.0,0.0
0.0,0.0,0.0,0.0,0.0,0.0,0.0,0.0
0.0,0.0,0.0,0.0,0.0,0.0,0.0,0.0
0.0,0.0,0.0,0.0,0.0,0.0,0.0,0.0
0.0,0.0,0.0,0.0,0.0,0.0,0.0,0.0
0.0,0.0,0.0,0.0,0.0,0.0,0.0,0.0
0.0,0.0,0.0,0.0,0.0,0.0,0.0,0.0
0.0,0.0,0.0,0.0,0.0,0.0,0.0,0.0
0.0,0.0,0.0,0.0,0.0,0.0,0.0,0.0
0.0,0.0,0.0,0.0,0.0,0.0,0.0,0.0
0.0,0.0,0.0,0.0,0.0,0.0,0.0,0.0
0.0,0.0,0.0,0.0,0.0,0.0,0.0,0.0
0.0,0.0,0.0,0.0,0.0,0.0,0.0,0.0
0.0,0.0,0.0,0.0,0.0,0.0,0.0,0.0
0.0,0.0,0.0,0.0,0.0,0.0,0.0,0.0
0.0,0.0,0.0,0.0,0.0,0.0,0.0,0.0
0.0,0.0,0.0,0.0,0.0,0.0,0.0,0.0
0.0,0.0,0.0,0.0,0.0,0.0,0.0,0.0
0.0,0.0,0.0,0.0,0.0,0.0,0.0,0.0
0.0,0.0,0.0,0.0,0.0,0.0,0.0,0.0
0.0,0.0,0.0,0.0,0.0,0.0,0.0,0.0
0.0,0.0,0.0,0.0,0.0,0.0,0.0,0.0
0.0,0.0,0.0,0.0,0.0,0.0,0.0,0.0
0.0,0.0,0.0,0.0,0.0,0.0,0.0,0.0
0.0,0.0,0.0,0.0,0.0,0.0,0.0,0.0
0.0,0.0,0.0,0.0,0.0,0.0,0.0,0.0
0.0,0.0,0.0,0.0,0.0,0.0,0.0,0.0
0.0,0.0,0.0,0.0,0.0,0.0,0.0,0.0
0.0,0.0,0.0,0.0,0.0,0.0,0.0,0.0
0.0,0.0,0.0,0.0,0.0,0.0,0.0,0.0
0.0,0.0,0.0,0.0,0.0,0.0,0.0,0.0
0.0,0.0,0.0,0.0,0.0,0.0,0.0,0.0
0.0,0.0,0.0,0.0,0.0,0.0,0.0,0.0
0.0,0.0,0.0,0.0,0.0,0.0,0.0,0.0
0.0,0.0,0.0,0.0,0.0,0.0,0.0,0.0
0.0,0.0,0.0,0.0,0.0,0.0,0.0,0.0
0.0,0.0,0.0,0.0,0.0,0.0,0.0,0.0
0.0,0.0,0.0,0.0,0.0,0.0,0.0,0.0
0.0,0.0,0.0,0.0,0.0,0.0,0.0,0.0
0.0,0.0,0.0,0.0,0.0,0.0,0.0,0.0
0.0,0.0,0.0,0.0,0.0,0.0,0.0,0.0
0.0,0.0,0.0,0.0,0.0,0.0,0.0,0.0
0.0,0.0,0.0,0.0,0.0,0.0,0.0,0.0
0.0,0.0,0.0,0.0,0.0,0.0,0.0,0.0
0.0,0.0,0.0,0.0,0.0,0.0,0.0,0.0
0.0,0.0,0.0,0.0,0.0,0.0,0.0,0.0
0.0,0.0,0.0,0.0,0.0,0.0,0.0,0.0
0.0,0.0,0.0,0.0,0.0,0.0,0.0,0.0
0.0,0.0,0.0,0.0,0.0,0.0,0.0,0.0
0.0,0.0,0.0,0.0,0.0,0.0,0.0,0.0
20.0,20.0,20.0,20.0,20.0,20.0,20.0,20.0
20.0,20.0,20.0,20.0,20.0,20.0,20.0,20.0
20.0,20.0,20.0,20.0,20.0,20.0,20.0,20.0
20.0,20.0,20.0,20.0,20.0,20.0,20.0,20.0
85.5,63.7,170.4,61.7,92.9,90.2,123.5,72.9
85.5,63.7,170.4,61.7,92.9,90.2,123.5,72.9
85.5,63.7,170.4,61.7,92.9,90.2,123.5,72.9
85.5,63.7,170.4,61.7,92.9,90.2,123.5,72.9
86.8,64.7,173.1,62.8,95.0,91.2,125.3,74.3
86.8,64.7,173.1,62.8,95.0,91.2,125.3,74.3
86.8,64.7,173.1,62.8,95.0,91.2,125.3,74.3
86.8,64.7,173.1,62.8,95.0,91.2,125.3,74.3
89.9,67.2,179.7,65.7,100.3,93.8,129.9,77.9
89.9,67.2,179.7,65.7,215.5,93.8,129.9,169.1
89.9,67.2,179.7,65.7,215.5,93.8,129.9,169.1
89.9,67.2,179.7,65.7,215.5,93.8,129.9,169.1
91.8,68.7,183.7,67.4,103.5,113.9,132.7,80.1
91.8,68.7,183.7,67.4,103.5,113.9,132.7,80.1
91.8,68.7,183.7,67.4,103.5,113.9,132.7,80.1
91.8,225.7,183.7,90.3,103.5,95.3,132.7,80.1
89.9,224.2,179.7,65.7,100.3,93.8,129.9,77.9
89.9,67.2,179.7,65.7,100.3,93.8,129.9,77.9
89.9,67.2,179.7,65.7,100.3,93.8,129.9,77.9
89.9,67.2,179.7,65.7,100.3,93.8,129.9,77.9
90.5,67.7,181.0,66.2,101.4,94.3,130.8,78.7
90.5,67.7,181.0,66.2,101.4,94.3,130.8,78.7
90.5,67.7,181.0,66.2,101.4,94.3,130.8,78.7
90.5,67.7,181.0,66.2,101.4,94.3,130.8,78.7
92.4,69.2,185.0,67.9,104.5,95.8,133.6,80.8
92.4,69.2,185.0,67.9,104.5,95.8,133.6,80.8
92.4,69.2,185.0,67.9,104.5,95.8,133.6,80.8
92.4,69.2,185.0,67.9,104.5,95.8,133.6,80.8
99.2,74.7,199.6,74.1,116.2,101.4,143.7,88.8
99.2,74.7,199.6,74.1,116.2,101.4,143.7,88.8
99.2,74.7,199.6,74.1,116.2,101.4,143.7,88.8
99.2,74.7,199.6,74.1,116.2,101.4,143.7,88.8
3797.5,83.8,223.6,84.3,135.3,110.6,160.1,101.7
110.5,83.8,223.6,84.3,135.3,110.6,160.1,101.7
110.5,83.8,223.6,84.3,135.3,110.6,160.1,101.7
110.5,83.8,223.6,84.3,135.3,110.6,160.1,101.7
110.4,120.5,113.1,93.9,111.1,110.3,111.5,110.2
110.3,119.0,112.6,93.9,110.9,112.7,111.3,110.2
110.3,119.0,112.6,93.9,110.9,112.7,111.3,110.2
110.3,119.0,112.6,93.9,110.9,112.7,111.3,110.2
0.0,0.0,0.0,0.0,0.0,0.0,0.0,0.0
0.0,0.0,0.0,0.0,0.0,0.0,0.0,0.0
0.0,0.0,0.0,0.0,0.0,0.0,0.0,0.0
0.0,0.0,0.0,0.0,0.0,0.0,0.0,0.0
0.0,0.0,0.0,0.0,0.0,0.0,0.0,0.0
0.0,0.0,0.0,0.0,0.0,0.0,0.0,0.0
0.0,0.0,0.0,0.0,0.0,0.0,0.0,0.0
0.0,0.0,0.0,0.0,0.0,0.0,0.0,0.0
0.0,0.0,0.0,0.0,0.0,0.0,0.0,0.0
0.0,0.0,0.0,0.0,0.0,0.0,0.0,0.0
0.0,0.0,0.0,0.0,0.0,0.0,0.0,0.0
0.0,0.0,0.0,0.0,0.0,0.0,0.0,0.0
0.0,0.0,0.0,0.0,0.0,0.0,0.0,0.0
0.0,0.0,0.0,0.0,0.0,0.0,0.0,0.0
0.0,0.0,0.0,0.0,0.0,0.0,0.0,0.0
0.0,0.0,0.0,0.0,0.0,0.0,0.0,0.0
0.0,0.0,0.0,0.0,0.0,0.0,0.0,0.0
0.0,0.0,0.0,0.0,0.0,0.0,0.0,0.0
0.0,0.0,0.0,0.0,0.0,0.0,0.0,0.0
0.0,0.0,0.0,0.0,0.0,0.0,0.0,0.0
0.0,0.0,0.0,0.0,0.0,0.0,0.0,0.0
0.0,0.0,0.0,0.0,0.0,0.0,0.0,0.0
0.0,0.0,0.0,0.0,0.0,0.0,0.0,0.0
0.0,0.0,0.0,0.0,0.0,0.0,0.0,0.0
0.0,0.0,0.0,0.0,0.0,0.0,0.0,0.0
0.0,0.0,0.0,0.0,0.0,0.0,0.0,0.0
0.0,0.0,0.0,0.0,0.0,0.0,0.0,0.0
0.0,0.0,0.0,0.0,0.0,0.0,0.0,0.0
0.0,0.0,0.0,0.0,0.0,0.0,0.0,0.0
0.0,0.0,0.0,0.0,0.0,0.0,0.0,0.0
0.0,0.0,0.0,0.0,0.0,0.0,0.0,0.0
0.0,0.0,0.0,0.0,0.0,0.0,0.0,0.0
0.0,0.0,0.0,0.0,0.0,0.0,0.0,0.0
0.0,0.0,0.0,0.0,0.0,0.0,0.0,0.0
0.0,0.0,0.0,0.0,0.0,0.0,0.0,0.0
0.0,0.0,0.0,0.0,0.0,0.0,0.0,0.0
0.0,0.0,0.0,0.0,0.0,0.0,0.0,0.0
0.0,0.0,0.0,0.0,0.0,0.0,0.0,0.0
0.0,0.0,0.0,0.0,0.0,0.0,0.0,0.0
0.0,0.0,0.0,0.0,0.0,0.0,0.0,0.0
0.0,0.0,0.0,0.0,0.0,0.0,0.0,0.0
0.0,0.0,0.0,0.0,0.0,0.0,0.0,0.0
0.0,0.0,0.0,0.0,0.0,0.0,0.0,0.0
0.0,0.0,0.0,0.0,0.0,0.0,0.0,0.0
0.0,0.0,0.0,0.0,0.0,0.0,0.0,0.0
0.0,0.0,0.0,0.0,0.0,0.0,0.0,0.0
0.0,0.0,0.0,0.0,0.0,0.0,0.0,0.0
0.0,0.0,0.0,0.0,0.0,0.0,0.0,0.0
0.0,0.0,0.0,0.0,0.0,0.0,0.0,0.0
0.0,0.0,0.0,0.0,0.0,0.0,0.0,0.0
0.0,0.0,0.0,0.0,0.0,0.0,0.0,0.0
0.0,0.0,0.0,0.0,0.0,0.0,0.0,0.0
67.3,62.2,75.9,60.0,67.5,67.5,68.2,67.0
67.1,62.2,77.6,60.0,67.2,67.2,67.4,67.0
67.1,62.2,77.6,60.0,67.2,67.2,67.4,67.0
67.1,62.2,77.6,60.0,67.2,67.2,67.4,67.0
85.5,63.7,1258.4,61.7,92.9,90.2,123.5,72.9
85.5,63.7,1258.4,61.7,92.9,90.2,123.5,72.9
85.5,63.7,1258.4,61.7,92.9,90.2,123.5,72.9
85.5,63.7,1258.4,61.7,92.9,90.2,123.5,72.9
86.8,64.7,1261.1,62.8,518.1,91.2,125.3,74.3
86.8,64.7,173.1,62.8,518.1,91.2,125.3,74.3
86.8,64.7,173.1,62.8,518.1,91.2,125.3,74.3
86.8,64.7,173.1,62.8,518.1,91.2,125.3,74.3
89.9,67.2,179.7,65.7,523.4,93.8,129.9,214.7
89.9,67.2,179.7,65.7,638.6,93.8,129.9,214.7
89.9,67.2,179.7,65.7,638.6,149.4,129.9,77.9
89.9,67.2,179.7,65.7,638.6,93.8,129.9,77.9
91.8,68.7,183.7,67.4,526.6,95.3,132.7,80.1
91.8,3364.8,183.7,67.4,103.5,95.3,132.7,80.1
91.8,3364.8,183.7,67.4,103.5,95.3,132.7,80.1
726.3,68.7,183.7,67.4,103.5,95.3,132.7,80.1
724.4,67.2,179.7,65.7,100.3,93.8,364.8,77.9
724.4,67.2,179.7,65.7,100.3,93.8,364.8,77.9
724.4,67.2,179.7,65.7,100.3,93.8,129.9,77.9
724.4,67.2,179.7,65.7,100.3,93.8,129.9,77.9
725.0,67.7,181.0,66.2,101.4,94.3,130.8,78.7
725.0,67.7,181.0,66.2,101.4,94.3,130.8,78.7
725.0,67.7,181.0,66.2,101.4,94.3,130.8,78.7
90.5,67.7,181.0,66.2,101.4,94.3,130.8,78.7
92.4,69.2,185.0,67.9,104.5,95.8,133.6,80.8
92.4,69.2,185.0,67.9,104.5,95.8,133.6,80.8
92.4,69.2,185.0,67.9,104.5,95.8,133.6,80.8
92.4,69.2,185.0,67.9,104.5,95.8,133.6,80.8
99.2,74.7,199.6,74.1,116.2,101.4,143.7,88.8
99.2,74.7,199.6,74.1,116.2,101.4,143.7,88.8
99.2,74.7,199.6,74.1,116.2,101.4,143.7,88.8
99.2,74.7,199.6,74.1,116.2,101.4,143.7,88.8
110.5,83.8,223.6,84.3,135.3,110.6,160.1,101.7
110.5,83.8,223.6,84.3,135.3,164.2,160.1,101.7
110.5,584.5,223.6,84.3,135.3,164.2,160.1,101.7
110.5,584.5,223.6,84.3,135.3,164.2,1050.5,101.7
31.6,31.6,31.6,31.6,31.6,31.6,31.6,31.6
31.6,31.6,31.6,31.6,31.6,31.6,31.6,31.6
31.6,31.6,31.6,31.6,31.6,31.6,31.6,31.6
31.6,31.6,31.6,31.6,31.6,31.6,31.6,31.6
0.0,0.0,0.0,0.0,0.0,0.0,0.0,0.0
0.0,0.0,0.0,0.0,0.0,0.0,0.0,0.0
0.0,0.0,0.0,0.0,0.0,0.0,0.0,0.0
0.0,0.0,0.0,0.0,0.0,0.0,0.0,0.0
0.0,0.0,0.0,0.0,0.0,0.0,0.0,0.0
0.0,0.0,0.0,0.0,0.0,0.0,0.0,0.0
0.0,0.0,0.0,0.0,0.0,0.0,0.0,0.0
0.0,0.0,0.0,0.0,0.0,0.0,0.0,0.0
0.0,0.0,0.0,0.0,0.0,0.0,0.0,0.0
0.0,0.0,0.0,0.0,0.0,0.0,0.0,0.0
0.0,0.0,0.0,0.0,0.0,0.0,0.0,0.0
0.0,0.0,0.0,0.0,0.0,0.0,0.0,0.0
0.0,0.0,0.0,0.0,0.0,0.0,0.0,0.0
0.0,0.0,0.0,0.0,0.0,0.0,0.0,0.0
0.0,0.0,0.0,0.0,0.0,0.0,0.0,0.0
0.0,0.0,0.0,0.0,0.0,0.0,0.0,0.0
0.0,0.0,0.0,0.0,0.0,0.0,0.0,0.0
0.0,0.0,0.0,0.0,0.0,0.0,0.0,0.0
0.0,0.0,0.0,0.0,0.0,0.0,0.0,0.0
0.0,0.0,0.0,0.0,0.0,0.0,0.0,0.0
0.0,0.0,0.0,0.0,0.0,0.0,0.0,0.0
0.0,0.0,0.0,0.0,0.0,0.0,0.0,0.0
0.0,0.0,0.0,0.0,0.0,0.0,0.0,0.0
0.0,0.0,0.0,0.0,0.0,0.0,0.0,0.0
0.0,0.0,0.0,0.0,0.0,0.0,0.0,0.0
0.0,0.0,0.0,0.0,0.0,0.0,0.0,0.0
0.0,0.0,0.0,0.0,0.0,0.0,0.0,0.0
0.0,0.0,0.0,0.0,0.0,0.0,0.0,0.0
0.0,0.0,0.0,0.0,0.0,0.0,0.0,0.0
0.0,0.0,0.0,0.0,0.0,0.0,0.0,0.0
0.0,0.0,0.0,0.0,0.0,0.0,0.0,0.0
0.0,0.0,0.0,0.0,0.0,0.0,0.0,0.0
0.0,0.0,0.0,0.0,0.0,0.0,0.0,0.0
0.0,0.0,0.0,0.0,0.0,0.0,0.0,0.0
0.0,0.0,0.0,0.0,0.0,0.0,0.0,0.0
0.0,0.0,0.0,0.0,0.0,0.0,0.0,0.0
0.0,0.0,0.0,0.0,0.0,0.0,0.0,0.0
0.0,0.0,0.0,0.0,0.0,0.0,0.0,0.0
0.0,0.0,0.0,0.0,0.0,0.0,0.0,0.0
0.0,0.0,0.0,0.0,0.0,0.0,0.0,0.0
0.0,0.0,0.0,0.0,0.0,0.0,0.0,0.0
0.0,0.0,0.0,0.0,0.0,0.0,0.0,0.0
0.0,0.0,0.0,0.0,0.0,0.0,0.0,0.0
0.0,0.0,0.0,0.0,0.0,0.0,0.0,0.0
10.2,10.2,10.2,10.2,10.2,10.2,10.2,10.2
10.2,10.2,10.2,10.2,10.2,10.2,10.2,10.2
10.2,10.2,10.2,10.2,10.2,10.2,10.2,10.2
10.2,10.2,10.2,10.2,10.2,10.2,10.2,10.2
82.4,175.2,163.8,58.9,87.6,87.6,118.9,69.3
254.9,61.2,143.1,58.9,87.6,87.6,112.7,69.3
82.4,61.2,207.8,58.9,87.6,87.6,118.9,69.3
82.4,61.2,163.8,58.9,87.6,87.6,118.9,69.3
83.7,62.2,166.4,60.0,89.7,88.7,120.8,70.7
83.7,62.2,166.4,60.0,89.7,88.7,120.8,70.7
83.7,62.2,166.4,60.0,89.7,88.7,120.8,70.7
83.7,62.2,166.4,60.0,89.7,88.7,120.8,70.7
85.5,63.7,170.4,61.7,92.9,90.2,123.5,72.9
85.5,63.7,170.4,61.7,92.9,90.2,123.5,72.9
85.5,63.7,170.4,61.7,92.9,90.2,123.5,72.9
85.5,63.7,170.4,61.7,92.9,90.2,123.5,72.9
86.8,64.7,173.1,62.8,95.0,91.2,125.3,74.3
86.8,64.7,173.1,62.8,95.0,91.2,125.3,74.3
86.8,64.7,173.1,62.8,95.0,91.2,125.3,74.3
86.8,64.7,522.6,62.8,95.0,91.2,125.3,74.3
89.9,67.2,529.3,65.7,100.3,93.8,129.9,169.1
89.9,67.2,529.3,65.7,100.3,93.8,364.8,169.1
89.9,381.1,179.7,65.7,100.3,93.8,364.8,169.1
89.9,67.2,179.7,65.7,100.3,93.8,129.9,77.9
91.8,68.7,183.7,67.4,103.5,95.3,132.7,80.1
91.8,68.7,183.7,67.4,103.5,95.3,132.7,80.1
91.8,68.7,829.3,67.4,218.7,95.3,132.7,80.1
91.8,68.7,829.3,67.4,218.7,95.3,132.7,80.1
89.9,67.2,825.3,65.7,215.5,93.8,129.9,77.9
89.9,67.2,825.3,65.7,100.3,93.8,129.9,77.9
89.9,67.2,825.3,65.7,100.3,93.8,129.9,77.9
89.9,67.2,179.7,65.7,100.3,93.8,129.9,77.9
90.5,67.7,181.0,66.2,101.4,94.3,130.8,78.7
90.5,67.7,181.0,66.2,101.4,94.3,130.8,78.7
90.5,67.7,181.0,66.2,101.4,94.3,130.8,78.7
90.5,67.7,181.0,66.2,101.4,94.3,130.8,78.7
92.4,69.2,185.0,67.9,104.5,95.8,133.6,80.8
92.4,69.2,185.0,67.9,104.5,95.8,133.6,80.8
92.4,69.2,185.0,67.9,104.5,95.8,133.6,80.8
92.4,69.2,185.0,67.9,104.5,95.8,133.6,80.8
99.2,74.7,199.6,74.1,116.2,101.4,143.7,88.8
99.2,74.7,199.6,74.1,116.2,101.4,143.7,88.8
99.2,74.7,199.6,74.1,116.2,101.4,143.7,88.8
99.2,74.7,199.6,74.1,116.2,101.4,143.7,88.8
64.2,64.2,64.2,64.2,64.2,64.2,64.2,64.2
64.2,64.2,64.2,64.2,64.2,64.2,64.2,64.2
64.2,64.2,64.2,64.2,64.2,64.2,64.2,64.2
64.2,64.2,64.2,64.2,64.2,64.2,64.2,64.2
6.0,6.0,6.0,6.0,6.0,6.0,6.0,6.0
6.0,6.0,6.0,6.0,6.0,6.0,6.0,6.0
6.0,6.0,6.0,6.0,6.0,6.0,6.0,6.0
6.0,6.0,6.0,6.0,6.0,6.0,6.0,6.0
0.0,0.0,0.0,0.0,0.0,0.0,0.0,0.0
0.0,0.0,0.0,0.0,0.0,0.0,0.0,0.0
0.0,0.0,0.0,0.0,0.0,0.0,0.0,0.0
0.0,0.0,0.0,0.0,0.0,0.0,0.0,0.0
0.0,0.0,0.0,0.0,0.0,0.0,0.0,0.0
0.0,0.0,0.0,0.0,0.0,0.0,0.0,0.0
0.0,0.0,0.0,0.0,0.0,0.0,0.0,0.0
0.0,0.0,0.0,0.0,0.0,0.0,0.0,0.0
0.0,0.0,0.0,0.0,0.0,0.0,0.0,0.0
0.0,0.0,0.0,0.0,0.0,0.0,0.0,0.0
0.0,0.0,0.0,0.0,0.0,0.0,0.0,0.0
0.0,0.0,0.0,0.0,0.0,0.0,0.0,0.0
0.0,0.0,0.0,0.0,0.0,0.0,0.0,0.0
0.0,0.0,0.0,0.0,0.0,0.0,0.0,0.0
0.0,0.0,0.0,0.0,0.0,0.0,0.0,0.0
0.0,0.0,0.0,0.0,0.0,0.0,0.0,0.0
0.0,0.0,0.0,0.0,0.0,0.0,0.0,0.0
0.0,0.0,0.0,0.0,0.0,0.0,0.0,0.0
0.0,0.0,0.0,0.0,0.0,0.0,0.0,0.0
0.0,0.0,0.0,0.0,0.0,0.0,0.0,0.0
0.0,0.0,0.0,0.0,0.0,0.0,0.0,0.0
0.0,0.0,0.0,0.0,0.0,0.0,0.0,0.0
0.0,0.0,0.0,0.0,0.0,0.0,0.0,0.0
0.0,0.0,0.0,0.0,0.0,0.0,0.0,0.0
0.0,0.0,0.0,0.0,0.0,0.0,0.0,0.0
0.0,0.0,0.0,0.0,0.0,0.0,0.0,0.0
0.0,0.0,0.0,0.0,0.0,0.0,0.0,0.0
0.0,0.0,0.0,0.0,0.0,0.0,0.0,0.0
0.0,0.0,0.0,0.0,0.0,0.0,0.0,0.0
0.0,0.0,0.0,0.0,0.0,0.0,0.0,0.0
0.0,0.0,0.0,0.0,0.0,0.0,0.0,0.0
0.0,0.0,0.0,0.0,0.0,0.0,0.0,0.0
0.0,0.0,0.0,0.0,0.0,0.0,0.0,0.0
0.0,0.0,0.0,0.0,0.0,0.0,0.0,0.0
0.0,0.0,0.0,0.0,0.0,0.0,0.0,0.0
0.0,0.0,0.0,0.0,0.0,0.0,0.0,0.0
0.0,0.0,0.0,0.0,0.0,0.0,0.0,0.0
0.0,0.0,0.0,0.0,0.0,0.0,0.0,0.0
0.0,0.0,0.0,0.0,0.0,0.0,0.0,0.0
0.0,0.0,0.0,0.0,0.0,0.0,0.0,0.0
0.0,0.0,0.0,0.0,0.0,0.0,0.0,0.0
0.0,0.0,0.0,0.0,0.0,0.0,0.0,0.0
0.0,0.0,0.0,0.0,0.0,0.0,0.0,0.0
0.0,0.0,0.0,0.0,0.0,0.0,0.0,0.0
0.0,0.0,0.0,0.0,0.0,0.0,0.0,0.0
0.0,0.0,0.0,0.0,0.0,0.0,0.0,0.0
0.0,0.0,0.0,0.0,0.0,0.0,0.0,0.0
0.0,0.0,0.0,0.0,0.0,0.0,0.0,0.0
0.0,0.0,0.0,0.0,0.0,0.0,0.0,0.0
0.0,0.0,0.0,0.0,0.0,0.0,0.0,0.0
0.0,0.0,0.0,0.0,0.0,0.0,0.0,0.0
0.0,0.0,0.0,0.0,0.0,0.0,0.0,0.0
83.7,62.2,147.5,60.0,89.6,88.7,113.1,70.7
83.7,62.2,147.5,60.0,89.6,88.7,113.1,70.7
83.7,62.2,147.5,60.0,89.6,88.7,113.1,70.7
83.7,62.2,147.5,60.0,89.6,88.7,113.1,70.7
85.5,498.1,170.4,61.7,92.9,90.2,123.5,72.9
85.5,498.1,170.4,61.7,92.9,90.2,123.5,72.9
85.5,498.1,170.4,61.7,92.9,90.2,123.5,72.9
85.5,498.1,170.4,61.7,92.9,90.2,123.5,72.9
86.8,499.1,173.1,62.8,95.0,91.2,125.3,74.3
86.8,64.7,173.1,62.8,95.0,91.2,125.3,74.3
86.8,64.7,173.1,62.8,95.0,91.2,125.3,74.3
86.8,64.7,189.7,62.8,95.0,91.2,125.3,74.3
89.9,67.2,196.3,65.7,100.3,93.8,129.9,77.9
89.9,67.2,196.3,65.7,2041.8,93.8,129.9,77.9
89.9,67.2,179.7,65.7,100.3,93.8,129.9,77.9
743.5,67.2,179.7,65.7,100.3,93.8,286.5,77.9
745.4,382.6,183.7,67.4,103.5,95.3,289.3,80.1
745.4,68.7,183.7,67.4,103.5,95.3,289.3,80.1
1416.1,68.7,183.7,78.8,103.5,95.3,132.7,80.1
745.4,68.7,183.7,78.8,103.5,95.3,132.7,80.1
89.9,67.2,179.7,65.7,100.3,93.8,129.9,77.9
89.9,67.2,179.7,65.7,100.3,93.8,129.9,77.9
89.9,67.2,179.7,65.7,100.3,93.8,129.9,77.9
89.9,67.2,179.7,65.7,100.3,93.8,129.9,77.9
90.5,67.7,181.0,66.2,101.4,94.3,130.8,78.7
90.5,67.7,181.0,66.2,101.4,94.3,130.8,78.7
90.5,67.7,181.0,66.2,101.4,94.3,130.8,78.7
90.5,67.7,181.0,66.2,101.4,94.3,130.8,78.7
25.9,25.9,25.9,25.9,25.9,25.9,25.9,25.9
25.9,25.9,25.9,25.9,25.9,25.9,25.9,25.9
25.9,25.9,25.9,25.9,25.9,25.9,25.9,25.9
25.9,25.9,25.9,25.9,25.9,25.9,25.9,25.9
40.3,40.3,40.3,40.3,40.3,40.3,40.3,40.3
40.3,40.3,40.3,40.3,40.3,40.3,40.3,40.3
40.3,40.3,40.3,40.3,40.3,40.3,40.3,40.3
40.3,40.3,40.3,40.3,40.3,40.3,40.3,40.3
6.8,6.8,6.8,6.8,6.8,6.8,6.8,6.8
6.8,6.8,6.8,6.8,6.8,6.8,6.8,6.8
6.8,6.8,6.8,6.8,6.8,6.8,6.8,6.8
6.8,6.8,6.8,6.8,6.8,6.8,6.8,6.8
2.5,2.5,2.5,2.5,2.5,2.5,2.5,2.5
2.5,2.5,2.5,2.5,2.5,2.5,2.5,2.5
2.5,2.5,2.5,2.5,2.5,2.5,2.5,2.5
2.5,2.5,2.5,2.5,2.5,2.5,2.5,2.5
0.0,0.0,0.0,0.0,0.0,0.0,0.0,0.0
0.0,0.0,0.0,0.0,0.0,0.0,0.0,0.0
0.0,0.0,0.0,0.0,0.0,0.0,0.0,0.0
0.0,0.0,0.0,0.0,0.0,0.0,0.0,0.0
0.0,0.0,0.0,0.0,0.0,0.0,0.0,0.0
0.0,0.0,0.0,0.0,0.0,0.0,0.0,0.0
0.0,0.0,0.0,0.0,0.0,0.0,0.0,0.0
0.0,0.0,0.0,0.0,0.0,0.0,0.0,0.0
0.0,0.0,0.0,0.0,0.0,0.0,0.0,0.0
0.0,0.0,0.0,0.0,0.0,0.0,0.0,0.0
0.0,0.0,0.0,0.0,0.0,0.0,0.0,0.0
0.0,0.0,0.0,0.0,0.0,0.0,0.0,0.0
0.0,0.0,0.0,0.0,0.0,0.0,0.0,0.0
0.0,0.0,0.0,0.0,0.0,0.0,0.0,0.0
0.0,0.0,0.0,0.0,0.0,0.0,0.0,0.0
0.0,0.0,0.0,0.0,0.0,0.0,0.0,0.0
0.0,0.0,0.0,0.0,0.0,0.0,0.0,0.0
0.0,0.0,0.0,0.0,0.0,0.0,0.0,0.0
0.0,0.0,0.0,0.0,0.0,0.0,0.0,0.0
0.0,0.0,0.0,0.0,0.0,0.0,0.0,0.0
0.0,0.0,0.0,0.0,0.0,0.0,0.0,0.0
0.0,0.0,0.0,0.0,0.0,0.0,0.0,0.0
0.0,0.0,0.0,0.0,0.0,0.0,0.0,0.0
0.0,0.0,0.0,0.0,0.0,0.0,0.0,0.0
0.0,0.0,0.0,0.0,0.0,0.0,0.0,0.0
0.0,0.0,0.0,0.0,0.0,0.0,0.0,0.0
0.0,0.0,0.0,0.0,0.0,0.0,0.0,0.0
0.0,0.0,0.0,0.0,0.0,0.0,0.0,0.0
0.0,0.0,0.0,0.0,0.0,0.0,0.0,0.0
0.0,0.0,0.0,0.0,0.0,0.0,0.0,0.0
0.0,0.0,0.0,0.0,0.0,0.0,0.0,0.0
0.0,0.0,0.0,0.0,0.0,0.0,0.0,0.0
0.0,0.0,0.0,0.0,0.0,0.0,0.0,0.0
0.0,0.0,0.0,0.0,0.0,0.0,0.0,0.0
0.0,0.0,0.0,0.0,0.0,0.0,0.0,0.0
0.0,0.0,0.0,0.0,0.0,0.0,0.0,0.0
0.0,0.0,0.0,0.0,0.0,0.0,0.0,0.0
0.0,0.0,0.0,0.0,0.0,0.0,0.0,0.0
0.0,0.0,0.0,0.0,0.0,0.0,0.0,0.0
0.0,0.0,0.0,0.0,0.0,0.0,0.0,0.0
0.0,0.0,0.0,0.0,0.0,0.0,0.0,0.0
0.0,0.0,0.0,0.0,0.0,0.0,0.0,0.0
0.0,0.0,0.0,0.0,0.0,0.0,0.0,0.0
0.0,0.0,0.0,0.0,0.0,0.0,0.0,0.0
29.0,29.0,29.0,29.0,29.0,29.0,29.0,29.0
29.0,29.0,29.0,29.0,29.0,29.0,29.0,29.0
29.0,29.0,29.0,29.0,29.0,29.0,29.0,29.0
29.0,29.0,29.0,29.0,29.0,29.0,29.0,29.0
28.1,28.1,28.1,28.1,28.1,28.1,28.1,28.1
28.1,28.1,28.1,28.1,28.1,28.1,28.1,28.1
28.1,28.1,28.1,28.1,28.1,28.1,28.1,28.1
28.1,28.1,28.1,28.1,28.1,28.1,28.1,28.1
83.7,62.2,166.4,60.0,89.7,92.7,120.8,70.7
83.7,62.2,166.4,60.0,89.7,92.7,120.8,70.7
83.7,62.2,166.4,60.0,89.7,88.7,120.8,70.7
83.7,62.2,166.4,60.0,89.7,88.7,120.8,70.7
85.5,63.7,170.4,61.7,92.9,90.2,123.5,72.9
85.5,63.7,170.4,61.7,92.9,90.2,123.5,72.9
85.5,63.7,170.4,61.7,92.9,90.2,123.5,72.9
85.5,63.7,170.4,61.7,92.9,90.2,123.5,72.9
47.9,47.9,47.9,47.9,47.9,47.9,47.9,47.9
47.9,47.9,47.9,47.9,47.9,47.9,47.9,47.9
47.9,47.9,47.9,47.9,47.9,47.9,47.9,47.9
47.9,47.9,47.9,47.9,47.9,47.9,47.9,47.9
50.3,50.3,50.3,50.3,50.3,50.3,50.3,50.3
50.3,50.3,50.3,50.3,50.3,50.3,50.3,50.3
50.3,50.3,50.3,50.3,50.3,50.3,50.3,50.3
50.3,50.3,50.3,50.3,50.3,50.3,50.3,50.3
91.8,68.7,169.1,67.4,102.9,95.3,127.0,80.1
91.8,68.7,169.1,67.4,102.9,95.3,127.0,80.1
91.8,68.7,169.1,67.4,102.9,95.3,127.0,80.1
91.8,68.7,169.1,67.4,102.9,95.3,127.0,80.1
41.9,41.9,41.9,41.9,41.9,41.9,41.9,41.9
41.9,41.9,41.9,41.9,41.9,41.9,41.9,41.9
41.9,41.9,41.9,41.9,41.9,41.9,41.9,41.9
41.9,41.9,41.9,41.9,41.9,41.9,41.9,41.9
342.0,67.7,181.0,66.2,101.4,94.3,130.8,78.7
342.0,67.7,181.0,66.2,101.4,94.3,130.8,78.7
342.0,67.7,181.0,66.2,101.4,94.3,130.8,78.7
342.0,67.7,181.0,66.2,101.4,94.3,130.8,78.7
343.9,69.2,185.0,67.9,104.5,95.8,133.6,80.8
343.9,69.2,185.0,67.9,104.5,95.8,133.6,80.8
92.4,69.2,185.0,67.9,104.5,95.8,133.6,80.8
92.4,69.2,185.0,67.9,104.5,95.8,133.6,80.8
11.8,11.8,11.8,11.8,11.8,11.8,11.8,11.8
11.8,11.8,11.8,11.8,11.8,11.8,11.8,11.8
11.8,11.8,11.8,11.8,11.8,11.8,11.8,11.8
11.8,11.8,11.8,11.8,11.8,11.8,11.8,11.8
6.8,6.8,6.8,6.8,6.8,6.8,6.8,6.8
6.8,6.8,6.8,6.8,6.8,6.8,6.8,6.8
6.8,6.8,6.8,6.8,6.8,6.8,6.8,6.8
6.8,6.8,6.8,6.8,6.8,6.8,6.8,6.8
3.4,3.4,3.4,3.4,3.4,3.4,3.4,3.4
3.4,3.4,3.4,3.4,3.4,3.4,3.4,3.4
3.4,3.4,3.4,3.4,3.4,3.4,3.4,3.4
3.4,3.4,3.4,3.4,3.4,3.4,3.4,3.4
0.0,0.0,0.0,0.0,0.0,0.0,0.0,0.0
0.0,0.0,0.0,0.0,0.0,0.0,0.0,0.0
0.0,0.0,0.0,0.0,0.0,0.0,0.0,0.0
0.0,0.0,0.0,0.0,0.0,0.0,0.0,0.0
0.0,0.0,0.0,0.0,0.0,0.0,0.0,0.0
0.0,0.0,0.0,0.0,0.0,0.0,0.0,0.0
0.0,0.0,0.0,0.0,0.0,0.0,0.0,0.0
0.0,0.0,0.0,0.0,0.0,0.0,0.0,0.0
0.0,0.0,0.0,0.0,0.0,0.0,0.0,0.0
0.0,0.0,0.0,0.0,0.0,0.0,0.0,0.0
0.0,0.0,0.0,0.0,0.0,0.0,0.0,0.0
0.0,0.0,0.0,0.0,0.0,0.0,0.0,0.0
0.0,0.0,0.0,0.0,0.0,0.0,0.0,0.0
0.0,0.0,0.0,0.0,0.0,0.0,0.0,0.0
0.0,0.0,0.0,0.0,0.0,0.0,0.0,0.0
0.0,0.0,0.0,0.0,0.0,0.0,0.0,0.0
0.0,0.0,0.0,0.0,0.0,0.0,0.0,0.0
0.0,0.0,0.0,0.0,0.0,0.0,0.0,0.0
0.0,0.0,0.0,0.0,0.0,0.0,0.0,0.0
0.0,0.0,0.0,0.0,0.0,0.0,0.0,0.0
0.0,0.0,0.0,0.0,0.0,0.0,0.0,0.0
0.0,0.0,0.0,0.0,0.0,0.0,0.0,0.0
0.0,0.0,0.0,0.0,0.0,0.0,0.0,0.0
0.0,0.0,0.0,0.0,0.0,0.0,0.0,0.0
0.0,0.0,0.0,0.0,0.0,0.0,0.0,0.0
0.0,0.0,0.0,0.0,0.0,0.0,0.0,0.0
0.0,0.0,0.0,0.0,0.0,0.0,0.0,0.0
0.0,0.0,0.0,0.0,0.0,0.0,0.0,0.0
0.0,0.0,0.0,0.0,0.0,0.0,0.0,0.0
0.0,0.0,0.0,0.0,0.0,0.0,0.0,0.0
0.0,0.0,0.0,0.0,0.0,0.0,0.0,0.0
0.0,0.0,0.0,0.0,0.0,0.0,0.0,0.0
0.0,0.0,0.0,0.0,0.0,0.0,0.0,0.0
0.0,0.0,0.0,0.0,0.0,0.0,0.0,0.0
0.0,0.0,0.0,0.0,0.0,0.0,0.0,0.0
0.0,0.0,0.0,0.0,0.0,0.0,0.0,0.0
0.0,0.0,0.0,0.0,0.0,0.0,0.0,0.0
0.0,0.0,0.0,0.0,0.0,0.0,0.0,0.0
0.0,0.0,0.0,0.0,0.0,0.0,0.0,0.0
0.0,0.0,0.0,0.0,0.0,0.0,0.0,0.0
0.0,0.0,0.0,0.0,0.0,0.0,0.0,0.0
0.0,0.0,0.0,0.0,0.0,0.0,0.0,0.0
0.0,0.0,0.0,0.0,0.0,0.0,0.0,0.0
0.0,0.0,0.0,0.0,0.0,0.0,0.0,0.0
0.0,0.0,0.0,0.0,0.0,0.0,0.0,0.0
0.0,0.0,0.0,0.0,0.0,0.0,0.0,0.0
0.0,0.0,0.0,0.0,0.0,0.0,0.0,0.0
0.0,0.0,0.0,0.0,0.0,0.0,0.0,0.0
0.0,0.0,0.0,0.0,0.0,0.0,0.0,0.0
0.0,0.0,0.0,0.0,0.0,0.0,0.0,0.0
0.0,0.0,0.0,0.0,0.0,0.0,0.0,0.0
0.0,0.0,0.0,0.0,0.0,0.0,0.0,0.0
26.9,26.9,26.9,26.9,26.9,26.9,26.9,26.9
26.9,26.9,26.9,26.9,26.9,26.9,26.9,26.9
26.9,26.9,26.9,26.9,26.9,26.9,26.9,26.9
26.9,26.9,26.9,26.9,26.9,26.9,26.9,26.9
85.5,63.7,170.4,61.7,92.9,90.2,123.5,72.9
85.5,63.7,170.4,61.7,92.9,90.2,123.5,72.9
85.5,63.7,170.4,61.7,92.9,90.2,123.5,72.9
85.5,63.7,170.4,61.7,92.9,90.2,123.5,72.9
86.8,64.7,173.1,62.8,95.0,91.2,125.3,74.3
86.8,64.7,173.1,62.8,95.0,91.2,125.3,74.3
86.8,64.7,173.1,62.8,95.0,91.2,125.3,74.3
86.8,64.7,173.1,62.8,95.0,91.2,125.3,74.3
89.9,67.2,179.7,65.7,100.3,93.8,129.9,77.9
89.9,67.2,179.7,65.7,100.3,93.8,3550.7,351.4
89.9,67.2,179.7,65.7,100.3,93.8,3824.2,77.9
89.9,67.2,938.9,65.7,100.3,93.8,129.9,77.9
91.8,68.7,942.9,67.4,103.5,95.3,132.7,80.1
91.8,68.7,942.9,67.4,103.5,95.3,132.7,80.1
91.8,225.7,942.9,67.4,103.5,95.3,132.7,80.1
91.8,225.7,942.9,67.4,103.5,95.3,132.7,80.1
89.9,67.2,179.7,65.7,100.3,93.8,129.9,77.9
89.9,67.2,179.7,65.7,100.3,93.8,129.9,77.9
89.9,67.2,179.7,65.7,100.3,93.8,129.9,77.9
89.9,67.2,179.7,65.7,100.3,93.8,129.9,77.9
90.5,67.7,181.0,66.2,457.4,94.3,130.8,78.7
90.5,67.7,181.0,66.2,457.4,94.3,130.8,78.7
90.5,67.7,181.0,66.2,101.4,94.3,130.8,78.7
90.5,67.7,181.0,66.2,101.4,94.3,130.8,78.7
92.4,69.2,185.0,67.9,104.5,95.8,133.6,80.8
92.4,69.2,185.0,67.9,104.5,95.8,133.6,80.8
92.4,69.2,185.0,67.9,104.5,95.8,133.6,80.8
92.4,69.2,185.0,67.9,104.5,95.8,133.6,80.8
99.2,74.7,199.6,74.1,116.2,101.4,143.7,88.8
99.2,74.7,199.6,74.1,116.2,101.4,143.7,88.8
99.2,74.7,199.6,74.1,116.2,101.4,143.7,88.8
99.2,74.7,199.6,74.1,116.2,101.4,143.7,88.8
110.5,83.8,223.6,84.3,135.3,110.6,160.1,101.7
110.5,83.8,223.6,84.3,135.3,110.6,160.1,101.7
110.5,83.8,223.6,84.3,135.3,110.6,160.1,101.7
110.5,83.8,223.6,84.3,1469.9,110.6,160.1,323.7
121.1,92.3,201.5,93.9,362.9,119.3,170.3,193.8
121.1,92.3,201.5,93.9,362.9,119.3,170.3,193.8
357.4,92.3,178.8,93.9,153.3,119.3,170.2,189.9
257.2,209.0,173.8,93.9,153.3,119.3,169.8,179.0
0.0,0.0,0.0,0.0,0.0,0.0,0.0,0.0
0.0,0.0,0.0,0.0,0.0,0.0,0.0,0.0
0.0,0.0,0.0,0.0,0.0,0.0,0.0,0.0
0.0,0.0,0.0,0.0,0.0,0.0,0.0,0.0
0.0,0.0,0.0,0.0,0.0,0.0,0.0,0.0
0.0,0.0,0.0,0.0,0.0,0.0,0.0,0.0
0.0,0.0,0.0,0.0,0.0,0.0,0.0,0.0
0.0,0.0,0.0,0.0,0.0,0.0,0.0,0.0
0.0,0.0,0.0,0.0,0.0,0.0,0.0,0.0
0.0,0.0,0.0,0.0,0.0,0.0,0.0,0.0
0.0,0.0,0.0,0.0,0.0,0.0,0.0,0.0
0.0,0.0,0.0,0.0,0.0,0.0,0.0,0.0
0.0,0.0,0.0,0.0,0.0,0.0,0.0,0.0
0.0,0.0,0.0,0.0,0.0,0.0,0.0,0.0
0.0,0.0,0.0,0.0,0.0,0.0,0.0,0.0
0.0,0.0,0.0,0.0,0.0,0.0,0.0,0.0
0.0,0.0,0.0,0.0,0.0,0.0,0.0,0.0
0.0,0.0,0.0,0.0,0.0,0.0,0.0,0.0
0.0,0.0,0.0,0.0,0.0,0.0,0.0,0.0
0.0,0.0,0.0,0.0,0.0,0.0,0.0,0.0
0.0,0.0,0.0,0.0,0.0,0.0,0.0,0.0
0.0,0.0,0.0,0.0,0.0,0.0,0.0,0.0
0.0,0.0,0.0,0.0,0.0,0.0,0.0,0.0
0.0,0.0,0.0,0.0,0.0,0.0,0.0,0.0
0.0,0.0,0.0,0.0,0.0,0.0,0.0,0.0
0.0,0.0,0.0,0.0,0.0,0.0,0.0,0.0
0.0,0.0,0.0,0.0,0.0,0.0,0.0,0.0
0.0,0.0,0.0,0.0,0.0,0.0,0.0,0.0
0.0,0.0,0.0,0.0,0.0,0.0,0.0,0.0
0.0,0.0,0.0,0.0,0.0,0.0,0.0,0.0
0.0,0.0,0.0,0.0,0.0,0.0,0.0,0.0
0.0,0.0,0.0,0.0,0.0,0.0,0.0,0.0
0.0,0.0,0.0,0.0,0.0,0.0,0.0,0.0
0.0,0.0,0.0,0.0,0.0,0.0,0.0,0.0
0.0,0.0,0.0,0.0,0.0,0.0,0.0,0.0
0.0,0.0,0.0,0.0,0.0,0.0,0.0,0.0
0.0,0.0,0.0,0.0,0.0,0.0,0.0,0.0
0.0,0.0,0.0,0.0,0.0,0.0,0.0,0.0
0.0,0.0,0.0,0.0,0.0,0.0,0.0,0.0
0.0,0.0,0.0,0.0,0.0,0.0,0.0,0.0
0.0,0.0,0.0,0.0,0.0,0.0,0.0,0.0
0.0,0.0,0.0,0.0,0.0,0.0,0.0,0.0
0.0,0.0,0.0,0.0,0.0,0.0,0.0,0.0
0.0,0.0,0.0,0.0,0.0,0.0,0.0,0.0
17.1,17.1,17.1,17.1,17.1,17.1,17.1,17.1
17.1,17.1,17.1,17.1,17.1,17.1,17.1,17.1
17.1,17.1,17.1,17.1,17.1,17.1,17.1,17.1
17.1,17.1,17.1,17.1,17.1,17.1,17.1,17.1
280.0,61.2,136.0,64.9,87.6,87.6,115.6,69.3
82.4,61.2,163.8,58.9,87.6,87.6,118.9,69.3
82.4,61.2,163.8,58.9,87.6,87.6,118.9,69.3
82.4,61.2,125.7,58.9,87.6,87.6,329.5,69.3
81.6,96.4,91.3,60.0,82.3,82.2,85.9,70.7
82.1,62.2,111.7,60.0,84.3,83.9,95.4,70.7
82.1,62.2,111.7,60.0,84.3,83.9,95.4,70.7
82.1,62.2,111.7,60.0,84.3,83.9,95.4,70.7
85.5,63.7,170.4,61.7,92.9,90.2,123.5,72.9
85.5,63.7,170.4,61.7,92.9,90.2,123.5,72.9
85.5,63.7,170.4,61.7,92.9,90.2,123.5,72.9
85.5,63.7,170.4,61.7,92.9,90.2,123.5,72.9
86.8,64.7,173.1,62.8,95.0,91.2,125.3,74.3
86.8,64.7,173.1,62.8,95.0,91.2,125.3,74.3
86.8,64.7,173.1,62.8,210.2,91.2,125.3,1978.0
86.8,64.7,173.1,62.8,210.2,91.2,125.3,1978.0
60.2,60.2,60.2,60.2,60.2,60.2,60.2,60.2
60.2,60.2,60.2,60.2,60.2,60.2,60.2,60.2
60.2,60.2,60.2,60.2,60.2,60.2,60.2,60.2
60.2,60.2,60.2,60.2,60.2,60.2,60.2,60.2
91.8,68.7,208.7,67.4,103.5,95.3,132.7,80.1
91.8,406.3,183.7,67.4,103.5,95.3,132.7,80.1
91.8,406.3,183.7,67.4,103.5,95.3,132.7,80.1
91.8,406.3,183.7,67.4,103.5,95.3,132.7,80.1
89.9,300.2,179.7,65.7,100.3,93.8,129.9,77.9
89.9,300.2,179.7,65.7,100.3,93.8,129.9,77.9
89.9,300.2,179.7,65.7,100.3,93.8,129.9,77.9
89.9,300.2,179.7,65.7,100.3,93.8,129.9,77.9
90.5,300.7,181.0,66.2,101.4,94.3,130.8,78.7
90.5,67.7,181.0,66.2,101.4,94.3,130.8,78.7
90.5,67.7,181.0,66.2,101.4,94.3,130.8,78.7
90.5,67.7,181.0,66.2,101.4,94.3,130.8,78.7
92.4,69.2,185.0,67.9,104.5,95.8,133.6,80.8
92.4,69.2,185.0,67.9,104.5,95.8,133.6,80.8
92.4,69.2,185.0,67.9,104.5,95.8,133.6,80.8
92.4,69.2,185.0,67.9,104.5,95.8,133.6,80.8
46.9,46.9,46.9,46.9,46.9,46.9,46.9,46.9
46.9,46.9,46.9,46.9,46.9,46.9,46.9,46.9
46.9,46.9,46.9,46.9,46.9,46.9,46.9,46.9
46.9,46.9,46.9,46.9,46.9,46.9,46.9,46.9
31.7,31.7,31.7,31.7,31.7,31.7,31.7,31.7
31.7,31.7,31.7,31.7,31.7,31.7,31.7,31.7
31.7,31.7,31.7,31.7,31.7,31.7,31.7,31.7
31.7,31.7,31.7,31.7,31.7,31.7,31.7,31.7
6.9,6.9,6.9,6.9,6.9,6.9,6.9,6.9
6.9,6.9,6.9,6.9,6.9,6.9,6.9,6.9
6.9,6.9,6.9,6.9,6.9,6.9,6.9,6.9
6.9,6.9,6.9,6.9,6.9,6.9,6.9,6.9
0.0,0.0,0.0,0.0,0.0,0.0,0.0,0.0
0.0,0.0,0.0,0.0,0.0,0.0,0.0,0.0
0.0,0.0,0.0,0.0,0.0,0.0,0.0,0.0
0.0,0.0,0.0,0.0,0.0,0.0,0.0,0.0
0.0,0.0,0.0,0.0,0.0,0.0,0.0,0.0
0.0,0.0,0.0,0.0,0.0,0.0,0.0,0.0
0.0,0.0,0.0,0.0,0.0,0.0,0.0,0.0
0.0,0.0,0.0,0.0,0.0,0.0,0.0,0.0
0.0,0.0,0.0,0.0,0.0,0.0,0.0,0.0
0.0,0.0,0.0,0.0,0.0,0.0,0.0,0.0
0.0,0.0,0.0,0.0,0.0,0.0,0.0,0.0
0.0,0.0,0.0,0.0,0.0,0.0,0.0,0.0
0.0,0.0,0.0,0.0,0.0,0.0,0.0,0.0
0.0,0.0,0.0,0.0,0.0,0.0,0.0,0.0
0.0,0.0,0.0,0.0,0.0,0.0,0.0,0.0
0.0,0.0,0.0,0.0,0.0,0.0,0.0,0.0
0.0,0.0,0.0,0.0,0.0,0.0,0.0,0.0
0.0,0.0,0.0,0.0,0.0,0.0,0.0,0.0
0.0,0.0,0.0,0.0,0.0,0.0,0.0,0.0
0.0,0.0,0.0,0.0,0.0,0.0,0.0,0.0
0.0,0.0,0.0,0.0,0.0,0.0,0.0,0.0
0.0,0.0,0.0,0.0,0.0,0.0,0.0,0.0
0.0,0.0,0.0,0.0,0.0,0.0,0.0,0.0
0.0,0.0,0.0,0.0,0.0,0.0,0.0,0.0
0.0,0.0,0.0,0.0,0.0,0.0,0.0,0.0
0.0,0.0,0.0,0.0,0.0,0.0,0.0,0.0
0.0,0.0,0.0,0.0,0.0,0.0,0.0,0.0
0.0,0.0,0.0,0.0,0.0,0.0,0.0,0.0
0.0,0.0,0.0,0.0,0.0,0.0,0.0,0.0
0.0,0.0,0.0,0.0,0.0,0.0,0.0,0.0
0.0,0.0,0.0,0.0,0.0,0.0,0.0,0.0
0.0,0.0,0.0,0.0,0.0,0.0,0.0,0.0
0.0,0.0,0.0,0.0,0.0,0.0,0.0,0.0
0.0,0.0,0.0,0.0,0.0,0.0,0.0,0.0
0.0,0.0,0.0,0.0,0.0,0.0,0.0,0.0
0.0,0.0,0.0,0.0,0.0,0.0,0.0,0.0
0.0,0.0,0.0,0.0,0.0,0.0,0.0,0.0
0.0,0.0,0.0,0.0,0.0,0.0,0.0,0.0
0.0,0.0,0.0,0.0,0.0,0.0,0.0,0.0
0.0,0.0,0.0,0.0,0.0,0.0,0.0,0.0
0.0,0.0,0.0,0.0,0.0,0.0,0.0,0.0
0.0,0.0,0.0,0.0,0.0,0.0,0.0,0.0
0.0,0.0,0.0,0.0,0.0,0.0,0.0,0.0
0.0,0.0,0.0,0.0,0.0,0.0,0.0,0.0
17.3,17.3,17.3,17.3,17.3,17.3,17.3,17.3
17.3,17.3,17.3,17.3,17.3,17.3,17.3,17.3
17.3,17.3,17.3,17.3,17.3,17.3,17.3,17.3
17.3,17.3,17.3,17.3,17.3,17.3,17.3,17.3
30.3,30.3,30.3,30.3,30.3,30.3,30.3,30.3
30.3,30.3,30.3,30.3,30.3,30.3,30.3,30.3
30.3,30.3,30.3,30.3,30.3,30.3,30.3,30.3
30.3,30.3,30.3,30.3,30.3,30.3,30.3,30.3
44.0,44.0,44.0,44.0,44.0,44.0,44.0,44.0
44.0,44.0,44.0,44.0,44.0,44.0,44.0,44.0
44.0,44.0,44.0,44.0,44.0,44.0,44.0,44.0
44.0,44.0,44.0,44.0,44.0,44.0,44.0,44.0
85.5,63.7,170.4,61.7,92.9,90.2,123.5,72.9
85.5,63.7,170.4,61.7,92.9,90.2,123.5,72.9
85.5,63.7,170.4,61.7,92.9,90.2,123.5,72.9
85.5,63.7,170.4,61.7,92.9,90.2,123.5,72.9
86.8,64.7,173.1,62.8,95.0,91.2,125.3,74.3
86.8,64.7,173.1,62.8,95.0,91.2,125.3,74.3
86.8,64.7,173.1,62.8,95.0,91.2,125.3,74.3
86.8,129.1,130.7,62.8,95.0,103.6,110.3,74.3
280.7,397.5,179.7,65.7,219.3,112.3,129.9,77.9
280.7,397.5,179.7,65.7,219.3,112.3,129.9,77.9
89.9,610.1,179.7,65.7,100.3,93.8,129.9,77.9
89.9,610.1,179.7,65.7,100.3,93.8,129.9,77.9
91.8,611.6,183.7,67.4,103.5,95.3,132.7,80.1
91.8,611.6,262.4,67.4,103.5,95.3,132.7,80.1
91.8,611.6,312.3,75.0,103.5,95.3,132.7,80.1
91.8,611.6,262.4,75.0,103.5,95.3,132.7,80.1
89.9,268.7,419.7,73.3,100.3,93.8,212.4,77.9
89.9,270.7,424.5,65.7,100.3,93.8,213.3,77.9
89.9,241.9,536.7,65.7,100.3,93.8,129.9,77.9
89.9,67.2,711.4,65.7,100.3,93.8,129.9,77.9
90.5,67.7,2239.7,66.2,101.4,94.3,130.8,78.7
90.5,67.7,2239.7,66.2,101.4,94.3,130.8,78.7
90.5,67.7,2239.7,66.2,101.4,94.3,130.8,78.7
90.5,67.7,2239.7,66.2,101.4,94.3,130.8,78.7
92.4,288.0,807.5,67.9,104.5,95.8,133.6,80.8
92.4,349.6,185.0,67.9,104.5,95.8,133.6,80.8
92.4,349.6,185.0,67.9,104.5,95.8,133.6,80.8
92.4,349.6,185.0,67.9,104.5,95.8,133.6,80.8
99.2,355.1,199.6,74.1,116.2,101.4,143.7,88.8
99.2,355.1,199.6,74.1,116.2,101.4,143.7,88.8
99.2,355.1,199.6,74.1,116.2,101.4,143.7,88.8
99.2,355.1,199.6,74.1,116.2,101.4,143.7,88.8
78.2,78.2,78.2,78.2,78.2,78.2,78.2,78.2
78.2,78.2,78.2,78.2,78.2,78.2,78.2,78.2
78.2,78.2,78.2,78.2,78.2,78.2,78.2,78.2
78.2,78.2,78.2,78.2,78.2,78.2,78.2,78.2
12.0,12.0,12.0,12.0,12.0,12.0,12.0,12.0
12.0,12.0,12.0,12.0,12.0,12.0,12.0,12.0
12.0,12.0,12.0,12.0,12.0,12.0,12.0,12.0
12.0,12.0,12.0,12.0,12.0,12.0,12.0,12.0
0.0,0.0,0.0,0.0,0.0,0.0,0.0,0.0
0.0,0.0,0.0,0.0,0.0,0.0,0.0,0.0
0.0,0.0,0.0,0.0,0.0,0.0,0.0,0.0
0.0,0.0,0.0,0.0,0.0,0.0,0.0,0.0
0.0,0.0,0.0,0.0,0.0,0.0,0.0,0.0
0.0,0.0,0.0,0.0,0.0,0.0,0.0,0.0
0.0,0.0,0.0,0.0,0.0,0.0,0.0,0.0
0.0,0.0,0.0,0.0,0.0,0.0,0.0,0.0
0.0,0.0,0.0,0.0,0.0,0.0,0.0,0.0
0.0,0.0,0.0,0.0,0.0,0.0,0.0,0.0
0.0,0.0,0.0,0.0,0.0,0.0,0.0,0.0
0.0,0.0,0.0,0.0,0.0,0.0,0.0,0.0
0.0,0.0,0.0,0.0,0.0,0.0,0.0,0.0
0.0,0.0,0.0,0.0,0.0,0.0,0.0,0.0
0.0,0.0,0.0,0.0,0.0,0.0,0.0,0.0
0.0,0.0,0.0,0.0,0.0,0.0,0.0,0.0
0.0,0.0,0.0,0.0,0.0,0.0,0.0,0.0
0.0,0.0,0.0,0.0,0.0,0.0,0.0,0.0
0.0,0.0,0.0,0.0,0.0,0.0,0.0,0.0
0.0,0.0,0.0,0.0,0.0,0.0,0.0,0.0
0.0,0.0,0.0,0.0,0.0,0.0,0.0,0.0
0.0,0.0,0.0,0.0,0.0,0.0,0.0,0.0
0.0,0.0,0.0,0.0,0.0,0.0,0.0,0.0
0.0,0.0,0.0,0.0,0.0,0.0,0.0,0.0
0.0,0.0,0.0,0.0,0.0,0.0,0.0,0.0
0.0,0.0,0.0,0.0,0.0,0.0,0.0,0.0
0.0,0.0,0.0,0.0,0.0,0.0,0.0,0.0
0.0,0.0,0.0,0.0,0.0,0.0,0.0,0.0
0.0,0.0,0.0,0.0,0.0,0.0,0.0,0.0
0.0,0.0,0.0,0.0,0.0,0.0,0.0,0.0
0.0,0.0,0.0,0.0,0.0,0.0,0.0,0.0
0.0,0.0,0.0,0.0,0.0,0.0,0.0,0.0
0.0,0.0,0.0,0.0,0.0,0.0,0.0,0.0
0.0,0.0,0.0,0.0,0.0,0.0,0.0,0.0
0.0,0.0,0.0,0.0,0.0,0.0,0.0,0.0
0.0,0.0,0.0,0.0,0.0,0.0,0.0,0.0
0.0,0.0,0.0,0.0,0.0,0.0,0.0,0.0
0.0,0.0,0.0,0.0,0.0,0.0,0.0,0.0
0.0,0.0,0.0,0.0,0.0,0.0,0.0,0.0
0.0,0.0,0.0,0.0,0.0,0.0,0.0,0.0
0.0,0.0,0.0,0.0,0.0,0.0,0.0,0.0
0.0,0.0,0.0,0.0,0.0,0.0,0.0,0.0
0.0,0.0,0.0,0.0,0.0,0.0,0.0,0.0
0.0,0.0,0.0,0.0,0.0,0.0,0.0,0.0
0.0,0.0,0.0,0.0,0.0,0.0,0.0,0.0
0.0,0.0,0.0,0.0,0.0,0.0,0.0,0.0
0.0,0.0,0.0,0.0,0.0,0.0,0.0,0.0
0.0,0.0,0.0,0.0,0.0,0.0,0.0,0.0
0.0,0.0,0.0,0.0,0.0,0.0,0.0,0.0
0.0,0.0,0.0,0.0,0.0,0.0,0.0,0.0
0.0,0.0,0.0,0.0,0.0,0.0,0.0,0.0
0.0,0.0,0.0,0.0,0.0,0.0,0.0,0.0
83.7,62.2,166.4,60.0,89.7,88.7,120.8,70.7
83.7,62.2,166.4,60.0,89.7,88.7,120.8,70.7
83.7,62.2,166.4,60.0,89.7,88.7,120.8,70.7
83.7,62.2,166.4,60.0,89.7,88.7,120.8,70.7
85.5,63.7,170.4,61.7,92.9,90.2,123.5,72.9
85.5,63.7,170.4,61.7,92.9,90.2,123.5,72.9
85.5,63.7,170.4,61.7,92.9,90.2,123.5,72.9
85.5,63.7,170.4,61.7,92.9,90.2,123.5,72.9
86.8,64.7,173.1,62.8,95.0,91.2,125.3,74.3
86.8,64.7,173.1,62.8,95.0,91.2,125.3,74.3
86.8,64.7,173.1,62.8,95.0,91.2,125.3,74.3
86.8,64.7,173.1,62.8,440.7,91.2,125.3,74.3
89.9,67.2,179.7,65.7,100.3,93.8,129.9,77.9
89.9,381.1,179.7,65.7,100.3,93.8,129.9,77.9
89.9,67.2,179.7,77.1,100.3,93.8,129.9,77.9
89.9,67.2,179.7,77.1,100.3,678.4,129.9,77.9
315.3,68.7,183.7,621.4,103.5,679.9,132.7,80.1
315.3,68.7,183.7,621.4,103.5,95.3,132.7,80.1
315.3,68.7,183.7,621.4,103.5,95.3,289.3,80.1
91.8,68.7,183.7,621.4,103.5,95.3,289.3,80.1
89.9,67.2,179.7,619.7,100.3,93.8,286.5,351.4
89.9,67.2,179.7,619.7,100.3,93.8,129.9,77.9
89.9,67.2,179.7,619.7,100.3,93.8,129.9,77.9
89.9,67.2,179.7,619.7,100.3,93.8,129.9,77.9
90.5,67.7,181.0,620.2,101.4,94.3,130.8,78.7
90.5,67.7,181.0,620.2,101.4,94.3,130.8,78.7
90.5,67.7,181.0,66.2,101.4,94.3,130.8,78.7
90.5,67.7,181.0,66.2,101.4,94.3,130.8,78.7
92.4,69.2,185.0,67.9,104.5,95.8,133.6,80.8
92.4,69.2,185.0,67.9,104.5,95.8,133.6,80.8
92.4,69.2,185.0,67.9,104.5,95.8,133.6,80.8
92.4,69.2,185.0,67.9,104.5,95.8,133.6,80.8
99.2,74.7,199.6,74.1,116.2,101.4,143.7,88.8
99.2,74.7,199.6,74.1,116.2,101.4,143.7,88.8
99.2,74.7,199.6,74.1,116.2,101.4,143.7,88.8
99.2,74.7,199.6,74.1,116.2,101.4,143.7,88.8
110.5,83.8,223.6,84.3,135.3,110.6,160.1,101.7
110.5,83.8,901.1,84.3,1182.1,110.6,160.1,101.7
110.5,83.8,1025.8,84.3,135.3,110.6,1082.2,101.7
110.5,83.8,1025.8,84.3,135.3,110.6,1082.2,101.7
121.1,92.3,194.1,93.9,134.6,119.3,197.5,114.0
192.3,92.3,159.8,93.9,133.9,119.3,161.3,114.0
207.6,92.3,137.1,93.9,134.0,119.3,168.6,114.0
238.9,92.3,138.7,93.9,134.3,119.3,135.4,114.0
0.0,0.0,0.0,0.0,0.0,0.0,0.0,0.0
0.0,0.0,0.0,0.0,0.0,0.0,0.0,0.0
0.0,0.0,0.0,0.0,0.0,0.0,0.0,0.0
0.0,0.0,0.0,0.0,0.0,0.0,0.0,0.0
0.0,0.0,0.0,0.0,0.0,0.0,0.0,0.0
0.0,0.0,0.0,0.0,0.0,0.0,0.0,0.0
0.0,0.0,0.0,0.0,0.0,0.0,0.0,0.0
0.0,0.0,0.0,0.0,0.0,0.0,0.0,0.0
0.0,0.0,0.0,0.0,0.0,0.0,0.0,0.0
0.0,0.0,0.0,0.0,0.0,0.0,0.0,0.0
0.0,0.0,0.0,0.0,0.0,0.0,0.0,0.0
0.0,0.0,0.0,0.0,0.0,0.0,0.0,0.0
0.0,0.0,0.0,0.0,0.0,0.0,0.0,0.0
0.0,0.0,0.0,0.0,0.0,0.0,0.0,0.0
0.0,0.0,0.0,0.0,0.0,0.0,0.0,0.0
0.0,0.0,0.0,0.0,0.0,0.0,0.0,0.0
0.0,0.0,0.0,0.0,0.0,0.0,0.0,0.0
0.0,0.0,0.0,0.0,0.0,0.0,0.0,0.0
0.0,0.0,0.0,0.0,0.0,0.0,0.0,0.0
0.0,0.0,0.0,0.0,0.0,0.0,0.0,0.0
0.0,0.0,0.0,0.0,0.0,0.0,0.0,0.0
0.0,0.0,0.0,0.0,0.0,0.0,0.0,0.0
0.0,0.0,0.0,0.0,0.0,0.0,0.0,0.0
0.0,0.0,0.0,0.0,0.0,0.0,0.0,0.0
0.0,0.0,0.0,0.0,0.0,0.0,0.0,0.0
0.0,0.0,0.0,0.0,0.0,0.0,0.0,0.0
0.0,0.0,0.0,0.0,0.0,0.0,0.0,0.0
0.0,0.0,0.0,0.0,0.0,0.0,0.0,0.0
0.0,0.0,0.0,0.0,0.0,0.0,0.0,0.0
0.0,0.0,0.0,0.0,0.0,0.0,0.0,0.0
0.0,0.0,0.0,0.0,0.0,0.0,0.0,0.0
0.0,0.0,0.0,0.0,0.0,0.0,0.0,0.0
0.0,0.0,0.0,0.0,0.0,0.0,0.0,0.0
0.0,0.0,0.0,0.0,0.0,0.0,0.0,0.0
0.0,0.0,0.0,0.0,0.0,0.0,0.0,0.0
0.0,0.0,0.0,0.0,0.0,0.0,0.0,0.0
0.0,0.0,0.0,0.0,0.0,0.0,0.0,0.0
0.0,0.0,0.0,0.0,0.0,0.0,0.0,0.0
0.0,0.0,0.0,0.0,0.0,0.0,0.0,0.0
0.0,0.0,0.0,0.0,0.0,0.0,0.0,0.0
0.0,0.0,0.0,0.0,0.0,0.0,0.0,0.0
0.0,0.0,0.0,0.0,0.0,0.0,0.0,0.0
0.0,0.0,0.0,0.0,0.0,0.0,0.0,0.0
0.0,0.0,0.0,0.0,0.0,0.0,0.0,0.0
18.0,18.0,18.0,18.0,18.0,18.0,18.0,18.0
18.0,18.0,18.0,18.0,18.0,18.0,18.0,18.0
18.0,18.0,18.0,18.0,18.0,18.0,18.0,18.0
18.0,18.0,18.0,18.0,18.0,18.0,18.0,18.0
30.7,30.7,30.7,30.7,30.7,30.7,30.7,30.7
30.7,30.7,30.7,30.7,30.7,30.7,30.7,30.7
30.7,30.7,30.7,30.7,30.7,30.7,30.7,30.7
30.7,30.7,30.7,30.7,30.7,30.7,30.7,30.7
48.3,48.3,48.3,48.3,48.3,48.3,48.3,48.3
48.3,48.3,48.3,48.3,48.3,48.3,48.3,48.3
48.3,48.3,48.3,48.3,48.3,48.3,48.3,48.3
48.3,48.3,48.3,48.3,48.3,48.3,48.3,48.3
85.5,63.7,170.4,61.7,92.9,90.2,123.5,72.9
85.5,63.7,170.4,61.7,92.9,90.2,123.5,72.9
85.5,63.7,170.4,61.7,92.9,90.2,123.5,72.9
85.5,63.7,170.4,61.7,92.9,90.2,123.5,72.9
86.8,64.7,173.1,62.8,95.0,91.2,125.3,74.3
86.8,64.7,173.1,62.8,95.0,91.2,125.3,74.3
86.8,64.7,173.1,62.8,95.0,91.2,125.3,74.3
86.8,64.7,173.1,62.8,95.0,91.2,125.3,74.3
89.9,67.2,179.7,73.3,100.3,93.8,129.9,77.9
735.2,67.2,179.7,73.3,100.3,149.4,129.9,77.9
735.2,67.2,196.3,73.3,100.3,93.8,129.9,351.4
735.2,67.2,196.3,65.7,100.3,93.8,129.9,77.9
737.1,68.7,200.3,67.4,103.5,95.3,132.7,80.1
737.1,68.7,183.7,67.4,103.5,95.3,289.3,80.1
574.8,68.7,183.7,67.4,2023.5,95.3,289.3,80.1
1419.4,68.7,183.7,67.4,1178.8,95.3,289.3,80.1
2493.8,67.2,179.7,65.7,100.3,93.8,129.9,77.9
1909.1,67.2,179.7,65.7,100.3,93.8,714.7,77.9
89.9,67.2,179.7,65.7,100.3,93.8,1312.8,77.9
89.9,67.2,179.7,665.2,100.3,93.8,1312.8,77.9
90.5,67.7,181.0,665.8,101.4,94.3,1313.7,78.7
90.5,67.7,181.0,665.8,101.4,94.3,1313.7,78.7
90.5,67.7,181.0,665.8,101.4,94.3,1313.7,78.7
90.5,67.7,181.0,665.8,101.4,94.3,1313.7,78.7
92.4,69.2,185.0,667.5,104.5,95.8,1316.5,80.8
92.4,69.2,185.0,667.5,104.5,95.8,1316.5,80.8
92.4,69.2,185.0,667.5,104.5,95.8,1316.5,80.8
92.4,69.2,185.0,667.5,104.5,95.8,1316.5,80.8
99.2,74.7,199.6,74.1,116.2,101.4,143.7,88.8
99.2,74.7,199.6,74.1,116.2,101.4,143.7,88.8
99.2,74.7,199.6,74.1,116.2,101.4,143.7,88.8
99.2,74.7,199.6,74.1,116.2,101.4,143.7,88.8
110.5,83.8,223.6,84.3,135.3,110.6,160.1,101.7
110.5,83.8,223.6,84.3,135.3,110.6,160.1,101.7
110.5,83.8,223.6,84.3,135.3,110.6,1365.5,101.7
110.5,83.8,223.6,84.3,135.3,110.6,1365.5,101.7
97.2,92.3,97.8,93.9,97.3,97.2,103.5,97.1
97.6,92.3,100.4,93.9,98.3,97.5,98.8,97.4
97.4,92.3,99.2,93.9,97.9,100.2,98.2,97.3
97.1,98.8,97.4,93.9,97.2,97.6,97.2,97.1
0.0,0.0,0.0,0.0,0.0,0.0,0.0,0.0
0.0,0.0,0.0,0.0,0.0,0.0,0.0,0.0
0.0,0.0,0.0,0.0,0.0,0.0,0.0,0.0
0.0,0.0,0.0,0.0,0.0,0.0,0.0,0.0
0.0,0.0,0.0,0.0,0.0,0.0,0.0,0.0
0.0,0.0,0.0,0.0,0.0,0.0,0.0,0.0
0.0,0.0,0.0,0.0,0.0,0.0,0.0,0.0
0.0,0.0,0.0,0.0,0.0,0.0,0.0,0.0
0.0,0.0,0.0,0.0,0.0,0.0,0.0,0.0
0.0,0.0,0.0,0.0,0.0,0.0,0.0,0.0
0.0,0.0,0.0,0.0,0.0,0.0,0.0,0.0
0.0,0.0,0.0,0.0,0.0,0.0,0.0,0.0
0.0,0.0,0.0,0.0,0.0,0.0,0.0,0.0
0.0,0.0,0.0,0.0,0.0,0.0,0.0,0.0
0.0,0.0,0.0,0.0,0.0,0.0,0.0,0.0
0.0,0.0,0.0,0.0,0.0,0.0,0.0,0.0
0.0,0.0,0.0,0.0,0.0,0.0,0.0,0.0
0.0,0.0,0.0,0.0,0.0,0.0,0.0,0.0
0.0,0.0,0.0,0.0,0.0,0.0,0.0,0.0
0.0,0.0,0.0,0.0,0.0,0.0,0.0,0.0
0.0,0.0,0.0,0.0,0.0,0.0,0.0,0.0
0.0,0.0,0.0,0.0,0.0,0.0,0.0,0.0
0.0,0.0,0.0,0.0,0.0,0.0,0.0,0.0
0.0,0.0,0.0,0.0,0.0,0.0,0.0,0.0
0.0,0.0,0.0,0.0,0.0,0.0,0.0,0.0
0.0,0.0,0.0,0.0,0.0,0.0,0.0,0.0
0.0,0.0,0.0,0.0,0.0,0.0,0.0,0.0
0.0,0.0,0.0,0.0,0.0,0.0,0.0,0.0
0.0,0.0,0.0,0.0,0.0,0.0,0.0,0.0
0.0,0.0,0.0,0.0,0.0,0.0,0.0,0.0
0.0,0.0,0.0,0.0,0.0,0.0,0.0,0.0
0.0,0.0,0.0,0.0,0.0,0.0,0.0,0.0
0.0,0.0,0.0,0.0,0.0,0.0,0.0,0.0
0.0,0.0,0.0,0.0,0.0,0.0,0.0,0.0
0.0,0.0,0.0,0.0,0.0,0.0,0.0,0.0
0.0,0.0,0.0,0.0,0.0,0.0,0.0,0.0
0.0,0.0,0.0,0.0,0.0,0.0,0.0,0.0
0.0,0.0,0.0,0.0,0.0,0.0,0.0,0.0
0.0,0.0,0.0,0.0,0.0,0.0,0.0,0.0
0.0,0.0,0.0,0.0,0.0,0.0,0.0,0.0
0.0,0.0,0.0,0.0,0.0,0.0,0.0,0.0
0.0,0.0,0.0,0.0,0.0,0.0,0.0,0.0
0.0,0.0,0.0,0.0,0.0,0.0,0.0,0.0
0.0,0.0,0.0,0.0,0.0,0.0,0.0,0.0
0.0,0.0,0.0,0.0,0.0,0.0,0.0,0.0
0.0,0.0,0.0,0.0,0.0,0.0,0.0,0.0
0.0,0.0,0.0,0.0,0.0,0.0,0.0,0.0
0.0,0.0,0.0,0.0,0.0,0.0,0.0,0.0
82.4,125.5,119.7,58.9,156.8,87.6,106.2,69.3
82.4,61.2,163.8,58.9,87.6,87.6,118.9,69.3
82.4,61.2,163.8,58.9,87.6,87.6,118.9,69.3
82.4,61.2,163.8,68.9,87.6,87.6,118.9,69.3
83.7,62.2,166.4,70.0,89.7,88.7,120.8,174.7
83.7,62.2,166.4,60.0,89.7,88.7,120.8,70.7
83.7,62.2,166.4,60.0,89.7,88.7,120.8,70.7
83.7,62.2,166.4,60.0,89.7,88.7,120.8,70.7
85.5,63.7,170.4,61.7,92.9,90.2,123.5,72.9
85.5,63.7,170.4,61.7,92.9,90.2,123.5,72.9
85.5,63.7,170.4,61.7,92.9,90.2,123.5,72.9
85.5,63.7,170.4,61.7,92.9,90.2,123.5,72.9
86.8,64.7,173.1,62.8,95.0,91.2,125.3,74.3
86.8,64.7,173.1,62.8,95.0,91.2,125.3,74.3
86.8,64.7,173.1,62.8,210.2,91.2,125.3,74.3
86.8,64.7,173.1,62.8,210.2,91.2,125.3,74.3
89.9,67.2,179.7,65.7,215.5,93.8,129.9,77.9
89.9,67.2,179.7,65.7,100.3,93.8,129.9,77.9
89.9,67.2,179.7,306.3,100.3,93.8,129.9,77.9
89.9,67.2,179.7,306.3,100.3,93.8,129.9,77.9
91.8,68.7,183.7,67.4,103.5,95.3,132.7,80.1
906.4,68.7,1232.4,67.4,103.5,95.3,132.7,353.5
1311.2,68.7,183.7,67.4,103.5,95.3,132.7,80.1
1311.2,68.7,183.7,67.4,103.5,95.3,289.3,80.1
494.7,67.2,179.7,65.7,100.3,93.8,286.5,77.9
494.7,67.2,179.7,65.7,100.3,93.8,286.5,77.9
494.7,67.2,179.7,65.7,100.3,93.8,129.9,77.9
89.9,67.2,179.7,65.7,100.3,93.8,129.9,77.9
90.5,67.7,181.0,66.2,101.4,94.3,130.8,78.7
90.5,67.7,181.0,66.2,101.4,94.3,130.8,78.7
90.5,67.7,181.0,66.2,101.4,94.3,130.8,78.7
90.5,67.7,181.0,66.2,101.4,94.3,130.8,78.7
92.4,69.2,185.0,67.9,104.5,95.8,133.6,80.8
92.4,69.2,185.0,67.9,104.5,95.8,133.6,80.8
92.4,69.2,185.0,67.9,104.5,95.8,133.6,80.8
92.4,69.2,185.0,67.9,104.5,95.8,133.6,80.8
99.2,74.7,199.6,74.1,116.2,101.4,143.7,88.8
99.2,74.7,199.6,74.1,116.2,101.4,143.7,88.8
99.2,74.7,199.6,74.1,116.2,101.4,143.7,88.8
99.2,74.7,199.6,74.1,116.2,101.4,143.7,88.8
110.5,83.8,223.6,84.3,135.3,110.6,160.1,101.7
110.5,83.8,223.6,108.3,1935.3,110.6,160.1,490.4
110.5,83.8,223.6,108.3,1935.3,110.6,160.1,490.4
110.5,83.8,223.6,108.3,135.3,110.6,160.1,490.4
84.1,84.1,84.1,84.1,84.1,84.1,84.1,84.1
84.1,84.1,84.1,84.1,84.1,84.1,84.1,84.1
84.1,84.1,84.1,84.1,84.1,84.1,84.1,84.1
84.1,84.1,84.1,84.1,84.1,84.1,84.1,84.1
0.0,0.0,0.0,0.0,0.0,0.0,0.0,0.0
0.0,0.0,0.0,0.0,0.0,0.0,0.0,0.0
0.0,0.0,0.0,0.0,0.0,0.0,0.0,0.0
0.0,0.0,0.0,0.0,0.0,0.0,0.0,0.0
0.0,0.0,0.0,0.0,0.0,0.0,0.0,0.0
0.0,0.0,0.0,0.0,0.0,0.0,0.0,0.0
0.0,0.0,0.0,0.0,0.0,0.0,0.0,0.0
0.0,0.0,0.0,0.0,0.0,0.0,0.0,0.0
0.0,0.0,0.0,0.0,0.0,0.0,0.0,0.0
0.0,0.0,0.0,0.0,0.0,0.0,0.0,0.0
0.0,0.0,0.0,0.0,0.0,0.0,0.0,0.0
0.0,0.0,0.0,0.0,0.0,0.0,0.0,0.0
0.0,0.0,0.0,0.0,0.0,0.0,0.0,0.0
0.0,0.0,0.0,0.0,0.0,0.0,0.0,0.0
0.0,0.0,0.0,0.0,0.0,0.0,0.0,0.0
0.0,0.0,0.0,0.0,0.0,0.0,0.0,0.0
0.0,0.0,0.0,0.0,0.0,0.0,0.0,0.0
0.0,0.0,0.0,0.0,0.0,0.0,0.0,0.0
0.0,0.0,0.0,0.0,0.0,0.0,0.0,0.0
0.0,0.0,0.0,0.0,0.0,0.0,0.0,0.0
0.0,0.0,0.0,0.0,0.0,0.0,0.0,0.0
0.0,0.0,0.0,0.0,0.0,0.0,0.0,0.0
0.0,0.0,0.0,0.0,0.0,0.0,0.0,0.0
0.0,0.0,0.0,0.0,0.0,0.0,0.0,0.0
0.0,0.0,0.0,0.0,0.0,0.0,0.0,0.0
0.0,0.0,0.0,0.0,0.0,0.0,0.0,0.0
0.0,0.0,0.0,0.0,0.0,0.0,0.0,0.0
0.0,0.0,0.0,0.0,0.0,0.0,0.0,0.0
0.0,0.0,0.0,0.0,0.0,0.0,0.0,0.0
0.0,0.0,0.0,0.0,0.0,0.0,0.0,0.0
0.0,0.0,0.0,0.0,0.0,0.0,0.0,0.0
0.0,0.0,0.0,0.0,0.0,0.0,0.0,0.0
0.0,0.0,0.0,0.0,0.0,0.0,0.0,0.0
0.0,0.0,0.0,0.0,0.0,0.0,0.0,0.0
0.0,0.0,0.0,0.0,0.0,0.0,0.0,0.0
0.0,0.0,0.0,0.0,0.0,0.0,0.0,0.0
0.0,0.0,0.0,0.0,0.0,0.0,0.0,0.0
0.0,0.0,0.0,0.0,0.0,0.0,0.0,0.0
0.0,0.0,0.0,0.0,0.0,0.0,0.0,0.0
0.0,0.0,0.0,0.0,0.0,0.0,0.0,0.0
7.8,7.8,7.8,7.8,7.8,7.8,7.8,7.8
7.8,7.8,7.8,7.8,7.8,7.8,7.8,7.8
7.8,7.8,7.8,7.8,7.8,7.8,7.8,7.8
7.8,7.8,7.8,7.8,7.8,7.8,7.8,7.8
18.9,18.9,18.9,18.9,18.9,18.9,18.9,18.9
18.9,18.9,18.9,18.9,18.9,18.9,18.9,18.9
18.9,18.9,18.9,18.9,18.9,18.9,18.9,18.9
18.9,18.9,18.9,18.9,18.9,18.9,18.9,18.9
82.4,61.2,163.8,58.9,87.6,87.6,118.9,69.3
82.4,113.2,163.8,58.9,87.6,87.6,118.9,69.3
324.2,61.2,123.7,58.9,87.6,87.6,116.6,69.3
82.4,61.2,163.8,58.9,87.6,87.6,118.9,69.3
83.7,62.2,166.4,64.0,89.7,88.7,120.8,70.7
83.7,62.2,324.9,60.0,89.7,88.7,117.0,70.7
83.7,62.2,324.9,60.0,89.7,88.7,117.0,70.7
83.7,62.2,324.9,60.0,89.7,88.7,117.0,70.7
74.6,63.7,93.5,61.7,74.9,74.8,76.3,72.9
74.6,63.7,93.5,61.7,74.9,74.8,76.3,72.9
75.5,63.7,86.0,61.7,76.4,76.1,80.2,72.9
75.5,63.7,86.0,61.7,76.4,76.1,80.2,72.9
58.1,58.1,58.1,58.1,58.1,58.1,58.1,58.1
58.1,58.1,58.1,58.1,58.1,58.1,58.1,58.1
58.1,58.1,58.1,58.1,58.1,58.1,58.1,58.1
58.1,58.1,58.1,58.1,58.1,58.1,58.1,58.1
89.9,136.5,140.4,65.7,100.3,93.8,116.0,77.9
89.9,136.5,140.4,65.7,100.3,93.8,116.0,77.9
89.9,136.5,140.4,65.7,100.3,93.8,116.0,77.9
89.9,67.2,179.7,65.7,100.3,93.8,129.9,77.9
68.5,68.4,68.8,67.4,68.5,68.5,68.6,68.4
68.4,68.4,68.4,68.4,68.4,68.4,68.4,68.4
68.4,68.4,68.4,68.4,68.4,68.4,68.4,68.4
68.5,68.4,68.8,67.4,68.5,68.5,68.6,68.4
89.9,67.2,179.7,65.7,100.3,121.6,129.9,77.9
89.9,67.2,179.7,65.7,100.3,121.6,129.9,77.9
89.9,67.2,179.7,65.7,100.3,93.8,129.9,77.9
89.9,67.2,179.7,65.7,100.3,93.8,129.9,77.9
90.5,67.7,181.0,66.2,101.4,94.3,130.8,78.7
90.5,67.7,181.0,66.2,101.4,94.3,130.8,78.7
90.5,67.7,181.0,66.2,101.4,94.3,130.8,78.7
90.5,67.7,181.0,378.9,101.4,94.3,130.8,78.7
35.6,35.6,35.6,35.6,35.6,35.6,35.6,35.6
35.6,35.6,35.6,35.6,35.6,35.6,35.6,35.6
35.6,35.6,35.6,35.6,35.6,35.6,35.6,35.6
35.6,35.6,35.6,35.6,35.6,35.6,35.6,35.6
99.2,74.7,199.6,386.8,116.2,101.4,143.7,88.8
99.2,74.7,199.6,74.1,116.2,101.4,143.7,88.8
99.2,74.7,199.6,74.1,116.2,101.4,143.7,88.8
99.2,74.7,815.2,74.1,116.2,101.4,143.7,88.8
110.5,83.8,839.1,84.3,135.3,110.6,160.1,101.7
110.5,371.1,839.1,84.3,135.3,110.6,160.1,101.7
110.5,371.1,839.1,84.3,135.3,110.6,160.1,101.7
110.5,371.1,839.1,84.3,135.3,350.6,160.1,101.7
230.1,201.8,275.3,93.9,153.3,119.3,170.7,114.0
230.1,201.8,275.3,93.9,153.3,119.3,170.7,114.0
230.1,201.8,275.3,93.9,153.3,119.3,170.7,114.0
325.4,179.8,202.6,93.9,153.3,119.3,170.1,114.0
0.0,0.0,0.0,0.0,0.0,0.0,0.0,0.0
0.0,0.0,0.0,0.0,0.0,0.0,0.0,0.0
0.0,0.0,0.0,0.0,0.0,0.0,0.0,0.0
0.0,0.0,0.0,0.0,0.0,0.0,0.0,0.0
0.0,0.0,0.0,0.0,0.0,0.0,0.0,0.0
0.0,0.0,0.0,0.0,0.0,0.0,0.0,0.0
0.0,0.0,0.0,0.0,0.0,0.0,0.0,0.0
0.0,0.0,0.0,0.0,0.0,0.0,0.0,0.0
0.0,0.0,0.0,0.0,0.0,0.0,0.0,0.0
0.0,0.0,0.0,0.0,0.0,0.0,0.0,0.0
0.0,0.0,0.0,0.0,0.0,0.0,0.0,0.0
0.0,0.0,0.0,0.0,0.0,0.0,0.0,0.0
0.0,0.0,0.0,0.0,0.0,0.0,0.0,0.0
0.0,0.0,0.0,0.0,0.0,0.0,0.0,0.0
0.0,0.0,0.0,0.0,0.0,0.0,0.0,0.0
0.0,0.0,0.0,0.0,0.0,0.0,0.0,0.0
0.0,0.0,0.0,0.0,0.0,0.0,0.0,0.0
0.0,0.0,0.0,0.0,0.0,0.0,0.0,0.0
0.0,0.0,0.0,0.0,0.0,0.0,0.0,0.0
0.0,0.0,0.0,0.0,0.0,0.0,0.0,0.0
0.0,0.0,0.0,0.0,0.0,0.0,0.0,0.0
0.0,0.0,0.0,0.0,0.0,0.0,0.0,0.0
0.0,0.0,0.0,0.0,0.0,0.0,0.0,0.0
0.0,0.0,0.0,0.0,0.0,0.0,0.0,0.0
0.0,0.0,0.0,0.0,0.0,0.0,0.0,0.0
0.0,0.0,0.0,0.0,0.0,0.0,0.0,0.0
0.0,0.0,0.0,0.0,0.0,0.0,0.0,0.0
0.0,0.0,0.0,0.0,0.0,0.0,0.0,0.0
0.0,0.0,0.0,0.0,0.0,0.0,0.0,0.0
0.0,0.0,0.0,0.0,0.0,0.0,0.0,0.0
0.0,0.0,0.0,0.0,0.0,0.0,0.0,0.0
0.0,0.0,0.0,0.0,0.0,0.0,0.0,0.0
0.0,0.0,0.0,0.0,0.0,0.0,0.0,0.0
0.0,0.0,0.0,0.0,0.0,0.0,0.0,0.0
0.0,0.0,0.0,0.0,0.0,0.0,0.0,0.0
0.0,0.0,0.0,0.0,0.0,0.0,0.0,0.0
0.0,0.0,0.0,0.0,0.0,0.0,0.0,0.0
0.0,0.0,0.0,0.0,0.0,0.0,0.0,0.0
0.0,0.0,0.0,0.0,0.0,0.0,0.0,0.0
0.0,0.0,0.0,0.0,0.0,0.0,0.0,0.0
7.8,7.8,7.8,7.8,7.8,7.8,7.8,7.8
7.8,7.8,7.8,7.8,7.8,7.8,7.8,7.8
7.8,7.8,7.8,7.8,7.8,7.8,7.8,7.8
7.8,7.8,7.8,7.8,7.8,7.8,7.8,7.8
18.9,18.9,18.9,18.9,18.9,18.9,18.9,18.9
18.9,18.9,18.9,18.9,18.9,18.9,18.9,18.9
18.9,18.9,18.9,18.9,18.9,18.9,18.9,18.9
18.9,18.9,18.9,18.9,18.9,18.9,18.9,18.9
52.0,52.0,52.0,52.0,52.0,52.0,52.0,52.0
52.0,52.0,52.0,52.0,52.0,52.0,52.0,52.0
52.0,52.0,52.0,52.0,52.0,52.0,52.0,52.0
52.0,52.0,52.0,52.0,52.0,52.0,52.0,52.0
53.5,53.5,53.5,53.5,53.5,53.5,53.5,53.5
53.5,53.5,53.5,53.5,53.5,53.5,53.5,53.5
53.5,53.5,53.5,53.5,53.5,53.5,53.5,53.5
53.5,53.5,53.5,53.5,53.5,53.5,53.5,53.5
56.8,56.8,56.8,56.8,56.8,56.8,56.8,56.8
56.8,56.8,56.8,56.8,56.8,56.8,56.8,56.8
56.8,56.8,56.8,56.8,56.8,56.8,56.8,56.8
56.8,56.8,56.8,56.8,56.8,56.8,56.8,56.8
63.4,63.6,63.5,62.8,63.4,63.4,63.5,63.4
63.4,63.6,63.5,62.8,63.4,63.4,63.5,63.4
63.4,63.6,63.5,62.8,63.4,63.4,63.5,63.4
63.5,63.4,63.6,62.8,63.5,63.5,63.5,63.4
89.9,67.2,179.7,65.7,100.3,93.8,129.9,77.9
89.9,67.2,179.7,547.0,100.3,93.8,129.9,77.9
89.9,67.2,179.7,65.7,100.3,121.6,129.9,77.9
89.9,67.2,179.7,65.7,100.3,121.6,129.9,77.9
91.8,68.7,183.7,67.4,103.5,95.3,132.7,80.1
91.8,68.7,183.7,67.4,103.5,95.3,132.7,80.1
91.8,68.7,183.7,67.4,103.5,95.3,132.7,80.1
91.8,732.3,183.7,67.4,103.5,95.3,132.7,80.1
89.9,730.7,179.7,65.7,100.3,93.8,364.8,77.9
89.9,730.7,179.7,65.7,100.3,93.8,364.8,77.9
89.9,730.7,179.7,65.7,100.3,93.8,129.9,77.9
89.9,730.7,179.7,65.7,100.3,93.8,129.9,77.9
90.5,731.3,181.0,66.2,101.4,94.3,130.8,78.7
90.5,731.3,181.0,66.2,101.4,94.3,130.8,78.7
90.5,731.3,181.0,66.2,101.4,94.3,130.8,78.7
90.5,731.3,181.0,66.2,101.4,94.3,130.8,78.7
92.4,69.2,185.0,67.9,104.5,95.8,133.6,80.8
92.4,69.2,185.0,67.9,104.5,95.8,133.6,80.8
92.4,69.2,185.0,67.9,104.5,95.8,133.6,80.8
92.4,69.2,185.0,67.9,104.5,95.8,133.6,80.8
37.4,37.4,37.4,37.4,37.4,37.4,37.4,37.4
37.4,37.4,37.4,37.4,37.4,37.4,37.4,37.4
37.4,37.4,37.4,37.4,37.4,37.4,37.4,37.4
37.4,37.4,37.4,37.4,37.4,37.4,37.4,37.4
110.5,83.8,223.6,84.3,135.3,110.6,160.1,101.7
110.5,859.8,223.6,84.3,688.6,110.6,160.1,101.7
110.5,859.8,223.6,84.3,688.6,197.3,160.1,101.7
110.5,83.8,223.6,84.3,688.6,197.3,160.1,101.7
172.6,92.3,126.2,93.9,122.5,124.6,123.4,114.0
172.3,92.3,131.8,93.9,122.5,119.3,123.4,114.0
172.3,92.3,131.8,93.9,122.5,119.3,123.4,114.0
154.7,92.3,124.5,93.9,122.0,119.3,122.6,140.1
0.0,0.0,0.0,0.0,0.0,0.0,0.0,0.0
0.0,0.0,0.0,0.0,0.0,0.0,0.0,0.0
0.0,0.0,0.0,0.0,0.0,0.0,0.0,0.0
0.0,0.0,0.0,0.0,0.0,0.0,0.0,0.0
0.0,0.0,0.0,0.0,0.0,0.0,0.0,0.0
0.0,0.0,0.0,0.0,0.0,0.0,0.0,0.0
0.0,0.0,0.0,0.0,0.0,0.0,0.0,0.0
0.0,0.0,0.0,0.0,0.0,0.0,0.0,0.0
0.0,0.0,0.0,0.0,0.0,0.0,0.0,0.0
0.0,0.0,0.0,0.0,0.0,0.0,0.0,0.0
0.0,0.0,0.0,0.0,0.0,0.0,0.0,0.0
0.0,0.0,0.0,0.0,0.0,0.0,0.0,0.0
0.0,0.0,0.0,0.0,0.0,0.0,0.0,0.0
0.0,0.0,0.0,0.0,0.0,0.0,0.0,0.0
0.0,0.0,0.0,0.0,0.0,0.0,0.0,0.0
0.0,0.0,0.0,0.0,0.0,0.0,0.0,0.0
0.0,0.0,0.0,0.0,0.0,0.0,0.0,0.0
0.0,0.0,0.0,0.0,0.0,0.0,0.0,0.0
0.0,0.0,0.0,0.0,0.0,0.0,0.0,0.0
0.0,0.0,0.0,0.0,0.0,0.0,0.0,0.0
0.0,0.0,0.0,0.0,0.0,0.0,0.0,0.0
0.0,0.0,0.0,0.0,0.0,0.0,0.0,0.0
0.0,0.0,0.0,0.0,0.0,0.0,0.0,0.0
0.0,0.0,0.0,0.0,0.0,0.0,0.0,0.0
0.0,0.0,0.0,0.0,0.0,0.0,0.0,0.0
0.0,0.0,0.0,0.0,0.0,0.0,0.0,0.0
0.0,0.0,0.0,0.0,0.0,0.0,0.0,0.0
0.0,0.0,0.0,0.0,0.0,0.0,0.0,0.0
0.0,0.0,0.0,0.0,0.0,0.0,0.0,0.0
0.0,0.0,0.0,0.0,0.0,0.0,0.0,0.0
0.0,0.0,0.0,0.0,0.0,0.0,0.0,0.0
0.0,0.0,0.0,0.0,0.0,0.0,0.0,0.0
0.0,0.0,0.0,0.0,0.0,0.0,0.0,0.0
0.0,0.0,0.0,0.0,0.0,0.0,0.0,0.0
0.0,0.0,0.0,0.0,0.0,0.0,0.0,0.0
0.0,0.0,0.0,0.0,0.0,0.0,0.0,0.0
0.0,0.0,0.0,0.0,0.0,0.0,0.0,0.0
0.0,0.0,0.0,0.0,0.0,0.0,0.0,0.0
0.0,0.0,0.0,0.0,0.0,0.0,0.0,0.0
0.0,0.0,0.0,0.0,0.0,0.0,0.0,0.0
7.0,7.0,7.0,7.0,7.0,7.0,7.0,7.0
7.0,7.0,7.0,7.0,7.0,7.0,7.0,7.0
7.0,7.0,7.0,7.0,7.0,7.0,7.0,7.0
7.0,7.0,7.0,7.0,7.0,7.0,7.0,7.0
81.2,98.4,98.9,57.8,85.5,98.2,97.7,159.1
81.2,98.7,99.2,57.8,85.5,86.6,97.8,170.0
107.9,60.2,99.1,73.8,85.5,86.6,97.7,165.9
107.7,60.2,99.1,73.8,87.5,86.6,97.7,164.2
82.4,61.2,118.6,58.9,89.6,87.6,110.1,266.6
82.4,61.2,163.8,58.9,87.6,87.6,118.9,69.3
82.4,61.2,163.8,58.9,87.6,87.6,118.9,69.3
82.4,61.2,163.8,58.9,87.6,87.6,118.9,69.3
83.7,62.2,166.4,60.0,89.7,88.7,120.8,70.7
83.7,62.2,166.4,60.0,89.7,88.7,120.8,70.7
83.7,62.2,166.4,60.0,89.7,88.7,120.8,70.7
83.7,62.2,166.4,60.0,89.7,88.7,120.8,70.7
85.5,63.7,170.4,61.7,92.9,90.2,123.5,72.9
85.5,63.7,170.4,61.7,92.9,90.2,123.5,72.9
85.5,63.7,170.4,61.7,92.9,90.2,123.5,72.9
85.5,63.7,170.4,61.7,92.9,90.2,123.5,72.9
86.8,64.7,173.1,62.8,95.0,91.2,125.3,74.3
86.8,64.7,173.1,62.8,95.0,91.2,125.3,74.3
86.8,64.7,173.1,62.8,95.0,91.2,125.3,74.3
86.8,64.7,173.1,62.8,95.0,91.2,125.3,74.3
89.9,67.2,179.7,306.3,100.3,93.8,129.9,77.9
89.9,67.2,179.7,306.3,100.3,93.8,129.9,77.9
89.9,67.2,179.7,65.7,100.3,121.6,129.9,77.9
89.9,67.2,204.7,65.7,100.3,121.6,129.9,77.9
91.8,68.7,208.7,67.4,103.5,95.3,132.7,80.1
91.8,68.7,183.7,67.4,103.5,95.3,132.7,80.1
91.8,68.7,183.7,67.4,103.5,95.3,132.7,80.1
91.8,1289.2,183.7,67.4,218.7,95.3,132.7,80.1
89.9,3363.3,179.7,65.7,215.5,93.8,129.9,77.9
89.9,67.2,179.7,65.7,215.5,93.8,129.9,77.9
89.9,67.2,179.7,65.7,100.3,93.8,129.9,77.9
89.9,67.2,179.7,65.7,100.3,93.8,129.9,77.9
90.5,67.7,181.0,66.2,101.4,94.3,130.8,78.7
90.5,67.7,181.0,66.2,101.4,94.3,130.8,78.7
90.5,67.7,181.0,66.2,101.4,94.3,130.8,78.7
368.8,67.7,181.0,66.2,101.4,94.3,130.8,78.7
221.4,69.2,143.3,67.9,104.5,95.8,121.7,80.8
221.4,69.2,143.3,67.9,104.5,95.8,121.7,80.8
221.4,69.2,143.3,67.9,104.5,95.8,121.7,80.8
221.4,69.2,143.3,67.9,104.5,95.8,121.7,80.8
377.5,74.7,199.6,74.1,116.2,101.4,143.7,88.8
377.5,74.7,199.6,74.1,116.2,101.4,143.7,88.8
99.2,74.7,199.6,74.1,116.2,393.4,143.7,88.8
99.2,74.7,199.6,74.1,116.2,393.4,143.7,88.8
110.5,83.8,223.6,84.3,135.3,402.6,160.1,101.7
110.5,83.8,223.6,84.3,135.3,402.6,160.1,101.7
110.5,1299.8,223.6,84.3,135.3,402.6,160.1,101.7
110.5,1299.8,223.6,84.3,135.3,110.6,160.1,101.7
121.1,92.3,504.2,93.9,153.3,119.3,175.7,114.0
121.1,92.3,504.2,93.9,153.3,119.3,175.7,114.0
440.0,92.3,199.8,93.9,242.9,119.3,175.7,114.0
440.0,92.3,199.8,93.9,242.9,119.3,175.7,114.0
0.0,0.0,0.0,0.0,0.0,0.0,0.0,0.0
0.0,0.0,0.0,0.0,0.0,0.0,0.0,0.0
0.0,0.0,0.0,0.0,0.0,0.0,0.0,0.0
0.0,0.0,0.0,0.0,0.0,0.0,0.0,0.0
0.0,0.0,0.0,0.0,0.0,0.0,0.0,0.0
0.0,0.0,0.0,0.0,0.0,0.0,0.0,0.0
0.0,0.0,0.0,0.0,0.0,0.0,0.0,0.0
0.0,0.0,0.0,0.0,0.0,0.0,0.0,0.0
0.0,0.0,0.0,0.0,0.0,0.0,0.0,0.0
0.0,0.0,0.0,0.0,0.0,0.0,0.0,0.0
0.0,0.0,0.0,0.0,0.0,0.0,0.0,0.0
0.0,0.0,0.0,0.0,0.0,0.0,0.0,0.0
0.0,0.0,0.0,0.0,0.0,0.0,0.0,0.0
0.0,0.0,0.0,0.0,0.0,0.0,0.0,0.0
0.0,0.0,0.0,0.0,0.0,0.0,0.0,0.0
0.0,0.0,0.0,0.0,0.0,0.0,0.0,0.0
0.0,0.0,0.0,0.0,0.0,0.0,0.0,0.0
0.0,0.0,0.0,0.0,0.0,0.0,0.0,0.0
0.0,0.0,0.0,0.0,0.0,0.0,0.0,0.0
0.0,0.0,0.0,0.0,0.0,0.0,0.0,0.0
0.0,0.0,0.0,0.0,0.0,0.0,0.0,0.0
0.0,0.0,0.0,0.0,0.0,0.0,0.0,0.0
0.0,0.0,0.0,0.0,0.0,0.0,0.0,0.0
0.0,0.0,0.0,0.0,0.0,0.0,0.0,0.0
0.0,0.0,0.0,0.0,0.0,0.0,0.0,0.0
0.0,0.0,0.0,0.0,0.0,0.0,0.0,0.0
0.0,0.0,0.0,0.0,0.0,0.0,0.0,0.0
0.0,0.0,0.0,0.0,0.0,0.0,0.0,0.0
0.0,0.0,0.0,0.0,0.0,0.0,0.0,0.0
0.0,0.0,0.0,0.0,0.0,0.0,0.0,0.0
0.0,0.0,0.0,0.0,0.0,0.0,0.0,0.0
0.0,0.0,0.0,0.0,0.0,0.0,0.0,0.0
0.0,0.0,0.0,0.0,0.0,0.0,0.0,0.0
0.0,0.0,0.0,0.0,0.0,0.0,0.0,0.0
0.0,0.0,0.0,0.0,0.0,0.0,0.0,0.0
0.0,0.0,0.0,0.0,0.0,0.0,0.0,0.0
0.0,0.0,0.0,0.0,0.0,0.0,0.0,0.0
0.0,0.0,0.0,0.0,0.0,0.0,0.0,0.0
0.0,0.0,0.0,0.0,0.0,0.0,0.0,0.0
0.0,0.0,0.0,0.0,0.0,0.0,0.0,0.0
8.7,8.7,8.7,8.7,8.7,8.7,8.7,8.7
8.7,8.7,8.7,8.7,8.7,8.7,8.7,8.7
8.7,8.7,8.7,8.7,8.7,8.7,8.7,8.7
8.7,8.7,8.7,8.7,8.7,8.7,8.7,8.7
19.9,19.9,19.9,19.9,19.9,19.9,19.9,19.9
19.9,19.9,19.9,19.9,19.9,19.9,19.9,19.9
19.9,19.9,19.9,19.9,19.9,19.9,19.9,19.9
19.9,19.9,19.9,19.9,19.9,19.9,19.9,19.9
293.6,61.2,143.0,72.9,87.6,87.6,118.9,160.4
377.2,61.2,150.5,72.9,87.6,87.6,118.9,69.3
82.4,61.2,163.8,58.9,87.6,87.6,118.9,69.3
82.4,71.2,163.8,58.9,87.6,87.6,118.9,69.3
46.2,46.2,46.2,46.2,46.2,46.2,46.2,46.2
46.2,46.2,46.2,46.2,46.2,46.2,46.2,46.2
46.2,46.2,46.2,46.2,46.2,46.2,46.2,46.2
46.2,46.2,46.2,46.2,46.2,46.2,46.2,46.2
85.5,63.7,170.4,61.7,92.9,90.2,123.5,72.9
85.5,63.7,170.4,61.7,92.9,90.2,123.5,72.9
85.5,199.7,170.4,61.7,92.9,90.2,123.5,72.9
85.5,199.7,170.4,61.7,92.9,90.2,123.5,72.9
86.8,64.7,173.1,62.8,95.0,91.2,125.3,74.3
86.8,64.7,173.1,62.8,95.0,91.2,125.3,74.3
86.8,64.7,173.1,62.8,95.0,91.2,125.3,74.3
86.8,64.7,173.1,85.8,95.0,91.2,125.3,74.3
89.9,67.2,179.7,564.5,100.3,93.8,129.9,77.9
89.9,67.2,179.7,564.5,100.3,93.8,129.9,77.9
89.9,67.2,179.7,564.5,100.3,93.8,129.9,77.9
89.9,67.2,179.7,564.5,100.3,93.8,129.9,77.9
91.8,68.7,183.7,566.2,103.5,485.1,132.7,80.1
91.8,68.7,183.7,345.1,103.5,330.3,1164.1,80.1
91.8,68.7,183.7,345.1,103.5,330.3,1164.1,80.1
91.8,68.7,183.7,67.4,103.5,95.3,132.7,80.1
89.9,381.1,179.7,65.7,273.2,93.8,129.9,77.9
89.9,67.2,179.7,65.7,273.2,93.8,129.9,77.9
89.9,67.2,179.7,65.7,100.3,93.8,129.9,77.9
89.9,67.2,179.7,65.7,100.3,93.8,129.9,77.9
90.5,67.7,181.0,66.2,101.4,94.3,130.8,78.7
90.5,67.7,181.0,66.2,101.4,94.3,130.8,78.7
90.5,67.7,181.0,66.2,101.4,94.3,130.8,78.7
90.5,67.7,181.0,66.2,101.4,94.3,130.8,78.7
92.4,69.2,185.0,67.9,104.5,95.8,133.6,80.8
92.4,69.2,185.0,67.9,104.5,95.8,133.6,80.8
92.4,69.2,185.0,67.9,104.5,95.8,133.6,80.8
92.4,69.2,185.0,67.9,104.5,95.8,133.6,80.8
99.2,74.7,199.6,74.1,116.2,101.4,143.7,88.8
99.2,74.7,199.6,74.1,116.2,101.4,143.7,88.8
99.2,74.7,199.6,74.1,116.2,101.4,143.7,88.8
99.2,74.7,199.6,74.1,116.2,101.4,143.7,88.8
110.5,83.8,223.6,84.3,135.3,110.6,160.1,101.7
110.5,83.8,223.6,84.3,135.3,110.6,160.1,101.7
110.5,83.8,223.6,84.3,135.3,110.6,1562.8,101.7
110.5,83.8,926.4,84.3,135.3,110.6,1562.8,101.7
411.1,92.3,365.9,93.9,153.3,119.3,485.3,114.0
445.4,341.9,391.6,93.9,153.3,119.3,175.7,114.0
445.4,341.9,391.6,93.9,153.3,119.3,175.7,114.0
587.9,92.3,498.7,93.9,153.3,119.3,175.7,114.0
0.0,0.0,0.0,0.0,0.0,0.0,0.0,0.0
0.0,0.0,0.0,0.0,0.0,0.0,0.0,0.0
0.0,0.0,0.0,0.0,0.0,0.0,0.0,0.0
0.0,0.0,0.0,0.0,0.0,0.0,0.0,0.0
0.0,0.0,0.0,0.0,0.0,0.0,0.0,0.0
0.0,0.0,0.0,0.0,0.0,0.0,0.0,0.0
0.0,0.0,0.0,0.0,0.0,0.0,0.0,0.0
0.0,0.0,0.0,0.0,0.0,0.0,0.0,0.0
0.0,0.0,0.0,0.0,0.0,0.0,0.0,0.0
0.0,0.0,0.0,0.0,0.0,0.0,0.0,0.0
0.0,0.0,0.0,0.0,0.0,0.0,0.0,0.0
0.0,0.0,0.0,0.0,0.0,0.0,0.0,0.0
0.0,0.0,0.0,0.0,0.0,0.0,0.0,0.0
0.0,0.0,0.0,0.0,0.0,0.0,0.0,0.0
0.0,0.0,0.0,0.0,0.0,0.0,0.0,0.0
0.0,0.0,0.0,0.0,0.0,0.0,0.0,0.0
0.0,0.0,0.0,0.0,0.0,0.0,0.0,0.0
0.0,0.0,0.0,0.0,0.0,0.0,0.0,0.0
0.0,0.0,0.0,0.0,0.0,0.0,0.0,0.0
0.0,0.0,0.0,0.0,0.0,0.0,0.0,0.0
0.0,0.0,0.0,0.0,0.0,0.0,0.0,0.0
0.0,0.0,0.0,0.0,0.0,0.0,0.0,0.0
0.0,0.0,0.0,0.0,0.0,0.0,0.0,0.0
0.0,0.0,0.0,0.0,0.0,0.0,0.0,0.0
0.0,0.0,0.0,0.0,0.0,0.0,0.0,0.0
0.0,0.0,0.0,0.0,0.0,0.0,0.0,0.0
0.0,0.0,0.0,0.0,0.0,0.0,0.0,0.0
0.0,0.0,0.0,0.0,0.0,0.0,0.0,0.0
0.0,0.0,0.0,0.0,0.0,0.0,0.0,0.0
0.0,0.0,0.0,0.0,0.0,0.0,0.0,0.0
0.0,0.0,0.0,0.0,0.0,0.0,0.0,0.0
0.0,0.0,0.0,0.0,0.0,0.0,0.0,0.0
0.0,0.0,0.0,0.0,0.0,0.0,0.0,0.0
0.0,0.0,0.0,0.0,0.0,0.0,0.0,0.0
0.0,0.0,0.0,0.0,0.0,0.0,0.0,0.0
0.0,0.0,0.0,0.0,0.0,0.0,0.0,0.0
0.0,0.0,0.0,0.0,0.0,0.0,0.0,0.0
0.0,0.0,0.0,0.0,0.0,0.0,0.0,0.0
0.0,0.0,0.0,0.0,0.0,0.0,0.0,0.0
0.0,0.0,0.0,0.0,0.0,0.0,0.0,0.0
8.7,8.7,8.7,8.7,8.7,8.7,8.7,8.7
8.7,8.7,8.7,8.7,8.7,8.7,8.7,8.7
8.7,8.7,8.7,8.7,8.7,8.7,8.7,8.7
8.7,8.7,8.7,8.7,8.7,8.7,8.7,8.7
19.9,19.9,19.9,19.9,19.9,19.9,19.9,19.9
19.9,19.9,19.9,19.9,19.9,19.9,19.9,19.9
19.9,19.9,19.9,19.9,19.9,19.9,19.9,19.9
19.9,19.9,19.9,19.9,19.9,19.9,19.9,19.9
32.6,32.6,32.6,32.6,32.6,32.6,32.6,32.6
32.6,32.6,32.6,32.6,32.6,32.6,32.6,32.6
32.6,32.6,32.6,32.6,32.6,32.6,32.6,32.6
32.6,32.6,32.6,32.6,32.6,32.6,32.6,32.6
72.6,62.2,70.8,60.0,68.1,68.1,69.2,67.4
72.6,62.2,70.8,60.0,68.1,68.1,69.2,67.4
68.2,62.2,73.0,60.0,68.6,68.5,70.4,67.5
68.2,62.2,73.0,60.0,68.6,68.5,70.4,67.5
79.6,63.7,97.4,61.7,81.2,80.6,87.6,72.9
79.6,63.7,97.4,61.7,81.2,80.6,87.6,72.9
79.6,63.7,97.4,61.7,81.2,80.6,87.6,72.9
79.6,63.7,97.4,61.7,81.2,80.6,87.6,72.9
86.8,64.7,173.1,62.8,95.0,91.2,125.3,74.3
86.8,64.7,173.1,62.8,95.0,91.2,125.3,74.3
86.8,64.7,173.1,62.8,95.0,91.2,125.3,74.3
86.8,64.7,173.1,62.8,95.0,91.2,125.3,74.3
62.0,62.0,62.0,62.0,62.0,62.0,62.0,62.0
62.0,62.0,62.0,62.0,62.0,62.0,62.0,62.0
62.0,62.0,62.0,62.0,62.0,62.0,62.0,62.0
62.0,62.0,62.0,62.0,62.0,62.0,62.0,62.0
62.0,62.0,62.0,62.0,62.0,62.0,62.0,62.0
62.0,62.0,62.0,62.0,62.0,62.0,62.0,62.0
62.0,62.0,62.0,62.0,62.0,62.0,62.0,62.0
62.0,62.0,62.0,62.0,62.0,62.0,62.0,62.0
57.8,57.8,57.8,57.8,57.8,57.8,57.8,57.8
57.8,57.8,57.8,57.8,57.8,57.8,57.8,57.8
57.8,57.8,57.8,57.8,57.8,57.8,57.8,57.8
57.8,57.8,57.8,57.8,57.8,57.8,57.8,57.8
49.3,49.3,49.3,49.3,49.3,49.3,49.3,49.3
49.3,49.3,49.3,49.3,49.3,49.3,49.3,49.3
49.3,49.3,49.3,49.3,49.3,49.3,49.3,49.3
49.3,49.3,49.3,49.3,49.3,49.3,49.3,49.3
43.4,43.4,43.4,43.4,43.4,43.4,43.4,43.4
43.4,43.4,43.4,43.4,43.4,43.4,43.4,43.4
43.4,43.4,43.4,43.4,43.4,43.4,43.4,43.4
43.4,43.4,43.4,43.4,43.4,43.4,43.4,43.4
99.2,74.7,199.6,74.1,116.2,101.4,143.7,88.8
99.2,74.7,199.6,74.1,116.2,101.4,143.7,88.8
99.2,74.7,199.6,74.1,116.2,101.4,143.7,88.8
99.2,74.7,199.6,74.1,116.2,101.4,143.7,88.8
110.5,355.0,223.6,84.3,135.3,110.6,160.1,101.7
110.5,355.0,223.6,84.3,135.3,110.6,160.1,101.7
1640.5,355.0,223.6,84.3,135.3,110.6,160.1,101.7
1640.5,355.0,223.6,84.3,135.3,110.6,160.1,101.7
153.7,127.4,125.0,93.9,123.1,119.3,123.6,114.0
184.6,92.3,127.5,93.9,123.8,119.3,124.7,114.0
121.1,92.3,165.4,93.9,133.2,119.3,140.9,114.0
121.1,92.3,165.4,93.9,133.2,119.3,140.9,114.0
0.0,0.0,0.0,0.0,0.0,0.0,0.0,0.0
0.0,0.0,0.0,0.0,0.0,0.0,0.0,0.0
0.0,0.0,0.0,0.0,0.0,0.0,0.0,0.0
0.0,0.0,0.0,0.0,0.0,0.0,0.0,0.0
0.0,0.0,0.0,0.0,0.0,0.0,0.0,0.0
0.0,0.0,0.0,0.0,0.0,0.0,0.0,0.0
0.0,0.0,0.0,0.0,0.0,0.0,0.0,0.0
0.0,0.0,0.0,0.0,0.0,0.0,0.0,0.0
0.0,0.0,0.0,0.0,0.0,0.0,0.0,0.0
0.0,0.0,0.0,0.0,0.0,0.0,0.0,0.0
0.0,0.0,0.0,0.0,0.0,0.0,0.0,0.0
0.0,0.0,0.0,0.0,0.0,0.0,0.0,0.0
0.0,0.0,0.0,0.0,0.0,0.0,0.0,0.0
0.0,0.0,0.0,0.0,0.0,0.0,0.0,0.0
0.0,0.0,0.0,0.0,0.0,0.0,0.0,0.0
0.0,0.0,0.0,0.0,0.0,0.0,0.0,0.0
0.0,0.0,0.0,0.0,0.0,0.0,0.0,0.0
0.0,0.0,0.0,0.0,0.0,0.0,0.0,0.0
0.0,0.0,0.0,0.0,0.0,0.0,0.0,0.0
0.0,0.0,0.0,0.0,0.0,0.0,0.0,0.0
0.0,0.0,0.0,0.0,0.0,0.0,0.0,0.0
0.0,0.0,0.0,0.0,0.0,0.0,0.0,0.0
0.0,0.0,0.0,0.0,0.0,0.0,0.0,0.0
0.0,0.0,0.0,0.0,0.0,0.0,0.0,0.0
0.0,0.0,0.0,0.0,0.0,0.0,0.0,0.0
0.0,0.0,0.0,0.0,0.0,0.0,0.0,0.0
0.0,0.0,0.0,0.0,0.0,0.0,0.0,0.0
0.0,0.0,0.0,0.0,0.0,0.0,0.0,0.0
0.0,0.0,0.0,0.0,0.0,0.0,0.0,0.0
0.0,0.0,0.0,0.0,0.0,0.0,0.0,0.0
0.0,0.0,0.0,0.0,0.0,0.0,0.0,0.0
0.0,0.0,0.0,0.0,0.0,0.0,0.0,0.0
0.0,0.0,0.0,0.0,0.0,0.0,0.0,0.0
0.0,0.0,0.0,0.0,0.0,0.0,0.0,0.0
0.0,0.0,0.0,0.0,0.0,0.0,0.0,0.0
0.0,0.0,0.0,0.0,0.0,0.0,0.0,0.0
0.0,0.0,0.0,0.0,0.0,0.0,0.0,0.0
0.0,0.0,0.0,0.0,0.0,0.0,0.0,0.0
0.0,0.0,0.0,0.0,0.0,0.0,0.0,0.0
0.0,0.0,0.0,0.0,0.0,0.0,0.0,0.0
7.8,7.8,7.8,7.8,7.8,7.8,7.8,7.8
7.8,7.8,7.8,7.8,7.8,7.8,7.8,7.8
7.8,7.8,7.8,7.8,7.8,7.8,7.8,7.8
7.8,7.8,7.8,7.8,7.8,7.8,7.8,7.8
81.2,60.2,151.8,57.8,84.0,84.1,85.0,67.8
81.2,60.2,130.5,57.8,84.9,85.6,104.0,67.8
81.2,60.2,125.1,65.8,84.8,85.4,101.6,67.8
81.2,60.2,119.7,57.8,84.7,85.2,99.3,83.8
36.6,36.6,36.6,36.6,36.6,36.6,36.6,36.6
36.6,36.6,36.6,36.6,36.6,36.6,36.6,36.6
36.6,36.6,36.6,36.6,36.6,36.6,36.6,36.6
36.6,36.6,36.6,36.6,36.6,36.6,36.6,36.6
83.7,62.2,166.4,60.0,89.7,88.7,120.8,70.7
83.7,62.2,166.4,60.0,89.7,88.7,120.8,70.7
83.7,62.2,166.4,60.0,89.7,88.7,120.8,70.7
83.7,62.2,166.4,60.0,89.7,88.7,120.8,70.7
85.5,63.7,170.4,61.7,92.9,90.2,123.5,72.9
85.5,63.7,170.4,61.7,92.9,90.2,123.5,72.9
85.5,63.7,170.4,61.7,92.9,90.2,123.5,72.9
85.5,63.7,170.4,61.7,92.9,90.2,123.5,72.9
86.8,64.7,173.1,62.8,95.0,91.2,125.3,74.3
86.8,64.7,173.1,62.8,95.0,91.2,125.3,74.3
86.8,378.6,173.1,62.8,95.0,91.2,125.3,74.3
86.8,64.7,173.1,62.8,95.0,91.2,125.3,74.3
760.6,67.2,179.7,65.7,100.3,93.8,129.9,77.9
89.9,67.2,229.6,65.7,100.3,121.6,129.9,77.9
89.9,67.2,179.7,65.7,100.3,121.6,129.9,77.9
89.9,67.2,179.7,65.7,100.3,93.8,708.8,77.9
91.8,68.7,183.7,67.4,103.5,95.3,711.6,80.1
91.8,68.7,183.7,67.4,103.5,95.3,711.6,80.1
91.8,68.7,183.7,67.4,103.5,95.3,711.6,80.1
91.8,68.7,183.7,67.4,103.5,95.3,711.6,80.1
89.9,67.2,179.7,65.7,100.3,93.8,708.8,77.9
89.9,67.2,179.7,65.7,100.3,93.8,708.8,77.9
89.9,67.2,179.7,65.7,424.3,93.8,708.8,77.9
89.9,67.2,179.7,65.7,424.3,93.8,708.8,77.9
90.5,67.7,181.0,66.2,425.4,94.3,709.7,78.7
90.5,67.7,181.0,66.2,425.4,94.3,709.7,78.7
90.5,67.7,181.0,66.2,425.4,94.3,130.8,78.7
90.5,67.7,181.0,66.2,425.4,94.3,130.8,78.7
92.4,69.2,185.0,67.9,104.5,95.8,133.6,80.8
92.4,69.2,185.0,67.9,104.5,95.8,133.6,80.8
92.4,69.2,185.0,67.9,104.5,95.8,133.6,80.8
92.4,69.2,185.0,67.9,104.5,95.8,436.3,80.8
99.2,74.7,169.3,74.1,116.2,101.4,309.7,88.8
99.2,74.7,169.3,74.1,116.2,101.4,309.7,88.8
99.2,74.7,169.3,74.1,116.2,101.4,309.7,88.8
99.2,74.7,169.3,74.1,116.2,101.4,309.7,88.8
110.5,83.8,223.6,84.3,135.3,110.6,462.8,101.7
110.5,83.8,223.6,84.3,135.3,110.6,160.1,101.7
110.5,83.8,223.6,84.3,135.3,110.6,160.1,101.7
110.5,83.8,223.6,109.6,135.3,110.6,160.1,101.7
121.1,92.3,170.8,119.2,136.8,119.3,145.0,114.0
121.1,92.3,170.8,119.2,136.8,119.3,145.0,114.0
121.1,92.3,191.3,119.2,129.7,119.3,131.7,114.0
121.1,92.3,174.9,119.2,128.7,138.4,129.9,114.0
0.0,0.0,0.0,0.0,0.0,0.0,0.0,0.0
0.0,0.0,0.0,0.0,0.0,0.0,0.0,0.0
0.0,0.0,0.0,0.0,0.0,0.0,0.0,0.0
0.0,0.0,0.0,0.0,0.0,0.0,0.0,0.0
0.0,0.0,0.0,0.0,0.0,0.0,0.0,0.0
0.0,0.0,0.0,0.0,0.0,0.0,0.0,0.0
0.0,0.0,0.0,0.0,0.0,0.0,0.0,0.0
0.0,0.0,0.0,0.0,0.0,0.0,0.0,0.0
0.0,0.0,0.0,0.0,0.0,0.0,0.0,0.0
0.0,0.0,0.0,0.0,0.0,0.0,0.0,0.0
0.0,0.0,0.0,0.0,0.0,0.0,0.0,0.0
0.0,0.0,0.0,0.0,0.0,0.0,0.0,0.0
0.0,0.0,0.0,0.0,0.0,0.0,0.0,0.0
0.0,0.0,0.0,0.0,0.0,0.0,0.0,0.0
0.0,0.0,0.0,0.0,0.0,0.0,0.0,0.0
0.0,0.0,0.0,0.0,0.0,0.0,0.0,0.0
0.0,0.0,0.0,0.0,0.0,0.0,0.0,0.0
0.0,0.0,0.0,0.0,0.0,0.0,0.0,0.0
0.0,0.0,0.0,0.0,0.0,0.0,0.0,0.0
0.0,0.0,0.0,0.0,0.0,0.0,0.0,0.0
0.0,0.0,0.0,0.0,0.0,0.0,0.0,0.0
0.0,0.0,0.0,0.0,0.0,0.0,0.0,0.0
0.0,0.0,0.0,0.0,0.0,0.0,0.0,0.0
0.0,0.0,0.0,0.0,0.0,0.0,0.0,0.0
0.0,0.0,0.0,0.0,0.0,0.0,0.0,0.0
0.0,0.0,0.0,0.0,0.0,0.0,0.0,0.0
0.0,0.0,0.0,0.0,0.0,0.0,0.0,0.0
0.0,0.0,0.0,0.0,0.0,0.0,0.0,0.0
0.0,0.0,0.0,0.0,0.0,0.0,0.0,0.0
0.0,0.0,0.0,0.0,0.0,0.0,0.0,0.0
0.0,0.0,0.0,0.0,0.0,0.0,0.0,0.0
0.0,0.0,0.0,0.0,0.0,0.0,0.0,0.0
0.0,0.0,0.0,0.0,0.0,0.0,0.0,0.0
0.0,0.0,0.0,0.0,0.0,0.0,0.0,0.0
0.0,0.0,0.0,0.0,0.0,0.0,0.0,0.0
0.0,0.0,0.0,0.0,0.0,0.0,0.0,0.0
0.0,0.0,0.0,0.0,0.0,0.0,0.0,0.0
0.0,0.0,0.0,0.0,0.0,0.0,0.0,0.0
0.0,0.0,0.0,0.0,0.0,0.0,0.0,0.0
0.0,0.0,0.0,0.0,0.0,0.0,0.0,0.0
9.5,9.5,9.5,9.5,9.5,9.5,9.5,9.5
9.5,9.5,9.5,9.5,9.5,9.5,9.5,9.5
9.5,9.5,9.5,9.5,9.5,9.5,9.5,9.5
9.5,9.5,9.5,9.5,9.5,9.5,9.5,9.5
12.9,12.9,12.9,12.9,12.9,12.9,12.9,12.9
12.9,12.9,12.9,12.9,12.9,12.9,12.9,12.9
12.9,12.9,12.9,12.9,12.9,12.9,12.9,12.9
12.9,12.9,12.9,12.9,12.9,12.9,12.9,12.9
38.6,38.6,38.6,38.6,38.6,38.6,38.6,38.6
38.6,38.6,38.6,38.6,38.6,38.6,38.6,38.6
38.6,38.6,38.6,38.6,38.6,38.6,38.6,38.6
38.6,38.6,38.6,38.6,38.6,38.6,38.6,38.6
33.3,33.3,33.3,33.3,33.3,33.3,33.3,33.3
33.3,33.3,33.3,33.3,33.3,33.3,33.3,33.3
33.3,33.3,33.3,33.3,33.3,33.3,33.3,33.3
33.3,33.3,33.3,33.3,33.3,33.3,33.3,33.3
37.5,37.5,37.5,37.5,37.5,37.5,37.5,37.5
37.5,37.5,37.5,37.5,37.5,37.5,37.5,37.5
37.5,37.5,37.5,37.5,37.5,37.5,37.5,37.5
37.5,37.5,37.5,37.5,37.5,37.5,37.5,37.5
79.6,64.7,95.0,62.8,81.1,80.4,86.5,74.3
79.6,64.7,95.0,62.8,81.1,80.4,86.5,74.3
79.6,64.7,95.0,62.8,81.1,80.4,86.5,74.3
79.6,64.7,95.0,62.8,81.1,80.4,86.5,74.3
67.0,67.3,67.3,65.7,67.0,67.0,67.1,67.0
67.0,67.2,67.3,65.7,67.0,67.2,67.1,67.0
67.0,67.2,67.2,65.7,67.0,67.0,67.4,67.0
67.0,66.9,67.3,65.7,67.0,67.0,67.6,67.0
119.6,68.7,84.8,67.4,84.4,84.4,85.4,80.1
109.1,68.7,84.7,78.8,84.4,84.4,84.5,80.1
85.4,68.7,98.0,78.8,87.0,85.9,91.0,80.1
85.8,68.7,104.1,67.4,88.2,86.5,94.0,80.1
89.9,67.2,179.7,65.7,273.2,93.8,129.9,77.9
89.9,67.2,179.7,65.7,273.2,93.8,129.9,77.9
89.9,67.2,179.7,65.7,100.3,93.8,129.9,77.9
89.9,67.2,179.7,65.7,100.3,93.8,129.9,77.9
90.5,67.7,181.0,371.6,101.4,94.3,130.8,78.7
90.5,67.7,181.0,371.6,101.4,94.3,130.8,78.7
90.5,67.7,181.0,371.6,101.4,94.3,130.8,78.7
90.5,67.7,181.0,371.6,101.4,94.3,130.8,78.7
92.4,69.2,185.0,373.3,104.5,95.8,133.6,80.8
92.4,69.2,185.0,373.3,104.5,95.8,133.6,80.8
92.4,69.2,185.0,67.9,104.5,95.8,133.6,80.8
92.4,69.2,185.0,67.9,104.5,95.8,133.6,80.8
99.2,74.7,199.6,74.1,116.2,101.4,143.7,88.8
99.2,74.7,199.6,74.1,116.2,101.4,143.7,88.8
99.2,74.7,199.6,74.1,116.2,101.4,143.7,88.8
99.2,74.7,199.6,74.1,116.2,101.4,143.7,88.8
44.9,44.9,44.9,44.9,44.9,44.9,44.9,44.9
44.9,44.9,44.9,44.9,44.9,44.9,44.9,44.9
44.9,44.9,44.9,44.9,44.9,44.9,44.9,44.9
44.9,44.9,44.9,44.9,44.9,44.9,44.9,44.9
15.4,15.4,15.4,15.4,15.4,15.4,15.4,15.4
15.4,15.4,15.4,15.4,15.4,15.4,15.4,15.4
15.4,15.4,15.4,15.4,15.4,15.4,15.4,15.4
15.4,15.4,15.4,15.4,15.4,15.4,15.4,15.4
0.0,0.0,0.0,0.0,0.0,0.0,0.0,0.0
0.0,0.0,0.0,0.0,0.0,0.0,0.0,0.0
0.0,0.0,0.0,0.0,0.0,0.0,0.0,0.0
0.0,0.0,0.0,0.0,0.0,0.0,0.0,0.0
0.0,0.0,0.0,0.0,0.0,0.0,0.0,0.0
0.0,0.0,0.0,0.0,0.0,0.0,0.0,0.0
0.0,0.0,0.0,0.0,0.0,0.0,0.0,0.0
0.0,0.0,0.0,0.0,0.0,0.0,0.0,0.0
0.0,0.0,0.0,0.0,0.0,0.0,0.0,0.0
0.0,0.0,0.0,0.0,0.0,0.0,0.0,0.0
0.0,0.0,0.0,0.0,0.0,0.0,0.0,0.0
0.0,0.0,0.0,0.0,0.0,0.0,0.0,0.0
0.0,0.0,0.0,0.0,0.0,0.0,0.0,0.0
0.0,0.0,0.0,0.0,0.0,0.0,0.0,0.0
0.0,0.0,0.0,0.0,0.0,0.0,0.0,0.0
0.0,0.0,0.0,0.0,0.0,0.0,0.0,0.0
0.0,0.0,0.0,0.0,0.0,0.0,0.0,0.0
0.0,0.0,0.0,0.0,0.0,0.0,0.0,0.0
0.0,0.0,0.0,0.0,0.0,0.0,0.0,0.0
0.0,0.0,0.0,0.0,0.0,0.0,0.0,0.0
0.0,0.0,0.0,0.0,0.0,0.0,0.0,0.0
0.0,0.0,0.0,0.0,0.0,0.0,0.0,0.0
0.0,0.0,0.0,0.0,0.0,0.0,0.0,0.0
0.0,0.0,0.0,0.0,0.0,0.0,0.0,0.0
0.0,0.0,0.0,0.0,0.0,0.0,0.0,0.0
0.0,0.0,0.0,0.0,0.0,0.0,0.0,0.0
0.0,0.0,0.0,0.0,0.0,0.0,0.0,0.0
0.0,0.0,0.0,0.0,0.0,0.0,0.0,0.0
0.0,0.0,0.0,0.0,0.0,0.0,0.0,0.0
0.0,0.0,0.0,0.0,0.0,0.0,0.0,0.0
0.0,0.0,0.0,0.0,0.0,0.0,0.0,0.0
0.0,0.0,0.0,0.0,0.0,0.0,0.0,0.0
0.0,0.0,0.0,0.0,0.0,0.0,0.0,0.0
0.0,0.0,0.0,0.0,0.0,0.0,0.0,0.0
0.0,0.0,0.0,0.0,0.0,0.0,0.0,0.0
0.0,0.0,0.0,0.0,0.0,0.0,0.0,0.0
0.0,0.0,0.0,0.0,0.0,0.0,0.0,0.0
0.0,0.0,0.0,0.0,0.0,0.0,0.0,0.0
0.0,0.0,0.0,0.0,0.0,0.0,0.0,0.0
0.0,0.0,0.0,0.0,0.0,0.0,0.0,0.0
9.5,9.5,9.5,9.5,9.5,9.5,9.5,9.5
9.5,9.5,9.5,9.5,9.5,9.5,9.5,9.5
9.5,9.5,9.5,9.5,9.5,9.5,9.5,9.5
9.5,9.5,9.5,9.5,9.5,9.5,9.5,9.5
48.7,48.7,48.7,48.7,48.7,48.7,48.7,48.7
48.7,48.7,48.7,48.7,48.7,48.7,48.7,48.7
48.7,48.7,48.7,48.7,48.7,48.7,48.7,48.7
48.7,48.7,48.7,48.7,48.7,48.7,48.7,48.7
39.9,39.9,39.9,39.9,39.9,39.9,39.9,39.9
39.9,39.9,39.9,39.9,39.9,39.9,39.9,39.9
39.9,39.9,39.9,39.9,39.9,39.9,39.9,39.9
39.9,39.9,39.9,39.9,39.9,39.9,39.9,39.9
83.7,62.2,186.4,60.0,89.7,88.7,120.8,70.7
284.3,62.2,186.4,60.0,89.7,88.7,120.8,70.7
284.3,62.2,243.4,60.0,89.7,88.7,120.8,70.7
284.3,62.2,243.4,60.0,89.7,88.7,120.8,70.7
286.2,63.7,247.4,61.7,92.9,90.2,546.5,72.9
286.2,63.7,247.4,61.7,92.9,90.2,546.5,72.9
286.2,63.7,170.4,61.7,92.9,90.2,546.5,72.9
85.5,63.7,170.4,61.7,92.9,90.2,546.5,72.9
86.8,64.7,173.1,62.8,95.0,91.2,548.3,74.3
86.8,64.7,173.1,62.8,95.0,91.2,548.3,74.3
86.8,64.7,173.1,62.8,95.0,91.2,548.3,211.0
86.8,64.7,173.1,62.8,95.0,91.2,548.3,211.0
79.9,67.2,83.9,65.7,80.4,80.1,100.6,77.9
79.9,67.2,85.7,65.7,80.3,80.1,99.0,77.9
79.9,67.2,83.9,65.7,80.4,80.1,100.6,77.9
79.9,67.2,83.9,65.7,80.4,80.1,100.6,77.9
91.8,68.7,183.7,67.4,103.5,95.3,132.7,80.1
91.8,173.3,183.7,67.4,103.5,95.3,132.7,80.1
91.8,173.3,183.7,67.4,103.5,95.3,132.7,80.1
91.8,173.3,183.7,67.4,103.5,95.3,132.7,80.1
89.9,67.2,179.7,65.7,100.3,93.8,129.9,77.9
89.9,67.2,179.7,65.7,100.3,93.8,129.9,77.9
89.9,67.2,179.7,65.7,100.3,93.8,129.9,77.9
89.9,67.2,179.7,65.7,100.3,93.8,129.9,77.9
90.5,67.7,181.0,66.2,101.4,94.3,130.8,78.7
90.5,67.7,181.0,66.2,101.4,94.3,130.8,78.7
90.5,67.7,181.0,66.2,101.4,94.3,130.8,78.7
90.5,67.7,181.0,66.2,101.4,94.3,130.8,78.7
92.4,69.2,129.0,67.9,97.2,93.7,108.7,80.8
92.4,69.2,129.0,67.9,97.2,93.7,108.7,80.8
92.4,69.2,129.0,67.9,97.2,93.7,108.7,80.8
92.4,69.2,129.0,67.9,97.2,93.7,108.7,80.8
99.2,74.7,188.3,74.1,115.4,101.4,139.4,88.8
99.2,74.7,188.3,74.1,115.4,101.4,139.4,88.8
99.2,74.7,188.3,74.1,115.4,101.4,139.4,88.8
99.2,74.7,188.3,74.1,115.4,101.4,139.4,88.8
110.5,83.8,128.9,84.3,118.4,110.6,121.4,171.5
110.5,83.8,135.6,84.3,117.3,134.7,118.8,144.4
110.5,83.8,135.6,84.3,117.3,134.7,118.8,144.4
155.6,83.8,121.3,84.3,117.1,110.6,118.3,138.4
23.0,23.0,23.0,23.0,23.0,23.0,23.0,23.0
23.0,23.0,23.0,23.0,23.0,23.0,23.0,23.0
23.0,23.0,23.0,23.0,23.0,23.0,23.0,23.0
23.0,23.0,23.0,23.0,23.0,23.0,23.0,23.0
0.0,0.0,0.0,0.0,0.0,0.0,0.0,0.0
0.0,0.0,0.0,0.0,0.0,0.0,0.0,0.0
0.0,0.0,0.0,0.0,0.0,0.0,0.0,0.0
0.0,0.0,0.0,0.0,0.0,0.0,0.0,0.0
0.0,0.0,0.0,0.0,0.0,0.0,0.0,0.0
0.0,0.0,0.0,0.0,0.0,0.0,0.0,0.0
0.0,0.0,0.0,0.0,0.0,0.0,0.0,0.0
0.0,0.0,0.0,0.0,0.0,0.0,0.0,0.0
0.0,0.0,0.0,0.0,0.0,0.0,0.0,0.0
0.0,0.0,0.0,0.0,0.0,0.0,0.0,0.0
0.0,0.0,0.0,0.0,0.0,0.0,0.0,0.0
0.0,0.0,0.0,0.0,0.0,0.0,0.0,0.0
0.0,0.0,0.0,0.0,0.0,0.0,0.0,0.0
0.0,0.0,0.0,0.0,0.0,0.0,0.0,0.0
0.0,0.0,0.0,0.0,0.0,0.0,0.0,0.0
0.0,0.0,0.0,0.0,0.0,0.0,0.0,0.0
0.0,0.0,0.0,0.0,0.0,0.0,0.0,0.0
0.0,0.0,0.0,0.0,0.0,0.0,0.0,0.0
0.0,0.0,0.0,0.0,0.0,0.0,0.0,0.0
0.0,0.0,0.0,0.0,0.0,0.0,0.0,0.0
0.0,0.0,0.0,0.0,0.0,0.0,0.0,0.0
0.0,0.0,0.0,0.0,0.0,0.0,0.0,0.0
0.0,0.0,0.0,0.0,0.0,0.0,0.0,0.0
0.0,0.0,0.0,0.0,0.0,0.0,0.0,0.0
0.0,0.0,0.0,0.0,0.0,0.0,0.0,0.0
0.0,0.0,0.0,0.0,0.0,0.0,0.0,0.0
0.0,0.0,0.0,0.0,0.0,0.0,0.0,0.0
0.0,0.0,0.0,0.0,0.0,0.0,0.0,0.0
0.0,0.0,0.0,0.0,0.0,0.0,0.0,0.0
0.0,0.0,0.0,0.0,0.0,0.0,0.0,0.0
0.0,0.0,0.0,0.0,0.0,0.0,0.0,0.0
0.0,0.0,0.0,0.0,0.0,0.0,0.0,0.0
0.0,0.0,0.0,0.0,0.0,0.0,0.0,0.0
0.0,0.0,0.0,0.0,0.0,0.0,0.0,0.0
0.0,0.0,0.0,0.0,0.0,0.0,0.0,0.0
0.0,0.0,0.0,0.0,0.0,0.0,0.0,0.0
0.0,0.0,0.0,0.0,0.0,0.0,0.0,0.0
0.0,0.0,0.0,0.0,0.0,0.0,0.0,0.0
0.0,0.0,0.0,0.0,0.0,0.0,0.0,0.0
0.0,0.0,0.0,0.0,0.0,0.0,0.0,0.0
9.5,9.5,9.5,9.5,9.5,9.5,9.5,9.5
9.5,9.5,9.5,9.5,9.5,9.5,9.5,9.5
9.5,9.5,9.5,9.5,9.5,9.5,9.5,9.5
9.5,9.5,9.5,9.5,9.5,9.5,9.5,9.5
20.6,20.6,20.6,20.6,20.6,20.6,20.6,20.6
20.6,20.6,20.6,20.6,20.6,20.6,20.6,20.6
20.6,20.6,20.6,20.6,20.6,20.6,20.6,20.6
20.6,20.6,20.6,20.6,20.6,20.6,20.6,20.6
82.4,61.2,163.8,58.9,87.6,89.6,118.9,69.3
82.4,61.2,163.8,58.9,87.6,89.6,118.9,69.3
82.4,61.2,163.8,58.9,87.6,87.6,118.9,69.3
168.4,61.2,163.8,58.9,87.6,87.6,118.9,69.3
169.7,62.2,166.4,60.0,89.7,88.7,120.8,70.7
83.7,62.2,166.4,60.0,89.7,88.7,120.8,70.7
83.7,62.2,166.4,60.0,89.7,88.7,120.8,70.7
83.7,62.2,166.4,60.0,89.7,88.7,120.8,70.7
85.5,63.7,170.4,61.7,92.9,90.2,123.5,524.9
85.5,63.7,170.4,61.7,92.9,90.2,123.5,524.9
85.5,63.7,170.4,61.7,92.9,90.2,123.5,72.9
85.5,63.7,170.4,61.7,92.9,90.2,123.5,72.9
86.8,64.7,173.1,62.8,95.0,91.2,125.3,74.3
86.8,64.7,173.1,62.8,95.0,91.2,125.3,74.3
86.8,64.7,198.0,62.8,95.0,91.2,125.3,74.3
422.2,64.7,198.0,62.8,95.0,91.2,125.3,74.3
425.3,67.2,179.7,65.7,2520.4,93.8,129.9,77.9
89.9,67.2,179.7,88.6,2520.4,93.8,129.9,77.9
89.9,224.2,179.7,65.7,2520.4,93.8,129.9,77.9
89.9,224.2,179.7,65.7,100.3,93.8,599.7,77.9
91.8,68.7,183.7,67.4,103.5,95.3,132.7,80.1
91.8,68.7,183.7,67.4,103.5,95.3,132.7,80.1
91.8,68.7,183.7,67.4,103.5,95.3,132.7,80.1
91.8,68.7,183.7,67.4,103.5,95.3,132.7,80.1
89.9,67.2,179.7,65.7,100.3,93.8,129.9,77.9
89.9,67.2,179.7,65.7,100.3,93.8,129.9,77.9
89.9,67.2,179.7,65.7,100.3,93.8,129.9,77.9
89.9,67.2,179.7,65.7,100.3,93.8,129.9,77.9
48.7,48.7,48.7,48.7,48.7,48.7,48.7,48.7
48.7,48.7,48.7,48.7,48.7,48.7,48.7,48.7
48.7,48.7,48.7,48.7,48.7,48.7,48.7,48.7
48.7,48.7,48.7,48.7,48.7,48.7,48.7,48.7
73.7,69.2,77.0,67.9,74.2,73.8,75.2,73.3
73.7,69.2,77.0,67.9,74.2,73.8,75.2,73.3
73.7,69.2,77.0,67.9,74.2,73.8,75.2,73.3
73.7,69.2,77.0,67.9,74.2,73.8,75.2,73.3
76.8,74.7,78.3,74.1,77.1,76.9,77.5,76.7
76.8,74.7,78.3,74.1,77.1,76.9,77.5,76.7
76.8,74.7,78.3,74.1,77.1,76.9,77.5,76.7
76.8,74.7,78.3,74.1,77.1,76.9,77.5,76.7
14.4,14.4,14.4,14.4,14.4,14.4,14.4,14.4
14.4,14.4,14.4,14.4,14.4,14.4,14.4,14.4
14.4,14.4,14.4,14.4,14.4,14.4,14.4,14.4
14.4,14.4,14.4,14.4,14.4,14.4,14.4,14.4
6.8,6.8,6.8,6.8,6.8,6.8,6.8,6.8
6.8,6.8,6.8,6.8,6.8,6.8,6.8,6.8
6.8,6.8,6.8,6.8,6.8,6.8,6.8,6.8
6.8,6.8,6.8,6.8,6.8,6.8,6.8,6.8
0.0,0.0,0.0,0.0,0.0,0.0,0.0,0.0
0.0,0.0,0.0,0.0,0.0,0.0,0.0,0.0
0.0,0.0,0.0,0.0,0.0,0.0,0.0,0.0
0.0,0.0,0.0,0.0,0.0,0.0,0.0,0.0
0.0,0.0,0.0,0.0,0.0,0.0,0.0,0.0
0.0,0.0,0.0,0.0,0.0,0.0,0.0,0.0
0.0,0.0,0.0,0.0,0.0,0.0,0.0,0.0
0.0,0.0,0.0,0.0,0.0,0.0,0.0,0.0
0.0,0.0,0.0,0.0,0.0,0.0,0.0,0.0
0.0,0.0,0.0,0.0,0.0,0.0,0.0,0.0
0.0,0.0,0.0,0.0,0.0,0.0,0.0,0.0
0.0,0.0,0.0,0.0,0.0,0.0,0.0,0.0
0.0,0.0,0.0,0.0,0.0,0.0,0.0,0.0
0.0,0.0,0.0,0.0,0.0,0.0,0.0,0.0
0.0,0.0,0.0,0.0,0.0,0.0,0.0,0.0
0.0,0.0,0.0,0.0,0.0,0.0,0.0,0.0
0.0,0.0,0.0,0.0,0.0,0.0,0.0,0.0
0.0,0.0,0.0,0.0,0.0,0.0,0.0,0.0
0.0,0.0,0.0,0.0,0.0,0.0,0.0,0.0
0.0,0.0,0.0,0.0,0.0,0.0,0.0,0.0
0.0,0.0,0.0,0.0,0.0,0.0,0.0,0.0
0.0,0.0,0.0,0.0,0.0,0.0,0.0,0.0
0.0,0.0,0.0,0.0,0.0,0.0,0.0,0.0
0.0,0.0,0.0,0.0,0.0,0.0,0.0,0.0
0.0,0.0,0.0,0.0,0.0,0.0,0.0,0.0
0.0,0.0,0.0,0.0,0.0,0.0,0.0,0.0
0.0,0.0,0.0,0.0,0.0,0.0,0.0,0.0
0.0,0.0,0.0,0.0,0.0,0.0,0.0,0.0
0.0,0.0,0.0,0.0,0.0,0.0,0.0,0.0
0.0,0.0,0.0,0.0,0.0,0.0,0.0,0.0
0.0,0.0,0.0,0.0,0.0,0.0,0.0,0.0
0.0,0.0,0.0,0.0,0.0,0.0,0.0,0.0
0.0,0.0,0.0,0.0,0.0,0.0,0.0,0.0
0.0,0.0,0.0,0.0,0.0,0.0,0.0,0.0
0.0,0.0,0.0,0.0,0.0,0.0,0.0,0.0
0.0,0.0,0.0,0.0,0.0,0.0,0.0,0.0
0.0,0.0,0.0,0.0,0.0,0.0,0.0,0.0
0.0,0.0,0.0,0.0,0.0,0.0,0.0,0.0
0.0,0.0,0.0,0.0,0.0,0.0,0.0,0.0
0.0,0.0,0.0,0.0,0.0,0.0,0.0,0.0
7.8,7.8,7.8,7.8,7.8,7.8,7.8,7.8
7.8,7.8,7.8,7.8,7.8,7.8,7.8,7.8
7.8,7.8,7.8,7.8,7.8,7.8,7.8,7.8
7.8,7.8,7.8,7.8,7.8,7.8,7.8,7.8
11.2,11.2,11.2,11.2,11.2,11.2,11.2,11.2
11.2,11.2,11.2,11.2,11.2,11.2,11.2,11.2
11.2,11.2,11.2,11.2,11.2,11.2,11.2,11.2
11.2,11.2,11.2,11.2,11.2,11.2,11.2,11.2
180.7,61.2,112.9,58.9,87.6,87.6,101.2,69.3
176.9,61.2,109.7,66.9,87.6,87.6,100.1,69.3
130.3,117.7,102.3,66.9,87.6,87.6,97.5,69.3
123.8,113.5,101.0,58.9,108.1,87.6,97.0,69.3
425.4,62.2,166.4,60.0,247.7,88.7,120.8,70.7
425.4,62.2,166.4,60.0,89.7,88.7,120.8,70.7
425.4,62.2,166.4,60.0,89.7,88.7,120.8,70.7
425.4,62.2,166.4,60.0,89.7,88.7,120.8,70.7
427.3,63.7,170.4,61.7,92.9,90.2,123.5,72.9
85.5,63.7,170.4,61.7,92.9,90.2,123.5,72.9
85.5,63.7,170.4,61.7,92.9,90.2,123.5,72.9
85.5,63.7,170.4,61.7,92.9,90.2,123.5,72.9
86.8,64.7,173.1,62.8,95.0,91.2,125.3,74.3
86.8,64.7,173.1,62.8,95.0,91.2,125.3,74.3
86.8,64.7,173.1,70.5,95.0,91.2,125.3,74.3
86.8,64.7,173.1,70.5,95.0,91.2,125.3,74.3
89.9,67.2,179.7,73.3,100.3,93.8,129.9,77.9
89.9,67.2,179.7,65.7,273.2,93.8,129.9,77.9
89.9,67.2,179.7,65.7,273.2,93.8,129.9,77.9
89.9,67.2,179.7,65.7,100.3,93.8,129.9,77.9
91.8,68.7,1255.7,67.4,103.5,95.3,132.7,80.1
91.8,68.7,1255.7,67.4,103.5,95.3,132.7,80.1
1212.9,378.0,537.3,67.4,103.5,427.2,132.7,80.1
730.0,372.0,440.3,67.4,103.5,393.0,752.9,80.1
1989.7,421.6,179.7,65.7,100.3,93.8,2080.8,77.9
89.9,421.6,179.7,65.7,100.3,93.8,129.9,77.9
89.9,421.6,179.7,65.7,100.3,93.8,129.9,77.9
89.9,67.2,179.7,65.7,100.3,93.8,129.9,77.9
90.5,67.7,181.0,66.2,101.4,94.3,130.8,78.7
90.5,67.7,181.0,66.2,101.4,94.3,130.8,78.7
90.5,67.7,181.0,66.2,101.4,94.3,130.8,78.7
90.5,67.7,181.0,66.2,101.4,94.3,130.8,78.7
92.4,69.2,185.0,67.9,104.5,95.8,133.6,80.8
92.4,69.2,185.0,67.9,104.5,95.8,133.6,80.8
92.4,69.2,185.0,67.9,104.5,95.8,133.6,80.8
92.4,69.2,185.0,67.9,104.5,95.8,133.6,80.8
99.2,74.7,199.6,74.1,116.2,101.4,143.7,88.8
99.2,74.7,199.6,74.1,116.2,101.4,143.7,88.8
99.2,74.7,199.6,74.1,116.2,101.4,143.7,88.8
99.2,74.7,199.6,74.1,116.2,101.4,143.7,88.8
110.5,83.8,223.6,84.3,135.3,110.6,160.1,101.7
110.5,83.8,223.6,84.3,135.3,110.6,160.1,101.7
110.5,83.8,223.6,296.3,135.3,110.6,160.1,101.7
110.5,83.8,223.6,84.3,135.3,164.6,160.1,101.7
121.1,92.3,246.2,93.9,153.3,173.3,175.7,114.0
121.1,92.3,246.2,93.9,153.3,173.3,175.7,114.0
121.1,92.3,246.2,93.9,153.3,173.3,175.7,114.0
121.1,657.3,246.2,93.9,153.3,173.3,175.7,114.0
0.0,0.0,0.0,0.0,0.0,0.0,0.0,0.0
0.0,0.0,0.0,0.0,0.0,0.0,0.0,0.0
0.0,0.0,0.0,0.0,0.0,0.0,0.0,0.0
0.0,0.0,0.0,0.0,0.0,0.0,0.0,0.0
0.0,0.0,0.0,0.0,0.0,0.0,0.0,0.0
0.0,0.0,0.0,0.0,0.0,0.0,0.0,0.0
0.0,0.0,0.0,0.0,0.0,0.0,0.0,0.0
0.0,0.0,0.0,0.0,0.0,0.0,0.0,0.0
0.0,0.0,0.0,0.0,0.0,0.0,0.0,0.0
0.0,0.0,0.0,0.0,0.0,0.0,0.0,0.0
0.0,0.0,0.0,0.0,0.0,0.0,0.0,0.0
0.0,0.0,0.0,0.0,0.0,0.0,0.0,0.0
0.0,0.0,0.0,0.0,0.0,0.0,0.0,0.0
0.0,0.0,0.0,0.0,0.0,0.0,0.0,0.0
0.0,0.0,0.0,0.0,0.0,0.0,0.0,0.0
0.0,0.0,0.0,0.0,0.0,0.0,0.0,0.0
0.0,0.0,0.0,0.0,0.0,0.0,0.0,0.0
0.0,0.0,0.0,0.0,0.0,0.0,0.0,0.0
0.0,0.0,0.0,0.0,0.0,0.0,0.0,0.0
0.0,0.0,0.0,0.0,0.0,0.0,0.0,0.0
0.0,0.0,0.0,0.0,0.0,0.0,0.0,0.0
0.0,0.0,0.0,0.0,0.0,0.0,0.0,0.0
0.0,0.0,0.0,0.0,0.0,0.0,0.0,0.0
0.0,0.0,0.0,0.0,0.0,0.0,0.0,0.0
0.0,0.0,0.0,0.0,0.0,0.0,0.0,0.0
0.0,0.0,0.0,0.0,0.0,0.0,0.0,0.0
0.0,0.0,0.0,0.0,0.0,0.0,0.0,0.0
0.0,0.0,0.0,0.0,0.0,0.0,0.0,0.0
0.0,0.0,0.0,0.0,0.0,0.0,0.0,0.0
0.0,0.0,0.0,0.0,0.0,0.0,0.0,0.0
0.0,0.0,0.0,0.0,0.0,0.0,0.0,0.0
0.0,0.0,0.0,0.0,0.0,0.0,0.0,0.0
0.0,0.0,0.0,0.0,0.0,0.0,0.0,0.0
0.0,0.0,0.0,0.0,0.0,0.0,0.0,0.0
0.0,0.0,0.0,0.0,0.0,0.0,0.0,0.0
0.0,0.0,0.0,0.0,0.0,0.0,0.0,0.0
0.0,0.0,0.0,0.0,0.0,0.0,0.0,0.0
0.0,0.0,0.0,0.0,0.0,0.0,0.0,0.0
0.0,0.0,0.0,0.0,0.0,0.0,0.0,0.0
0.0,0.0,0.0,0.0,0.0,0.0,0.0,0.0
9.5,9.5,9.5,9.5,9.5,9.5,9.5,9.5
9.5,9.5,9.5,9.5,9.5,9.5,9.5,9.5
9.5,9.5,9.5,9.5,9.5,9.5,9.5,9.5
9.5,9.5,9.5,9.5,9.5,9.5,9.5,9.5
0.0,0.0,0.0,0.0,0.0,0.0,0.0,0.0
0.0,0.0,0.0,0.0,0.0,0.0,0.0,0.0
0.0,0.0,0.0,0.0,0.0,0.0,0.0,0.0
0.0,0.0,0.0,0.0,0.0,0.0,0.0,0.0
82.4,61.2,163.8,58.9,87.6,133.6,118.9,69.3
82.4,61.2,188.6,58.9,271.8,87.6,409.5,69.3
82.4,61.2,188.6,58.9,271.8,87.6,409.5,69.3
82.4,61.2,163.8,58.9,87.6,87.6,118.9,69.3
1125.4,62.2,166.4,60.0,89.7,88.7,120.8,70.7
83.7,62.2,166.4,60.0,89.7,88.7,120.8,70.7
83.7,62.2,166.4,60.0,89.7,88.7,120.8,70.7
83.7,62.2,489.0,60.0,89.7,88.7,120.8,70.7
85.5,63.7,492.9,61.7,92.9,90.2,123.5,72.9
85.5,63.7,492.9,61.7,92.9,90.2,123.5,72.9
85.5,63.7,492.9,61.7,92.9,90.2,123.5,72.9
85.5,63.7,492.9,61.7,92.9,90.2,123.5,72.9
86.8,64.7,495.6,62.8,95.0,91.2,125.3,74.3
86.8,64.7,495.6,62.8,95.0,91.2,125.3,74.3
86.8,64.7,495.6,62.8,95.0,91.2,125.3,74.3
86.8,64.7,495.6,62.8,95.0,91.2,125.3,74.3
425.3,67.2,502.2,590.9,100.3,93.8,129.9,77.9
425.3,67.2,502.2,590.9,100.3,93.8,129.9,77.9
89.9,67.2,1210.1,590.9,100.3,93.8,2674.4,77.9
89.9,67.2,1181.2,590.9,100.3,93.8,2703.3,77.9
91.8,68.7,172.9,147.3,103.5,95.3,239.4,139.5
91.8,68.7,303.1,183.6,103.5,95.3,132.3,80.1
91.8,134.5,251.2,169.7,103.5,95.3,132.3,80.1
91.8,134.7,261.7,159.0,103.5,95.3,132.3,80.1
89.9,171.8,654.2,370.3,100.3,93.8,129.9,77.9
89.9,67.2,731.1,398.0,100.3,93.8,129.9,77.9
89.9,67.2,1063.4,65.7,100.3,93.8,129.9,77.9
89.9,67.2,1063.4,65.7,100.3,93.8,129.9,77.9
90.5,67.7,762.3,66.2,101.4,94.3,130.8,78.7
90.5,67.7,181.0,66.2,101.4,94.3,130.8,78.7
90.5,67.7,181.0,66.2,101.4,94.3,130.8,78.7
90.5,67.7,181.0,66.2,101.4,94.3,130.8,78.7
92.4,69.2,185.0,67.9,104.5,95.8,133.6,80.8
92.4,69.2,185.0,67.9,104.5,95.8,133.6,80.8
92.4,69.2,185.0,67.9,104.5,95.8,133.6,80.8
92.4,69.2,185.0,67.9,104.5,95.8,133.6,80.8
99.2,74.7,199.6,74.1,116.2,101.4,143.7,88.8
99.2,74.7,199.6,74.1,116.2,101.4,143.7,88.8
99.2,74.7,199.6,74.1,116.2,101.4,143.7,88.8
99.2,74.7,199.6,74.1,116.2,101.4,143.7,88.8
110.5,83.8,223.6,84.3,135.3,110.6,160.1,101.7
110.5,83.8,223.6,84.3,135.3,110.6,160.1,101.7
1731.5,83.8,223.6,84.3,135.3,110.6,160.1,101.7
1731.5,83.8,223.6,84.3,135.3,110.6,1822.1,101.7
1145.6,92.3,246.2,93.9,153.3,119.3,1198.9,114.0
1742.1,92.3,246.2,93.9,153.3,119.3,175.7,114.0
121.1,1738.3,246.2,93.9,153.3,119.3,175.7,114.0
121.1,1738.3,246.2,93.9,153.3,119.3,175.7,114.0
0.0,0.0,0.0,0.0,0.0,0.0,0.0,0.0
0.0,0.0,0.0,0.0,0.0,0.0,0.0,0.0
0.0,0.0,0.0,0.0,0.0,0.0,0.0,0.0
0.0,0.0,0.0,0.0,0.0,0.0,0.0,0.0
0.0,0.0,0.0,0.0,0.0,0.0,0.0,0.0
0.0,0.0,0.0,0.0,0.0,0.0,0.0,0.0
0.0,0.0,0.0,0.0,0.0,0.0,0.0,0.0
0.0,0.0,0.0,0.0,0.0,0.0,0.0,0.0
0.0,0.0,0.0,0.0,0.0,0.0,0.0,0.0
0.0,0.0,0.0,0.0,0.0,0.0,0.0,0.0
0.0,0.0,0.0,0.0,0.0,0.0,0.0,0.0
0.0,0.0,0.0,0.0,0.0,0.0,0.0,0.0
0.0,0.0,0.0,0.0,0.0,0.0,0.0,0.0
0.0,0.0,0.0,0.0,0.0,0.0,0.0,0.0
0.0,0.0,0.0,0.0,0.0,0.0,0.0,0.0
0.0,0.0,0.0,0.0,0.0,0.0,0.0,0.0
0.0,0.0,0.0,0.0,0.0,0.0,0.0,0.0
0.0,0.0,0.0,0.0,0.0,0.0,0.0,0.0
0.0,0.0,0.0,0.0,0.0,0.0,0.0,0.0
0.0,0.0,0.0,0.0,0.0,0.0,0.0,0.0
0.0,0.0,0.0,0.0,0.0,0.0,0.0,0.0
0.0,0.0,0.0,0.0,0.0,0.0,0.0,0.0
0.0,0.0,0.0,0.0,0.0,0.0,0.0,0.0
0.0,0.0,0.0,0.0,0.0,0.0,0.0,0.0
0.0,0.0,0.0,0.0,0.0,0.0,0.0,0.0
0.0,0.0,0.0,0.0,0.0,0.0,0.0,0.0
0.0,0.0,0.0,0.0,0.0,0.0,0.0,0.0
0.0,0.0,0.0,0.0,0.0,0.0,0.0,0.0
0.0,0.0,0.0,0.0,0.0,0.0,0.0,0.0
0.0,0.0,0.0,0.0,0.0,0.0,0.0,0.0
0.0,0.0,0.0,0.0,0.0,0.0,0.0,0.0
0.0,0.0,0.0,0.0,0.0,0.0,0.0,0.0
0.0,0.0,0.0,0.0,0.0,0.0,0.0,0.0
0.0,0.0,0.0,0.0,0.0,0.0,0.0,0.0
0.0,0.0,0.0,0.0,0.0,0.0,0.0,0.0
0.0,0.0,0.0,0.0,0.0,0.0,0.0,0.0
0.0,0.0,0.0,0.0,0.0,0.0,0.0,0.0
0.0,0.0,0.0,0.0,0.0,0.0,0.0,0.0
0.0,0.0,0.0,0.0,0.0,0.0,0.0,0.0
0.0,0.0,0.0,0.0,0.0,0.0,0.0,0.0
0.0,0.0,0.0,0.0,0.0,0.0,0.0,0.0
0.0,0.0,0.0,0.0,0.0,0.0,0.0,0.0
0.0,0.0,0.0,0.0,0.0,0.0,0.0,0.0
0.0,0.0,0.0,0.0,0.0,0.0,0.0,0.0
0.0,0.0,0.0,0.0,0.0,0.0,0.0,0.0
0.0,0.0,0.0,0.0,0.0,0.0,0.0,0.0
0.0,0.0,0.0,0.0,0.0,0.0,0.0,0.0
0.0,0.0,0.0,0.0,0.0,0.0,0.0,0.0
0.0,0.0,0.0,0.0,0.0,0.0,0.0,0.0
0.0,0.0,0.0,0.0,0.0,0.0,0.0,0.0
0.0,0.0,0.0,0.0,0.0,0.0,0.0,0.0
0.0,0.0,0.0,0.0,0.0,0.0,0.0,0.0
73.9,62.2,84.7,60.0,74.7,74.6,78.8,70.7
73.9,62.2,84.7,60.0,74.7,74.6,78.8,70.7
73.9,62.2,84.7,60.0,74.7,74.6,78.8,70.7
73.9,62.2,84.7,60.0,74.7,74.6,78.8,70.7
85.5,63.7,170.4,61.7,92.9,90.2,123.5,72.9
85.5,63.7,170.4,61.7,92.9,90.2,123.5,72.9
85.5,63.7,170.4,61.7,92.9,90.2,123.5,72.9
85.5,63.7,170.4,61.7,92.9,90.2,123.5,72.9
86.8,64.7,173.1,62.8,95.0,91.2,125.3,74.3
86.8,64.7,173.1,62.8,95.0,91.2,125.3,74.3
310.4,64.7,173.1,62.8,95.0,91.2,125.3,165.5
310.4,64.7,173.1,62.8,95.0,91.2,125.3,165.5
313.5,67.2,179.7,65.7,100.3,93.8,129.9,169.1
89.9,67.2,179.7,65.7,100.3,93.8,129.9,77.9
89.9,67.2,179.7,65.7,100.3,93.8,129.9,77.9
89.9,67.2,179.7,65.7,100.3,93.8,129.9,77.9
91.8,68.7,183.7,67.4,103.5,95.3,132.7,80.1
91.8,68.7,183.7,67.4,103.5,95.3,132.7,80.1
91.8,68.7,183.7,90.3,449.2,95.3,132.7,80.1
91.8,68.7,200.3,67.4,103.5,113.9,132.7,80.1
89.9,67.2,196.3,65.7,100.3,112.3,129.9,77.9
89.9,67.2,196.3,65.7,100.3,112.3,129.9,77.9
89.9,67.2,179.7,65.7,100.3,93.8,129.9,77.9
89.9,67.2,179.7,65.7,100.3,93.8,129.9,77.9
90.5,67.7,181.0,66.2,101.4,94.3,130.8,78.7
90.5,67.7,181.0,66.2,101.4,94.3,130.8,78.7
90.5,67.7,181.0,66.2,101.4,94.3,130.8,78.7
90.5,67.7,181.0,66.2,101.4,94.3,130.8,78.7
92.4,69.2,185.0,67.9,104.5,95.8,133.6,80.8
92.4,69.2,185.0,67.9,104.5,95.8,133.6,80.8
92.4,69.2,185.0,67.9,104.5,95.8,133.6,80.8
92.4,69.2,185.0,67.9,104.5,95.8,133.6,80.8
99.2,74.7,199.6,74.1,116.2,101.4,143.7,88.8
99.2,74.7,199.6,74.1,116.2,101.4,143.7,88.8
99.2,74.7,199.6,74.1,116.2,101.4,143.7,88.8
99.2,74.7,199.6,74.1,116.2,101.4,143.7,88.8
110.5,83.8,223.6,84.3,135.3,110.6,160.1,101.7
110.5,83.8,223.6,84.3,135.3,110.6,160.1,101.7
110.5,83.8,223.6,84.3,135.3,110.6,160.1,101.7
110.5,83.8,223.6,84.3,135.3,110.6,160.1,101.7
121.1,92.3,246.2,131.5,153.3,119.3,175.7,114.0
121.1,92.3,246.2,131.5,153.3,119.3,996.5,635.0
121.1,92.3,246.2,131.5,153.3,119.3,996.5,635.0
121.1,92.3,246.2,131.5,153.3,119.3,996.5,635.0
0.0,0.0,0.0,0.0,0.0,0.0,0.0,0.0
0.0,0.0,0.0,0.0,0.0,0.0,0.0,0.0
0.0,0.0,0.0,0.0,0.0,0.0,0.0,0.0
0.0,0.0,0.0,0.0,0.0,0.0,0.0,0.0
0.0,0.0,0.0,0.0,0.0,0.0,0.0,0.0
0.0,0.0,0.0,0.0,0.0,0.0,0.0,0.0
0.0,0.0,0.0,0.0,0.0,0.0,0.0,0.0
0.0,0.0,0.0,0.0,0.0,0.0,0.0,0.0
0.0,0.0,0.0,0.0,0.0,0.0,0.0,0.0
0.0,0.0,0.0,0.0,0.0,0.0,0.0,0.0
0.0,0.0,0.0,0.0,0.0,0.0,0.0,0.0
0.0,0.0,0.0,0.0,0.0,0.0,0.0,0.0
0.0,0.0,0.0,0.0,0.0,0.0,0.0,0.0
0.0,0.0,0.0,0.0,0.0,0.0,0.0,0.0
0.0,0.0,0.0,0.0,0.0,0.0,0.0,0.0
0.0,0.0,0.0,0.0,0.0,0.0,0.0,0.0
0.0,0.0,0.0,0.0,0.0,0.0,0.0,0.0
0.0,0.0,0.0,0.0,0.0,0.0,0.0,0.0
0.0,0.0,0.0,0.0,0.0,0.0,0.0,0.0
0.0,0.0,0.0,0.0,0.0,0.0,0.0,0.0
0.0,0.0,0.0,0.0,0.0,0.0,0.0,0.0
0.0,0.0,0.0,0.0,0.0,0.0,0.0,0.0
0.0,0.0,0.0,0.0,0.0,0.0,0.0,0.0
0.0,0.0,0.0,0.0,0.0,0.0,0.0,0.0
0.0,0.0,0.0,0.0,0.0,0.0,0.0,0.0
0.0,0.0,0.0,0.0,0.0,0.0,0.0,0.0
0.0,0.0,0.0,0.0,0.0,0.0,0.0,0.0
0.0,0.0,0.0,0.0,0.0,0.0,0.0,0.0
0.0,0.0,0.0,0.0,0.0,0.0,0.0,0.0
0.0,0.0,0.0,0.0,0.0,0.0,0.0,0.0
0.0,0.0,0.0,0.0,0.0,0.0,0.0,0.0
0.0,0.0,0.0,0.0,0.0,0.0,0.0,0.0
0.0,0.0,0.0,0.0,0.0,0.0,0.0,0.0
0.0,0.0,0.0,0.0,0.0,0.0,0.0,0.0
0.0,0.0,0.0,0.0,0.0,0.0,0.0,0.0
0.0,0.0,0.0,0.0,0.0,0.0,0.0,0.0
0.0,0.0,0.0,0.0,0.0,0.0,0.0,0.0
0.0,0.0,0.0,0.0,0.0,0.0,0.0,0.0
0.0,0.0,0.0,0.0,0.0,0.0,0.0,0.0
0.0,0.0,0.0,0.0,0.0,0.0,0.0,0.0
0.0,0.0,0.0,0.0,0.0,0.0,0.0,0.0
0.0,0.0,0.0,0.0,0.0,0.0,0.0,0.0
0.0,0.0,0.0,0.0,0.0,0.0,0.0,0.0
0.0,0.0,0.0,0.0,0.0,0.0,0.0,0.0
63.8,60.2,64.7,57.8,69.1,63.9,64.2,65.9
64.0,60.2,65.6,57.8,64.1,64.3,64.7,69.0
64.5,60.2,68.0,57.8,64.7,64.7,66.0,63.9
64.5,60.2,68.0,57.8,64.7,64.7,66.0,63.9
0.0,0.0,0.0,0.0,0.0,0.0,0.0,0.0
0.0,0.0,0.0,0.0,0.0,0.0,0.0,0.0
0.0,0.0,0.0,0.0,0.0,0.0,0.0,0.0
0.0,0.0,0.0,0.0,0.0,0.0,0.0,0.0
79.5,62.2,101.1,60.0,81.1,80.9,89.2,70.7
79.5,62.2,101.1,60.0,81.1,80.9,89.2,70.7
79.5,62.2,101.1,60.0,81.1,80.9,89.2,70.7
79.5,62.2,101.1,60.0,81.1,80.9,89.2,70.7
85.5,63.7,170.4,61.7,92.9,90.2,123.5,72.9
85.5,63.7,170.4,61.7,92.9,90.2,123.5,72.9
85.5,63.7,170.4,61.7,92.9,90.2,123.5,72.9
335.2,63.7,170.4,61.7,92.9,90.2,123.5,72.9
336.5,64.7,173.1,62.8,95.0,91.2,125.3,74.3
336.5,64.7,173.1,62.8,95.0,91.2,125.3,74.3
336.5,64.7,173.1,62.8,95.0,91.2,125.3,74.3
336.5,64.7,173.1,62.8,95.0,91.2,125.3,74.3
339.6,67.2,179.7,65.7,100.3,93.8,129.9,77.9
339.6,67.2,179.7,65.7,100.3,93.8,129.9,77.9
89.9,67.2,179.7,65.7,100.3,93.8,129.9,77.9
89.9,67.2,179.7,65.7,100.3,93.8,129.9,77.9
91.8,68.7,183.7,67.4,103.5,95.3,132.7,80.1
1179.8,788.7,183.7,67.4,103.5,95.3,132.7,80.1
3355.8,788.7,183.7,67.4,103.5,95.3,602.5,80.1
3355.8,788.7,183.7,67.4,103.5,95.3,132.7,80.1
3353.9,787.2,179.7,65.7,100.3,93.8,129.9,77.9
3353.9,787.2,179.7,65.7,100.3,93.8,129.9,77.9
2265.9,787.2,179.7,65.7,100.3,93.8,129.9,77.9
2265.9,787.2,179.7,65.7,100.3,93.8,129.9,77.9
1178.5,67.7,181.0,66.2,101.4,94.3,130.8,78.7
1178.5,67.7,181.0,66.2,101.4,94.3,130.8,78.7
90.5,67.7,181.0,66.2,101.4,94.3,130.8,78.7
90.5,67.7,181.0,66.2,101.4,94.3,130.8,78.7
92.4,69.2,185.0,67.9,104.5,95.8,133.6,80.8
92.4,69.2,185.0,67.9,104.5,95.8,133.6,80.8
92.4,69.2,185.0,67.9,104.5,95.8,133.6,80.8
92.4,69.2,185.0,67.9,104.5,95.8,133.6,80.8
99.2,74.7,199.6,74.1,116.2,101.4,143.7,88.8
99.2,74.7,199.6,74.1,116.2,101.4,143.7,88.8
99.2,74.7,199.6,74.1,116.2,101.4,143.7,88.8
99.2,74.7,199.6,74.1,116.2,1105.4,143.7,88.8
110.5,83.8,223.6,84.3,135.3,110.6,160.1,101.7
110.5,83.8,223.6,84.3,135.3,110.6,160.1,101.7
110.5,83.8,223.6,84.3,135.3,110.6,160.1,621.7
110.5,825.8,223.6,84.3,135.3,110.6,160.1,621.7
121.1,834.3,246.2,93.9,153.3,119.3,175.7,634.0
121.1,92.3,333.4,93.9,153.3,119.3,175.7,634.0
121.1,92.3,333.4,554.9,153.3,119.3,175.7,114.0
121.1,92.3,333.4,554.9,153.3,119.3,175.7,114.0
0.0,0.0,0.0,0.0,0.0,0.0,0.0,0.0
0.0,0.0,0.0,0.0,0.0,0.0,0.0,0.0
0.0,0.0,0.0,0.0,0.0,0.0,0.0,0.0
0.0,0.0,0.0,0.0,0.0,0.0,0.0,0.0
0.0,0.0,0.0,0.0,0.0,0.0,0.0,0.0
0.0,0.0,0.0,0.0,0.0,0.0,0.0,0.0
0.0,0.0,0.0,0.0,0.0,0.0,0.0,0.0
0.0,0.0,0.0,0.0,0.0,0.0,0.0,0.0
0.0,0.0,0.0,0.0,0.0,0.0,0.0,0.0
0.0,0.0,0.0,0.0,0.0,0.0,0.0,0.0
0.0,0.0,0.0,0.0,0.0,0.0,0.0,0.0
0.0,0.0,0.0,0.0,0.0,0.0,0.0,0.0
0.0,0.0,0.0,0.0,0.0,0.0,0.0,0.0
0.0,0.0,0.0,0.0,0.0,0.0,0.0,0.0
0.0,0.0,0.0,0.0,0.0,0.0,0.0,0.0
0.0,0.0,0.0,0.0,0.0,0.0,0.0,0.0
0.0,0.0,0.0,0.0,0.0,0.0,0.0,0.0
0.0,0.0,0.0,0.0,0.0,0.0,0.0,0.0
0.0,0.0,0.0,0.0,0.0,0.0,0.0,0.0
0.0,0.0,0.0,0.0,0.0,0.0,0.0,0.0
0.0,0.0,0.0,0.0,0.0,0.0,0.0,0.0
0.0,0.0,0.0,0.0,0.0,0.0,0.0,0.0
0.0,0.0,0.0,0.0,0.0,0.0,0.0,0.0
0.0,0.0,0.0,0.0,0.0,0.0,0.0,0.0
0.0,0.0,0.0,0.0,0.0,0.0,0.0,0.0
0.0,0.0,0.0,0.0,0.0,0.0,0.0,0.0
0.0,0.0,0.0,0.0,0.0,0.0,0.0,0.0
0.0,0.0,0.0,0.0,0.0,0.0,0.0,0.0
0.0,0.0,0.0,0.0,0.0,0.0,0.0,0.0
0.0,0.0,0.0,0.0,0.0,0.0,0.0,0.0
0.0,0.0,0.0,0.0,0.0,0.0,0.0,0.0
0.0,0.0,0.0,0.0,0.0,0.0,0.0,0.0
0.0,0.0,0.0,0.0,0.0,0.0,0.0,0.0
0.0,0.0,0.0,0.0,0.0,0.0,0.0,0.0
0.0,0.0,0.0,0.0,0.0,0.0,0.0,0.0
0.0,0.0,0.0,0.0,0.0,0.0,0.0,0.0
0.0,0.0,0.0,0.0,0.0,0.0,0.0,0.0
0.0,0.0,0.0,0.0,0.0,0.0,0.0,0.0
0.0,0.0,0.0,0.0,0.0,0.0,0.0,0.0
0.0,0.0,0.0,0.0,0.0,0.0,0.0,0.0
0.0,0.0,0.0,0.0,0.0,0.0,0.0,0.0
0.0,0.0,0.0,0.0,0.0,0.0,0.0,0.0
0.0,0.0,0.0,0.0,0.0,0.0,0.0,0.0
0.0,0.0,0.0,0.0,0.0,0.0,0.0,0.0
0.0,0.0,0.0,0.0,0.0,0.0,0.0,0.0
0.0,0.0,0.0,0.0,0.0,0.0,0.0,0.0
0.0,0.0,0.0,0.0,0.0,0.0,0.0,0.0
0.0,0.0,0.0,0.0,0.0,0.0,0.0,0.0
0.0,0.0,0.0,0.0,0.0,0.0,0.0,0.0
0.0,0.0,0.0,0.0,0.0,0.0,0.0,0.0
0.0,0.0,0.0,0.0,0.0,0.0,0.0,0.0
0.0,0.0,0.0,0.0,0.0,0.0,0.0,0.0
123.6,62.2,98.9,60.0,85.2,85.0,89.6,70.7
125.6,62.2,96.7,60.0,85.2,85.0,89.8,70.7
83.7,62.2,123.5,60.0,86.9,86.4,101.8,70.7
83.7,62.2,123.5,60.0,86.9,86.4,101.8,70.7
85.5,63.7,170.4,61.7,92.9,90.2,123.5,72.9
85.5,63.7,170.4,61.7,92.9,90.2,123.5,72.9
85.5,63.7,170.4,61.7,92.9,90.2,123.5,72.9
85.5,63.7,170.4,61.7,92.9,90.2,123.5,72.9
86.8,64.7,173.1,62.8,95.0,91.2,125.3,74.3
86.8,64.7,173.1,62.8,95.0,91.2,125.3,74.3
86.8,64.7,173.1,62.8,95.0,91.2,125.3,74.3
86.8,64.7,173.1,62.8,95.0,91.2,125.3,74.3
89.9,67.2,179.7,65.7,100.3,93.8,129.9,77.9
89.9,67.2,179.7,65.7,100.3,93.8,129.9,77.9
89.9,67.2,179.7,65.7,100.3,93.8,129.9,77.9
89.9,67.2,179.7,65.7,100.3,93.8,129.9,77.9
91.8,68.7,183.7,67.4,103.5,95.3,132.7,80.1
91.8,173.3,183.7,67.4,449.2,95.3,132.7,80.1
91.8,173.3,183.7,67.4,103.5,95.3,132.7,80.1
7906.3,173.3,183.7,756.7,103.5,95.3,132.7,80.1
89.9,67.2,179.7,755.0,100.3,93.8,129.9,77.9
89.9,67.2,179.7,755.0,100.3,93.8,129.9,77.9
89.9,67.2,179.7,755.0,100.3,93.8,129.9,77.9
391.0,67.2,179.7,755.0,100.3,93.8,129.9,77.9
391.7,67.7,181.0,755.6,101.4,94.3,130.8,78.7
391.7,67.7,181.0,66.2,101.4,94.3,130.8,78.7
391.7,67.7,181.0,66.2,101.4,94.3,130.8,78.7
391.7,67.7,181.0,66.2,101.4,94.3,130.8,78.7
393.5,69.2,185.0,67.9,104.5,95.8,133.6,80.8
393.5,69.2,185.0,67.9,104.5,95.8,133.6,80.8
92.4,69.2,185.0,67.9,104.5,95.8,133.6,80.8
92.4,69.2,185.0,67.9,104.5,95.8,133.6,80.8
99.2,74.7,199.6,74.1,116.2,101.4,143.7,88.8
99.2,74.7,199.6,74.1,116.2,101.4,143.7,88.8
99.2,74.7,199.6,74.1,116.2,101.4,143.7,88.8
99.2,74.7,199.6,74.1,116.2,101.4,143.7,88.8
110.5,83.8,223.6,84.3,135.3,210.0,160.1,101.7
110.5,83.8,223.6,84.3,135.3,210.0,160.1,101.7
110.5,83.8,223.6,84.3,135.3,210.0,160.1,101.7
110.5,83.8,223.6,84.3,135.3,210.0,160.1,101.7
121.1,92.3,246.2,93.9,153.3,218.6,175.7,114.0
121.1,92.3,246.2,93.9,153.3,218.6,175.7,114.0
121.1,92.3,246.2,93.9,153.3,119.3,175.7,114.0
121.1,92.3,246.2,93.9,153.3,119.3,175.7,114.0
0.0,0.0,0.0,0.0,0.0,0.0,0.0,0.0
0.0,0.0,0.0,0.0,0.0,0.0,0.0,0.0
0.0,0.0,0.0,0.0,0.0,0.0,0.0,0.0
0.0,0.0,0.0,0.0,0.0,0.0,0.0,0.0
0.0,0.0,0.0,0.0,0.0,0.0,0.0,0.0
0.0,0.0,0.0,0.0,0.0,0.0,0.0,0.0
0.0,0.0,0.0,0.0,0.0,0.0,0.0,0.0
0.0,0.0,0.0,0.0,0.0,0.0,0.0,0.0
0.0,0.0,0.0,0.0,0.0,0.0,0.0,0.0
0.0,0.0,0.0,0.0,0.0,0.0,0.0,0.0
0.0,0.0,0.0,0.0,0.0,0.0,0.0,0.0
0.0,0.0,0.0,0.0,0.0,0.0,0.0,0.0
0.0,0.0,0.0,0.0,0.0,0.0,0.0,0.0
0.0,0.0,0.0,0.0,0.0,0.0,0.0,0.0
0.0,0.0,0.0,0.0,0.0,0.0,0.0,0.0
0.0,0.0,0.0,0.0,0.0,0.0,0.0,0.0
0.0,0.0,0.0,0.0,0.0,0.0,0.0,0.0
0.0,0.0,0.0,0.0,0.0,0.0,0.0,0.0
0.0,0.0,0.0,0.0,0.0,0.0,0.0,0.0
0.0,0.0,0.0,0.0,0.0,0.0,0.0,0.0
0.0,0.0,0.0,0.0,0.0,0.0,0.0,0.0
0.0,0.0,0.0,0.0,0.0,0.0,0.0,0.0
0.0,0.0,0.0,0.0,0.0,0.0,0.0,0.0
0.0,0.0,0.0,0.0,0.0,0.0,0.0,0.0
0.0,0.0,0.0,0.0,0.0,0.0,0.0,0.0
0.0,0.0,0.0,0.0,0.0,0.0,0.0,0.0
0.0,0.0,0.0,0.0,0.0,0.0,0.0,0.0
0.0,0.0,0.0,0.0,0.0,0.0,0.0,0.0
0.0,0.0,0.0,0.0,0.0,0.0,0.0,0.0
0.0,0.0,0.0,0.0,0.0,0.0,0.0,0.0
0.0,0.0,0.0,0.0,0.0,0.0,0.0,0.0
0.0,0.0,0.0,0.0,0.0,0.0,0.0,0.0
0.0,0.0,0.0,0.0,0.0,0.0,0.0,0.0
0.0,0.0,0.0,0.0,0.0,0.0,0.0,0.0
0.0,0.0,0.0,0.0,0.0,0.0,0.0,0.0
0.0,0.0,0.0,0.0,0.0,0.0,0.0,0.0
0.0,0.0,0.0,0.0,0.0,0.0,0.0,0.0
0.0,0.0,0.0,0.0,0.0,0.0,0.0,0.0
0.0,0.0,0.0,0.0,0.0,0.0,0.0,0.0
0.0,0.0,0.0,0.0,0.0,0.0,0.0,0.0
0.0,0.0,0.0,0.0,0.0,0.0,0.0,0.0
0.0,0.0,0.0,0.0,0.0,0.0,0.0,0.0
0.0,0.0,0.0,0.0,0.0,0.0,0.0,0.0
0.0,0.0,0.0,0.0,0.0,0.0,0.0,0.0
0.0,0.0,0.0,0.0,0.0,0.0,0.0,0.0
0.0,0.0,0.0,0.0,0.0,0.0,0.0,0.0
0.0,0.0,0.0,0.0,0.0,0.0,0.0,0.0
0.0,0.0,0.0,0.0,0.0,0.0,0.0,0.0
0.0,0.0,0.0,0.0,0.0,0.0,0.0,0.0
0.0,0.0,0.0,0.0,0.0,0.0,0.0,0.0
0.0,0.0,0.0,0.0,0.0,0.0,0.0,0.0
0.0,0.0,0.0,0.0,0.0,0.0,0.0,0.0
83.7,62.2,125.2,60.0,87.2,86.7,102.6,70.7
83.7,62.2,125.2,60.0,87.2,86.7,102.6,70.7
83.7,62.2,125.2,60.0,87.2,86.7,102.6,70.7
83.7,62.2,98.0,60.0,85.6,127.5,90.6,70.7
85.5,63.7,170.4,61.7,92.9,350.2,123.5,72.9
85.5,63.7,170.4,61.7,92.9,350.2,123.5,72.9
85.5,63.7,170.4,61.7,92.9,350.2,123.5,72.9
85.5,63.7,170.4,61.7,92.9,350.2,123.5,72.9
86.8,64.7,173.1,62.8,95.0,91.2,125.3,74.3
86.8,64.7,173.1,62.8,95.0,91.2,125.3,74.3
86.8,221.6,173.1,62.8,95.0,91.2,125.3,211.0
757.5,221.6,173.1,62.8,95.0,91.2,125.3,211.0
89.9,67.2,179.7,65.7,100.3,93.8,129.9,77.9
89.9,67.2,179.7,65.7,100.3,93.8,129.9,77.9
89.9,67.2,179.7,65.7,100.3,93.8,364.8,77.9
89.9,67.2,179.7,65.7,100.3,93.8,364.8,77.9
91.8,68.7,183.7,90.3,103.5,95.3,132.7,80.1
91.8,68.7,183.7,67.4,103.5,485.1,132.7,80.1
91.8,68.7,299.7,67.4,103.5,485.1,132.7,80.1
91.8,68.7,299.7,67.4,103.5,485.1,132.7,80.1
89.9,67.2,1085.5,65.7,100.3,93.8,129.9,77.9
89.9,67.2,969.5,65.7,100.3,93.8,129.9,77.9
89.9,67.2,969.5,65.7,100.3,93.8,129.9,77.9
89.9,67.2,969.5,65.7,100.3,93.8,129.9,77.9
90.5,67.7,970.8,66.2,101.4,94.3,130.8,78.7
90.5,67.7,970.8,66.2,101.4,94.3,130.8,78.7
90.5,67.7,970.8,66.2,101.4,94.3,130.8,78.7
90.5,67.7,970.8,66.2,101.4,94.3,130.8,78.7
92.4,69.2,974.8,67.9,104.5,95.8,133.6,80.8
92.4,69.2,185.0,67.9,104.5,95.8,133.6,80.8
92.4,69.2,185.0,67.9,104.5,95.8,133.6,80.8
92.4,69.2,185.0,67.9,104.5,95.8,133.6,80.8
99.2,74.7,199.6,74.1,116.2,101.4,143.7,88.8
99.2,74.7,199.6,74.1,116.2,101.4,143.7,88.8
99.2,74.7,199.6,74.1,116.2,101.4,143.7,88.8
99.2,74.7,199.6,74.1,116.2,101.4,143.7,88.8
110.5,83.8,223.6,84.3,135.3,172.0,160.1,101.7
110.5,83.8,223.6,84.3,135.3,172.0,160.1,101.7
110.5,83.8,780.4,84.3,135.3,172.0,160.1,101.7
110.5,83.8,780.4,84.3,135.3,172.0,160.1,101.7
786.3,92.3,662.9,93.9,153.3,180.6,175.7,114.0
696.6,461.1,383.9,93.9,153.3,180.6,175.7,114.0
733.2,476.8,392.9,93.9,153.3,119.3,175.7,114.0
953.6,92.3,556.9,93.9,153.3,119.3,175.7,114.0
0.0,0.0,0.0,0.0,0.0,0.0,0.0,0.0
0.0,0.0,0.0,0.0,0.0,0.0,0.0,0.0
0.0,0.0,0.0,0.0,0.0,0.0,0.0,0.0
0.0,0.0,0.0,0.0,0.0,0.0,0.0,0.0
0.0,0.0,0.0,0.0,0.0,0.0,0.0,0.0
0.0,0.0,0.0,0.0,0.0,0.0,0.0,0.0
0.0,0.0,0.0,0.0,0.0,0.0,0.0,0.0
0.0,0.0,0.0,0.0,0.0,0.0,0.0,0.0
0.0,0.0,0.0,0.0,0.0,0.0,0.0,0.0
0.0,0.0,0.0,0.0,0.0,0.0,0.0,0.0
0.0,0.0,0.0,0.0,0.0,0.0,0.0,0.0
0.0,0.0,0.0,0.0,0.0,0.0,0.0,0.0
0.0,0.0,0.0,0.0,0.0,0.0,0.0,0.0
0.0,0.0,0.0,0.0,0.0,0.0,0.0,0.0
0.0,0.0,0.0,0.0,0.0,0.0,0.0,0.0
0.0,0.0,0.0,0.0,0.0,0.0,0.0,0.0
0.0,0.0,0.0,0.0,0.0,0.0,0.0,0.0
0.0,0.0,0.0,0.0,0.0,0.0,0.0,0.0
0.0,0.0,0.0,0.0,0.0,0.0,0.0,0.0
0.0,0.0,0.0,0.0,0.0,0.0,0.0,0.0
0.0,0.0,0.0,0.0,0.0,0.0,0.0,0.0
0.0,0.0,0.0,0.0,0.0,0.0,0.0,0.0
0.0,0.0,0.0,0.0,0.0,0.0,0.0,0.0
0.0,0.0,0.0,0.0,0.0,0.0,0.0,0.0
0.0,0.0,0.0,0.0,0.0,0.0,0.0,0.0
0.0,0.0,0.0,0.0,0.0,0.0,0.0,0.0
0.0,0.0,0.0,0.0,0.0,0.0,0.0,0.0
0.0,0.0,0.0,0.0,0.0,0.0,0.0,0.0
0.0,0.0,0.0,0.0,0.0,0.0,0.0,0.0
0.0,0.0,0.0,0.0,0.0,0.0,0.0,0.0
0.0,0.0,0.0,0.0,0.0,0.0,0.0,0.0
0.0,0.0,0.0,0.0,0.0,0.0,0.0,0.0
0.0,0.0,0.0,0.0,0.0,0.0,0.0,0.0
0.0,0.0,0.0,0.0,0.0,0.0,0.0,0.0
0.0,0.0,0.0,0.0,0.0,0.0,0.0,0.0
0.0,0.0,0.0,0.0,0.0,0.0,0.0,0.0
0.0,0.0,0.0,0.0,0.0,0.0,0.0,0.0
0.0,0.0,0.0,0.0,0.0,0.0,0.0,0.0
0.0,0.0,0.0,0.0,0.0,0.0,0.0,0.0
0.0,0.0,0.0,0.0,0.0,0.0,0.0,0.0
10.3,10.3,10.3,10.3,10.3,10.3,10.3,10.3
10.3,10.3,10.3,10.3,10.3,10.3,10.3,10.3
10.3,10.3,10.3,10.3,10.3,10.3,10.3,10.3
10.3,10.3,10.3,10.3,10.3,10.3,10.3,10.3
21.4,21.4,21.4,21.4,21.4,21.4,21.4,21.4
21.4,21.4,21.4,21.4,21.4,21.4,21.4,21.4
21.4,21.4,21.4,21.4,21.4,21.4,21.4,21.4
21.4,21.4,21.4,21.4,21.4,21.4,21.4,21.4
34.9,34.9,34.9,34.9,34.9,34.9,34.9,34.9
34.9,34.9,34.9,34.9,34.9,34.9,34.9,34.9
34.9,34.9,34.9,34.9,34.9,34.9,34.9,34.9
34.9,34.9,34.9,34.9,34.9,34.9,34.9,34.9
45.8,45.8,45.8,45.8,45.8,45.8,45.8,45.8
45.8,45.8,45.8,45.8,45.8,45.8,45.8,45.8
45.8,45.8,45.8,45.8,45.8,45.8,45.8,45.8
45.8,45.8,45.8,45.8,45.8,45.8,45.8,45.8
55.0,55.0,55.0,55.0,55.0,55.0,55.0,55.0
55.0,55.0,55.0,55.0,55.0,55.0,55.0,55.0
55.0,55.0,55.0,55.0,55.0,55.0,55.0,55.0
55.0,55.0,55.0,55.0,55.0,55.0,55.0,55.0
59.9,59.9,59.9,59.9,59.9,59.9,59.9,59.9
59.9,59.9,59.9,59.9,59.9,59.9,59.9,59.9
59.9,59.9,59.9,59.9,59.9,59.9,59.9,59.9
59.9,59.9,59.9,59.9,59.9,59.9,59.9,59.9
61.5,61.5,61.5,61.5,61.5,61.5,61.5,61.5
61.5,61.5,61.5,61.5,61.5,61.5,61.5,61.5
61.5,61.5,61.5,61.5,61.5,61.5,61.5,61.5
61.5,61.5,61.5,61.5,61.5,61.5,61.5,61.5
60.6,60.6,60.6,60.6,60.6,60.6,60.6,60.6
60.6,60.6,60.6,60.6,60.6,60.6,60.6,60.6
60.6,60.6,60.6,60.6,60.6,60.6,60.6,60.6
60.6,60.6,60.6,60.6,60.6,60.6,60.6,60.6
56.4,56.4,56.4,56.4,56.4,56.4,56.4,56.4
56.4,56.4,56.4,56.4,56.4,56.4,56.4,56.4
56.4,56.4,56.4,56.4,56.4,56.4,56.4,56.4
56.4,56.4,56.4,56.4,56.4,56.4,56.4,56.4
48.8,48.8,48.8,48.8,48.8,48.8,48.8,48.8
48.8,48.8,48.8,48.8,48.8,48.8,48.8,48.8
48.8,48.8,48.8,48.8,48.8,48.8,48.8,48.8
48.8,48.8,48.8,48.8,48.8,48.8,48.8,48.8
53.0,53.0,53.0,53.0,53.0,53.0,53.0,53.0
53.0,53.0,53.0,53.0,53.0,53.0,53.0,53.0
53.0,53.0,53.0,53.0,53.0,53.0,53.0,53.0
53.0,53.0,53.0,53.0,53.0,53.0,53.0,53.0
43.0,43.0,43.0,43.0,43.0,43.0,43.0,43.0
43.0,43.0,43.0,43.0,43.0,43.0,43.0,43.0
43.0,43.0,43.0,43.0,43.0,43.0,43.0,43.0
43.0,43.0,43.0,43.0,43.0,43.0,43.0,43.0
75.9,75.9,75.9,75.9,75.9,75.9,75.9,75.9
75.9,75.9,75.9,75.9,75.9,75.9,75.9,75.9
75.9,75.9,75.9,75.9,75.9,75.9,75.9,75.9
75.9,75.9,75.9,75.9,75.9,75.9,75.9,75.9
24.7,24.7,24.7,24.7,24.7,24.7,24.7,24.7
24.7,24.7,24.7,24.7,24.7,24.7,24.7,24.7
24.7,24.7,24.7,24.7,24.7,24.7,24.7,24.7
24.7,24.7,24.7,24.7,24.7,24.7,24.7,24.7
0.0,0.0,0.0,0.0,0.0,0.0,0.0,0.0
0.0,0.0,0.0,0.0,0.0,0.0,0.0,0.0
0.0,0.0,0.0,0.0,0.0,0.0,0.0,0.0
0.0,0.0,0.0,0.0,0.0,0.0,0.0,0.0
0.0,0.0,0.0,0.0,0.0,0.0,0.0,0.0
0.0,0.0,0.0,0.0,0.0,0.0,0.0,0.0
0.0,0.0,0.0,0.0,0.0,0.0,0.0,0.0
0.0,0.0,0.0,0.0,0.0,0.0,0.0,0.0
0.0,0.0,0.0,0.0,0.0,0.0,0.0,0.0
0.0,0.0,0.0,0.0,0.0,0.0,0.0,0.0
0.0,0.0,0.0,0.0,0.0,0.0,0.0,0.0
0.0,0.0,0.0,0.0,0.0,0.0,0.0,0.0
0.0,0.0,0.0,0.0,0.0,0.0,0.0,0.0
0.0,0.0,0.0,0.0,0.0,0.0,0.0,0.0
0.0,0.0,0.0,0.0,0.0,0.0,0.0,0.0
0.0,0.0,0.0,0.0,0.0,0.0,0.0,0.0
0.0,0.0,0.0,0.0,0.0,0.0,0.0,0.0
0.0,0.0,0.0,0.0,0.0,0.0,0.0,0.0
0.0,0.0,0.0,0.0,0.0,0.0,0.0,0.0
0.0,0.0,0.0,0.0,0.0,0.0,0.0,0.0
0.0,0.0,0.0,0.0,0.0,0.0,0.0,0.0
0.0,0.0,0.0,0.0,0.0,0.0,0.0,0.0
0.0,0.0,0.0,0.0,0.0,0.0,0.0,0.0
0.0,0.0,0.0,0.0,0.0,0.0,0.0,0.0
0.0,0.0,0.0,0.0,0.0,0.0,0.0,0.0
0.0,0.0,0.0,0.0,0.0,0.0,0.0,0.0
0.0,0.0,0.0,0.0,0.0,0.0,0.0,0.0
0.0,0.0,0.0,0.0,0.0,0.0,0.0,0.0
0.0,0.0,0.0,0.0,0.0,0.0,0.0,0.0
0.0,0.0,0.0,0.0,0.0,0.0,0.0,0.0
0.0,0.0,0.0,0.0,0.0,0.0,0.0,0.0
0.0,0.0,0.0,0.0,0.0,0.0,0.0,0.0
0.0,0.0,0.0,0.0,0.0,0.0,0.0,0.0
0.0,0.0,0.0,0.0,0.0,0.0,0.0,0.0
0.0,0.0,0.0,0.0,0.0,0.0,0.0,0.0
0.0,0.0,0.0,0.0,0.0,0.0,0.0,0.0
0.0,0.0,0.0,0.0,0.0,0.0,0.0,0.0
0.0,0.0,0.0,0.0,0.0,0.0,0.0,0.0
0.0,0.0,0.0,0.0,0.0,0.0,0.0,0.0
0.0,0.0,0.0,0.0,0.0,0.0,0.0,0.0
10.3,10.3,10.3,10.3,10.3,10.3,10.3,10.3
10.3,10.3,10.3,10.3,10.3,10.3,10.3,10.3
10.3,10.3,10.3,10.3,10.3,10.3,10.3,10.3
10.3,10.3,10.3,10.3,10.3,10.3,10.3,10.3
21.2,21.2,21.2,21.2,21.2,21.2,21.2,21.2
21.2,21.2,21.2,21.2,21.2,21.2,21.2,21.2
21.2,21.2,21.2,21.2,21.2,21.2,21.2,21.2
21.2,21.2,21.2,21.2,21.2,21.2,21.2,21.2
82.4,61.2,163.8,58.9,87.6,87.6,118.9,69.3
82.4,61.2,163.8,58.9,87.6,87.6,118.9,69.3
82.4,61.2,163.8,58.9,87.6,87.6,118.9,313.3
82.4,61.2,163.8,58.9,87.6,87.6,118.9,69.3
83.7,62.2,519.0,60.0,89.7,88.7,120.8,70.7
83.7,62.2,519.0,60.0,89.7,88.7,120.8,70.7
83.7,62.2,519.0,60.0,89.7,88.7,120.8,70.7
83.7,62.2,519.0,60.0,89.7,88.7,120.8,70.7
85.5,63.7,523.0,61.7,92.9,90.2,123.5,72.9
85.5,63.7,523.0,61.7,92.9,90.2,123.5,72.9
85.5,63.7,523.0,61.7,92.9,90.2,123.5,72.9
85.5,63.7,170.4,61.7,92.9,90.2,123.5,72.9
86.8,64.7,173.1,62.8,95.0,91.2,125.3,74.3
86.8,64.7,173.1,62.8,95.0,91.2,125.3,74.3
86.8,64.7,173.1,62.8,95.0,91.2,125.3,74.3
86.8,64.7,173.1,62.8,95.0,91.2,125.3,336.0
89.9,67.2,179.7,65.7,100.3,93.8,129.9,339.6
89.9,224.2,179.7,65.7,100.3,112.3,129.9,339.6
89.9,224.2,816.7,65.7,100.3,112.3,129.9,339.6
89.9,67.2,816.7,65.7,100.3,112.3,129.9,339.6
91.8,68.7,845.7,67.4,103.5,95.3,132.7,341.8
91.8,68.7,845.7,67.4,103.5,95.3,132.7,341.8
91.8,68.7,183.7,67.4,103.5,95.3,132.7,341.8
91.8,68.7,183.7,67.4,276.3,95.3,132.7,341.8
89.9,67.2,179.7,88.6,273.2,93.8,129.9,339.6
89.9,67.2,179.7,65.7,100.3,93.8,129.9,339.6
89.9,67.2,179.7,65.7,100.3,93.8,129.9,339.6
89.9,67.2,179.7,65.7,100.3,93.8,129.9,77.9
90.5,67.7,181.0,66.2,101.4,94.3,130.8,78.7
90.5,67.7,181.0,66.2,101.4,94.3,130.8,78.7
90.5,67.7,181.0,66.2,101.4,94.3,130.8,78.7
90.5,67.7,181.0,66.2,101.4,94.3,130.8,78.7
82.4,90.4,85.7,67.9,82.9,82.6,83.9,80.8
82.4,90.4,85.7,67.9,82.9,82.6,83.9,80.8
82.4,90.4,85.7,67.9,82.9,82.6,83.9,80.8
82.4,90.4,85.7,67.9,82.9,82.6,83.9,80.8
52.4,52.4,52.4,52.4,52.4,52.4,52.4,52.4
52.4,52.4,52.4,52.4,52.4,52.4,52.4,52.4
52.4,52.4,52.4,52.4,52.4,52.4,52.4,52.4
52.4,52.4,52.4,52.4,52.4,52.4,52.4,52.4
7.5,7.5,7.5,7.5,7.5,7.5,7.5,7.5
7.5,7.5,7.5,7.5,7.5,7.5,7.5,7.5
7.5,7.5,7.5,7.5,7.5,7.5,7.5,7.5
7.5,7.5,7.5,7.5,7.5,7.5,7.5,7.5
4.2,4.2,4.2,4.2,4.2,4.2,4.2,4.2
4.2,4.2,4.2,4.2,4.2,4.2,4.2,4.2
4.2,4.2,4.2,4.2,4.2,4.2,4.2,4.2
4.2,4.2,4.2,4.2,4.2,4.2,4.2,4.2
0.0,0.0,0.0,0.0,0.0,0.0,0.0,0.0
0.0,0.0,0.0,0.0,0.0,0.0,0.0,0.0
0.0,0.0,0.0,0.0,0.0,0.0,0.0,0.0
0.0,0.0,0.0,0.0,0.0,0.0,0.0,0.0
0.0,0.0,0.0,0.0,0.0,0.0,0.0,0.0
0.0,0.0,0.0,0.0,0.0,0.0,0.0,0.0
0.0,0.0,0.0,0.0,0.0,0.0,0.0,0.0
0.0,0.0,0.0,0.0,0.0,0.0,0.0,0.0
0.0,0.0,0.0,0.0,0.0,0.0,0.0,0.0
0.0,0.0,0.0,0.0,0.0,0.0,0.0,0.0
0.0,0.0,0.0,0.0,0.0,0.0,0.0,0.0
0.0,0.0,0.0,0.0,0.0,0.0,0.0,0.0
0.0,0.0,0.0,0.0,0.0,0.0,0.0,0.0
0.0,0.0,0.0,0.0,0.0,0.0,0.0,0.0
0.0,0.0,0.0,0.0,0.0,0.0,0.0,0.0
0.0,0.0,0.0,0.0,0.0,0.0,0.0,0.0
0.0,0.0,0.0,0.0,0.0,0.0,0.0,0.0
0.0,0.0,0.0,0.0,0.0,0.0,0.0,0.0
0.0,0.0,0.0,0.0,0.0,0.0,0.0,0.0
0.0,0.0,0.0,0.0,0.0,0.0,0.0,0.0
0.0,0.0,0.0,0.0,0.0,0.0,0.0,0.0
0.0,0.0,0.0,0.0,0.0,0.0,0.0,0.0
0.0,0.0,0.0,0.0,0.0,0.0,0.0,0.0
0.0,0.0,0.0,0.0,0.0,0.0,0.0,0.0
0.0,0.0,0.0,0.0,0.0,0.0,0.0,0.0
0.0,0.0,0.0,0.0,0.0,0.0,0.0,0.0
0.0,0.0,0.0,0.0,0.0,0.0,0.0,0.0
0.0,0.0,0.0,0.0,0.0,0.0,0.0,0.0
0.0,0.0,0.0,0.0,0.0,0.0,0.0,0.0
0.0,0.0,0.0,0.0,0.0,0.0,0.0,0.0
0.0,0.0,0.0,0.0,0.0,0.0,0.0,0.0
0.0,0.0,0.0,0.0,0.0,0.0,0.0,0.0
0.0,0.0,0.0,0.0,0.0,0.0,0.0,0.0
0.0,0.0,0.0,0.0,0.0,0.0,0.0,0.0
0.0,0.0,0.0,0.0,0.0,0.0,0.0,0.0
0.0,0.0,0.0,0.0,0.0,0.0,0.0,0.0
0.0,0.0,0.0,0.0,0.0,0.0,0.0,0.0
0.0,0.0,0.0,0.0,0.0,0.0,0.0,0.0
0.0,0.0,0.0,0.0,0.0,0.0,0.0,0.0
0.0,0.0,0.0,0.0,0.0,0.0,0.0,0.0
7.7,7.7,7.7,7.7,7.7,7.7,7.7,7.7
7.7,7.7,7.7,7.7,7.7,7.7,7.7,7.7
7.7,7.7,7.7,7.7,7.7,7.7,7.7,7.7
7.7,7.7,7.7,7.7,7.7,7.7,7.7,7.7
13.6,13.6,13.6,13.6,13.6,13.6,13.6,13.6
13.6,13.6,13.6,13.6,13.6,13.6,13.6,13.6
13.6,13.6,13.6,13.6,13.6,13.6,13.6,13.6
13.6,13.6,13.6,13.6,13.6,13.6,13.6,13.6
22.9,22.9,22.9,22.9,22.9,22.9,22.9,22.9
22.9,22.9,22.9,22.9,22.9,22.9,22.9,22.9
22.9,22.9,22.9,22.9,22.9,22.9,22.9,22.9
22.9,22.9,22.9,22.9,22.9,22.9,22.9,22.9
579.7,62.2,166.4,60.0,89.7,88.7,120.8,70.7
579.7,62.2,166.4,60.0,89.7,88.7,120.8,70.7
83.7,62.2,166.4,60.0,89.7,88.7,120.8,70.7
83.7,62.2,166.4,60.0,89.7,88.7,120.8,70.7
85.5,63.7,170.4,61.7,92.9,90.2,123.5,72.9
85.5,63.7,170.4,61.7,92.9,90.2,123.5,72.9
85.5,63.7,170.4,61.7,92.9,90.2,123.5,72.9
85.5,63.7,170.4,61.7,92.9,90.2,123.5,72.9
86.8,64.7,173.1,62.8,95.0,91.2,125.3,74.3
86.8,64.7,173.1,62.8,95.0,91.2,125.3,74.3
86.8,64.7,173.1,62.8,95.0,91.2,125.3,74.3
86.8,64.7,173.1,62.8,95.0,91.2,125.3,74.3
89.9,67.2,179.7,65.7,100.3,93.8,129.9,77.9
413.5,67.2,179.7,65.7,100.3,93.8,364.8,77.9
413.5,67.2,204.7,65.7,100.3,93.8,364.8,77.9
413.5,67.2,204.7,73.3,100.3,93.8,129.9,77.9
415.4,68.7,183.7,75.0,103.5,95.3,132.7,80.1
415.4,68.7,183.7,75.0,103.5,95.3,132.7,80.1
1086.2,68.7,183.7,67.4,276.3,95.3,132.7,80.1
415.4,382.6,183.7,67.4,276.3,95.3,132.7,80.1
413.5,67.2,179.7,65.7,100.3,93.8,129.9,77.9
413.5,67.2,179.7,65.7,100.3,93.8,129.9,77.9
413.5,67.2,179.7,65.7,100.3,93.8,129.9,77.9
413.5,67.2,179.7,65.7,100.3,93.8,129.9,77.9
90.5,67.7,181.0,399.2,101.4,94.3,130.8,78.7
90.5,67.7,181.0,399.2,101.4,94.3,130.8,78.7
90.5,67.7,181.0,399.2,101.4,94.3,130.8,78.7
90.5,67.7,181.0,399.2,101.4,94.3,130.8,78.7
77.8,69.2,84.2,67.9,78.6,78.0,80.6,77.0
77.8,69.2,84.2,67.9,78.6,78.0,80.6,77.0
77.8,69.2,84.2,67.9,78.6,78.0,80.6,77.0
77.8,69.2,84.2,67.9,78.6,78.0,80.6,77.0
16.8,16.8,16.8,16.8,16.8,16.8,16.8,16.8
16.8,16.8,16.8,16.8,16.8,16.8,16.8,16.8
16.8,16.8,16.8,16.8,16.8,16.8,16.8,16.8
16.8,16.8,16.8,16.8,16.8,16.8,16.8,16.8
8.4,8.4,8.4,8.4,8.4,8.4,8.4,8.4
8.4,8.4,8.4,8.4,8.4,8.4,8.4,8.4
8.4,8.4,8.4,8.4,8.4,8.4,8.4,8.4
8.4,8.4,8.4,8.4,8.4,8.4,8.4,8.4
5.1,5.1,5.1,5.1,5.1,5.1,5.1,5.1
5.1,5.1,5.1,5.1,5.1,5.1,5.1,5.1
5.1,5.1,5.1,5.1,5.1,5.1,5.1,5.1
5.1,5.1,5.1,5.1,5.1,5.1,5.1,5.1
0.0,0.0,0.0,0.0,0.0,0.0,0.0,0.0
0.0,0.0,0.0,0.0,0.0,0.0,0.0,0.0
0.0,0.0,0.0,0.0,0.0,0.0,0.0,0.0
0.0,0.0,0.0,0.0,0.0,0.0,0.0,0.0
0.0,0.0,0.0,0.0,0.0,0.0,0.0,0.0
0.0,0.0,0.0,0.0,0.0,0.0,0.0,0.0
0.0,0.0,0.0,0.0,0.0,0.0,0.0,0.0
0.0,0.0,0.0,0.0,0.0,0.0,0.0,0.0
0.0,0.0,0.0,0.0,0.0,0.0,0.0,0.0
0.0,0.0,0.0,0.0,0.0,0.0,0.0,0.0
0.0,0.0,0.0,0.0,0.0,0.0,0.0,0.0
0.0,0.0,0.0,0.0,0.0,0.0,0.0,0.0
0.0,0.0,0.0,0.0,0.0,0.0,0.0,0.0
0.0,0.0,0.0,0.0,0.0,0.0,0.0,0.0
0.0,0.0,0.0,0.0,0.0,0.0,0.0,0.0
0.0,0.0,0.0,0.0,0.0,0.0,0.0,0.0
0.0,0.0,0.0,0.0,0.0,0.0,0.0,0.0
0.0,0.0,0.0,0.0,0.0,0.0,0.0,0.0
0.0,0.0,0.0,0.0,0.0,0.0,0.0,0.0
0.0,0.0,0.0,0.0,0.0,0.0,0.0,0.0
0.0,0.0,0.0,0.0,0.0,0.0,0.0,0.0
0.0,0.0,0.0,0.0,0.0,0.0,0.0,0.0
0.0,0.0,0.0,0.0,0.0,0.0,0.0,0.0
0.0,0.0,0.0,0.0,0.0,0.0,0.0,0.0
0.0,0.0,0.0,0.0,0.0,0.0,0.0,0.0
0.0,0.0,0.0,0.0,0.0,0.0,0.0,0.0
0.0,0.0,0.0,0.0,0.0,0.0,0.0,0.0
0.0,0.0,0.0,0.0,0.0,0.0,0.0,0.0
0.0,0.0,0.0,0.0,0.0,0.0,0.0,0.0
0.0,0.0,0.0,0.0,0.0,0.0,0.0,0.0
0.0,0.0,0.0,0.0,0.0,0.0,0.0,0.0
0.0,0.0,0.0,0.0,0.0,0.0,0.0,0.0
0.0,0.0,0.0,0.0,0.0,0.0,0.0,0.0
0.0,0.0,0.0,0.0,0.0,0.0,0.0,0.0
0.0,0.0,0.0,0.0,0.0,0.0,0.0,0.0
0.0,0.0,0.0,0.0,0.0,0.0,0.0,0.0
0.0,0.0,0.0,0.0,0.0,0.0,0.0,0.0
0.0,0.0,0.0,0.0,0.0,0.0,0.0,0.0
0.0,0.0,0.0,0.0,0.0,0.0,0.0,0.0
0.0,0.0,0.0,0.0,0.0,0.0,0.0,0.0
0.0,0.0,0.0,0.0,0.0,0.0,0.0,0.0
0.0,0.0,0.0,0.0,0.0,0.0,0.0,0.0
0.0,0.0,0.0,0.0,0.0,0.0,0.0,0.0
0.0,0.0,0.0,0.0,0.0,0.0,0.0,0.0
22.9,22.9,22.9,22.9,22.9,22.9,22.9,22.9
22.9,22.9,22.9,22.9,22.9,22.9,22.9,22.9
22.9,22.9,22.9,22.9,22.9,22.9,22.9,22.9
22.9,22.9,22.9,22.9,22.9,22.9,22.9,22.9
35.5,35.5,35.5,35.5,35.5,35.5,35.5,35.5
35.5,35.5,35.5,35.5,35.5,35.5,35.5,35.5
35.5,35.5,35.5,35.5,35.5,35.5,35.5,35.5
35.5,35.5,35.5,35.5,35.5,35.5,35.5,35.5
47.1,47.1,47.1,47.1,47.1,47.1,47.1,47.1
47.1,47.1,47.1,47.1,47.1,47.1,47.1,47.1
47.1,47.1,47.1,47.1,47.1,47.1,47.1,47.1
47.1,47.1,47.1,47.1,47.1,47.1,47.1,47.1
55.3,55.3,55.3,55.3,55.3,55.3,55.3,55.3
55.3,55.3,55.3,55.3,55.3,55.3,55.3,55.3
55.3,55.3,55.3,55.3,55.3,55.3,55.3,55.3
55.3,55.3,55.3,55.3,55.3,55.3,55.3,55.3
58.5,58.5,58.5,58.5,58.5,58.5,58.5,58.5
58.5,58.5,58.5,58.5,58.5,58.5,58.5,58.5
58.5,58.5,58.5,58.5,58.5,58.5,58.5,58.5
58.5,58.5,58.5,58.5,58.5,58.5,58.5,58.5
50.9,50.9,50.9,50.9,50.9,50.9,50.9,50.9
50.9,50.9,50.9,50.9,50.9,50.9,50.9,50.9
50.9,50.9,50.9,50.9,50.9,50.9,50.9,50.9
50.9,50.9,50.9,50.9,50.9,50.9,50.9,50.9
86.0,68.7,109.5,67.4,88.0,86.6,92.8,80.1
85.5,68.7,94.0,67.4,86.6,85.9,111.0,80.1
84.9,68.7,93.8,67.4,113.3,84.9,86.0,80.1
85.0,87.4,104.0,67.4,85.1,85.0,85.3,80.1
56.7,56.7,56.7,56.7,56.7,56.7,56.7,56.7
56.7,56.7,56.7,56.7,56.7,56.7,56.7,56.7
56.7,56.7,56.7,56.7,56.7,56.7,56.7,56.7
56.7,56.7,56.7,56.7,56.7,56.7,56.7,56.7
50.1,50.1,50.1,50.1,50.1,50.1,50.1,50.1
50.1,50.1,50.1,50.1,50.1,50.1,50.1,50.1
50.1,50.1,50.1,50.1,50.1,50.1,50.1,50.1
50.1,50.1,50.1,50.1,50.1,50.1,50.1,50.1
26.8,26.8,26.8,26.8,26.8,26.8,26.8,26.8
26.8,26.8,26.8,26.8,26.8,26.8,26.8,26.8
26.8,26.8,26.8,26.8,26.8,26.8,26.8,26.8
26.8,26.8,26.8,26.8,26.8,26.8,26.8,26.8
40.3,40.3,40.3,40.3,40.3,40.3,40.3,40.3
40.3,40.3,40.3,40.3,40.3,40.3,40.3,40.3
40.3,40.3,40.3,40.3,40.3,40.3,40.3,40.3
40.3,40.3,40.3,40.3,40.3,40.3,40.3,40.3
93.3,83.8,99.7,84.3,94.7,93.3,96.1,92.8
92.4,97.8,93.3,84.3,92.6,92.4,92.8,92.3
92.4,97.8,93.3,84.3,92.6,92.4,92.8,92.3
92.4,97.8,93.3,84.3,92.6,92.4,92.8,92.3
121.1,642.1,240.7,221.9,153.3,119.3,175.7,114.0
121.1,642.1,240.7,221.9,153.3,119.3,175.7,114.0
121.1,331.3,227.9,93.9,153.3,119.3,627.3,114.0
121.1,92.3,230.5,93.9,153.3,119.3,863.6,114.0
0.0,0.0,0.0,0.0,0.0,0.0,0.0,0.0
0.0,0.0,0.0,0.0,0.0,0.0,0.0,0.0
0.0,0.0,0.0,0.0,0.0,0.0,0.0,0.0
0.0,0.0,0.0,0.0,0.0,0.0,0.0,0.0
0.0,0.0,0.0,0.0,0.0,0.0,0.0,0.0
0.0,0.0,0.0,0.0,0.0,0.0,0.0,0.0
0.0,0.0,0.0,0.0,0.0,0.0,0.0,0.0
0.0,0.0,0.0,0.0,0.0,0.0,0.0,0.0
0.0,0.0,0.0,0.0,0.0,0.0,0.0,0.0
0.0,0.0,0.0,0.0,0.0,0.0,0.0,0.0
0.0,0.0,0.0,0.0,0.0,0.0,0.0,0.0
0.0,0.0,0.0,0.0,0.0,0.0,0.0,0.0
0.0,0.0,0.0,0.0,0.0,0.0,0.0,0.0
0.0,0.0,0.0,0.0,0.0,0.0,0.0,0.0
0.0,0.0,0.0,0.0,0.0,0.0,0.0,0.0
0.0,0.0,0.0,0.0,0.0,0.0,0.0,0.0
0.0,0.0,0.0,0.0,0.0,0.0,0.0,0.0
0.0,0.0,0.0,0.0,0.0,0.0,0.0,0.0
0.0,0.0,0.0,0.0,0.0,0.0,0.0,0.0
0.0,0.0,0.0,0.0,0.0,0.0,0.0,0.0
0.0,0.0,0.0,0.0,0.0,0.0,0.0,0.0
0.0,0.0,0.0,0.0,0.0,0.0,0.0,0.0
0.0,0.0,0.0,0.0,0.0,0.0,0.0,0.0
0.0,0.0,0.0,0.0,0.0,0.0,0.0,0.0
0.0,0.0,0.0,0.0,0.0,0.0,0.0,0.0
0.0,0.0,0.0,0.0,0.0,0.0,0.0,0.0
0.0,0.0,0.0,0.0,0.0,0.0,0.0,0.0
0.0,0.0,0.0,0.0,0.0,0.0,0.0,0.0
0.0,0.0,0.0,0.0,0.0,0.0,0.0,0.0
0.0,0.0,0.0,0.0,0.0,0.0,0.0,0.0
0.0,0.0,0.0,0.0,0.0,0.0,0.0,0.0
0.0,0.0,0.0,0.0,0.0,0.0,0.0,0.0
0.0,0.0,0.0,0.0,0.0,0.0,0.0,0.0
0.0,0.0,0.0,0.0,0.0,0.0,0.0,0.0
0.0,0.0,0.0,0.0,0.0,0.0,0.0,0.0
0.0,0.0,0.0,0.0,0.0,0.0,0.0,0.0
0.0,0.0,0.0,0.0,0.0,0.0,0.0,0.0
0.0,0.0,0.0,0.0,0.0,0.0,0.0,0.0
0.0,0.0,0.0,0.0,0.0,0.0,0.0,0.0
0.0,0.0,0.0,0.0,0.0,0.0,0.0,0.0
6.8,6.8,6.8,6.8,6.8,6.8,6.8,6.8
6.8,6.8,6.8,6.8,6.8,6.8,6.8,6.8
6.8,6.8,6.8,6.8,6.8,6.8,6.8,6.8
6.8,6.8,6.8,6.8,6.8,6.8,6.8,6.8
14.5,14.5,14.5,14.5,14.5,14.5,14.5,14.5
14.5,14.5,14.5,14.5,14.5,14.5,14.5,14.5
14.5,14.5,14.5,14.5,14.5,14.5,14.5,14.5
14.5,14.5,14.5,14.5,14.5,14.5,14.5,14.5
24.5,24.5,24.5,24.5,24.5,24.5,24.5,24.5
24.5,24.5,24.5,24.5,24.5,24.5,24.5,24.5
24.5,24.5,24.5,24.5,24.5,24.5,24.5,24.5
24.5,24.5,24.5,24.5,24.5,24.5,24.5,24.5
83.7,426.2,166.4,60.0,89.7,88.7,120.8,70.7
83.7,62.2,166.4,60.0,89.7,88.7,120.8,70.7
83.7,62.2,166.4,60.0,89.7,88.7,120.8,70.7
83.7,62.2,166.4,60.0,89.7,88.7,120.8,70.7
85.5,63.7,170.4,61.7,92.9,90.2,123.5,72.9
85.5,63.7,170.4,61.7,92.9,90.2,123.5,72.9
85.5,63.7,170.4,61.7,92.9,90.2,123.5,72.9
85.5,63.7,170.4,61.7,92.9,90.2,123.5,72.9
86.8,64.7,173.1,62.8,95.0,91.2,125.3,74.3
86.8,64.7,173.1,62.8,95.0,91.2,125.3,74.3
757.5,64.7,173.1,62.8,95.0,91.2,125.3,74.3
86.8,64.7,173.1,62.8,95.0,91.2,125.3,74.3
89.9,67.2,179.7,65.7,100.3,93.8,129.9,77.9
89.9,67.2,179.7,65.7,100.3,93.8,129.9,77.9
89.9,67.2,179.7,65.7,100.3,93.8,364.8,77.9
89.9,67.2,179.7,65.7,100.3,93.8,364.8,77.9
91.8,68.7,183.7,75.0,103.5,95.3,132.7,80.1
91.8,68.7,183.7,75.0,103.5,95.3,132.7,80.1
91.8,68.7,183.7,75.0,103.5,95.3,132.7,80.1
91.8,2266.1,183.7,67.4,103.5,95.3,132.7,80.1
89.9,2264.6,179.7,65.7,100.3,93.8,129.9,169.1
349.3,2264.6,179.7,65.7,100.3,93.8,129.9,169.1
349.3,67.2,179.7,65.7,100.3,93.8,129.9,169.1
349.3,67.2,179.7,1015.7,100.3,93.8,129.9,77.9
349.9,67.7,181.0,1016.2,101.4,94.3,130.8,78.7
349.9,67.7,181.0,1016.2,101.4,94.3,130.8,78.7
349.9,67.7,181.0,1016.2,101.4,94.3,130.8,78.7
349.9,67.7,181.0,66.2,101.4,94.3,130.8,78.7
92.4,69.2,185.0,67.9,104.5,95.8,133.6,80.8
92.4,69.2,185.0,67.9,104.5,95.8,133.6,80.8
3356.4,1237.2,185.0,67.9,104.5,95.8,133.6,80.8
3356.4,69.2,185.0,67.9,104.5,95.8,133.6,80.8
2302.9,74.7,199.6,74.1,116.2,101.4,143.7,88.8
2302.9,74.7,199.6,74.1,116.2,101.4,143.7,88.8
2302.9,74.7,199.6,74.1,116.2,101.4,143.7,88.8
2302.9,74.7,199.6,74.1,116.2,101.4,143.7,88.8
37.2,37.2,37.2,37.2,37.2,37.2,37.2,37.2
37.2,37.2,37.2,37.2,37.2,37.2,37.2,37.2
37.2,37.2,37.2,37.2,37.2,37.2,37.2,37.2
37.2,37.2,37.2,37.2,37.2,37.2,37.2,37.2
16.2,16.2,16.2,16.2,16.2,16.2,16.2,16.2
16.2,16.2,16.2,16.2,16.2,16.2,16.2,16.2
16.2,16.2,16.2,16.2,16.2,16.2,16.2,16.2
16.2,16.2,16.2,16.2,16.2,16.2,16.2,16.2
0.0,0.0,0.0,0.0,0.0,0.0,0.0,0.0
0.0,0.0,0.0,0.0,0.0,0.0,0.0,0.0
0.0,0.0,0.0,0.0,0.0,0.0,0.0,0.0
0.0,0.0,0.0,0.0,0.0,0.0,0.0,0.0
0.0,0.0,0.0,0.0,0.0,0.0,0.0,0.0
0.0,0.0,0.0,0.0,0.0,0.0,0.0,0.0
0.0,0.0,0.0,0.0,0.0,0.0,0.0,0.0
0.0,0.0,0.0,0.0,0.0,0.0,0.0,0.0
0.0,0.0,0.0,0.0,0.0,0.0,0.0,0.0
0.0,0.0,0.0,0.0,0.0,0.0,0.0,0.0
0.0,0.0,0.0,0.0,0.0,0.0,0.0,0.0
0.0,0.0,0.0,0.0,0.0,0.0,0.0,0.0
0.0,0.0,0.0,0.0,0.0,0.0,0.0,0.0
0.0,0.0,0.0,0.0,0.0,0.0,0.0,0.0
0.0,0.0,0.0,0.0,0.0,0.0,0.0,0.0
0.0,0.0,0.0,0.0,0.0,0.0,0.0,0.0
0.0,0.0,0.0,0.0,0.0,0.0,0.0,0.0
0.0,0.0,0.0,0.0,0.0,0.0,0.0,0.0
0.0,0.0,0.0,0.0,0.0,0.0,0.0,0.0
0.0,0.0,0.0,0.0,0.0,0.0,0.0,0.0
0.0,0.0,0.0,0.0,0.0,0.0,0.0,0.0
0.0,0.0,0.0,0.0,0.0,0.0,0.0,0.0
0.0,0.0,0.0,0.0,0.0,0.0,0.0,0.0
0.0,0.0,0.0,0.0,0.0,0.0,0.0,0.0
0.0,0.0,0.0,0.0,0.0,0.0,0.0,0.0
0.0,0.0,0.0,0.0,0.0,0.0,0.0,0.0
0.0,0.0,0.0,0.0,0.0,0.0,0.0,0.0
0.0,0.0,0.0,0.0,0.0,0.0,0.0,0.0
0.0,0.0,0.0,0.0,0.0,0.0,0.0,0.0
0.0,0.0,0.0,0.0,0.0,0.0,0.0,0.0
0.0,0.0,0.0,0.0,0.0,0.0,0.0,0.0
0.0,0.0,0.0,0.0,0.0,0.0,0.0,0.0
0.0,0.0,0.0,0.0,0.0,0.0,0.0,0.0
0.0,0.0,0.0,0.0,0.0,0.0,0.0,0.0
0.0,0.0,0.0,0.0,0.0,0.0,0.0,0.0
0.0,0.0,0.0,0.0,0.0,0.0,0.0,0.0
0.0,0.0,0.0,0.0,0.0,0.0,0.0,0.0
0.0,0.0,0.0,0.0,0.0,0.0,0.0,0.0
0.0,0.0,0.0,0.0,0.0,0.0,0.0,0.0
0.0,0.0,0.0,0.0,0.0,0.0,0.0,0.0
0.0,0.0,0.0,0.0,0.0,0.0,0.0,0.0
0.0,0.0,0.0,0.0,0.0,0.0,0.0,0.0
0.0,0.0,0.0,0.0,0.0,0.0,0.0,0.0
0.0,0.0,0.0,0.0,0.0,0.0,0.0,0.0
0.0,0.0,0.0,0.0,0.0,0.0,0.0,0.0
0.0,0.0,0.0,0.0,0.0,0.0,0.0,0.0
0.0,0.0,0.0,0.0,0.0,0.0,0.0,0.0
0.0,0.0,0.0,0.0,0.0,0.0,0.0,0.0
54.7,54.7,54.7,54.7,54.7,54.7,54.7,54.7
54.7,54.7,54.7,54.7,54.7,54.7,54.7,54.7
54.7,54.7,54.7,54.7,54.7,54.7,54.7,54.7
54.7,54.7,54.7,54.7,54.7,54.7,54.7,54.7
83.7,62.2,166.4,60.0,89.7,88.7,120.8,70.7
83.7,62.2,166.4,60.0,89.7,88.7,120.8,70.7
83.7,62.2,166.4,60.0,89.7,88.7,120.8,70.7
83.7,62.2,166.4,60.0,89.7,88.7,120.8,70.7
85.5,63.7,170.4,61.7,92.9,90.2,123.5,72.9
85.5,63.7,170.4,61.7,92.9,90.2,123.5,72.9
85.5,63.7,170.4,61.7,92.9,90.2,123.5,72.9
85.5,63.7,170.4,61.7,92.9,90.2,123.5,72.9
86.8,64.7,173.1,62.8,95.0,91.2,125.3,74.3
86.8,64.7,173.1,62.8,95.0,91.2,125.3,74.3
86.8,64.7,173.1,62.8,95.0,91.2,125.3,347.8
86.8,64.7,173.1,62.8,95.0,91.2,125.3,74.3
89.9,67.2,179.7,65.7,100.3,93.8,129.9,77.9
89.9,3673.0,179.7,65.7,100.3,93.8,129.9,77.9
89.9,67.2,179.7,65.7,100.3,93.8,129.9,77.9
89.9,67.2,179.7,65.7,100.3,93.8,129.9,77.9
91.8,68.7,183.7,67.4,103.5,95.3,132.7,80.1
91.8,68.7,183.7,67.4,103.5,95.3,132.7,80.1
91.8,68.7,183.7,67.4,103.5,151.0,132.7,80.1
91.8,68.7,183.7,67.4,103.5,95.3,132.7,80.1
3644.2,67.2,179.7,65.7,100.3,93.8,129.9,77.9
89.9,67.2,179.7,65.7,100.3,93.8,129.9,77.9
89.9,67.2,179.7,65.7,100.3,93.8,129.9,77.9
89.9,67.2,179.7,65.7,100.3,93.8,129.9,77.9
90.5,67.7,181.0,66.2,101.4,94.3,130.8,78.7
90.5,67.7,181.0,66.2,101.4,94.3,130.8,78.7
90.5,67.7,181.0,66.2,101.4,285.7,130.8,78.7
90.5,67.7,181.0,66.2,101.4,285.7,130.8,78.7
92.4,69.2,185.0,67.9,104.5,287.2,133.6,80.8
92.4,69.2,185.0,67.9,104.5,287.2,133.6,80.8
92.4,69.2,185.0,67.9,104.5,287.2,133.6,80.8
92.4,69.2,185.0,67.9,104.5,287.2,133.6,80.8
99.2,74.7,199.6,74.1,116.2,292.9,143.7,88.8
99.2,74.7,199.6,74.1,116.2,101.4,143.7,88.8
99.2,74.7,199.6,74.1,116.2,101.4,143.7,88.8
99.2,74.7,199.6,74.1,116.2,101.4,143.7,88.8
31.9,31.9,31.9,31.9,31.9,31.9,31.9,31.9
31.9,31.9,31.9,31.9,31.9,31.9,31.9,31.9
31.9,31.9,31.9,31.9,31.9,31.9,31.9,31.9
31.9,31.9,31.9,31.9,31.9,31.9,31.9,31.9
14.4,14.4,14.4,14.4,14.4,14.4,14.4,14.4
14.4,14.4,14.4,14.4,14.4,14.4,14.4,14.4
14.4,14.4,14.4,14.4,14.4,14.4,14.4,14.4
14.4,14.4,14.4,14.4,14.4,14.4,14.4,14.4
0.0,0.0,0.0,0.0,0.0,0.0,0.0,0.0
0.0,0.0,0.0,0.0,0.0,0.0,0.0,0.0
0.0,0.0,0.0,0.0,0.0,0.0,0.0,0.0
0.0,0.0,0.0,0.0,0.0,0.0,0.0,0.0
0.0,0.0,0.0,0.0,0.0,0.0,0.0,0.0
0.0,0.0,0.0,0.0,0.0,0.0,0.0,0.0
0.0,0.0,0.0,0.0,0.0,0.0,0.0,0.0
0.0,0.0,0.0,0.0,0.0,0.0,0.0,0.0
0.0,0.0,0.0,0.0,0.0,0.0,0.0,0.0
0.0,0.0,0.0,0.0,0.0,0.0,0.0,0.0
0.0,0.0,0.0,0.0,0.0,0.0,0.0,0.0
0.0,0.0,0.0,0.0,0.0,0.0,0.0,0.0
0.0,0.0,0.0,0.0,0.0,0.0,0.0,0.0
0.0,0.0,0.0,0.0,0.0,0.0,0.0,0.0
0.0,0.0,0.0,0.0,0.0,0.0,0.0,0.0
0.0,0.0,0.0,0.0,0.0,0.0,0.0,0.0
0.0,0.0,0.0,0.0,0.0,0.0,0.0,0.0
0.0,0.0,0.0,0.0,0.0,0.0,0.0,0.0
0.0,0.0,0.0,0.0,0.0,0.0,0.0,0.0
0.0,0.0,0.0,0.0,0.0,0.0,0.0,0.0
0.0,0.0,0.0,0.0,0.0,0.0,0.0,0.0
0.0,0.0,0.0,0.0,0.0,0.0,0.0,0.0
0.0,0.0,0.0,0.0,0.0,0.0,0.0,0.0
0.0,0.0,0.0,0.0,0.0,0.0,0.0,0.0
0.0,0.0,0.0,0.0,0.0,0.0,0.0,0.0
0.0,0.0,0.0,0.0,0.0,0.0,0.0,0.0
0.0,0.0,0.0,0.0,0.0,0.0,0.0,0.0
0.0,0.0,0.0,0.0,0.0,0.0,0.0,0.0
0.0,0.0,0.0,0.0,0.0,0.0,0.0,0.0
0.0,0.0,0.0,0.0,0.0,0.0,0.0,0.0
0.0,0.0,0.0,0.0,0.0,0.0,0.0,0.0
0.0,0.0,0.0,0.0,0.0,0.0,0.0,0.0
0.0,0.0,0.0,0.0,0.0,0.0,0.0,0.0
0.0,0.0,0.0,0.0,0.0,0.0,0.0,0.0
0.0,0.0,0.0,0.0,0.0,0.0,0.0,0.0
0.0,0.0,0.0,0.0,0.0,0.0,0.0,0.0
0.0,0.0,0.0,0.0,0.0,0.0,0.0,0.0
0.0,0.0,0.0,0.0,0.0,0.0,0.0,0.0
0.0,0.0,0.0,0.0,0.0,0.0,0.0,0.0
0.0,0.0,0.0,0.0,0.0,0.0,0.0,0.0
0.0,0.0,0.0,0.0,0.0,0.0,0.0,0.0
0.0,0.0,0.0,0.0,0.0,0.0,0.0,0.0
0.0,0.0,0.0,0.0,0.0,0.0,0.0,0.0
0.0,0.0,0.0,0.0,0.0,0.0,0.0,0.0
11.2,11.2,11.2,11.2,11.2,11.2,11.2,11.2
11.2,11.2,11.2,11.2,11.2,11.2,11.2,11.2
11.2,11.2,11.2,11.2,11.2,11.2,11.2,11.2
11.2,11.2,11.2,11.2,11.2,11.2,11.2,11.2
24.2,24.2,24.2,24.2,24.2,24.2,24.2,24.2
24.2,24.2,24.2,24.2,24.2,24.2,24.2,24.2
24.2,24.2,24.2,24.2,24.2,24.2,24.2,24.2
24.2,24.2,24.2,24.2,24.2,24.2,24.2,24.2
194.2,133.5,121.0,60.0,89.7,88.7,111.2,70.7
83.7,62.2,166.4,60.0,89.7,88.7,120.8,70.7
83.7,62.2,166.4,60.0,89.7,88.7,120.8,70.7
83.7,62.2,166.4,60.0,89.7,88.7,120.8,70.7
85.5,63.7,170.4,61.7,92.9,90.2,123.5,72.9
85.5,63.7,170.4,61.7,92.9,90.2,123.5,72.9
85.5,63.7,170.4,61.7,92.9,90.2,123.5,72.9
85.5,63.7,170.4,61.7,92.9,90.2,123.5,72.9
86.8,64.7,173.1,62.8,95.0,91.2,125.3,74.3
86.8,64.7,173.1,62.8,95.0,91.2,125.3,74.3
86.8,64.7,173.1,62.8,95.0,91.2,125.3,74.3
86.8,64.7,522.6,62.8,95.0,91.2,125.3,74.3
89.9,67.2,529.3,65.7,100.3,93.8,286.5,77.9
89.9,67.2,529.3,65.7,446.0,93.8,286.5,77.9
89.9,67.2,179.7,65.7,100.3,93.8,286.5,77.9
89.9,67.2,179.7,627.3,100.3,93.8,129.9,77.9
91.8,68.7,183.7,629.0,103.5,95.3,132.7,80.1
762.5,68.7,183.7,629.0,103.5,95.3,132.7,80.1
91.8,68.7,183.7,629.0,103.5,95.3,132.7,80.1
91.8,68.7,556.3,636.7,103.5,95.3,132.7,80.1
89.9,67.2,552.3,635.0,100.3,121.6,129.9,77.9
89.9,67.2,552.3,635.0,100.3,121.6,129.9,77.9
89.9,67.2,552.3,627.3,100.3,93.8,129.9,77.9
89.9,67.2,552.3,627.3,100.3,93.8,129.9,77.9
90.5,67.7,553.6,627.9,101.4,94.3,130.8,78.7
90.5,67.7,553.6,627.9,101.4,94.3,130.8,78.7
90.5,67.7,181.0,627.9,101.4,94.3,130.8,78.7
90.5,67.7,181.0,66.2,101.4,94.3,130.8,78.7
92.4,69.2,185.0,67.9,104.5,95.8,133.6,80.8
92.4,69.2,185.0,67.9,104.5,95.8,133.6,80.8
92.4,69.2,185.0,67.9,104.5,95.8,133.6,80.8
92.4,69.2,185.0,67.9,104.5,95.8,133.6,80.8
99.2,74.7,199.6,74.1,116.2,101.4,143.7,88.8
99.2,74.7,199.6,74.1,116.2,101.4,143.7,88.8
99.2,74.7,199.6,74.1,116.2,101.4,143.7,88.8
99.2,74.7,199.6,74.1,116.2,101.4,143.7,88.8
10.0,10.0,10.0,10.0,10.0,10.0,10.0,10.0
10.0,10.0,10.0,10.0,10.0,10.0,10.0,10.0
10.0,10.0,10.0,10.0,10.0,10.0,10.0,10.0
10.0,10.0,10.0,10.0,10.0,10.0,10.0,10.0
299.7,92.3,246.2,93.9,153.3,119.3,175.7,114.0
299.7,92.3,246.2,93.9,153.3,119.3,175.7,114.0
299.7,92.3,246.2,93.9,153.3,119.3,175.7,114.0
121.1,92.3,246.2,93.9,153.3,119.3,175.7,114.0
0.0,0.0,0.0,0.0,0.0,0.0,0.0,0.0
0.0,0.0,0.0,0.0,0.0,0.0,0.0,0.0
0.0,0.0,0.0,0.0,0.0,0.0,0.0,0.0
0.0,0.0,0.0,0.0,0.0,0.0,0.0,0.0
0.0,0.0,0.0,0.0,0.0,0.0,0.0,0.0
0.0,0.0,0.0,0.0,0.0,0.0,0.0,0.0
0.0,0.0,0.0,0.0,0.0,0.0,0.0,0.0
0.0,0.0,0.0,0.0,0.0,0.0,0.0,0.0
0.0,0.0,0.0,0.0,0.0,0.0,0.0,0.0
0.0,0.0,0.0,0.0,0.0,0.0,0.0,0.0
0.0,0.0,0.0,0.0,0.0,0.0,0.0,0.0
0.0,0.0,0.0,0.0,0.0,0.0,0.0,0.0
0.0,0.0,0.0,0.0,0.0,0.0,0.0,0.0
0.0,0.0,0.0,0.0,0.0,0.0,0.0,0.0
0.0,0.0,0.0,0.0,0.0,0.0,0.0,0.0
0.0,0.0,0.0,0.0,0.0,0.0,0.0,0.0
0.0,0.0,0.0,0.0,0.0,0.0,0.0,0.0
0.0,0.0,0.0,0.0,0.0,0.0,0.0,0.0
0.0,0.0,0.0,0.0,0.0,0.0,0.0,0.0
0.0,0.0,0.0,0.0,0.0,0.0,0.0,0.0
0.0,0.0,0.0,0.0,0.0,0.0,0.0,0.0
0.0,0.0,0.0,0.0,0.0,0.0,0.0,0.0
0.0,0.0,0.0,0.0,0.0,0.0,0.0,0.0
0.0,0.0,0.0,0.0,0.0,0.0,0.0,0.0
0.0,0.0,0.0,0.0,0.0,0.0,0.0,0.0
0.0,0.0,0.0,0.0,0.0,0.0,0.0,0.0
0.0,0.0,0.0,0.0,0.0,0.0,0.0,0.0
0.0,0.0,0.0,0.0,0.0,0.0,0.0,0.0
0.0,0.0,0.0,0.0,0.0,0.0,0.0,0.0
0.0,0.0,0.0,0.0,0.0,0.0,0.0,0.0
0.0,0.0,0.0,0.0,0.0,0.0,0.0,0.0
0.0,0.0,0.0,0.0,0.0,0.0,0.0,0.0
0.0,0.0,0.0,0.0,0.0,0.0,0.0,0.0
0.0,0.0,0.0,0.0,0.0,0.0,0.0,0.0
0.0,0.0,0.0,0.0,0.0,0.0,0.0,0.0
0.0,0.0,0.0,0.0,0.0,0.0,0.0,0.0
0.0,0.0,0.0,0.0,0.0,0.0,0.0,0.0
0.0,0.0,0.0,0.0,0.0,0.0,0.0,0.0
0.0,0.0,0.0,0.0,0.0,0.0,0.0,0.0
0.0,0.0,0.0,0.0,0.0,0.0,0.0,0.0
42.0,42.0,42.0,42.0,42.0,42.0,42.0,42.0
42.0,42.0,42.0,42.0,42.0,42.0,42.0,42.0
42.0,42.0,42.0,42.0,42.0,42.0,42.0,42.0
42.0,42.0,42.0,42.0,42.0,42.0,42.0,42.0
78.4,60.2,96.2,57.8,79.4,79.6,86.4,83.0
78.8,60.2,105.1,57.8,80.2,80.6,90.6,67.8
78.8,60.2,105.1,57.8,80.2,80.6,90.6,67.8
115.3,60.2,83.3,57.8,78.2,78.2,80.3,67.8
50.1,50.1,50.1,50.1,50.1,50.1,50.1,50.1
50.1,50.1,50.1,50.1,50.1,50.1,50.1,50.1
50.1,50.1,50.1,50.1,50.1,50.1,50.1,50.1
50.1,50.1,50.1,50.1,50.1,50.1,50.1,50.1
83.7,136.2,166.4,78.0,353.7,88.7,120.8,70.7
83.7,136.2,166.4,60.0,353.7,88.7,120.8,70.7
83.7,62.2,166.4,60.0,89.7,88.7,120.8,70.7
83.7,62.2,166.4,60.0,89.7,88.7,120.8,70.7
85.5,63.7,170.4,61.7,92.9,90.2,123.5,72.9
85.5,63.7,170.4,61.7,92.9,90.2,123.5,72.9
85.5,63.7,170.4,61.7,92.9,90.2,123.5,72.9
85.5,63.7,170.4,61.7,92.9,90.2,123.5,72.9
86.8,64.7,173.1,62.8,95.0,91.2,125.3,74.3
86.8,64.7,173.1,62.8,95.0,91.2,125.3,74.3
86.8,64.7,173.1,62.8,95.0,91.2,125.3,74.3
86.8,64.7,198.0,62.8,95.0,91.2,125.3,74.3
89.9,67.2,204.7,65.7,100.3,93.8,129.9,77.9
89.9,67.2,179.7,73.3,100.3,93.8,129.9,77.9
89.9,67.2,179.7,73.3,100.3,93.8,129.9,77.9
89.9,67.2,179.7,73.3,100.3,93.8,421.9,77.9
91.8,68.7,183.7,67.4,103.5,95.3,424.7,80.1
91.8,68.7,183.7,67.4,103.5,95.3,424.7,80.1
91.8,68.7,183.7,67.4,103.5,95.3,3713.4,1994.1
91.8,68.7,183.7,67.4,103.5,95.3,3421.4,1994.1
89.9,67.2,179.7,65.7,100.3,93.8,3418.7,1992.0
89.9,67.2,179.7,65.7,100.3,93.8,1029.9,77.9
89.9,67.2,179.7,65.7,100.3,93.8,1029.9,77.9
89.9,67.2,179.7,65.7,100.3,93.8,1029.9,77.9
90.5,67.7,181.0,66.2,101.4,94.3,1030.8,78.7
90.5,67.7,181.0,66.2,101.4,94.3,130.8,78.7
90.5,67.7,181.0,66.2,101.4,94.3,130.8,78.7
90.5,67.7,181.0,66.2,101.4,94.3,130.8,78.7
92.4,69.2,185.0,67.9,104.5,95.8,133.6,80.8
92.4,69.2,185.0,67.9,104.5,95.8,133.6,80.8
92.4,69.2,185.0,67.9,104.5,95.8,133.6,80.8
92.4,69.2,185.0,67.9,104.5,95.8,133.6,80.8
99.2,74.7,199.6,74.1,116.2,101.4,143.7,88.8
99.2,74.7,199.6,74.1,116.2,101.4,143.7,88.8
99.2,74.7,199.6,74.1,116.2,101.4,143.7,88.8
99.2,74.7,199.6,74.1,116.2,101.4,143.7,88.8
110.5,1831.8,223.6,84.3,135.3,110.6,160.1,101.7
110.5,83.8,223.6,84.3,135.3,110.6,160.1,101.7
110.5,83.8,223.6,84.3,135.3,110.6,160.1,101.7
110.5,83.8,223.6,84.3,135.3,110.6,160.1,101.7
121.1,92.3,246.2,93.9,153.3,119.3,175.7,114.0
121.1,92.3,246.2,93.9,153.3,119.3,175.7,114.0
121.1,92.3,246.2,93.9,153.3,119.3,175.7,114.0
121.1,92.3,246.2,93.9,153.3,119.3,175.7,114.0
0.0,0.0,0.0,0.0,0.0,0.0,0.0,0.0
0.0,0.0,0.0,0.0,0.0,0.0,0.0,0.0
0.0,0.0,0.0,0.0,0.0,0.0,0.0,0.0
0.0,0.0,0.0,0.0,0.0,0.0,0.0,0.0
0.0,0.0,0.0,0.0,0.0,0.0,0.0,0.0
0.0,0.0,0.0,0.0,0.0,0.0,0.0,0.0
0.0,0.0,0.0,0.0,0.0,0.0,0.0,0.0
0.0,0.0,0.0,0.0,0.0,0.0,0.0,0.0
0.0,0.0,0.0,0.0,0.0,0.0,0.0,0.0
0.0,0.0,0.0,0.0,0.0,0.0,0.0,0.0
0.0,0.0,0.0,0.0,0.0,0.0,0.0,0.0
0.0,0.0,0.0,0.0,0.0,0.0,0.0,0.0
0.0,0.0,0.0,0.0,0.0,0.0,0.0,0.0
0.0,0.0,0.0,0.0,0.0,0.0,0.0,0.0
0.0,0.0,0.0,0.0,0.0,0.0,0.0,0.0
0.0,0.0,0.0,0.0,0.0,0.0,0.0,0.0
0.0,0.0,0.0,0.0,0.0,0.0,0.0,0.0
0.0,0.0,0.0,0.0,0.0,0.0,0.0,0.0
0.0,0.0,0.0,0.0,0.0,0.0,0.0,0.0
0.0,0.0,0.0,0.0,0.0,0.0,0.0,0.0
0.0,0.0,0.0,0.0,0.0,0.0,0.0,0.0
0.0,0.0,0.0,0.0,0.0,0.0,0.0,0.0
0.0,0.0,0.0,0.0,0.0,0.0,0.0,0.0
0.0,0.0,0.0,0.0,0.0,0.0,0.0,0.0
0.0,0.0,0.0,0.0,0.0,0.0,0.0,0.0
0.0,0.0,0.0,0.0,0.0,0.0,0.0,0.0
0.0,0.0,0.0,0.0,0.0,0.0,0.0,0.0
0.0,0.0,0.0,0.0,0.0,0.0,0.0,0.0
0.0,0.0,0.0,0.0,0.0,0.0,0.0,0.0
0.0,0.0,0.0,0.0,0.0,0.0,0.0,0.0
0.0,0.0,0.0,0.0,0.0,0.0,0.0,0.0
0.0,0.0,0.0,0.0,0.0,0.0,0.0,0.0
0.0,0.0,0.0,0.0,0.0,0.0,0.0,0.0
0.0,0.0,0.0,0.0,0.0,0.0,0.0,0.0
0.0,0.0,0.0,0.0,0.0,0.0,0.0,0.0
0.0,0.0,0.0,0.0,0.0,0.0,0.0,0.0
0.0,0.0,0.0,0.0,0.0,0.0,0.0,0.0
0.0,0.0,0.0,0.0,0.0,0.0,0.0,0.0
0.0,0.0,0.0,0.0,0.0,0.0,0.0,0.0
0.0,0.0,0.0,0.0,0.0,0.0,0.0,0.0
6.8,6.8,6.8,6.8,6.8,6.8,6.8,6.8
6.8,6.8,6.8,6.8,6.8,6.8,6.8,6.8
6.8,6.8,6.8,6.8,6.8,6.8,6.8,6.8
6.8,6.8,6.8,6.8,6.8,6.8,6.8,6.8
13.6,13.6,13.6,13.6,13.6,13.6,13.6,13.6
13.6,13.6,13.6,13.6,13.6,13.6,13.6,13.6
13.6,13.6,13.6,13.6,13.6,13.6,13.6,13.6
13.6,13.6,13.6,13.6,13.6,13.6,13.6,13.6
23.7,23.7,23.7,23.7,23.7,23.7,23.7,23.7
23.7,23.7,23.7,23.7,23.7,23.7,23.7,23.7
23.7,23.7,23.7,23.7,23.7,23.7,23.7,23.7
23.7,23.7,23.7,23.7,23.7,23.7,23.7,23.7
38.0,38.0,38.0,38.0,38.0,38.0,38.0,38.0
38.0,38.0,38.0,38.0,38.0,38.0,38.0,38.0
38.0,38.0,38.0,38.0,38.0,38.0,38.0,38.0
38.0,38.0,38.0,38.0,38.0,38.0,38.0,38.0
85.5,63.7,170.4,61.7,92.9,90.2,123.5,72.9
85.5,63.7,170.4,61.7,92.9,90.2,123.5,72.9
85.5,63.7,170.4,61.7,92.9,90.2,123.5,72.9
85.5,63.7,170.4,61.7,92.9,90.2,123.5,72.9
77.6,64.7,89.6,62.8,78.7,78.2,82.9,74.3
93.1,64.7,81.2,62.8,77.1,76.9,78.7,74.3
93.1,64.7,81.2,62.8,77.1,76.9,78.7,74.3
93.1,64.7,81.2,62.8,77.1,76.9,78.7,74.3
524.2,67.2,163.7,65.7,100.3,93.8,129.9,77.9
399.6,67.2,179.7,65.7,100.3,93.8,129.9,77.9
399.6,67.2,179.7,65.7,100.3,93.8,129.9,77.9
177.4,67.2,155.5,65.7,388.0,93.8,197.2,77.9
91.8,68.7,1134.7,67.4,2523.6,95.3,132.7,80.1
91.8,68.7,1134.7,67.4,2523.6,95.3,132.7,80.1
91.8,68.7,1159.7,67.4,103.5,95.3,132.7,80.1
91.8,68.7,1159.7,67.4,103.5,95.3,132.7,80.1
89.9,67.2,179.7,65.7,100.3,93.8,129.9,77.9
89.9,67.2,179.7,65.7,100.3,93.8,129.9,77.9
89.9,67.2,179.7,65.7,100.3,93.8,129.9,77.9
89.9,813.6,179.7,65.7,100.3,93.8,129.9,77.9
90.5,814.1,181.0,66.2,101.4,94.3,130.8,78.7
90.5,814.1,181.0,66.2,101.4,94.3,130.8,78.7
90.5,814.1,181.0,66.2,101.4,94.3,130.8,78.7
90.5,814.1,181.0,66.2,101.4,94.3,130.8,78.7
92.4,69.2,185.0,67.9,104.5,95.8,133.6,80.8
92.4,69.2,185.0,67.9,104.5,95.8,133.6,80.8
92.4,69.2,185.0,67.9,104.5,95.8,133.6,80.8
92.4,69.2,185.0,67.9,104.5,95.8,133.6,80.8
90.2,74.7,103.6,74.1,92.5,90.5,96.1,88.8
90.2,74.7,103.6,74.1,92.5,90.5,96.1,88.8
90.2,74.7,103.6,74.1,92.5,90.5,96.1,88.8
90.2,74.7,103.6,74.1,92.5,90.5,96.1,88.8
110.5,83.8,223.6,84.3,135.3,110.6,160.1,101.7
110.5,83.8,223.6,84.3,135.3,110.6,160.1,101.7
110.5,83.8,223.6,84.3,135.3,110.6,160.1,101.7
110.5,83.8,223.6,84.3,135.3,110.6,160.1,101.7
121.1,92.3,246.2,93.9,153.3,184.0,175.7,114.0
121.1,92.3,246.2,93.9,153.3,184.0,175.7,114.0
121.1,92.3,246.2,93.9,153.3,184.0,175.7,114.0
121.1,92.3,246.2,93.9,153.3,184.0,175.7,114.0
0.0,0.0,0.0,0.0,0.0,0.0,0.0,0.0
0.0,0.0,0.0,0.0,0.0,0.0,0.0,0.0
0.0,0.0,0.0,0.0,0.0,0.0,0.0,0.0
0.0,0.0,0.0,0.0,0.0,0.0,0.0,0.0
0.0,0.0,0.0,0.0,0.0,0.0,0.0,0.0
0.0,0.0,0.0,0.0,0.0,0.0,0.0,0.0
0.0,0.0,0.0,0.0,0.0,0.0,0.0,0.0
0.0,0.0,0.0,0.0,0.0,0.0,0.0,0.0
0.0,0.0,0.0,0.0,0.0,0.0,0.0,0.0
0.0,0.0,0.0,0.0,0.0,0.0,0.0,0.0
0.0,0.0,0.0,0.0,0.0,0.0,0.0,0.0
0.0,0.0,0.0,0.0,0.0,0.0,0.0,0.0
0.0,0.0,0.0,0.0,0.0,0.0,0.0,0.0
0.0,0.0,0.0,0.0,0.0,0.0,0.0,0.0
0.0,0.0,0.0,0.0,0.0,0.0,0.0,0.0
0.0,0.0,0.0,0.0,0.0,0.0,0.0,0.0
0.0,0.0,0.0,0.0,0.0,0.0,0.0,0.0
0.0,0.0,0.0,0.0,0.0,0.0,0.0,0.0
0.0,0.0,0.0,0.0,0.0,0.0,0.0,0.0
0.0,0.0,0.0,0.0,0.0,0.0,0.0,0.0
0.0,0.0,0.0,0.0,0.0,0.0,0.0,0.0
0.0,0.0,0.0,0.0,0.0,0.0,0.0,0.0
0.0,0.0,0.0,0.0,0.0,0.0,0.0,0.0
0.0,0.0,0.0,0.0,0.0,0.0,0.0,0.0
0.0,0.0,0.0,0.0,0.0,0.0,0.0,0.0
0.0,0.0,0.0,0.0,0.0,0.0,0.0,0.0
0.0,0.0,0.0,0.0,0.0,0.0,0.0,0.0
0.0,0.0,0.0,0.0,0.0,0.0,0.0,0.0
0.0,0.0,0.0,0.0,0.0,0.0,0.0,0.0
0.0,0.0,0.0,0.0,0.0,0.0,0.0,0.0
0.0,0.0,0.0,0.0,0.0,0.0,0.0,0.0
0.0,0.0,0.0,0.0,0.0,0.0,0.0,0.0
0.0,0.0,0.0,0.0,0.0,0.0,0.0,0.0
0.0,0.0,0.0,0.0,0.0,0.0,0.0,0.0
0.0,0.0,0.0,0.0,0.0,0.0,0.0,0.0
0.0,0.0,0.0,0.0,0.0,0.0,0.0,0.0
0.0,0.0,0.0,0.0,0.0,0.0,0.0,0.0
0.0,0.0,0.0,0.0,0.0,0.0,0.0,0.0
0.0,0.0,0.0,0.0,0.0,0.0,0.0,0.0
0.0,0.0,0.0,0.0,0.0,0.0,0.0,0.0
11.0,11.0,11.0,11.0,11.0,11.0,11.0,11.0
11.0,11.0,11.0,11.0,11.0,11.0,11.0,11.0
11.0,11.0,11.0,11.0,11.0,11.0,11.0,11.0
11.0,11.0,11.0,11.0,11.0,11.0,11.0,11.0
45.4,45.4,45.4,45.4,45.4,45.4,45.4,45.4
45.4,45.4,45.4,45.4,45.4,45.4,45.4,45.4
45.4,45.4,45.4,45.4,45.4,45.4,45.4,45.4
45.4,45.4,45.4,45.4,45.4,45.4,45.4,45.4
61.9,61.2,63.0,58.9,62.0,62.0,62.4,61.7
61.9,61.2,63.1,58.9,61.9,61.9,62.3,61.7
63.8,61.2,62.1,58.9,61.7,61.7,61.9,61.7
62.9,61.2,61.9,58.9,61.7,61.7,63.0,61.6
83.7,324.2,166.4,72.0,89.7,88.7,120.8,70.7
83.7,324.2,166.4,60.0,89.7,88.7,120.8,70.7
83.7,62.2,166.4,60.0,89.7,88.7,120.8,70.7
83.7,62.2,166.4,60.0,89.7,88.7,120.8,70.7
85.5,63.7,170.4,61.7,92.9,90.2,123.5,72.9
85.5,63.7,170.4,61.7,92.9,90.2,123.5,72.9
85.5,63.7,170.4,61.7,92.9,90.2,123.5,72.9
85.5,63.7,170.4,61.7,92.9,90.2,123.5,72.9
86.8,64.7,173.1,62.8,95.0,91.2,125.3,74.3
269.6,64.7,173.1,62.8,95.0,91.2,125.3,74.3
269.6,64.7,173.1,62.8,95.0,91.2,125.3,74.3
269.6,64.7,173.1,70.5,95.0,91.2,125.3,74.3
272.7,67.2,179.7,73.3,100.3,93.8,129.9,77.9
272.7,224.2,179.7,73.3,100.3,93.8,129.9,77.9
943.5,224.2,179.7,65.7,100.3,93.8,129.9,77.9
236.2,67.2,196.3,65.7,100.3,93.8,1026.3,77.9
91.8,68.7,200.3,67.4,103.5,95.3,132.7,80.1
91.8,68.7,200.3,67.4,103.5,95.3,132.7,80.1
794.0,68.7,183.7,67.4,103.5,151.0,132.7,216.8
2970.0,68.7,183.7,67.4,103.5,95.3,132.7,216.8
3850.5,67.2,179.7,65.7,100.3,93.8,129.9,77.9
3850.5,67.2,179.7,65.7,100.3,93.8,129.9,77.9
3224.3,67.2,805.9,65.7,100.3,93.8,129.9,77.9
3224.3,67.2,805.9,65.7,100.3,93.8,129.9,77.9
1466.1,67.7,563.2,66.2,101.4,94.3,130.8,78.7
1341.8,67.7,687.5,66.2,101.4,94.3,130.8,78.7
792.7,67.7,881.0,66.2,101.4,94.3,130.8,78.7
90.5,67.7,181.0,66.2,101.4,94.3,130.8,78.7
92.4,69.2,185.0,67.9,104.5,95.8,133.6,80.8
92.4,69.2,185.0,67.9,104.5,95.8,133.6,80.8
92.4,69.2,185.0,67.9,104.5,95.8,133.6,80.8
92.4,69.2,185.0,67.9,104.5,95.8,133.6,80.8
70.3,70.3,70.3,70.3,70.3,70.3,70.3,70.3
70.3,70.3,70.3,70.3,70.3,70.3,70.3,70.3
70.3,70.3,70.3,70.3,70.3,70.3,70.3,70.3
70.3,70.3,70.3,70.3,70.3,70.3,70.3,70.3
110.5,83.8,223.6,84.3,135.3,110.6,160.1,101.7
110.5,83.8,223.6,84.3,135.3,110.6,160.1,101.7
568.3,83.8,223.6,84.3,663.6,110.6,2591.5,101.7
583.1,83.8,223.6,84.3,773.9,110.6,160.1,101.7
593.7,92.3,246.2,93.9,791.9,119.3,175.7,114.0
593.7,92.3,246.2,93.9,791.9,119.3,175.7,114.0
593.7,92.3,246.2,93.9,791.9,119.3,175.7,114.0
593.7,92.3,246.2,133.9,791.9,119.3,175.7,114.0
0.0,0.0,0.0,0.0,0.0,0.0,0.0,0.0
0.0,0.0,0.0,0.0,0.0,0.0,0.0,0.0
0.0,0.0,0.0,0.0,0.0,0.0,0.0,0.0
0.0,0.0,0.0,0.0,0.0,0.0,0.0,0.0
0.0,0.0,0.0,0.0,0.0,0.0,0.0,0.0
0.0,0.0,0.0,0.0,0.0,0.0,0.0,0.0
0.0,0.0,0.0,0.0,0.0,0.0,0.0,0.0
0.0,0.0,0.0,0.0,0.0,0.0,0.0,0.0
0.0,0.0,0.0,0.0,0.0,0.0,0.0,0.0
0.0,0.0,0.0,0.0,0.0,0.0,0.0,0.0
0.0,0.0,0.0,0.0,0.0,0.0,0.0,0.0
0.0,0.0,0.0,0.0,0.0,0.0,0.0,0.0
0.0,0.0,0.0,0.0,0.0,0.0,0.0,0.0
0.0,0.0,0.0,0.0,0.0,0.0,0.0,0.0
0.0,0.0,0.0,0.0,0.0,0.0,0.0,0.0
0.0,0.0,0.0,0.0,0.0,0.0,0.0,0.0
0.0,0.0,0.0,0.0,0.0,0.0,0.0,0.0
0.0,0.0,0.0,0.0,0.0,0.0,0.0,0.0
0.0,0.0,0.0,0.0,0.0,0.0,0.0,0.0
0.0,0.0,0.0,0.0,0.0,0.0,0.0,0.0
0.0,0.0,0.0,0.0,0.0,0.0,0.0,0.0
0.0,0.0,0.0,0.0,0.0,0.0,0.0,0.0
0.0,0.0,0.0,0.0,0.0,0.0,0.0,0.0
0.0,0.0,0.0,0.0,0.0,0.0,0.0,0.0
0.0,0.0,0.0,0.0,0.0,0.0,0.0,0.0
0.0,0.0,0.0,0.0,0.0,0.0,0.0,0.0
0.0,0.0,0.0,0.0,0.0,0.0,0.0,0.0
0.0,0.0,0.0,0.0,0.0,0.0,0.0,0.0
0.0,0.0,0.0,0.0,0.0,0.0,0.0,0.0
0.0,0.0,0.0,0.0,0.0,0.0,0.0,0.0
0.0,0.0,0.0,0.0,0.0,0.0,0.0,0.0
0.0,0.0,0.0,0.0,0.0,0.0,0.0,0.0
0.0,0.0,0.0,0.0,0.0,0.0,0.0,0.0
0.0,0.0,0.0,0.0,0.0,0.0,0.0,0.0
0.0,0.0,0.0,0.0,0.0,0.0,0.0,0.0
0.0,0.0,0.0,0.0,0.0,0.0,0.0,0.0
0.0,0.0,0.0,0.0,0.0,0.0,0.0,0.0
0.0,0.0,0.0,0.0,0.0,0.0,0.0,0.0
0.0,0.0,0.0,0.0,0.0,0.0,0.0,0.0
0.0,0.0,0.0,0.0,0.0,0.0,0.0,0.0
95.9,53.1,87.8,49.9,70.6,72.9,78.8,57.7
71.3,53.1,93.4,49.9,70.6,89.3,81.4,57.7
71.3,53.1,93.4,49.9,70.6,89.3,81.4,57.7
71.0,53.1,80.1,49.9,78.1,72.0,75.2,87.3
81.2,135.9,106.5,57.8,85.5,86.6,99.3,114.2
81.2,60.2,116.8,166.3,85.5,86.6,102.7,67.8
81.2,60.2,135.2,149.5,85.5,86.6,101.1,67.8
81.2,60.2,116.8,166.3,85.5,86.6,102.7,67.8
0.0,0.0,0.0,0.0,0.0,0.0,0.0,0.0
0.0,0.0,0.0,0.0,0.0,0.0,0.0,0.0
0.0,0.0,0.0,0.0,0.0,0.0,0.0,0.0
0.0,0.0,0.0,0.0,0.0,0.0,0.0,0.0
83.7,62.2,166.4,60.0,89.7,88.7,120.8,70.7
83.7,62.2,166.4,60.0,89.7,88.7,120.8,70.7
83.7,62.2,166.4,60.0,89.7,88.7,120.8,70.7
83.7,62.2,166.4,60.0,89.7,88.7,120.8,70.7
85.5,63.7,170.4,61.7,92.9,90.2,123.5,72.9
85.5,63.7,170.4,61.7,92.9,90.2,123.5,72.9
85.5,63.7,170.4,61.7,92.9,90.2,123.5,72.9
85.5,63.7,170.4,61.7,92.9,90.2,123.5,72.9
86.8,64.7,173.1,62.8,95.0,91.2,125.3,74.3
86.8,64.7,173.1,62.8,95.0,91.2,125.3,74.3
422.2,64.7,697.4,62.8,95.0,91.2,125.3,74.3
422.2,378.6,697.4,62.8,95.0,91.2,125.3,74.3
89.9,67.2,179.7,65.7,100.3,93.8,129.9,77.9
89.9,67.2,179.7,65.7,100.3,93.8,129.9,77.9
89.9,67.2,179.7,306.3,100.3,93.8,129.9,77.9
89.9,67.2,179.7,306.3,100.3,93.8,129.9,77.9
91.8,68.7,183.7,67.4,449.2,95.3,132.7,80.1
91.8,68.7,183.7,67.4,103.5,95.3,132.7,80.1
91.8,68.7,183.7,67.4,103.5,95.3,132.7,80.1
91.8,68.7,183.7,67.4,103.5,95.3,602.5,80.1
89.9,67.2,179.7,65.7,100.3,93.8,129.9,77.9
89.9,67.2,179.7,65.7,100.3,93.8,129.9,77.9
853.9,67.2,179.7,65.7,100.3,93.8,129.9,77.9
853.9,67.2,649.5,65.7,100.3,93.8,129.9,77.9
90.5,67.7,650.8,66.2,101.4,94.3,130.8,78.7
90.5,67.7,650.8,66.2,101.4,94.3,130.8,78.7
90.5,67.7,650.8,66.2,101.4,94.3,130.8,78.7
90.5,67.7,650.8,66.2,101.4,94.3,130.8,78.7
39.1,39.1,39.1,39.1,39.1,39.1,39.1,39.1
39.1,39.1,39.1,39.1,39.1,39.1,39.1,39.1
39.1,39.1,39.1,39.1,39.1,39.1,39.1,39.1
39.1,39.1,39.1,39.1,39.1,39.1,39.1,39.1
99.2,74.7,199.6,74.1,116.2,101.4,143.7,88.8
99.2,74.7,1287.6,74.1,116.2,101.4,143.7,88.8
99.2,74.7,1287.6,74.1,116.2,101.4,143.7,88.8
99.2,74.7,1287.6,74.1,116.2,101.4,143.7,88.8
110.5,83.8,2511.6,84.3,135.3,110.6,160.1,101.7
110.5,83.8,2511.6,84.3,135.3,110.6,160.1,101.7
110.5,83.8,1423.6,84.3,135.3,110.6,160.1,387.1
110.5,83.8,1423.6,84.3,135.3,110.6,1770.8,387.1
121.1,92.3,900.6,93.9,153.3,458.0,1061.6,399.3
121.1,92.3,1004.9,93.9,153.3,119.3,1296.0,399.3
121.1,92.3,246.2,93.9,153.3,119.3,175.7,399.3
121.1,92.3,246.2,93.9,153.3,119.3,175.7,399.3
0.0,0.0,0.0,0.0,0.0,0.0,0.0,0.0
0.0,0.0,0.0,0.0,0.0,0.0,0.0,0.0
0.0,0.0,0.0,0.0,0.0,0.0,0.0,0.0
0.0,0.0,0.0,0.0,0.0,0.0,0.0,0.0
0.0,0.0,0.0,0.0,0.0,0.0,0.0,0.0
0.0,0.0,0.0,0.0,0.0,0.0,0.0,0.0
0.0,0.0,0.0,0.0,0.0,0.0,0.0,0.0
0.0,0.0,0.0,0.0,0.0,0.0,0.0,0.0
0.0,0.0,0.0,0.0,0.0,0.0,0.0,0.0
0.0,0.0,0.0,0.0,0.0,0.0,0.0,0.0
0.0,0.0,0.0,0.0,0.0,0.0,0.0,0.0
0.0,0.0,0.0,0.0,0.0,0.0,0.0,0.0
0.0,0.0,0.0,0.0,0.0,0.0,0.0,0.0
0.0,0.0,0.0,0.0,0.0,0.0,0.0,0.0
0.0,0.0,0.0,0.0,0.0,0.0,0.0,0.0
0.0,0.0,0.0,0.0,0.0,0.0,0.0,0.0
0.0,0.0,0.0,0.0,0.0,0.0,0.0,0.0
0.0,0.0,0.0,0.0,0.0,0.0,0.0,0.0
0.0,0.0,0.0,0.0,0.0,0.0,0.0,0.0
0.0,0.0,0.0,0.0,0.0,0.0,0.0,0.0
0.0,0.0,0.0,0.0,0.0,0.0,0.0,0.0
0.0,0.0,0.0,0.0,0.0,0.0,0.0,0.0
0.0,0.0,0.0,0.0,0.0,0.0,0.0,0.0
0.0,0.0,0.0,0.0,0.0,0.0,0.0,0.0
0.0,0.0,0.0,0.0,0.0,0.0,0.0,0.0
0.0,0.0,0.0,0.0,0.0,0.0,0.0,0.0
0.0,0.0,0.0,0.0,0.0,0.0,0.0,0.0
0.0,0.0,0.0,0.0,0.0,0.0,0.0,0.0
0.0,0.0,0.0,0.0,0.0,0.0,0.0,0.0
0.0,0.0,0.0,0.0,0.0,0.0,0.0,0.0
0.0,0.0,0.0,0.0,0.0,0.0,0.0,0.0
0.0,0.0,0.0,0.0,0.0,0.0,0.0,0.0
0.0,0.0,0.0,0.0,0.0,0.0,0.0,0.0
0.0,0.0,0.0,0.0,0.0,0.0,0.0,0.0
0.0,0.0,0.0,0.0,0.0,0.0,0.0,0.0
0.0,0.0,0.0,0.0,0.0,0.0,0.0,0.0
0.0,0.0,0.0,0.0,0.0,0.0,0.0,0.0
0.0,0.0,0.0,0.0,0.0,0.0,0.0,0.0
0.0,0.0,0.0,0.0,0.0,0.0,0.0,0.0
0.0,0.0,0.0,0.0,0.0,0.0,0.0,0.0
11.9,11.9,11.9,11.9,11.9,11.9,11.9,11.9
11.9,11.9,11.9,11.9,11.9,11.9,11.9,11.9
11.9,11.9,11.9,11.9,11.9,11.9,11.9,11.9
11.9,11.9,11.9,11.9,11.9,11.9,11.9,11.9
12.7,12.7,12.7,12.7,12.7,12.7,12.7,12.7
12.7,12.7,12.7,12.7,12.7,12.7,12.7,12.7
12.7,12.7,12.7,12.7,12.7,12.7,12.7,12.7
12.7,12.7,12.7,12.7,12.7,12.7,12.7,12.7
22.9,22.9,22.9,22.9,22.9,22.9,22.9,22.9
22.9,22.9,22.9,22.9,22.9,22.9,22.9,22.9
22.9,22.9,22.9,22.9,22.9,22.9,22.9,22.9
22.9,22.9,22.9,22.9,22.9,22.9,22.9,22.9
37.2,37.2,37.2,37.2,37.2,37.2,37.2,37.2
37.2,37.2,37.2,37.2,37.2,37.2,37.2,37.2
37.2,37.2,37.2,37.2,37.2,37.2,37.2,37.2
37.2,37.2,37.2,37.2,37.2,37.2,37.2,37.2
85.5,63.7,170.4,61.7,92.9,90.2,123.5,72.9
85.5,63.7,170.4,61.7,92.9,90.2,123.5,72.9
85.5,63.7,170.4,61.7,92.9,90.2,123.5,72.9
85.5,63.7,170.4,61.7,92.9,90.2,123.5,72.9
86.8,64.7,173.1,62.8,95.0,91.2,125.3,74.3
86.8,64.7,173.1,62.8,95.0,91.2,125.3,74.3
86.8,64.7,173.1,62.8,95.0,91.2,125.3,74.3
86.8,64.7,173.1,62.8,95.0,91.2,125.3,74.3
89.9,67.2,179.7,65.7,100.3,93.8,129.9,77.9
89.9,67.2,179.7,65.7,100.3,93.8,129.9,77.9
89.9,67.2,179.7,65.7,100.3,93.8,364.8,77.9
741.9,67.2,179.7,65.7,100.3,93.8,364.8,77.9
527.6,68.7,173.5,67.4,103.5,95.3,132.7,80.1
91.8,68.7,183.7,67.4,103.5,95.3,132.7,80.1
544.2,68.7,156.9,67.4,103.5,95.3,132.7,80.1
91.8,68.7,183.7,67.4,103.5,95.3,132.7,80.1
59.0,59.0,59.0,59.0,59.0,59.0,59.0,59.0
59.0,59.0,59.0,59.0,59.0,59.0,59.0,59.0
59.0,59.0,59.0,59.0,59.0,59.0,59.0,59.0
59.0,59.0,59.0,59.0,59.0,59.0,59.0,59.0
90.5,67.7,181.0,66.2,101.4,94.3,130.8,78.7
90.5,67.7,181.0,66.2,101.4,94.3,130.8,78.7
90.5,67.7,181.0,66.2,101.4,94.3,130.8,78.7
90.5,67.7,181.0,66.2,101.4,94.3,130.8,78.7
92.4,69.2,185.0,67.9,104.5,95.8,133.6,80.8
92.4,69.2,185.0,67.9,104.5,95.8,133.6,80.8
92.4,422.8,185.0,67.9,104.5,95.8,133.6,80.8
92.4,422.8,185.0,67.9,104.5,95.8,133.6,80.8
81.1,84.8,82.3,74.1,81.3,81.2,81.6,81.0
81.1,84.8,82.3,74.1,81.3,81.2,81.6,81.0
81.1,84.8,82.3,74.1,81.3,81.2,81.6,81.0
81.8,74.7,86.8,74.1,82.7,81.9,84.0,81.3
110.5,83.8,223.6,84.3,135.3,110.6,160.1,101.7
110.5,83.8,223.6,84.3,135.3,110.6,160.1,101.7
110.5,83.8,223.6,84.3,135.3,110.6,160.1,101.7
110.5,83.8,223.6,84.3,135.3,110.6,800.1,101.7
121.1,92.3,246.2,93.9,153.3,119.3,815.7,114.0
121.1,92.3,246.2,93.9,153.3,119.3,815.7,114.0
121.1,92.3,245.8,418.5,153.3,119.3,690.5,114.0
121.1,92.3,316.9,398.5,153.3,119.3,639.3,114.0
0.0,0.0,0.0,0.0,0.0,0.0,0.0,0.0
0.0,0.0,0.0,0.0,0.0,0.0,0.0,0.0
0.0,0.0,0.0,0.0,0.0,0.0,0.0,0.0
0.0,0.0,0.0,0.0,0.0,0.0,0.0,0.0
0.0,0.0,0.0,0.0,0.0,0.0,0.0,0.0
0.0,0.0,0.0,0.0,0.0,0.0,0.0,0.0
0.0,0.0,0.0,0.0,0.0,0.0,0.0,0.0
0.0,0.0,0.0,0.0,0.0,0.0,0.0,0.0
0.0,0.0,0.0,0.0,0.0,0.0,0.0,0.0
0.0,0.0,0.0,0.0,0.0,0.0,0.0,0.0
0.0,0.0,0.0,0.0,0.0,0.0,0.0,0.0
0.0,0.0,0.0,0.0,0.0,0.0,0.0,0.0
0.0,0.0,0.0,0.0,0.0,0.0,0.0,0.0
0.0,0.0,0.0,0.0,0.0,0.0,0.0,0.0
0.0,0.0,0.0,0.0,0.0,0.0,0.0,0.0
0.0,0.0,0.0,0.0,0.0,0.0,0.0,0.0
0.0,0.0,0.0,0.0,0.0,0.0,0.0,0.0
0.0,0.0,0.0,0.0,0.0,0.0,0.0,0.0
0.0,0.0,0.0,0.0,0.0,0.0,0.0,0.0
0.0,0.0,0.0,0.0,0.0,0.0,0.0,0.0
0.0,0.0,0.0,0.0,0.0,0.0,0.0,0.0
0.0,0.0,0.0,0.0,0.0,0.0,0.0,0.0
0.0,0.0,0.0,0.0,0.0,0.0,0.0,0.0
0.0,0.0,0.0,0.0,0.0,0.0,0.0,0.0
0.0,0.0,0.0,0.0,0.0,0.0,0.0,0.0
0.0,0.0,0.0,0.0,0.0,0.0,0.0,0.0
0.0,0.0,0.0,0.0,0.0,0.0,0.0,0.0
0.0,0.0,0.0,0.0,0.0,0.0,0.0,0.0
0.0,0.0,0.0,0.0,0.0,0.0,0.0,0.0
0.0,0.0,0.0,0.0,0.0,0.0,0.0,0.0
0.0,0.0,0.0,0.0,0.0,0.0,0.0,0.0
0.0,0.0,0.0,0.0,0.0,0.0,0.0,0.0
0.0,0.0,0.0,0.0,0.0,0.0,0.0,0.0
0.0,0.0,0.0,0.0,0.0,0.0,0.0,0.0
0.0,0.0,0.0,0.0,0.0,0.0,0.0,0.0
0.0,0.0,0.0,0.0,0.0,0.0,0.0,0.0
0.0,0.0,0.0,0.0,0.0,0.0,0.0,0.0
0.0,0.0,0.0,0.0,0.0,0.0,0.0,0.0
0.0,0.0,0.0,0.0,0.0,0.0,0.0,0.0
0.0,0.0,0.0,0.0,0.0,0.0,0.0,0.0
17.6,17.6,17.6,17.6,17.6,17.6,17.6,17.6
17.6,17.6,17.6,17.6,17.6,17.6,17.6,17.6
17.6,17.6,17.6,17.6,17.6,17.6,17.6,17.6
17.6,17.6,17.6,17.6,17.6,17.6,17.6,17.6
51.5,51.5,51.5,51.5,51.5,51.5,51.5,51.5
51.5,51.5,51.5,51.5,51.5,51.5,51.5,51.5
51.5,51.5,51.5,51.5,51.5,51.5,51.5,51.5
51.5,51.5,51.5,51.5,51.5,51.5,51.5,51.5
0.0,0.0,0.0,0.0,0.0,0.0,0.0,0.0
0.0,0.0,0.0,0.0,0.0,0.0,0.0,0.0
0.0,0.0,0.0,0.0,0.0,0.0,0.0,0.0
0.0,0.0,0.0,0.0,0.0,0.0,0.0,0.0
83.7,62.2,166.4,60.0,89.7,88.7,120.8,70.7
83.7,62.2,166.4,60.0,89.7,88.7,120.8,70.7
83.7,62.2,166.4,60.0,89.7,88.7,120.8,70.7
83.7,62.2,166.4,60.0,89.7,88.7,120.8,70.7
85.5,63.7,170.4,61.7,92.9,90.2,123.5,72.9
85.5,63.7,170.4,61.7,92.9,90.2,123.5,72.9
85.5,63.7,170.4,61.7,92.9,90.2,123.5,72.9
85.5,63.7,170.4,61.7,92.9,90.2,123.5,72.9
86.8,64.7,173.1,62.8,95.0,91.2,125.3,74.3
86.8,64.7,173.1,62.8,95.0,91.2,125.3,74.3
86.8,263.7,173.1,62.8,95.0,91.2,125.3,347.8
86.8,2461.1,173.1,74.3,95.0,119.1,125.3,74.3
89.9,2463.6,179.7,77.1,100.3,121.6,129.9,77.9
89.9,2463.6,179.7,65.7,100.3,93.8,129.9,77.9
89.9,266.2,179.7,65.7,100.3,93.8,129.9,77.9
760.6,266.2,179.7,65.7,215.5,93.8,129.9,77.9
91.8,267.7,183.7,67.4,218.7,95.3,132.7,80.1
91.8,267.7,183.7,67.4,218.7,95.3,132.7,80.1
91.8,68.7,208.7,67.4,103.5,95.3,132.7,80.1
91.8,68.7,208.7,67.4,103.5,95.3,132.7,80.1
89.9,67.2,179.7,65.7,100.3,93.8,129.9,77.9
89.9,67.2,179.7,65.7,100.3,93.8,129.9,77.9
89.9,67.2,179.7,65.7,100.3,93.8,129.9,77.9
89.9,67.2,179.7,65.7,100.3,93.8,129.9,77.9
90.5,67.7,181.0,66.2,101.4,94.3,130.8,78.7
90.5,67.7,181.0,66.2,101.4,94.3,130.8,78.7
90.5,67.7,181.0,66.2,101.4,94.3,130.8,78.7
90.5,67.7,181.0,66.2,101.4,94.3,130.8,78.7
92.4,69.2,185.0,67.9,104.5,95.8,133.6,80.8
92.4,69.2,185.0,67.9,104.5,95.8,133.6,80.8
92.4,69.2,185.0,67.9,104.5,95.8,133.6,80.8
92.4,69.2,185.0,67.9,104.5,95.8,133.6,80.8
99.2,74.7,199.6,74.1,116.2,101.4,143.7,88.8
99.2,74.7,199.6,74.1,116.2,101.4,143.7,88.8
99.2,74.7,199.6,74.1,116.2,101.4,143.7,88.8
386.5,74.7,497.0,74.1,116.2,101.4,143.7,88.8
397.7,83.8,520.9,84.3,135.3,110.6,160.1,101.7
386.4,83.8,467.5,84.3,135.3,110.6,1546.5,101.7
397.7,83.8,314.8,111.5,135.3,110.6,160.1,101.7
397.7,83.8,314.8,111.5,135.3,110.6,160.1,101.7
174.3,137.8,136.3,121.1,134.1,119.3,134.4,114.0
174.3,137.8,136.3,121.1,134.1,119.3,134.4,114.0
143.5,145.7,141.0,121.1,134.6,136.1,135.4,114.0
140.0,141.4,136.4,93.9,134.4,135.3,147.7,142.3
0.0,0.0,0.0,0.0,0.0,0.0,0.0,0.0
0.0,0.0,0.0,0.0,0.0,0.0,0.0,0.0
0.0,0.0,0.0,0.0,0.0,0.0,0.0,0.0
0.0,0.0,0.0,0.0,0.0,0.0,0.0,0.0
0.0,0.0,0.0,0.0,0.0,0.0,0.0,0.0
0.0,0.0,0.0,0.0,0.0,0.0,0.0,0.0
0.0,0.0,0.0,0.0,0.0,0.0,0.0,0.0
0.0,0.0,0.0,0.0,0.0,0.0,0.0,0.0
0.0,0.0,0.0,0.0,0.0,0.0,0.0,0.0
0.0,0.0,0.0,0.0,0.0,0.0,0.0,0.0
0.0,0.0,0.0,0.0,0.0,0.0,0.0,0.0
0.0,0.0,0.0,0.0,0.0,0.0,0.0,0.0
0.0,0.0,0.0,0.0,0.0,0.0,0.0,0.0
0.0,0.0,0.0,0.0,0.0,0.0,0.0,0.0
0.0,0.0,0.0,0.0,0.0,0.0,0.0,0.0
0.0,0.0,0.0,0.0,0.0,0.0,0.0,0.0
0.0,0.0,0.0,0.0,0.0,0.0,0.0,0.0
0.0,0.0,0.0,0.0,0.0,0.0,0.0,0.0
0.0,0.0,0.0,0.0,0.0,0.0,0.0,0.0
0.0,0.0,0.0,0.0,0.0,0.0,0.0,0.0
0.0,0.0,0.0,0.0,0.0,0.0,0.0,0.0
0.0,0.0,0.0,0.0,0.0,0.0,0.0,0.0
0.0,0.0,0.0,0.0,0.0,0.0,0.0,0.0
0.0,0.0,0.0,0.0,0.0,0.0,0.0,0.0
0.0,0.0,0.0,0.0,0.0,0.0,0.0,0.0
0.0,0.0,0.0,0.0,0.0,0.0,0.0,0.0
0.0,0.0,0.0,0.0,0.0,0.0,0.0,0.0
0.0,0.0,0.0,0.0,0.0,0.0,0.0,0.0
0.0,0.0,0.0,0.0,0.0,0.0,0.0,0.0
0.0,0.0,0.0,0.0,0.0,0.0,0.0,0.0
0.0,0.0,0.0,0.0,0.0,0.0,0.0,0.0
0.0,0.0,0.0,0.0,0.0,0.0,0.0,0.0
0.0,0.0,0.0,0.0,0.0,0.0,0.0,0.0
0.0,0.0,0.0,0.0,0.0,0.0,0.0,0.0
0.0,0.0,0.0,0.0,0.0,0.0,0.0,0.0
0.0,0.0,0.0,0.0,0.0,0.0,0.0,0.0
0.0,0.0,0.0,0.0,0.0,0.0,0.0,0.0
0.0,0.0,0.0,0.0,0.0,0.0,0.0,0.0
0.0,0.0,0.0,0.0,0.0,0.0,0.0,0.0
0.0,0.0,0.0,0.0,0.0,0.0,0.0,0.0
11.8,11.8,11.8,11.8,11.8,11.8,11.8,11.8
11.8,11.8,11.8,11.8,11.8,11.8,11.8,11.8
11.8,11.8,11.8,11.8,11.8,11.8,11.8,11.8
11.8,11.8,11.8,11.8,11.8,11.8,11.8,11.8
22.7,22.7,22.7,22.7,22.7,22.7,22.7,22.7
22.7,22.7,22.7,22.7,22.7,22.7,22.7,22.7
22.7,22.7,22.7,22.7,22.7,22.7,22.7,22.7
22.7,22.7,22.7,22.7,22.7,22.7,22.7,22.7
35.1,35.1,35.1,35.1,35.1,35.1,35.1,35.1
35.1,35.1,35.1,35.1,35.1,35.1,35.1,35.1
35.1,35.1,35.1,35.1,35.1,35.1,35.1,35.1
35.1,35.1,35.1,35.1,35.1,35.1,35.1,35.1
45.7,45.7,45.7,45.7,45.7,45.7,45.7,45.7
45.7,45.7,45.7,45.7,45.7,45.7,45.7,45.7
45.7,45.7,45.7,45.7,45.7,45.7,45.7,45.7
45.7,45.7,45.7,45.7,45.7,45.7,45.7,45.7
85.5,63.7,170.4,61.7,92.9,90.2,123.5,72.9
85.5,63.7,170.4,61.7,92.9,90.2,123.5,72.9
85.5,63.7,170.4,61.7,92.9,90.2,123.5,72.9
349.5,63.7,170.4,61.7,92.9,90.2,123.5,72.9
350.8,64.7,173.1,62.8,95.0,91.2,125.3,74.3
350.8,64.7,173.1,62.8,95.0,91.2,125.3,74.3
350.8,378.6,173.1,62.8,95.0,91.2,125.3,165.5
350.8,64.7,173.1,62.8,95.0,91.2,125.3,165.5
305.4,67.2,434.3,65.7,100.3,93.8,129.9,169.1
89.9,67.2,529.3,65.7,100.3,149.4,129.9,77.9
89.9,67.2,216.4,65.7,624.8,93.8,129.9,77.9
89.9,67.2,172.0,65.7,669.3,93.8,129.9,77.9
91.8,68.7,183.7,67.4,103.5,95.3,132.7,80.1
91.8,68.7,183.7,67.4,103.5,95.3,132.7,80.1
91.8,68.7,183.7,227.8,103.5,95.3,132.7,80.1
315.3,68.7,183.7,227.8,103.5,95.3,289.3,80.1
313.5,67.2,179.7,226.1,100.3,93.8,286.5,77.9
313.5,67.2,179.7,65.7,100.3,93.8,286.5,77.9
89.9,67.2,179.7,65.7,100.3,93.8,129.9,77.9
89.9,67.2,179.7,65.7,100.3,93.8,129.9,77.9
90.5,67.7,181.0,66.2,101.4,94.3,130.8,78.7
90.5,67.7,181.0,66.2,101.4,94.3,130.8,78.7
90.5,67.7,181.0,66.2,101.4,94.3,130.8,78.7
90.5,67.7,181.0,66.2,101.4,94.3,130.8,78.7
92.4,69.2,185.0,67.9,104.5,95.8,133.6,80.8
92.4,69.2,185.0,67.9,104.5,95.8,133.6,80.8
92.4,69.2,185.0,67.9,104.5,95.8,133.6,80.8
92.4,69.2,185.0,67.9,104.5,95.8,133.6,80.8
99.2,74.7,199.6,74.1,116.2,101.4,143.7,88.8
99.2,74.7,199.6,74.1,116.2,101.4,143.7,88.8
99.2,74.7,199.6,74.1,116.2,101.4,143.7,88.8
99.2,74.7,199.6,74.1,116.2,101.4,143.7,88.8
110.5,83.8,288.2,125.0,135.3,110.6,160.1,101.7
110.5,83.8,288.2,125.0,135.3,110.6,160.1,101.7
110.5,83.8,288.2,125.0,135.3,110.6,160.1,101.7
110.5,83.8,288.2,125.0,135.3,110.6,160.1,101.7
121.1,92.3,310.8,134.6,1634.6,119.3,175.7,114.0
121.1,92.3,310.8,134.6,153.3,119.3,175.7,114.0
121.1,92.3,246.2,93.9,153.3,119.3,175.7,114.0
121.1,92.3,246.2,93.9,153.3,119.3,175.7,114.0
0.0,0.0,0.0,0.0,0.0,0.0,0.0,0.0
0.0,0.0,0.0,0.0,0.0,0.0,0.0,0.0
0.0,0.0,0.0,0.0,0.0,0.0,0.0,0.0
0.0,0.0,0.0,0.0,0.0,0.0,0.0,0.0
0.0,0.0,0.0,0.0,0.0,0.0,0.0,0.0
0.0,0.0,0.0,0.0,0.0,0.0,0.0,0.0
0.0,0.0,0.0,0.0,0.0,0.0,0.0,0.0
0.0,0.0,0.0,0.0,0.0,0.0,0.0,0.0
0.0,0.0,0.0,0.0,0.0,0.0,0.0,0.0
0.0,0.0,0.0,0.0,0.0,0.0,0.0,0.0
0.0,0.0,0.0,0.0,0.0,0.0,0.0,0.0
0.0,0.0,0.0,0.0,0.0,0.0,0.0,0.0
0.0,0.0,0.0,0.0,0.0,0.0,0.0,0.0
0.0,0.0,0.0,0.0,0.0,0.0,0.0,0.0
0.0,0.0,0.0,0.0,0.0,0.0,0.0,0.0
0.0,0.0,0.0,0.0,0.0,0.0,0.0,0.0
0.0,0.0,0.0,0.0,0.0,0.0,0.0,0.0
0.0,0.0,0.0,0.0,0.0,0.0,0.0,0.0
0.0,0.0,0.0,0.0,0.0,0.0,0.0,0.0
0.0,0.0,0.0,0.0,0.0,0.0,0.0,0.0
0.0,0.0,0.0,0.0,0.0,0.0,0.0,0.0
0.0,0.0,0.0,0.0,0.0,0.0,0.0,0.0
0.0,0.0,0.0,0.0,0.0,0.0,0.0,0.0
0.0,0.0,0.0,0.0,0.0,0.0,0.0,0.0
0.0,0.0,0.0,0.0,0.0,0.0,0.0,0.0
0.0,0.0,0.0,0.0,0.0,0.0,0.0,0.0
0.0,0.0,0.0,0.0,0.0,0.0,0.0,0.0
0.0,0.0,0.0,0.0,0.0,0.0,0.0,0.0
0.0,0.0,0.0,0.0,0.0,0.0,0.0,0.0
0.0,0.0,0.0,0.0,0.0,0.0,0.0,0.0
0.0,0.0,0.0,0.0,0.0,0.0,0.0,0.0
0.0,0.0,0.0,0.0,0.0,0.0,0.0,0.0
0.0,0.0,0.0,0.0,0.0,0.0,0.0,0.0
0.0,0.0,0.0,0.0,0.0,0.0,0.0,0.0
0.0,0.0,0.0,0.0,0.0,0.0,0.0,0.0
0.0,0.0,0.0,0.0,0.0,0.0,0.0,0.0
0.0,0.0,0.0,0.0,0.0,0.0,0.0,0.0
0.0,0.0,0.0,0.0,0.0,0.0,0.0,0.0
0.0,0.0,0.0,0.0,0.0,0.0,0.0,0.0
0.0,0.0,0.0,0.0,0.0,0.0,0.0,0.0
11.8,11.8,11.8,11.8,11.8,11.8,11.8,11.8
11.8,11.8,11.8,11.8,11.8,11.8,11.8,11.8
11.8,11.8,11.8,11.8,11.8,11.8,11.8,11.8
11.8,11.8,11.8,11.8,11.8,11.8,11.8,11.8
12.4,12.4,12.4,12.4,12.4,12.4,12.4,12.4
12.4,12.4,12.4,12.4,12.4,12.4,12.4,12.4
12.4,12.4,12.4,12.4,12.4,12.4,12.4,12.4
12.4,12.4,12.4,12.4,12.4,12.4,12.4,12.4
82.4,61.2,163.8,58.9,87.6,87.6,118.9,69.3
464.7,222.9,161.1,58.9,87.6,87.6,118.9,69.3
82.4,301.2,163.8,58.9,87.6,87.6,118.9,69.3
82.4,61.2,163.8,58.9,87.6,87.6,154.9,69.3
83.7,62.2,166.4,80.0,89.7,88.7,120.8,70.7
83.7,62.2,166.4,80.0,89.7,88.7,120.8,70.7
83.7,62.2,166.4,60.0,89.7,88.7,120.8,70.7
83.7,62.2,166.4,60.0,89.7,88.7,120.8,70.7
85.5,63.7,170.4,61.7,92.9,90.2,123.5,72.9
85.5,63.7,170.4,61.7,92.9,90.2,123.5,72.9
85.5,63.7,170.4,61.7,92.9,90.2,123.5,72.9
85.5,63.7,170.4,61.7,92.9,90.2,123.5,72.9
86.8,64.7,173.1,62.8,95.0,91.2,125.3,74.3
86.8,64.7,173.1,62.8,95.0,91.2,125.3,74.3
86.8,64.7,173.1,62.8,95.0,91.2,125.3,74.3
86.8,221.6,173.1,62.8,95.0,91.2,125.3,74.3
89.9,224.2,179.7,65.7,100.3,93.8,129.9,77.9
89.9,67.2,179.7,65.7,100.3,93.8,129.9,77.9
89.9,67.2,179.7,627.2,100.3,93.8,129.9,77.9
89.9,67.2,179.7,627.2,100.3,93.8,129.9,77.9
91.8,68.7,198.5,600.1,103.5,95.3,132.7,80.1
91.8,68.7,190.4,471.5,240.2,95.3,132.7,80.1
231.7,68.7,183.5,363.2,215.4,95.3,132.7,80.1
222.9,68.7,175.8,335.2,103.5,95.3,132.7,236.6
221.4,67.2,163.6,357.0,100.3,93.8,129.9,77.9
89.9,67.2,171.0,481.2,100.3,93.8,129.9,77.9
89.9,67.2,179.7,65.7,100.3,93.8,129.9,77.9
89.9,67.2,179.7,65.7,100.3,93.8,129.9,77.9
90.5,67.7,181.0,66.2,101.4,94.3,130.8,78.7
90.5,67.7,181.0,66.2,101.4,94.3,130.8,78.7
90.5,67.7,181.0,66.2,101.4,94.3,130.8,78.7
90.5,67.7,181.0,66.2,101.4,94.3,130.8,78.7
92.4,69.2,185.0,67.9,104.5,95.8,133.6,80.8
92.4,69.2,185.0,67.9,104.5,95.8,133.6,80.8
92.4,69.2,185.0,67.9,104.5,95.8,133.6,80.8
92.4,69.2,185.0,67.9,104.5,95.8,133.6,80.8
99.2,74.7,199.6,74.1,116.2,101.4,143.7,88.8
99.2,74.7,199.6,74.1,116.2,101.4,143.7,88.8
99.2,74.7,199.6,74.1,116.2,101.4,143.7,88.8
99.2,74.7,199.6,74.1,116.2,101.4,143.7,88.8
110.5,83.8,223.6,84.3,135.3,110.6,160.1,101.7
110.5,83.8,223.6,84.3,135.3,110.6,160.1,101.7
110.5,83.8,223.6,84.3,1019.3,110.6,160.1,101.7
110.5,83.8,223.6,113.6,1019.3,110.6,160.1,101.7
121.1,92.3,246.2,123.2,153.3,119.3,175.7,114.0
121.1,92.3,246.2,123.2,153.3,119.3,175.7,114.0
889.7,92.3,246.2,735.2,153.3,119.3,175.7,114.0
889.7,92.3,246.2,735.2,153.3,119.3,175.7,114.0
0.0,0.0,0.0,0.0,0.0,0.0,0.0,0.0
0.0,0.0,0.0,0.0,0.0,0.0,0.0,0.0
0.0,0.0,0.0,0.0,0.0,0.0,0.0,0.0
0.0,0.0,0.0,0.0,0.0,0.0,0.0,0.0
0.0,0.0,0.0,0.0,0.0,0.0,0.0,0.0
0.0,0.0,0.0,0.0,0.0,0.0,0.0,0.0
0.0,0.0,0.0,0.0,0.0,0.0,0.0,0.0
0.0,0.0,0.0,0.0,0.0,0.0,0.0,0.0
0.0,0.0,0.0,0.0,0.0,0.0,0.0,0.0
0.0,0.0,0.0,0.0,0.0,0.0,0.0,0.0
0.0,0.0,0.0,0.0,0.0,0.0,0.0,0.0
0.0,0.0,0.0,0.0,0.0,0.0,0.0,0.0
0.0,0.0,0.0,0.0,0.0,0.0,0.0,0.0
0.0,0.0,0.0,0.0,0.0,0.0,0.0,0.0
0.0,0.0,0.0,0.0,0.0,0.0,0.0,0.0
0.0,0.0,0.0,0.0,0.0,0.0,0.0,0.0
0.0,0.0,0.0,0.0,0.0,0.0,0.0,0.0
0.0,0.0,0.0,0.0,0.0,0.0,0.0,0.0
0.0,0.0,0.0,0.0,0.0,0.0,0.0,0.0
0.0,0.0,0.0,0.0,0.0,0.0,0.0,0.0
0.0,0.0,0.0,0.0,0.0,0.0,0.0,0.0
0.0,0.0,0.0,0.0,0.0,0.0,0.0,0.0
0.0,0.0,0.0,0.0,0.0,0.0,0.0,0.0
0.0,0.0,0.0,0.0,0.0,0.0,0.0,0.0
0.0,0.0,0.0,0.0,0.0,0.0,0.0,0.0
0.0,0.0,0.0,0.0,0.0,0.0,0.0,0.0
0.0,0.0,0.0,0.0,0.0,0.0,0.0,0.0
0.0,0.0,0.0,0.0,0.0,0.0,0.0,0.0
0.0,0.0,0.0,0.0,0.0,0.0,0.0,0.0
0.0,0.0,0.0,0.0,0.0,0.0,0.0,0.0
0.0,0.0,0.0,0.0,0.0,0.0,0.0,0.0
0.0,0.0,0.0,0.0,0.0,0.0,0.0,0.0
0.0,0.0,0.0,0.0,0.0,0.0,0.0,0.0
0.0,0.0,0.0,0.0,0.0,0.0,0.0,0.0
0.0,0.0,0.0,0.0,0.0,0.0,0.0,0.0
0.0,0.0,0.0,0.0,0.0,0.0,0.0,0.0
0.0,0.0,0.0,0.0,0.0,0.0,0.0,0.0
0.0,0.0,0.0,0.0,0.0,0.0,0.0,0.0
0.0,0.0,0.0,0.0,0.0,0.0,0.0,0.0
0.0,0.0,0.0,0.0,0.0,0.0,0.0,0.0
69.3,57.8,82.0,53.6,68.5,70.8,75.1,61.6
69.3,57.8,82.0,53.6,68.5,70.8,75.1,61.6
69.3,57.8,82.0,53.6,68.5,70.8,75.1,61.6
69.3,57.8,82.0,53.6,68.5,70.8,75.1,61.6
0.0,0.0,0.0,0.0,0.0,0.0,0.0,0.0
0.0,0.0,0.0,0.0,0.0,0.0,0.0,0.0
0.0,0.0,0.0,0.0,0.0,0.0,0.0,0.0
0.0,0.0,0.0,0.0,0.0,0.0,0.0,0.0
89.2,65.8,113.4,78.6,90.9,92.2,100.8,95.7
89.2,65.8,128.3,78.6,91.0,93.2,107.3,73.2
89.2,65.8,138.9,62.6,91.0,93.8,112.0,73.2
89.2,65.8,138.9,62.6,91.0,93.8,112.0,73.2
90.4,66.8,179.0,63.8,93.3,97.2,130.4,74.6
90.4,66.8,179.0,63.8,93.3,97.2,130.4,74.6
90.4,66.8,179.0,63.8,93.3,97.2,130.4,74.6
90.4,66.8,179.0,63.8,93.3,97.2,130.4,74.6
92.3,68.3,183.0,65.5,96.5,98.7,133.1,76.8
92.3,68.3,183.0,65.5,96.5,98.7,133.1,76.8
92.3,68.3,183.0,65.5,96.5,98.7,133.1,76.8
92.3,68.3,183.0,65.5,96.5,98.7,133.1,76.8
93.5,69.3,185.7,66.6,98.6,99.8,134.9,78.2
93.5,69.3,185.7,66.6,98.6,99.8,134.9,78.2
93.5,69.3,185.7,66.6,98.6,99.8,134.9,78.2
93.5,174.0,185.7,66.6,98.6,99.8,134.9,78.2
96.6,176.5,192.3,69.4,103.9,102.3,139.5,218.6
96.6,176.5,208.9,69.4,103.9,102.3,139.5,218.6
96.6,71.8,208.9,69.4,103.9,102.3,139.5,81.8
96.6,71.8,208.9,69.4,103.9,102.3,139.5,81.8
989.9,73.4,196.3,71.1,107.1,103.8,904.7,84.0
989.9,73.4,196.3,71.1,107.1,103.8,904.7,84.0
654.5,73.4,196.3,71.1,107.1,103.8,904.7,84.0
654.5,73.4,196.3,71.1,107.1,103.8,904.7,84.0
652.6,71.8,192.3,92.3,103.9,102.3,901.9,81.8
96.6,71.8,192.3,69.4,103.9,102.3,139.5,81.8
96.6,71.8,192.3,69.4,103.9,102.3,139.5,81.8
96.6,71.8,192.3,69.4,103.9,102.3,139.5,81.8
97.3,72.3,193.6,70.0,105.0,102.8,140.4,82.6
97.3,72.3,193.6,70.0,105.0,102.8,140.4,82.6
97.3,72.3,193.6,70.0,105.0,102.8,140.4,82.6
97.3,72.3,193.6,70.0,105.0,102.8,140.4,82.6
99.1,73.9,197.6,71.7,108.1,104.4,143.2,84.7
99.1,73.9,197.6,71.7,108.1,104.4,143.2,84.7
99.1,73.9,197.6,71.7,108.1,104.4,143.2,84.7
99.1,73.9,197.6,71.7,108.1,104.4,143.2,84.7
106.0,79.4,212.2,77.9,119.8,110.0,153.3,92.7
106.0,79.4,212.2,77.9,119.8,110.0,153.3,92.7
106.0,79.4,212.2,77.9,119.8,110.0,153.3,92.7
106.0,79.4,212.2,77.9,119.8,110.0,153.3,92.7
117.2,88.4,236.2,88.1,138.9,119.2,169.7,105.6
117.2,88.4,367.2,88.1,138.9,119.2,169.7,105.6
117.2,88.4,1063.2,88.1,138.9,119.2,169.7,105.6
117.2,88.4,1063.2,88.1,138.9,119.2,169.7,105.6
127.8,97.0,1085.8,97.7,156.9,127.8,185.3,362.6
1142.3,97.0,781.2,97.7,156.9,127.8,185.3,362.6
1003.9,97.0,919.7,97.7,156.9,127.8,185.3,362.6
1329.7,97.0,593.8,97.7,156.9,127.8,185.3,362.6
0.0,0.0,0.0,0.0,0.0,0.0,0.0,0.0
0.0,0.0,0.0,0.0,0.0,0.0,0.0,0.0
0.0,0.0,0.0,0.0,0.0,0.0,0.0,0.0
0.0,0.0,0.0,0.0,0.0,0.0,0.0,0.0
0.0,0.0,0.0,0.0,0.0,0.0,0.0,0.0
0.0,0.0,0.0,0.0,0.0,0.0,0.0,0.0
0.0,0.0,0.0,0.0,0.0,0.0,0.0,0.0
0.0,0.0,0.0,0.0,0.0,0.0,0.0,0.0
0.0,0.0,0.0,0.0,0.0,0.0,0.0,0.0
0.0,0.0,0.0,0.0,0.0,0.0,0.0,0.0
0.0,0.0,0.0,0.0,0.0,0.0,0.0,0.0
0.0,0.0,0.0,0.0,0.0,0.0,0.0,0.0
0.0,0.0,0.0,0.0,0.0,0.0,0.0,0.0
0.0,0.0,0.0,0.0,0.0,0.0,0.0,0.0
0.0,0.0,0.0,0.0,0.0,0.0,0.0,0.0
0.0,0.0,0.0,0.0,0.0,0.0,0.0,0.0
0.0,0.0,0.0,0.0,0.0,0.0,0.0,0.0
0.0,0.0,0.0,0.0,0.0,0.0,0.0,0.0
0.0,0.0,0.0,0.0,0.0,0.0,0.0,0.0
0.0,0.0,0.0,0.0,0.0,0.0,0.0,0.0
0.0,0.0,0.0,0.0,0.0,0.0,0.0,0.0
0.0,0.0,0.0,0.0,0.0,0.0,0.0,0.0
0.0,0.0,0.0,0.0,0.0,0.0,0.0,0.0
0.0,0.0,0.0,0.0,0.0,0.0,0.0,0.0
0.0,0.0,0.0,0.0,0.0,0.0,0.0,0.0
0.0,0.0,0.0,0.0,0.0,0.0,0.0,0.0
0.0,0.0,0.0,0.0,0.0,0.0,0.0,0.0
0.0,0.0,0.0,0.0,0.0,0.0,0.0,0.0
0.0,0.0,0.0,0.0,0.0,0.0,0.0,0.0
0.0,0.0,0.0,0.0,0.0,0.0,0.0,0.0
0.0,0.0,0.0,0.0,0.0,0.0,0.0,0.0
0.0,0.0,0.0,0.0,0.0,0.0,0.0,0.0
0.0,0.0,0.0,0.0,0.0,0.0,0.0,0.0
0.0,0.0,0.0,0.0,0.0,0.0,0.0,0.0
0.0,0.0,0.0,0.0,0.0,0.0,0.0,0.0
0.0,0.0,0.0,0.0,0.0,0.0,0.0,0.0
0.0,0.0,0.0,0.0,0.0,0.0,0.0,0.0
0.0,0.0,0.0,0.0,0.0,0.0,0.0,0.0
0.0,0.0,0.0,0.0,0.0,0.0,0.0,0.0
0.0,0.0,0.0,0.0,0.0,0.0,0.0,0.0
0.0,0.0,0.0,0.0,0.0,0.0,0.0,0.0
0.0,0.0,0.0,0.0,0.0,0.0,0.0,0.0
0.0,0.0,0.0,0.0,0.0,0.0,0.0,0.0
0.0,0.0,0.0,0.0,0.0,0.0,0.0,0.0
0.0,0.0,0.0,0.0,0.0,0.0,0.0,0.0
0.0,0.0,0.0,0.0,0.0,0.0,0.0,0.0
0.0,0.0,0.0,0.0,0.0,0.0,0.0,0.0
0.0,0.0,0.0,0.0,0.0,0.0,0.0,0.0
18.9,18.9,18.9,18.9,18.9,18.9,18.9,18.9
18.9,18.9,18.9,18.9,18.9,18.9,18.9,18.9
18.9,18.9,18.9,18.9,18.9,18.9,18.9,18.9
18.9,18.9,18.9,18.9,18.9,18.9,18.9,18.9
90.4,66.8,179.0,63.8,93.3,97.2,130.4,226.6
90.4,66.8,179.0,63.8,93.3,97.2,130.4,74.6
90.4,66.8,179.0,63.8,93.3,97.2,130.4,74.6
90.4,66.8,179.0,63.8,93.3,97.2,130.4,74.6
92.3,68.3,183.0,65.5,96.5,98.7,133.1,76.8
92.3,68.3,183.0,65.5,96.5,98.7,133.1,76.8
92.3,68.3,183.0,65.5,96.5,98.7,133.1,76.8
92.3,68.3,183.0,65.5,96.5,98.7,133.1,76.8
93.5,69.3,185.7,66.6,98.6,99.8,134.9,78.2
93.5,69.3,185.7,66.6,98.6,99.8,134.9,78.2
93.5,69.3,710.0,66.6,98.6,99.8,134.9,78.2
317.1,174.0,639.7,66.6,2586.0,99.8,134.9,78.2
320.2,176.5,192.3,69.4,3734.1,102.3,139.5,81.8
320.2,176.5,192.3,77.1,103.9,102.3,139.5,81.8
96.6,71.8,798.3,77.1,103.9,102.3,139.5,81.8
96.6,71.8,798.3,77.1,103.9,102.3,139.5,81.8
98.5,73.4,196.3,71.1,107.1,103.8,142.3,84.0
98.5,73.4,196.3,71.1,107.1,103.8,377.2,84.0
98.5,73.4,196.3,71.1,107.1,103.8,377.2,84.0
98.5,73.4,196.3,71.1,107.1,103.8,142.3,84.0
96.6,71.8,192.3,69.4,103.9,120.9,139.5,81.8
96.6,71.8,192.3,69.4,103.9,120.9,139.5,81.8
96.6,71.8,192.3,69.4,103.9,120.9,139.5,81.8
96.6,71.8,192.3,69.4,103.9,102.3,139.5,81.8
97.3,72.3,193.6,70.0,105.0,102.8,140.4,82.6
97.3,72.3,193.6,70.0,105.0,102.8,140.4,82.6
97.3,72.3,193.6,70.0,105.0,102.8,140.4,82.6
97.3,72.3,193.6,70.0,105.0,102.8,140.4,82.6
99.1,73.9,197.6,71.7,108.1,104.4,143.2,84.7
99.1,73.9,197.6,71.7,108.1,104.4,143.2,84.7
99.1,73.9,197.6,71.7,108.1,104.4,143.2,84.7
99.1,73.9,197.6,71.7,108.1,104.4,143.2,84.7
106.0,79.4,212.2,77.9,119.8,110.0,153.3,92.7
106.0,79.4,212.2,77.9,119.8,110.0,153.3,92.7
106.0,79.4,212.2,77.9,119.8,110.0,153.3,92.7
106.0,79.4,212.2,77.9,119.8,110.0,153.3,92.7
117.2,463.6,236.2,88.1,138.9,119.2,761.1,105.6
117.2,463.6,548.7,88.1,138.9,119.2,761.1,105.6
117.2,463.6,548.7,88.1,138.9,119.2,761.1,105.6
117.2,463.6,548.7,88.1,138.9,119.2,761.1,105.6
127.8,386.3,446.4,97.7,156.9,127.8,570.9,117.9
127.8,97.0,555.7,97.7,156.9,127.8,750.9,117.9
127.8,97.0,571.3,97.7,156.9,127.8,185.3,117.9
127.8,97.0,571.3,97.7,156.9,127.8,185.3,117.9
0.0,0.0,0.0,0.0,0.0,0.0,0.0,0.0
0.0,0.0,0.0,0.0,0.0,0.0,0.0,0.0
0.0,0.0,0.0,0.0,0.0,0.0,0.0,0.0
0.0,0.0,0.0,0.0,0.0,0.0,0.0,0.0
0.0,0.0,0.0,0.0,0.0,0.0,0.0,0.0
0.0,0.0,0.0,0.0,0.0,0.0,0.0,0.0
0.0,0.0,0.0,0.0,0.0,0.0,0.0,0.0
0.0,0.0,0.0,0.0,0.0,0.0,0.0,0.0
0.0,0.0,0.0,0.0,0.0,0.0,0.0,0.0
0.0,0.0,0.0,0.0,0.0,0.0,0.0,0.0
0.0,0.0,0.0,0.0,0.0,0.0,0.0,0.0
0.0,0.0,0.0,0.0,0.0,0.0,0.0,0.0
0.0,0.0,0.0,0.0,0.0,0.0,0.0,0.0
0.0,0.0,0.0,0.0,0.0,0.0,0.0,0.0
0.0,0.0,0.0,0.0,0.0,0.0,0.0,0.0
0.0,0.0,0.0,0.0,0.0,0.0,0.0,0.0
0.0,0.0,0.0,0.0,0.0,0.0,0.0,0.0
0.0,0.0,0.0,0.0,0.0,0.0,0.0,0.0
0.0,0.0,0.0,0.0,0.0,0.0,0.0,0.0
0.0,0.0,0.0,0.0,0.0,0.0,0.0,0.0
0.0,0.0,0.0,0.0,0.0,0.0,0.0,0.0
0.0,0.0,0.0,0.0,0.0,0.0,0.0,0.0
0.0,0.0,0.0,0.0,0.0,0.0,0.0,0.0
0.0,0.0,0.0,0.0,0.0,0.0,0.0,0.0
0.0,0.0,0.0,0.0,0.0,0.0,0.0,0.0
0.0,0.0,0.0,0.0,0.0,0.0,0.0,0.0
0.0,0.0,0.0,0.0,0.0,0.0,0.0,0.0
0.0,0.0,0.0,0.0,0.0,0.0,0.0,0.0
0.0,0.0,0.0,0.0,0.0,0.0,0.0,0.0
0.0,0.0,0.0,0.0,0.0,0.0,0.0,0.0
0.0,0.0,0.0,0.0,0.0,0.0,0.0,0.0
0.0,0.0,0.0,0.0,0.0,0.0,0.0,0.0
0.0,0.0,0.0,0.0,0.0,0.0,0.0,0.0
0.0,0.0,0.0,0.0,0.0,0.0,0.0,0.0
0.0,0.0,0.0,0.0,0.0,0.0,0.0,0.0
0.0,0.0,0.0,0.0,0.0,0.0,0.0,0.0
0.0,0.0,0.0,0.0,0.0,0.0,0.0,0.0
0.0,0.0,0.0,0.0,0.0,0.0,0.0,0.0
0.0,0.0,0.0,0.0,0.0,0.0,0.0,0.0
0.0,0.0,0.0,0.0,0.0,0.0,0.0,0.0
16.8,16.8,16.8,16.8,16.8,16.8,16.8,16.8
16.8,16.8,16.8,16.8,16.8,16.8,16.8,16.8
16.8,16.8,16.8,16.8,16.8,16.8,16.8,16.8
16.8,16.8,16.8,16.8,16.8,16.8,16.8,16.8
60.8,60.8,60.8,60.8,60.8,60.8,60.8,60.8
60.8,60.8,60.8,60.8,60.8,60.8,60.8,60.8
60.8,60.8,60.8,60.8,60.8,60.8,60.8,60.8
60.8,60.8,60.8,60.8,60.8,60.8,60.8,60.8
89.2,393.8,176.4,62.6,91.2,96.2,128.5,73.2
89.2,65.8,176.4,62.6,91.2,96.2,128.5,73.2
89.2,65.8,176.4,62.6,91.2,96.2,128.5,73.2
89.2,237.8,176.4,62.6,91.2,96.2,128.5,73.2
90.4,238.8,179.0,63.8,93.3,97.2,130.4,74.6
90.4,238.8,179.0,63.8,93.3,97.2,130.4,74.6
90.4,238.8,179.0,63.8,93.3,97.2,130.4,74.6
90.4,66.8,179.0,63.8,93.3,97.2,130.4,74.6
92.3,68.3,183.0,65.5,96.5,98.7,133.1,76.8
92.3,68.3,183.0,65.5,96.5,98.7,133.1,76.8
92.3,68.3,183.0,65.5,96.5,98.7,133.1,76.8
92.3,68.3,183.0,65.5,96.5,98.7,133.1,76.8
93.5,69.3,185.7,66.6,98.6,99.8,134.9,78.2
93.5,69.3,185.7,66.6,98.6,99.8,134.9,78.2
93.5,69.3,185.7,66.6,98.6,99.8,134.9,78.2
93.5,69.3,185.7,66.6,98.6,99.8,134.9,78.2
432.0,71.8,192.3,69.4,103.9,102.3,139.5,81.8
432.0,71.8,1241.0,69.4,103.9,102.3,139.5,355.3
96.6,71.8,192.3,69.4,103.9,102.3,139.5,81.8
96.6,71.8,192.3,69.4,103.9,102.3,139.5,81.8
98.5,73.4,196.3,82.6,107.1,103.8,142.3,84.0
98.5,73.4,196.3,82.6,107.1,122.4,142.3,84.0
98.5,73.4,196.3,71.1,222.3,122.4,142.3,84.0
98.5,73.4,196.3,71.1,222.3,122.4,142.3,84.0
96.6,71.8,192.3,69.4,219.1,102.3,139.5,81.8
96.6,71.8,192.3,69.4,103.9,102.3,139.5,81.8
96.6,71.8,192.3,69.4,103.9,102.3,139.5,81.8
96.6,71.8,192.3,69.4,103.9,102.3,139.5,81.8
97.3,72.3,193.6,70.0,105.0,102.8,140.4,82.6
97.3,72.3,193.6,70.0,105.0,102.8,140.4,82.6
97.3,72.3,193.6,70.0,105.0,102.8,140.4,82.6
97.3,72.3,193.6,70.0,105.0,102.8,140.4,82.6
99.1,73.9,197.6,71.7,108.1,104.4,143.2,84.7
99.1,73.9,197.6,71.7,108.1,104.4,143.2,84.7
99.1,73.9,197.6,71.7,108.1,104.4,143.2,84.7
99.1,73.9,197.6,71.7,108.1,104.4,143.2,84.7
106.0,79.4,212.2,77.9,119.8,110.0,153.3,92.7
106.0,79.4,212.2,77.9,119.8,110.0,153.3,92.7
106.0,79.4,212.2,77.9,119.8,110.0,153.3,92.7
106.0,79.4,212.2,77.9,119.8,110.0,153.3,92.7
117.2,88.4,236.2,88.1,138.9,119.2,169.7,105.6
117.2,88.4,236.2,88.1,138.9,119.2,169.7,105.6
117.2,88.4,236.2,216.1,138.9,119.2,169.7,105.6
117.2,88.4,236.2,88.1,138.9,119.2,1421.7,105.6
117.0,97.0,119.7,97.7,123.9,117.0,144.8,116.7
117.5,97.0,126.4,97.7,139.6,117.5,121.4,116.8
138.4,97.0,121.1,97.7,127.1,117.1,118.8,116.8
138.4,97.0,121.1,97.7,127.1,117.1,118.8,116.8
0.0,0.0,0.0,0.0,0.0,0.0,0.0,0.0
0.0,0.0,0.0,0.0,0.0,0.0,0.0,0.0
0.0,0.0,0.0,0.0,0.0,0.0,0.0,0.0
0.0,0.0,0.0,0.0,0.0,0.0,0.0,0.0
0.0,0.0,0.0,0.0,0.0,0.0,0.0,0.0
0.0,0.0,0.0,0.0,0.0,0.0,0.0,0.0
0.0,0.0,0.0,0.0,0.0,0.0,0.0,0.0
0.0,0.0,0.0,0.0,0.0,0.0,0.0,0.0
0.0,0.0,0.0,0.0,0.0,0.0,0.0,0.0
0.0,0.0,0.0,0.0,0.0,0.0,0.0,0.0
0.0,0.0,0.0,0.0,0.0,0.0,0.0,0.0
0.0,0.0,0.0,0.0,0.0,0.0,0.0,0.0
0.0,0.0,0.0,0.0,0.0,0.0,0.0,0.0
0.0,0.0,0.0,0.0,0.0,0.0,0.0,0.0
0.0,0.0,0.0,0.0,0.0,0.0,0.0,0.0
0.0,0.0,0.0,0.0,0.0,0.0,0.0,0.0
0.0,0.0,0.0,0.0,0.0,0.0,0.0,0.0
0.0,0.0,0.0,0.0,0.0,0.0,0.0,0.0
0.0,0.0,0.0,0.0,0.0,0.0,0.0,0.0
0.0,0.0,0.0,0.0,0.0,0.0,0.0,0.0
0.0,0.0,0.0,0.0,0.0,0.0,0.0,0.0
0.0,0.0,0.0,0.0,0.0,0.0,0.0,0.0
0.0,0.0,0.0,0.0,0.0,0.0,0.0,0.0
0.0,0.0,0.0,0.0,0.0,0.0,0.0,0.0
0.0,0.0,0.0,0.0,0.0,0.0,0.0,0.0
0.0,0.0,0.0,0.0,0.0,0.0,0.0,0.0
0.0,0.0,0.0,0.0,0.0,0.0,0.0,0.0
0.0,0.0,0.0,0.0,0.0,0.0,0.0,0.0
0.0,0.0,0.0,0.0,0.0,0.0,0.0,0.0
0.0,0.0,0.0,0.0,0.0,0.0,0.0,0.0
0.0,0.0,0.0,0.0,0.0,0.0,0.0,0.0
0.0,0.0,0.0,0.0,0.0,0.0,0.0,0.0
0.0,0.0,0.0,0.0,0.0,0.0,0.0,0.0
0.0,0.0,0.0,0.0,0.0,0.0,0.0,0.0
0.0,0.0,0.0,0.0,0.0,0.0,0.0,0.0
0.0,0.0,0.0,0.0,0.0,0.0,0.0,0.0
0.0,0.0,0.0,0.0,0.0,0.0,0.0,0.0
0.0,0.0,0.0,0.0,0.0,0.0,0.0,0.0
0.0,0.0,0.0,0.0,0.0,0.0,0.0,0.0
0.0,0.0,0.0,0.0,0.0,0.0,0.0,0.0
46.6,46.6,46.6,46.6,46.6,46.6,46.6,46.6
46.6,46.6,46.6,46.6,46.6,46.6,46.6,46.6
46.6,46.6,46.6,46.6,46.6,46.6,46.6,46.6
46.6,46.6,46.6,46.6,46.6,46.6,46.6,46.6
87.9,205.6,115.5,61.5,89.1,95.2,107.9,71.7
87.9,64.8,173.7,61.5,89.1,95.2,126.7,71.7
87.9,64.8,173.7,61.5,89.1,95.2,126.7,71.7
87.9,64.8,173.7,61.5,89.1,95.2,126.7,71.7
89.2,65.8,176.4,62.6,91.2,96.2,128.5,73.2
89.2,65.8,176.4,62.6,91.2,96.2,128.5,73.2
291.2,65.8,176.4,62.6,91.2,96.2,128.5,73.2
204.5,65.8,170.9,70.6,91.2,122.2,491.2,73.2
61.8,61.8,61.8,61.8,61.8,61.8,61.8,61.8
61.8,61.8,61.8,61.8,61.8,61.8,61.8,61.8
61.8,61.8,61.8,61.8,61.8,61.8,61.8,61.8
61.8,61.8,61.8,61.8,61.8,61.8,61.8,61.8
92.3,68.3,163.8,65.5,96.5,98.7,125.2,76.8
92.3,68.3,163.8,65.5,96.5,98.7,125.2,76.8
92.3,68.3,163.8,65.5,96.5,98.7,125.2,76.8
92.3,68.3,163.8,65.5,96.5,98.7,125.2,76.8
49.3,49.3,49.3,49.3,49.3,49.3,49.3,49.3
49.3,49.3,49.3,49.3,49.3,49.3,49.3,49.3
49.3,49.3,49.3,49.3,49.3,49.3,49.3,49.3
49.3,49.3,49.3,49.3,49.3,49.3,49.3,49.3
96.6,71.8,192.3,69.4,103.9,102.3,139.5,81.8
96.6,71.8,192.3,69.4,103.9,102.3,139.5,81.8
96.6,71.8,192.3,69.4,103.9,102.3,139.5,81.8
96.6,71.8,192.3,69.4,103.9,102.3,139.5,81.8
98.5,73.4,196.3,71.1,107.1,103.8,142.3,84.0
98.5,73.4,196.3,71.1,107.1,103.8,142.3,84.0
98.5,73.4,196.3,71.1,107.1,103.8,142.3,84.0
1312.5,73.4,196.3,71.1,107.1,103.8,142.3,84.0
1310.6,71.8,192.3,69.4,103.9,102.3,139.5,81.8
1310.6,71.8,192.3,69.4,103.9,102.3,139.5,81.8
1310.6,71.8,192.3,69.4,103.9,102.3,139.5,81.8
96.6,71.8,192.3,69.4,103.9,102.3,139.5,81.8
97.3,72.3,193.6,70.0,105.0,102.8,140.4,82.6
97.3,72.3,193.6,70.0,105.0,102.8,140.4,82.6
97.3,72.3,193.6,70.0,105.0,102.8,140.4,82.6
97.3,72.3,193.6,70.0,105.0,102.8,140.4,82.6
99.1,73.9,197.6,71.7,108.1,104.4,143.2,84.7
99.1,73.9,197.6,71.7,108.1,104.4,143.2,84.7
99.1,73.9,197.6,71.7,108.1,104.4,143.2,84.7
99.1,73.9,197.6,71.7,108.1,104.4,143.2,84.7
106.0,79.4,499.7,77.9,119.8,110.0,153.3,92.7
106.0,79.4,499.7,77.9,119.8,110.0,153.3,92.7
106.0,79.4,499.7,77.9,119.8,110.0,153.3,92.7
106.0,79.4,499.7,77.9,119.8,110.0,153.3,92.7
9.9,9.9,9.9,9.9,9.9,9.9,9.9,9.9
9.9,9.9,9.9,9.9,9.9,9.9,9.9,9.9
9.9,9.9,9.9,9.9,9.9,9.9,9.9,9.9
9.9,9.9,9.9,9.9,9.9,9.9,9.9,9.9
5.8,5.8,5.8,5.8,5.8,5.8,5.8,5.8
5.8,5.8,5.8,5.8,5.8,5.8,5.8,5.8
5.8,5.8,5.8,5.8,5.8,5.8,5.8,5.8
5.8,5.8,5.8,5.8,5.8,5.8,5.8,5.8
0.0,0.0,0.0,0.0,0.0,0.0,0.0,0.0
0.0,0.0,0.0,0.0,0.0,0.0,0.0,0.0
0.0,0.0,0.0,0.0,0.0,0.0,0.0,0.0
0.0,0.0,0.0,0.0,0.0,0.0,0.0,0.0
0.0,0.0,0.0,0.0,0.0,0.0,0.0,0.0
0.0,0.0,0.0,0.0,0.0,0.0,0.0,0.0
0.0,0.0,0.0,0.0,0.0,0.0,0.0,0.0
0.0,0.0,0.0,0.0,0.0,0.0,0.0,0.0
0.0,0.0,0.0,0.0,0.0,0.0,0.0,0.0
0.0,0.0,0.0,0.0,0.0,0.0,0.0,0.0
0.0,0.0,0.0,0.0,0.0,0.0,0.0,0.0
0.0,0.0,0.0,0.0,0.0,0.0,0.0,0.0
0.0,0.0,0.0,0.0,0.0,0.0,0.0,0.0
0.0,0.0,0.0,0.0,0.0,0.0,0.0,0.0
0.0,0.0,0.0,0.0,0.0,0.0,0.0,0.0
0.0,0.0,0.0,0.0,0.0,0.0,0.0,0.0
0.0,0.0,0.0,0.0,0.0,0.0,0.0,0.0
0.0,0.0,0.0,0.0,0.0,0.0,0.0,0.0
0.0,0.0,0.0,0.0,0.0,0.0,0.0,0.0
0.0,0.0,0.0,0.0,0.0,0.0,0.0,0.0
0.0,0.0,0.0,0.0,0.0,0.0,0.0,0.0
0.0,0.0,0.0,0.0,0.0,0.0,0.0,0.0
0.0,0.0,0.0,0.0,0.0,0.0,0.0,0.0
0.0,0.0,0.0,0.0,0.0,0.0,0.0,0.0
0.0,0.0,0.0,0.0,0.0,0.0,0.0,0.0
0.0,0.0,0.0,0.0,0.0,0.0,0.0,0.0
0.0,0.0,0.0,0.0,0.0,0.0,0.0,0.0
0.0,0.0,0.0,0.0,0.0,0.0,0.0,0.0
0.0,0.0,0.0,0.0,0.0,0.0,0.0,0.0
0.0,0.0,0.0,0.0,0.0,0.0,0.0,0.0
0.0,0.0,0.0,0.0,0.0,0.0,0.0,0.0
0.0,0.0,0.0,0.0,0.0,0.0,0.0,0.0
0.0,0.0,0.0,0.0,0.0,0.0,0.0,0.0
0.0,0.0,0.0,0.0,0.0,0.0,0.0,0.0
0.0,0.0,0.0,0.0,0.0,0.0,0.0,0.0
0.0,0.0,0.0,0.0,0.0,0.0,0.0,0.0
0.0,0.0,0.0,0.0,0.0,0.0,0.0,0.0
0.0,0.0,0.0,0.0,0.0,0.0,0.0,0.0
0.0,0.0,0.0,0.0,0.0,0.0,0.0,0.0
0.0,0.0,0.0,0.0,0.0,0.0,0.0,0.0
11.8,11.8,11.8,11.8,11.8,11.8,11.8,11.8
11.8,11.8,11.8,11.8,11.8,11.8,11.8,11.8
11.8,11.8,11.8,11.8,11.8,11.8,11.8,11.8
11.8,11.8,11.8,11.8,11.8,11.8,11.8,11.8
22.8,22.8,22.8,22.8,22.8,22.8,22.8,22.8
22.8,22.8,22.8,22.8,22.8,22.8,22.8,22.8
22.8,22.8,22.8,22.8,22.8,22.8,22.8,22.8
22.8,22.8,22.8,22.8,22.8,22.8,22.8,22.8
36.2,36.2,36.2,36.2,36.2,36.2,36.2,36.2
36.2,36.2,36.2,36.2,36.2,36.2,36.2,36.2
36.2,36.2,36.2,36.2,36.2,36.2,36.2,36.2
36.2,36.2,36.2,36.2,36.2,36.2,36.2,36.2
47.1,47.1,47.1,47.1,47.1,47.1,47.1,47.1
47.1,47.1,47.1,47.1,47.1,47.1,47.1,47.1
47.1,47.1,47.1,47.1,47.1,47.1,47.1,47.1
47.1,47.1,47.1,47.1,47.1,47.1,47.1,47.1
55.2,55.2,55.2,55.2,55.2,55.2,55.2,55.2
55.2,55.2,55.2,55.2,55.2,55.2,55.2,55.2
55.2,55.2,55.2,55.2,55.2,55.2,55.2,55.2
55.2,55.2,55.2,55.2,55.2,55.2,55.2,55.2
76.9,69.3,82.9,66.6,77.2,77.3,79.6,75.9
76.9,69.3,82.9,66.6,77.2,77.3,79.6,75.9
90.7,69.3,75.9,66.6,75.8,75.8,75.8,75.7
90.7,69.3,75.9,66.6,75.8,75.8,75.8,75.7
60.6,60.6,60.6,60.6,60.6,60.6,60.6,60.6
60.6,60.6,60.6,60.6,60.6,60.6,60.6,60.6
60.6,60.6,60.6,60.6,60.6,60.6,60.6,60.6
60.6,60.6,60.6,60.6,60.6,60.6,60.6,60.6
59.6,59.6,59.6,59.6,59.6,59.6,59.6,59.6
59.6,59.6,59.6,59.6,59.6,59.6,59.6,59.6
59.6,59.6,59.6,59.6,59.6,59.6,59.6,59.6
59.6,59.6,59.6,59.6,59.6,59.6,59.6,59.6
96.6,71.8,716.7,69.4,103.9,102.3,139.5,81.8
322.9,71.8,192.3,69.4,103.9,102.3,139.5,81.8
322.9,71.8,192.3,69.4,103.9,102.3,139.5,81.8
322.9,71.8,192.3,69.4,103.9,102.3,139.5,81.8
49.8,49.8,49.8,49.8,49.8,49.8,49.8,49.8
49.8,49.8,49.8,49.8,49.8,49.8,49.8,49.8
49.8,49.8,49.8,49.8,49.8,49.8,49.8,49.8
49.8,49.8,49.8,49.8,49.8,49.8,49.8,49.8
24.1,24.1,24.1,24.1,24.1,24.1,24.1,24.1
24.1,24.1,24.1,24.1,24.1,24.1,24.1,24.1
24.1,24.1,24.1,24.1,24.1,24.1,24.1,24.1
24.1,24.1,24.1,24.1,24.1,24.1,24.1,24.1
106.0,79.4,212.2,77.9,119.8,110.0,153.3,92.7
106.0,79.4,212.2,77.9,119.8,110.0,153.3,92.7
106.0,79.4,212.2,77.9,119.8,110.0,153.3,92.7
106.0,79.4,212.2,77.9,119.8,110.0,153.3,92.7
117.2,88.4,236.2,88.1,138.9,119.2,169.7,105.6
117.2,88.4,236.2,150.1,138.9,119.2,169.7,105.6
117.2,88.4,236.2,150.1,138.9,119.2,169.7,105.6
117.2,88.4,236.2,88.1,1630.9,119.2,563.1,105.6
31.1,31.1,31.1,31.1,31.1,31.1,31.1,31.1
31.1,31.1,31.1,31.1,31.1,31.1,31.1,31.1
31.1,31.1,31.1,31.1,31.1,31.1,31.1,31.1
31.1,31.1,31.1,31.1,31.1,31.1,31.1,31.1
0.0,0.0,0.0,0.0,0.0,0.0,0.0,0.0
0.0,0.0,0.0,0.0,0.0,0.0,0.0,0.0
0.0,0.0,0.0,0.0,0.0,0.0,0.0,0.0
0.0,0.0,0.0,0.0,0.0,0.0,0.0,0.0
0.0,0.0,0.0,0.0,0.0,0.0,0.0,0.0
0.0,0.0,0.0,0.0,0.0,0.0,0.0,0.0
0.0,0.0,0.0,0.0,0.0,0.0,0.0,0.0
0.0,0.0,0.0,0.0,0.0,0.0,0.0,0.0
0.0,0.0,0.0,0.0,0.0,0.0,0.0,0.0
0.0,0.0,0.0,0.0,0.0,0.0,0.0,0.0
0.0,0.0,0.0,0.0,0.0,0.0,0.0,0.0
0.0,0.0,0.0,0.0,0.0,0.0,0.0,0.0
0.0,0.0,0.0,0.0,0.0,0.0,0.0,0.0
0.0,0.0,0.0,0.0,0.0,0.0,0.0,0.0
0.0,0.0,0.0,0.0,0.0,0.0,0.0,0.0
0.0,0.0,0.0,0.0,0.0,0.0,0.0,0.0
0.0,0.0,0.0,0.0,0.0,0.0,0.0,0.0
0.0,0.0,0.0,0.0,0.0,0.0,0.0,0.0
0.0,0.0,0.0,0.0,0.0,0.0,0.0,0.0
0.0,0.0,0.0,0.0,0.0,0.0,0.0,0.0
0.0,0.0,0.0,0.0,0.0,0.0,0.0,0.0
0.0,0.0,0.0,0.0,0.0,0.0,0.0,0.0
0.0,0.0,0.0,0.0,0.0,0.0,0.0,0.0
0.0,0.0,0.0,0.0,0.0,0.0,0.0,0.0
0.0,0.0,0.0,0.0,0.0,0.0,0.0,0.0
0.0,0.0,0.0,0.0,0.0,0.0,0.0,0.0
0.0,0.0,0.0,0.0,0.0,0.0,0.0,0.0
0.0,0.0,0.0,0.0,0.0,0.0,0.0,0.0
0.0,0.0,0.0,0.0,0.0,0.0,0.0,0.0
0.0,0.0,0.0,0.0,0.0,0.0,0.0,0.0
0.0,0.0,0.0,0.0,0.0,0.0,0.0,0.0
0.0,0.0,0.0,0.0,0.0,0.0,0.0,0.0
0.0,0.0,0.0,0.0,0.0,0.0,0.0,0.0
0.0,0.0,0.0,0.0,0.0,0.0,0.0,0.0
0.0,0.0,0.0,0.0,0.0,0.0,0.0,0.0
0.0,0.0,0.0,0.0,0.0,0.0,0.0,0.0
0.0,0.0,0.0,0.0,0.0,0.0,0.0,0.0
0.0,0.0,0.0,0.0,0.0,0.0,0.0,0.0
0.0,0.0,0.0,0.0,0.0,0.0,0.0,0.0
0.0,0.0,0.0,0.0,0.0,0.0,0.0,0.0
12.8,12.8,12.8,12.8,12.8,12.8,12.8,12.8
12.8,12.8,12.8,12.8,12.8,12.8,12.8,12.8
12.8,12.8,12.8,12.8,12.8,12.8,12.8,12.8
12.8,12.8,12.8,12.8,12.8,12.8,12.8,12.8
24.6,24.6,24.6,24.6,24.6,24.6,24.6,24.6
24.6,24.6,24.6,24.6,24.6,24.6,24.6,24.6
24.6,24.6,24.6,24.6,24.6,24.6,24.6,24.6
24.6,24.6,24.6,24.6,24.6,24.6,24.6,24.6
63.7,63.6,64.1,62.6,63.7,63.7,63.8,63.6
63.7,63.6,64.0,62.6,63.7,63.7,63.8,63.6
63.7,63.6,64.0,62.6,63.7,63.8,63.8,63.6
63.6,63.6,63.7,62.6,64.1,63.7,63.9,63.6
90.4,66.8,179.0,79.8,93.3,97.2,314.4,74.6
90.4,66.8,179.0,63.8,93.3,97.2,130.4,74.6
90.4,66.8,179.0,63.8,93.3,97.2,130.4,74.6
90.4,66.8,179.0,63.8,93.3,97.2,130.4,74.6
92.3,68.3,183.0,65.5,96.5,98.7,133.1,76.8
92.3,68.3,183.0,65.5,96.5,98.7,133.1,76.8
92.3,68.3,183.0,65.5,96.5,98.7,133.1,76.8
92.3,68.3,183.0,65.5,96.5,98.7,133.1,76.8
93.5,69.3,185.7,66.6,98.6,99.8,134.9,78.2
93.5,69.3,185.7,66.6,98.6,99.8,134.9,78.2
317.1,226.3,185.7,66.6,98.6,99.8,134.9,78.2
317.1,226.3,185.7,66.6,98.6,99.8,134.9,78.2
320.2,71.8,192.3,69.4,103.9,102.3,139.5,81.8
96.6,71.8,192.3,69.4,103.9,102.3,139.5,81.8
96.6,71.8,192.3,69.4,103.9,102.3,374.4,81.8
96.6,71.8,192.3,69.4,103.9,102.3,374.4,81.8
98.5,73.4,196.3,71.1,452.8,103.8,142.3,84.0
98.5,73.4,196.3,71.1,107.1,103.8,142.3,84.0
98.5,73.4,895.7,71.1,107.1,103.8,142.3,84.0
98.5,73.4,895.7,71.1,107.1,103.8,142.3,84.0
96.6,71.8,891.7,69.4,103.9,102.3,139.5,81.8
96.6,71.8,891.7,69.4,103.9,102.3,139.5,81.8
96.6,71.8,891.7,69.4,103.9,102.3,139.5,81.8
96.6,71.8,891.7,69.4,103.9,102.3,139.5,81.8
140.8,72.3,374.0,70.0,105.0,102.8,137.1,82.6
152.3,72.3,193.6,70.0,105.0,102.8,140.4,82.6
152.3,72.3,193.6,70.0,105.0,102.8,140.4,82.6
152.3,72.3,193.6,70.0,105.0,102.8,140.4,82.6
47.5,47.5,47.5,47.5,47.5,47.5,47.5,47.5
47.5,47.5,47.5,47.5,47.5,47.5,47.5,47.5
47.5,47.5,47.5,47.5,47.5,47.5,47.5,47.5
47.5,47.5,47.5,47.5,47.5,47.5,47.5,47.5
106.0,79.4,212.2,77.9,119.8,110.0,153.3,92.7
106.0,79.4,212.2,77.9,119.8,110.0,153.3,92.7
106.0,79.4,212.2,77.9,119.8,110.0,153.3,92.7
106.0,79.4,212.2,77.9,119.8,110.0,153.3,92.7
117.2,88.4,236.2,88.1,138.9,119.2,169.7,105.6
117.2,88.4,236.2,88.1,138.9,119.2,169.7,105.6
117.2,88.4,236.2,88.1,138.9,119.2,169.7,105.6
117.2,88.4,236.2,88.1,138.9,119.2,169.7,105.6
127.8,97.0,258.8,97.7,456.2,127.8,185.3,117.9
1222.7,97.0,258.8,97.7,328.8,127.8,185.3,117.9
127.8,97.0,258.8,97.7,456.2,127.8,185.3,117.9
127.8,97.0,258.8,97.7,456.2,127.8,185.3,117.9
0.0,0.0,0.0,0.0,0.0,0.0,0.0,0.0
0.0,0.0,0.0,0.0,0.0,0.0,0.0,0.0
0.0,0.0,0.0,0.0,0.0,0.0,0.0,0.0
0.0,0.0,0.0,0.0,0.0,0.0,0.0,0.0
0.0,0.0,0.0,0.0,0.0,0.0,0.0,0.0
0.0,0.0,0.0,0.0,0.0,0.0,0.0,0.0
0.0,0.0,0.0,0.0,0.0,0.0,0.0,0.0
0.0,0.0,0.0,0.0,0.0,0.0,0.0,0.0
0.0,0.0,0.0,0.0,0.0,0.0,0.0,0.0
0.0,0.0,0.0,0.0,0.0,0.0,0.0,0.0
0.0,0.0,0.0,0.0,0.0,0.0,0.0,0.0
0.0,0.0,0.0,0.0,0.0,0.0,0.0,0.0
0.0,0.0,0.0,0.0,0.0,0.0,0.0,0.0
0.0,0.0,0.0,0.0,0.0,0.0,0.0,0.0
0.0,0.0,0.0,0.0,0.0,0.0,0.0,0.0
0.0,0.0,0.0,0.0,0.0,0.0,0.0,0.0
0.0,0.0,0.0,0.0,0.0,0.0,0.0,0.0
0.0,0.0,0.0,0.0,0.0,0.0,0.0,0.0
0.0,0.0,0.0,0.0,0.0,0.0,0.0,0.0
0.0,0.0,0.0,0.0,0.0,0.0,0.0,0.0
0.0,0.0,0.0,0.0,0.0,0.0,0.0,0.0
0.0,0.0,0.0,0.0,0.0,0.0,0.0,0.0
0.0,0.0,0.0,0.0,0.0,0.0,0.0,0.0
0.0,0.0,0.0,0.0,0.0,0.0,0.0,0.0
0.0,0.0,0.0,0.0,0.0,0.0,0.0,0.0
0.0,0.0,0.0,0.0,0.0,0.0,0.0,0.0
0.0,0.0,0.0,0.0,0.0,0.0,0.0,0.0
0.0,0.0,0.0,0.0,0.0,0.0,0.0,0.0
0.0,0.0,0.0,0.0,0.0,0.0,0.0,0.0
0.0,0.0,0.0,0.0,0.0,0.0,0.0,0.0
0.0,0.0,0.0,0.0,0.0,0.0,0.0,0.0
0.0,0.0,0.0,0.0,0.0,0.0,0.0,0.0
0.0,0.0,0.0,0.0,0.0,0.0,0.0,0.0
0.0,0.0,0.0,0.0,0.0,0.0,0.0,0.0
0.0,0.0,0.0,0.0,0.0,0.0,0.0,0.0
0.0,0.0,0.0,0.0,0.0,0.0,0.0,0.0
0.0,0.0,0.0,0.0,0.0,0.0,0.0,0.0
0.0,0.0,0.0,0.0,0.0,0.0,0.0,0.0
0.0,0.0,0.0,0.0,0.0,0.0,0.0,0.0
0.0,0.0,0.0,0.0,0.0,0.0,0.0,0.0
59.7,57.0,57.3,53.6,57.1,57.1,57.2,57.0
57.1,57.0,57.5,53.6,57.1,57.2,57.3,59.3
57.1,59.3,57.5,53.6,57.1,57.1,57.3,57.0
57.3,57.0,58.4,53.6,57.2,57.5,57.8,57.1
68.2,64.8,71.2,61.5,68.2,68.4,69.6,67.6
68.0,64.8,72.4,61.5,68.0,68.2,69.1,67.6
68.0,64.8,70.4,61.5,68.1,70.0,69.1,67.6
68.2,64.8,71.2,61.5,68.2,68.4,69.6,67.6
89.2,65.8,176.4,62.6,91.2,96.2,372.5,73.2
89.2,65.8,176.4,64.6,91.2,96.2,128.5,73.2
89.2,65.8,176.4,64.6,91.2,96.2,128.5,73.2
89.2,65.8,176.4,62.6,181.2,96.2,128.5,73.2
90.4,66.8,179.0,63.8,183.3,97.2,130.4,74.6
90.4,66.8,179.0,63.8,93.3,97.2,130.4,74.6
90.4,66.8,179.0,63.8,93.3,97.2,130.4,74.6
90.4,66.8,179.0,63.8,93.3,97.2,130.4,74.6
92.3,68.3,183.0,65.5,96.5,98.7,133.1,76.8
92.3,68.3,183.0,65.5,96.5,98.7,133.1,76.8
92.3,68.3,183.0,65.5,96.5,98.7,133.1,76.8
92.3,68.3,183.0,65.5,96.5,98.7,133.1,76.8
93.5,69.3,185.7,66.6,98.6,99.8,134.9,78.2
93.5,69.3,185.7,66.6,98.6,99.8,134.9,78.2
93.5,69.3,185.7,66.6,98.6,99.8,134.9,78.2
93.5,69.3,185.7,66.6,98.6,99.8,369.9,78.2
96.6,71.8,192.3,69.4,449.6,102.3,374.4,81.8
96.6,71.8,192.3,69.4,103.9,102.3,139.5,81.8
432.0,71.8,192.3,69.4,103.9,102.3,139.5,81.8
432.0,71.8,192.3,69.4,103.9,102.3,139.5,81.8
59.0,59.0,59.0,59.0,59.0,59.0,59.0,59.0
59.0,59.0,59.0,59.0,59.0,59.0,59.0,59.0
59.0,59.0,59.0,59.0,59.0,59.0,59.0,59.0
59.0,59.0,59.0,59.0,59.0,59.0,59.0,59.0
86.6,71.8,100.9,69.4,87.7,87.4,93.0,81.8
86.6,71.8,100.9,69.4,87.7,87.4,93.0,81.8
86.6,71.8,100.9,69.4,87.7,87.4,93.0,81.8
86.6,71.8,100.9,69.4,87.7,87.4,93.0,81.8
39.2,39.2,39.2,39.2,39.2,39.2,39.2,39.2
39.2,39.2,39.2,39.2,39.2,39.2,39.2,39.2
39.2,39.2,39.2,39.2,39.2,39.2,39.2,39.2
39.2,39.2,39.2,39.2,39.2,39.2,39.2,39.2
29.3,29.3,29.3,29.3,29.3,29.3,29.3,29.3
29.3,29.3,29.3,29.3,29.3,29.3,29.3,29.3
29.3,29.3,29.3,29.3,29.3,29.3,29.3,29.3
29.3,29.3,29.3,29.3,29.3,29.3,29.3,29.3
394.6,328.1,212.2,77.9,119.8,110.0,371.8,92.7
394.6,328.1,212.2,77.9,119.8,110.0,371.8,92.7
394.6,328.1,212.2,77.9,119.8,110.0,371.8,92.7
394.6,79.4,212.2,77.9,119.8,418.6,371.8,92.7
981.8,88.4,236.2,88.1,138.9,427.8,388.2,105.6
981.8,88.4,236.2,488.6,138.9,427.8,388.2,105.6
693.2,88.4,236.2,264.6,138.9,427.8,388.2,105.6
693.2,88.4,236.2,264.6,138.9,427.8,388.2,105.6
690.0,97.0,258.8,274.2,156.9,431.3,185.3,117.9
127.8,97.0,258.8,274.2,156.9,399.9,185.3,711.5
127.8,97.0,258.8,274.2,156.9,399.9,185.3,711.5
127.8,97.0,258.8,274.2,156.9,399.9,185.3,711.5
0.0,0.0,0.0,0.0,0.0,0.0,0.0,0.0
0.0,0.0,0.0,0.0,0.0,0.0,0.0,0.0
0.0,0.0,0.0,0.0,0.0,0.0,0.0,0.0
0.0,0.0,0.0,0.0,0.0,0.0,0.0,0.0
0.0,0.0,0.0,0.0,0.0,0.0,0.0,0.0
0.0,0.0,0.0,0.0,0.0,0.0,0.0,0.0
0.0,0.0,0.0,0.0,0.0,0.0,0.0,0.0
0.0,0.0,0.0,0.0,0.0,0.0,0.0,0.0
0.0,0.0,0.0,0.0,0.0,0.0,0.0,0.0
0.0,0.0,0.0,0.0,0.0,0.0,0.0,0.0
0.0,0.0,0.0,0.0,0.0,0.0,0.0,0.0
0.0,0.0,0.0,0.0,0.0,0.0,0.0,0.0
0.0,0.0,0.0,0.0,0.0,0.0,0.0,0.0
0.0,0.0,0.0,0.0,0.0,0.0,0.0,0.0
0.0,0.0,0.0,0.0,0.0,0.0,0.0,0.0
0.0,0.0,0.0,0.0,0.0,0.0,0.0,0.0
0.0,0.0,0.0,0.0,0.0,0.0,0.0,0.0
0.0,0.0,0.0,0.0,0.0,0.0,0.0,0.0
0.0,0.0,0.0,0.0,0.0,0.0,0.0,0.0
0.0,0.0,0.0,0.0,0.0,0.0,0.0,0.0
0.0,0.0,0.0,0.0,0.0,0.0,0.0,0.0
0.0,0.0,0.0,0.0,0.0,0.0,0.0,0.0
0.0,0.0,0.0,0.0,0.0,0.0,0.0,0.0
0.0,0.0,0.0,0.0,0.0,0.0,0.0,0.0
0.0,0.0,0.0,0.0,0.0,0.0,0.0,0.0
0.0,0.0,0.0,0.0,0.0,0.0,0.0,0.0
0.0,0.0,0.0,0.0,0.0,0.0,0.0,0.0
0.0,0.0,0.0,0.0,0.0,0.0,0.0,0.0
0.0,0.0,0.0,0.0,0.0,0.0,0.0,0.0
0.0,0.0,0.0,0.0,0.0,0.0,0.0,0.0
0.0,0.0,0.0,0.0,0.0,0.0,0.0,0.0
0.0,0.0,0.0,0.0,0.0,0.0,0.0,0.0
0.0,0.0,0.0,0.0,0.0,0.0,0.0,0.0
0.0,0.0,0.0,0.0,0.0,0.0,0.0,0.0
0.0,0.0,0.0,0.0,0.0,0.0,0.0,0.0
0.0,0.0,0.0,0.0,0.0,0.0,0.0,0.0
0.0,0.0,0.0,0.0,0.0,0.0,0.0,0.0
0.0,0.0,0.0,0.0,0.0,0.0,0.0,0.0
0.0,0.0,0.0,0.0,0.0,0.0,0.0,0.0
0.0,0.0,0.0,0.0,0.0,0.0,0.0,0.0
12.8,12.8,12.8,12.8,12.8,12.8,12.8,12.8
12.8,12.8,12.8,12.8,12.8,12.8,12.8,12.8
12.8,12.8,12.8,12.8,12.8,12.8,12.8,12.8
12.8,12.8,12.8,12.8,12.8,12.8,12.8,12.8
24.6,24.6,24.6,24.6,24.6,24.6,24.6,24.6
24.6,24.6,24.6,24.6,24.6,24.6,24.6,24.6
24.6,24.6,24.6,24.6,24.6,24.6,24.6,24.6
24.6,24.6,24.6,24.6,24.6,24.6,24.6,24.6
36.3,36.3,36.3,36.3,36.3,36.3,36.3,36.3
36.3,36.3,36.3,36.3,36.3,36.3,36.3,36.3
36.3,36.3,36.3,36.3,36.3,36.3,36.3,36.3
36.3,36.3,36.3,36.3,36.3,36.3,36.3,36.3
48.7,48.7,48.7,48.7,48.7,48.7,48.7,48.7
48.7,48.7,48.7,48.7,48.7,48.7,48.7,48.7
48.7,48.7,48.7,48.7,48.7,48.7,48.7,48.7
48.7,48.7,48.7,48.7,48.7,48.7,48.7,48.7
92.3,68.3,181.5,65.5,515.8,98.7,133.1,76.8
92.3,68.3,181.5,65.5,515.8,98.7,133.1,76.8
92.3,68.3,183.0,65.5,96.5,98.7,133.1,76.8
92.3,68.3,183.0,65.5,96.5,98.7,133.1,76.8
60.0,60.0,60.0,60.0,60.0,60.0,60.0,60.0
60.0,60.0,60.0,60.0,60.0,60.0,60.0,60.0
60.0,60.0,60.0,60.0,60.0,60.0,60.0,60.0
60.0,60.0,60.0,60.0,60.0,60.0,60.0,60.0
96.6,71.8,208.9,69.4,103.9,102.3,139.5,81.8
96.6,367.3,208.9,69.4,103.9,102.3,139.5,81.8
96.6,367.3,208.9,69.4,103.9,102.3,139.5,81.8
96.6,367.3,192.3,69.4,103.9,102.3,139.5,81.8
98.5,368.8,196.3,71.1,107.1,103.8,142.3,84.0
98.5,368.8,196.3,71.1,107.1,103.8,142.3,84.0
98.5,368.8,196.3,71.1,107.1,103.8,142.3,84.0
98.5,368.8,196.3,71.1,107.1,103.8,298.9,84.0
767.4,71.8,192.3,69.4,103.9,102.3,296.1,81.8
96.6,71.8,192.3,69.4,103.9,102.3,296.1,81.8
96.6,71.8,192.3,69.4,103.9,102.3,139.5,81.8
96.6,71.8,192.3,69.4,103.9,102.3,139.5,81.8
97.3,72.3,193.6,70.0,105.0,102.8,140.4,82.6
97.3,72.3,193.6,70.0,105.0,102.8,140.4,82.6
97.3,72.3,193.6,70.0,105.0,102.8,140.4,82.6
97.3,72.3,193.6,820.4,105.0,102.8,140.4,82.6
99.1,73.9,197.6,822.1,108.1,104.4,143.2,84.7
99.1,73.9,197.6,822.1,108.1,104.4,143.2,84.7
99.1,370.3,197.6,822.1,108.1,104.4,143.2,84.7
99.1,370.3,197.6,822.1,108.1,104.4,143.2,84.7
106.0,375.8,212.2,77.9,119.8,110.0,153.3,92.7
106.0,375.8,212.2,77.9,119.8,110.0,153.3,92.7
106.0,375.8,212.2,77.9,119.8,110.0,153.3,92.7
106.0,375.8,212.2,77.9,119.8,110.0,153.3,92.7
117.2,384.8,236.2,112.9,138.9,119.2,169.7,105.6
117.2,384.8,236.2,112.9,138.9,703.2,169.7,105.6
117.2,384.8,236.2,112.9,138.9,119.2,169.7,105.6
117.2,384.8,236.2,112.9,138.9,119.2,169.7,105.6
970.6,97.0,258.8,122.5,156.9,127.8,185.3,1966.7
1307.0,97.0,258.8,97.7,156.9,127.8,185.3,117.9
1307.0,97.0,258.8,97.7,156.9,127.8,185.3,117.9
1307.0,97.0,258.8,97.7,156.9,127.8,185.3,117.9
0.0,0.0,0.0,0.0,0.0,0.0,0.0,0.0
0.0,0.0,0.0,0.0,0.0,0.0,0.0,0.0
0.0,0.0,0.0,0.0,0.0,0.0,0.0,0.0
0.0,0.0,0.0,0.0,0.0,0.0,0.0,0.0
0.0,0.0,0.0,0.0,0.0,0.0,0.0,0.0
0.0,0.0,0.0,0.0,0.0,0.0,0.0,0.0
0.0,0.0,0.0,0.0,0.0,0.0,0.0,0.0
0.0,0.0,0.0,0.0,0.0,0.0,0.0,0.0
0.0,0.0,0.0,0.0,0.0,0.0,0.0,0.0
0.0,0.0,0.0,0.0,0.0,0.0,0.0,0.0
0.0,0.0,0.0,0.0,0.0,0.0,0.0,0.0
0.0,0.0,0.0,0.0,0.0,0.0,0.0,0.0
0.0,0.0,0.0,0.0,0.0,0.0,0.0,0.0
0.0,0.0,0.0,0.0,0.0,0.0,0.0,0.0
0.0,0.0,0.0,0.0,0.0,0.0,0.0,0.0
0.0,0.0,0.0,0.0,0.0,0.0,0.0,0.0
0.0,0.0,0.0,0.0,0.0,0.0,0.0,0.0
0.0,0.0,0.0,0.0,0.0,0.0,0.0,0.0
0.0,0.0,0.0,0.0,0.0,0.0,0.0,0.0
0.0,0.0,0.0,0.0,0.0,0.0,0.0,0.0
0.0,0.0,0.0,0.0,0.0,0.0,0.0,0.0
0.0,0.0,0.0,0.0,0.0,0.0,0.0,0.0
0.0,0.0,0.0,0.0,0.0,0.0,0.0,0.0
0.0,0.0,0.0,0.0,0.0,0.0,0.0,0.0
0.0,0.0,0.0,0.0,0.0,0.0,0.0,0.0
0.0,0.0,0.0,0.0,0.0,0.0,0.0,0.0
0.0,0.0,0.0,0.0,0.0,0.0,0.0,0.0
0.0,0.0,0.0,0.0,0.0,0.0,0.0,0.0
0.0,0.0,0.0,0.0,0.0,0.0,0.0,0.0
0.0,0.0,0.0,0.0,0.0,0.0,0.0,0.0
0.0,0.0,0.0,0.0,0.0,0.0,0.0,0.0
0.0,0.0,0.0,0.0,0.0,0.0,0.0,0.0
0.0,0.0,0.0,0.0,0.0,0.0,0.0,0.0
0.0,0.0,0.0,0.0,0.0,0.0,0.0,0.0
0.0,0.0,0.0,0.0,0.0,0.0,0.0,0.0
0.0,0.0,0.0,0.0,0.0,0.0,0.0,0.0
0.0,0.0,0.0,0.0,0.0,0.0,0.0,0.0
0.0,0.0,0.0,0.0,0.0,0.0,0.0,0.0
0.0,0.0,0.0,0.0,0.0,0.0,0.0,0.0
0.0,0.0,0.0,0.0,0.0,0.0,0.0,0.0
22.9,22.9,22.9,22.9,22.9,22.9,22.9,22.9
22.9,22.9,22.9,22.9,22.9,22.9,22.9,22.9
22.9,22.9,22.9,22.9,22.9,22.9,22.9,22.9
22.9,22.9,22.9,22.9,22.9,22.9,22.9,22.9
0.0,0.0,0.0,0.0,0.0,0.0,0.0,0.0
0.0,0.0,0.0,0.0,0.0,0.0,0.0,0.0
0.0,0.0,0.0,0.0,0.0,0.0,0.0,0.0
0.0,0.0,0.0,0.0,0.0,0.0,0.0,0.0
85.9,65.8,75.4,62.6,74.1,74.2,74.7,78.1
74.1,65.8,75.7,62.6,74.2,74.2,84.9,79.0
74.4,77.5,77.8,62.6,74.5,74.7,75.9,73.2
74.4,77.5,77.8,62.6,74.5,74.7,75.9,73.2
90.4,66.8,229.0,63.8,305.3,97.2,130.4,74.6
90.4,66.8,229.0,63.8,305.3,97.2,130.4,74.6
90.4,66.8,179.0,63.8,93.3,97.2,130.4,74.6
90.4,66.8,179.0,63.8,93.3,97.2,130.4,74.6
92.3,68.3,183.0,65.5,96.5,98.7,133.1,76.8
92.3,68.3,183.0,65.5,96.5,98.7,133.1,76.8
92.3,68.3,183.0,65.5,96.5,98.7,133.1,76.8
92.3,68.3,183.0,65.5,96.5,98.7,133.1,76.8
93.5,453.3,185.7,66.6,98.6,99.8,134.9,78.2
93.5,453.3,185.7,66.6,98.6,99.8,134.9,78.2
317.1,69.3,185.7,547.9,98.6,99.8,134.9,78.2
317.1,69.3,185.7,66.6,98.6,99.8,134.9,78.2
320.2,71.8,192.3,69.4,103.9,102.3,139.5,81.8
96.6,71.8,192.3,69.4,103.9,102.3,139.5,81.8
96.6,71.8,192.3,69.4,103.9,102.3,139.5,81.8
96.6,71.8,192.3,69.4,103.9,102.3,139.5,81.8
98.5,73.4,196.3,71.1,107.1,103.8,142.3,84.0
98.5,73.4,196.3,1210.1,107.1,122.4,142.3,84.0
98.5,73.4,196.3,1210.1,107.1,122.4,142.3,84.0
98.5,73.4,221.3,1210.1,107.1,122.4,142.3,220.7
57.7,57.7,57.7,57.7,57.7,57.7,57.7,57.7
57.7,57.7,57.7,57.7,57.7,57.7,57.7,57.7
57.7,57.7,57.7,57.7,57.7,57.7,57.7,57.7
57.7,57.7,57.7,57.7,57.7,57.7,57.7,57.7
50.4,50.4,50.4,50.4,50.4,50.4,50.4,50.4
50.4,50.4,50.4,50.4,50.4,50.4,50.4,50.4
50.4,50.4,50.4,50.4,50.4,50.4,50.4,50.4
50.4,50.4,50.4,50.4,50.4,50.4,50.4,50.4
40.6,40.6,40.6,40.6,40.6,40.6,40.6,40.6
40.6,40.6,40.6,40.6,40.6,40.6,40.6,40.6
40.6,40.6,40.6,40.6,40.6,40.6,40.6,40.6
40.6,40.6,40.6,40.6,40.6,40.6,40.6,40.6
28.2,28.2,28.2,28.2,28.2,28.2,28.2,28.2
28.2,28.2,28.2,28.2,28.2,28.2,28.2,28.2
28.2,28.2,28.2,28.2,28.2,28.2,28.2,28.2
28.2,28.2,28.2,28.2,28.2,28.2,28.2,28.2
111.2,88.4,98.0,88.1,97.4,97.3,97.6,99.0
103.4,88.4,97.5,97.9,97.2,97.2,97.3,98.0
102.5,88.4,97.5,97.8,98.4,97.2,97.3,97.9
101.1,88.4,97.6,98.2,98.9,97.2,97.4,98.2
5.0,5.0,5.0,5.0,5.0,5.0,5.0,5.0
5.0,5.0,5.0,5.0,5.0,5.0,5.0,5.0
5.0,5.0,5.0,5.0,5.0,5.0,5.0,5.0
5.0,5.0,5.0,5.0,5.0,5.0,5.0,5.0
0.0,0.0,0.0,0.0,0.0,0.0,0.0,0.0
0.0,0.0,0.0,0.0,0.0,0.0,0.0,0.0
0.0,0.0,0.0,0.0,0.0,0.0,0.0,0.0
0.0,0.0,0.0,0.0,0.0,0.0,0.0,0.0
0.0,0.0,0.0,0.0,0.0,0.0,0.0,0.0
0.0,0.0,0.0,0.0,0.0,0.0,0.0,0.0
0.0,0.0,0.0,0.0,0.0,0.0,0.0,0.0
0.0,0.0,0.0,0.0,0.0,0.0,0.0,0.0
0.0,0.0,0.0,0.0,0.0,0.0,0.0,0.0
0.0,0.0,0.0,0.0,0.0,0.0,0.0,0.0
0.0,0.0,0.0,0.0,0.0,0.0,0.0,0.0
0.0,0.0,0.0,0.0,0.0,0.0,0.0,0.0
0.0,0.0,0.0,0.0,0.0,0.0,0.0,0.0
0.0,0.0,0.0,0.0,0.0,0.0,0.0,0.0
0.0,0.0,0.0,0.0,0.0,0.0,0.0,0.0
0.0,0.0,0.0,0.0,0.0,0.0,0.0,0.0
0.0,0.0,0.0,0.0,0.0,0.0,0.0,0.0
0.0,0.0,0.0,0.0,0.0,0.0,0.0,0.0
0.0,0.0,0.0,0.0,0.0,0.0,0.0,0.0
0.0,0.0,0.0,0.0,0.0,0.0,0.0,0.0
0.0,0.0,0.0,0.0,0.0,0.0,0.0,0.0
0.0,0.0,0.0,0.0,0.0,0.0,0.0,0.0
0.0,0.0,0.0,0.0,0.0,0.0,0.0,0.0
0.0,0.0,0.0,0.0,0.0,0.0,0.0,0.0
0.0,0.0,0.0,0.0,0.0,0.0,0.0,0.0
0.0,0.0,0.0,0.0,0.0,0.0,0.0,0.0
0.0,0.0,0.0,0.0,0.0,0.0,0.0,0.0
0.0,0.0,0.0,0.0,0.0,0.0,0.0,0.0
0.0,0.0,0.0,0.0,0.0,0.0,0.0,0.0
0.0,0.0,0.0,0.0,0.0,0.0,0.0,0.0
0.0,0.0,0.0,0.0,0.0,0.0,0.0,0.0
0.0,0.0,0.0,0.0,0.0,0.0,0.0,0.0
0.0,0.0,0.0,0.0,0.0,0.0,0.0,0.0
0.0,0.0,0.0,0.0,0.0,0.0,0.0,0.0
0.0,0.0,0.0,0.0,0.0,0.0,0.0,0.0
0.0,0.0,0.0,0.0,0.0,0.0,0.0,0.0
0.0,0.0,0.0,0.0,0.0,0.0,0.0,0.0
0.0,0.0,0.0,0.0,0.0,0.0,0.0,0.0
0.0,0.0,0.0,0.0,0.0,0.0,0.0,0.0
0.0,0.0,0.0,0.0,0.0,0.0,0.0,0.0
37.1,37.1,37.1,37.1,37.1,37.1,37.1,37.1
37.1,37.1,37.1,37.1,37.1,37.1,37.1,37.1
37.1,37.1,37.1,37.1,37.1,37.1,37.1,37.1
37.1,37.1,37.1,37.1,37.1,37.1,37.1,37.1
84.5,64.8,103.2,61.5,84.8,105.2,93.0,71.7
85.1,64.8,114.3,61.5,85.5,87.5,98.3,71.7
85.1,64.8,114.3,61.5,85.5,87.5,98.3,71.7
83.8,64.8,87.8,61.5,83.9,84.1,131.1,71.7
89.2,65.8,176.4,62.6,91.2,96.2,128.5,73.2
89.2,261.8,176.4,62.6,91.2,96.2,128.5,73.2
262.4,65.8,153.4,62.6,177.4,96.2,128.5,229.9
381.3,65.8,159.9,62.6,208.7,96.2,128.5,73.2
90.4,66.8,179.0,63.8,93.3,97.2,130.4,74.6
90.4,66.8,179.0,63.8,93.3,97.2,130.4,74.6
90.4,66.8,179.0,63.8,93.3,97.2,130.4,74.6
90.4,66.8,179.0,63.8,93.3,97.2,130.4,74.6
92.3,68.3,183.0,65.5,96.5,98.7,133.1,76.8
92.3,68.3,183.0,65.5,96.5,98.7,133.1,76.8
92.3,68.3,183.0,65.5,96.5,98.7,133.1,76.8
92.3,68.3,183.0,65.5,96.5,98.7,133.1,76.8
93.5,69.3,185.7,66.6,98.6,99.8,134.9,78.2
93.5,69.3,185.7,66.6,98.6,99.8,134.9,78.2
93.5,69.3,185.7,66.6,98.6,99.8,134.9,78.2
93.5,69.3,185.7,66.6,98.6,99.8,134.9,78.2
96.6,71.8,192.3,69.4,103.9,102.3,139.5,81.8
96.6,71.8,192.3,69.4,103.9,102.3,139.5,81.8
96.6,2269.3,192.3,69.4,276.8,102.3,609.3,81.8
96.6,2269.3,192.3,69.4,276.8,102.3,139.5,81.8
769.3,2270.8,196.3,71.1,107.1,103.8,142.3,84.0
98.5,73.4,196.3,71.1,107.1,103.8,142.3,84.0
98.5,73.4,221.3,71.1,107.1,493.6,142.3,84.0
98.5,73.4,221.3,71.1,107.1,493.6,142.3,84.0
96.6,71.8,189.7,461.0,103.9,348.9,139.5,81.8
96.6,71.8,192.3,703.1,103.9,102.3,139.5,81.8
96.6,71.8,192.3,703.1,103.9,102.3,139.5,81.8
96.6,71.8,192.3,703.1,103.9,102.3,139.5,81.8
97.3,72.3,193.6,703.7,105.0,102.8,140.4,82.6
97.3,72.3,193.6,703.7,105.0,102.8,140.4,82.6
97.3,72.3,193.6,703.7,105.0,102.8,140.4,82.6
97.3,72.3,193.6,70.0,105.0,102.8,140.4,82.6
38.2,38.2,38.2,38.2,38.2,38.2,38.2,38.2
38.2,38.2,38.2,38.2,38.2,38.2,38.2,38.2
38.2,38.2,38.2,38.2,38.2,38.2,38.2,38.2
38.2,38.2,38.2,38.2,38.2,38.2,38.2,38.2
24.9,24.9,24.9,24.9,24.9,24.9,24.9,24.9
24.9,24.9,24.9,24.9,24.9,24.9,24.9,24.9
24.9,24.9,24.9,24.9,24.9,24.9,24.9,24.9
24.9,24.9,24.9,24.9,24.9,24.9,24.9,24.9
117.2,88.4,236.2,88.1,138.9,119.2,363.7,905.6
945.9,88.4,236.2,88.1,138.9,119.2,363.7,905.6
945.9,88.4,236.2,88.1,138.9,119.2,363.7,105.6
945.9,88.4,444.8,88.1,138.9,119.2,363.7,105.6
336.3,264.2,246.7,97.7,156.9,127.8,230.6,117.9
286.1,240.1,228.9,97.7,156.9,127.8,322.8,117.9
240.6,218.1,212.7,97.7,305.0,127.8,258.4,117.9
127.8,229.6,221.1,97.7,364.2,127.8,292.0,117.9
0.0,0.0,0.0,0.0,0.0,0.0,0.0,0.0
0.0,0.0,0.0,0.0,0.0,0.0,0.0,0.0
0.0,0.0,0.0,0.0,0.0,0.0,0.0,0.0
0.0,0.0,0.0,0.0,0.0,0.0,0.0,0.0
0.0,0.0,0.0,0.0,0.0,0.0,0.0,0.0
0.0,0.0,0.0,0.0,0.0,0.0,0.0,0.0
0.0,0.0,0.0,0.0,0.0,0.0,0.0,0.0
0.0,0.0,0.0,0.0,0.0,0.0,0.0,0.0
0.0,0.0,0.0,0.0,0.0,0.0,0.0,0.0
0.0,0.0,0.0,0.0,0.0,0.0,0.0,0.0
0.0,0.0,0.0,0.0,0.0,0.0,0.0,0.0
0.0,0.0,0.0,0.0,0.0,0.0,0.0,0.0
0.0,0.0,0.0,0.0,0.0,0.0,0.0,0.0
0.0,0.0,0.0,0.0,0.0,0.0,0.0,0.0
0.0,0.0,0.0,0.0,0.0,0.0,0.0,0.0
0.0,0.0,0.0,0.0,0.0,0.0,0.0,0.0
0.0,0.0,0.0,0.0,0.0,0.0,0.0,0.0
0.0,0.0,0.0,0.0,0.0,0.0,0.0,0.0
0.0,0.0,0.0,0.0,0.0,0.0,0.0,0.0
0.0,0.0,0.0,0.0,0.0,0.0,0.0,0.0
0.0,0.0,0.0,0.0,0.0,0.0,0.0,0.0
0.0,0.0,0.0,0.0,0.0,0.0,0.0,0.0
0.0,0.0,0.0,0.0,0.0,0.0,0.0,0.0
0.0,0.0,0.0,0.0,0.0,0.0,0.0,0.0
0.0,0.0,0.0,0.0,0.0,0.0,0.0,0.0
0.0,0.0,0.0,0.0,0.0,0.0,0.0,0.0
0.0,0.0,0.0,0.0,0.0,0.0,0.0,0.0
0.0,0.0,0.0,0.0,0.0,0.0,0.0,0.0
0.0,0.0,0.0,0.0,0.0,0.0,0.0,0.0
0.0,0.0,0.0,0.0,0.0,0.0,0.0,0.0
0.0,0.0,0.0,0.0,0.0,0.0,0.0,0.0
0.0,0.0,0.0,0.0,0.0,0.0,0.0,0.0
0.0,0.0,0.0,0.0,0.0,0.0,0.0,0.0
0.0,0.0,0.0,0.0,0.0,0.0,0.0,0.0
0.0,0.0,0.0,0.0,0.0,0.0,0.0,0.0
0.0,0.0,0.0,0.0,0.0,0.0,0.0,0.0
0.0,0.0,0.0,0.0,0.0,0.0,0.0,0.0
0.0,0.0,0.0,0.0,0.0,0.0,0.0,0.0
0.0,0.0,0.0,0.0,0.0,0.0,0.0,0.0
0.0,0.0,0.0,0.0,0.0,0.0,0.0,0.0
17.1,17.1,17.1,17.1,17.1,17.1,17.1,17.1
17.1,17.1,17.1,17.1,17.1,17.1,17.1,17.1
17.1,17.1,17.1,17.1,17.1,17.1,17.1,17.1
17.1,17.1,17.1,17.1,17.1,17.1,17.1,17.1
0.0,0.0,0.0,0.0,0.0,0.0,0.0,0.0
0.0,0.0,0.0,0.0,0.0,0.0,0.0,0.0
0.0,0.0,0.0,0.0,0.0,0.0,0.0,0.0
0.0,0.0,0.0,0.0,0.0,0.0,0.0,0.0
0.0,0.0,0.0,0.0,0.0,0.0,0.0,0.0
0.0,0.0,0.0,0.0,0.0,0.0,0.0,0.0
0.0,0.0,0.0,0.0,0.0,0.0,0.0,0.0
0.0,0.0,0.0,0.0,0.0,0.0,0.0,0.0
90.4,66.8,179.0,63.8,93.3,97.2,130.4,74.6
90.4,66.8,179.0,63.8,93.3,97.2,130.4,74.6
90.4,66.8,179.0,63.8,93.3,97.2,130.4,74.6
90.4,66.8,179.0,63.8,93.3,97.2,130.4,74.6
92.3,68.3,183.0,65.5,96.5,98.7,133.1,76.8
92.3,68.3,183.0,65.5,96.5,98.7,133.1,76.8
92.3,68.3,183.0,65.5,96.5,98.7,133.1,76.8
92.3,68.3,183.0,65.5,96.5,98.7,133.1,76.8
93.5,69.3,185.7,66.6,98.6,99.8,134.9,78.2
93.5,69.3,185.7,66.6,98.6,99.8,134.9,78.2
93.5,69.3,185.7,66.6,98.6,99.8,134.9,78.2
764.3,69.3,185.7,66.6,98.6,99.8,134.9,78.2
96.6,71.8,192.3,69.4,103.9,102.3,139.5,81.8
96.6,71.8,192.3,77.1,103.9,102.3,139.5,81.8
96.6,71.8,192.3,77.1,103.9,102.3,139.5,81.8
96.6,71.8,242.2,77.1,103.9,102.3,139.5,81.8
98.5,73.4,196.3,71.1,107.1,103.8,142.3,84.0
98.5,73.4,196.3,71.1,107.1,103.8,142.3,84.0
98.5,178.0,196.3,71.1,107.1,131.7,142.3,84.0
98.5,178.0,196.3,71.1,107.1,131.7,142.3,84.0
96.6,176.5,192.3,69.4,103.9,102.3,139.5,2952.9
96.6,71.8,660.3,69.4,103.9,102.3,139.5,2952.9
96.6,71.8,660.3,69.4,103.9,102.3,139.5,81.8
96.6,71.8,660.3,69.4,103.9,102.3,139.5,81.8
97.3,72.3,661.6,70.0,105.0,102.8,140.4,82.6
97.3,72.3,661.6,70.0,105.0,102.8,140.4,82.6
97.3,72.3,661.6,70.0,105.0,102.8,784.4,82.6
97.3,72.3,193.6,70.0,105.0,102.8,784.4,82.6
99.1,73.9,135.9,71.7,108.1,104.4,267.6,84.7
99.1,73.9,135.9,71.7,108.1,104.4,267.6,84.7
99.1,73.9,135.9,71.7,108.1,104.4,267.6,84.7
99.1,73.9,135.9,71.7,108.1,104.4,267.6,84.7
27.5,27.5,27.5,27.5,27.5,27.5,27.5,27.5
27.5,27.5,27.5,27.5,27.5,27.5,27.5,27.5
27.5,27.5,27.5,27.5,27.5,27.5,27.5,27.5
27.5,27.5,27.5,27.5,27.5,27.5,27.5,27.5
10.9,10.9,10.9,10.9,10.9,10.9,10.9,10.9
10.9,10.9,10.9,10.9,10.9,10.9,10.9,10.9
10.9,10.9,10.9,10.9,10.9,10.9,10.9,10.9
10.9,10.9,10.9,10.9,10.9,10.9,10.9,10.9
5.9,5.9,5.9,5.9,5.9,5.9,5.9,5.9
5.9,5.9,5.9,5.9,5.9,5.9,5.9,5.9
5.9,5.9,5.9,5.9,5.9,5.9,5.9,5.9
5.9,5.9,5.9,5.9,5.9,5.9,5.9,5.9
0.0,0.0,0.0,0.0,0.0,0.0,0.0,0.0
0.0,0.0,0.0,0.0,0.0,0.0,0.0,0.0
0.0,0.0,0.0,0.0,0.0,0.0,0.0,0.0
0.0,0.0,0.0,0.0,0.0,0.0,0.0,0.0
0.0,0.0,0.0,0.0,0.0,0.0,0.0,0.0
0.0,0.0,0.0,0.0,0.0,0.0,0.0,0.0
0.0,0.0,0.0,0.0,0.0,0.0,0.0,0.0
0.0,0.0,0.0,0.0,0.0,0.0,0.0,0.0
0.0,0.0,0.0,0.0,0.0,0.0,0.0,0.0
0.0,0.0,0.0,0.0,0.0,0.0,0.0,0.0
0.0,0.0,0.0,0.0,0.0,0.0,0.0,0.0
0.0,0.0,0.0,0.0,0.0,0.0,0.0,0.0
0.0,0.0,0.0,0.0,0.0,0.0,0.0,0.0
0.0,0.0,0.0,0.0,0.0,0.0,0.0,0.0
0.0,0.0,0.0,0.0,0.0,0.0,0.0,0.0
0.0,0.0,0.0,0.0,0.0,0.0,0.0,0.0
0.0,0.0,0.0,0.0,0.0,0.0,0.0,0.0
0.0,0.0,0.0,0.0,0.0,0.0,0.0,0.0
0.0,0.0,0.0,0.0,0.0,0.0,0.0,0.0
0.0,0.0,0.0,0.0,0.0,0.0,0.0,0.0
0.0,0.0,0.0,0.0,0.0,0.0,0.0,0.0
0.0,0.0,0.0,0.0,0.0,0.0,0.0,0.0
0.0,0.0,0.0,0.0,0.0,0.0,0.0,0.0
0.0,0.0,0.0,0.0,0.0,0.0,0.0,0.0
0.0,0.0,0.0,0.0,0.0,0.0,0.0,0.0
0.0,0.0,0.0,0.0,0.0,0.0,0.0,0.0
0.0,0.0,0.0,0.0,0.0,0.0,0.0,0.0
0.0,0.0,0.0,0.0,0.0,0.0,0.0,0.0
0.0,0.0,0.0,0.0,0.0,0.0,0.0,0.0
0.0,0.0,0.0,0.0,0.0,0.0,0.0,0.0
0.0,0.0,0.0,0.0,0.0,0.0,0.0,0.0
0.0,0.0,0.0,0.0,0.0,0.0,0.0,0.0
0.0,0.0,0.0,0.0,0.0,0.0,0.0,0.0
0.0,0.0,0.0,0.0,0.0,0.0,0.0,0.0
0.0,0.0,0.0,0.0,0.0,0.0,0.0,0.0
0.0,0.0,0.0,0.0,0.0,0.0,0.0,0.0
0.0,0.0,0.0,0.0,0.0,0.0,0.0,0.0
0.0,0.0,0.0,0.0,0.0,0.0,0.0,0.0
0.0,0.0,0.0,0.0,0.0,0.0,0.0,0.0
0.0,0.0,0.0,0.0,0.0,0.0,0.0,0.0
8.5,8.5,8.5,8.5,8.5,8.5,8.5,8.5
8.5,8.5,8.5,8.5,8.5,8.5,8.5,8.5
8.5,8.5,8.5,8.5,8.5,8.5,8.5,8.5
8.5,8.5,8.5,8.5,8.5,8.5,8.5,8.5
15.3,15.3,15.3,15.3,15.3,15.3,15.3,15.3
15.3,15.3,15.3,15.3,15.3,15.3,15.3,15.3
15.3,15.3,15.3,15.3,15.3,15.3,15.3,15.3
15.3,15.3,15.3,15.3,15.3,15.3,15.3,15.3
22.0,22.0,22.0,22.0,22.0,22.0,22.0,22.0
22.0,22.0,22.0,22.0,22.0,22.0,22.0,22.0
22.0,22.0,22.0,22.0,22.0,22.0,22.0,22.0
22.0,22.0,22.0,22.0,22.0,22.0,22.0,22.0
36.3,36.3,36.3,36.3,36.3,36.3,36.3,36.3
36.3,36.3,36.3,36.3,36.3,36.3,36.3,36.3
36.3,36.3,36.3,36.3,36.3,36.3,36.3,36.3
36.3,36.3,36.3,36.3,36.3,36.3,36.3,36.3
92.3,68.3,122.1,136.3,96.5,98.7,108.8,76.8
92.3,68.3,172.7,65.5,96.5,98.7,129.0,76.8
92.3,68.3,172.7,65.5,96.5,98.7,129.0,76.8
92.3,68.3,172.7,65.5,96.5,98.7,129.0,76.8
59.7,59.7,59.7,59.7,59.7,59.7,59.7,59.7
59.7,59.7,59.7,59.7,59.7,59.7,59.7,59.7
59.7,59.7,59.7,59.7,59.7,59.7,59.7,59.7
59.7,59.7,59.7,59.7,59.7,59.7,59.7,59.7
64.5,64.5,64.5,64.5,64.5,64.5,64.5,64.5
64.5,64.5,64.5,64.5,64.5,64.5,64.5,64.5
64.5,64.5,64.5,64.5,64.5,64.5,64.5,64.5
64.5,64.5,64.5,64.5,64.5,64.5,64.5,64.5
98.5,178.0,196.3,71.1,222.3,103.8,142.3,84.0
98.5,178.0,196.3,71.1,222.3,103.8,142.3,84.0
98.5,178.0,196.3,71.1,222.3,103.8,142.3,84.0
98.5,73.4,196.3,71.1,107.1,103.8,142.3,84.0
96.6,499.0,192.3,69.4,103.9,102.3,139.5,81.8
96.6,499.0,929.6,69.4,103.9,102.3,139.5,81.8
96.6,499.0,929.6,69.4,103.9,102.3,139.5,81.8
96.6,499.0,929.6,69.4,103.9,102.3,139.5,81.8
97.3,499.5,931.0,70.0,105.0,102.8,140.4,82.6
97.3,72.3,931.0,70.0,105.0,102.8,140.4,82.6
97.3,72.3,931.0,70.0,105.0,102.8,140.4,82.6
97.3,72.3,193.6,70.0,105.0,102.8,140.4,82.6
99.1,73.9,197.6,71.7,108.1,104.4,143.2,84.7
99.1,73.9,197.6,71.7,108.1,104.4,143.2,84.7
99.1,73.9,197.6,71.7,108.1,104.4,143.2,84.7
99.1,73.9,197.6,71.7,108.1,104.4,143.2,84.7
106.0,79.4,212.2,77.9,119.8,110.0,153.3,92.7
106.0,79.4,212.2,77.9,119.8,110.0,153.3,92.7
106.0,79.4,212.2,77.9,119.8,110.0,153.3,92.7
106.0,79.4,212.2,77.9,119.8,110.0,153.3,92.7
117.2,88.4,236.2,88.1,138.9,119.2,169.7,105.6
117.2,88.4,236.2,154.1,138.9,119.2,169.7,105.6
117.2,88.4,236.2,154.1,138.9,119.2,169.7,105.6
117.2,88.4,236.2,88.1,138.9,119.2,169.7,105.6
34.5,34.5,34.5,34.5,34.5,34.5,34.5,34.5
34.5,34.5,34.5,34.5,34.5,34.5,34.5,34.5
34.5,34.5,34.5,34.5,34.5,34.5,34.5,34.5
34.5,34.5,34.5,34.5,34.5,34.5,34.5,34.5
0.0,0.0,0.0,0.0,0.0,0.0,0.0,0.0
0.0,0.0,0.0,0.0,0.0,0.0,0.0,0.0
0.0,0.0,0.0,0.0,0.0,0.0,0.0,0.0
0.0,0.0,0.0,0.0,0.0,0.0,0.0,0.0
0.0,0.0,0.0,0.0,0.0,0.0,0.0,0.0
0.0,0.0,0.0,0.0,0.0,0.0,0.0,0.0
0.0,0.0,0.0,0.0,0.0,0.0,0.0,0.0
0.0,0.0,0.0,0.0,0.0,0.0,0.0,0.0
0.0,0.0,0.0,0.0,0.0,0.0,0.0,0.0
0.0,0.0,0.0,0.0,0.0,0.0,0.0,0.0
0.0,0.0,0.0,0.0,0.0,0.0,0.0,0.0
0.0,0.0,0.0,0.0,0.0,0.0,0.0,0.0
0.0,0.0,0.0,0.0,0.0,0.0,0.0,0.0
0.0,0.0,0.0,0.0,0.0,0.0,0.0,0.0
0.0,0.0,0.0,0.0,0.0,0.0,0.0,0.0
0.0,0.0,0.0,0.0,0.0,0.0,0.0,0.0
0.0,0.0,0.0,0.0,0.0,0.0,0.0,0.0
0.0,0.0,0.0,0.0,0.0,0.0,0.0,0.0
0.0,0.0,0.0,0.0,0.0,0.0,0.0,0.0
0.0,0.0,0.0,0.0,0.0,0.0,0.0,0.0
0.0,0.0,0.0,0.0,0.0,0.0,0.0,0.0
0.0,0.0,0.0,0.0,0.0,0.0,0.0,0.0
0.0,0.0,0.0,0.0,0.0,0.0,0.0,0.0
0.0,0.0,0.0,0.0,0.0,0.0,0.0,0.0
0.0,0.0,0.0,0.0,0.0,0.0,0.0,0.0
0.0,0.0,0.0,0.0,0.0,0.0,0.0,0.0
0.0,0.0,0.0,0.0,0.0,0.0,0.0,0.0
0.0,0.0,0.0,0.0,0.0,0.0,0.0,0.0
0.0,0.0,0.0,0.0,0.0,0.0,0.0,0.0
0.0,0.0,0.0,0.0,0.0,0.0,0.0,0.0
0.0,0.0,0.0,0.0,0.0,0.0,0.0,0.0
0.0,0.0,0.0,0.0,0.0,0.0,0.0,0.0
0.0,0.0,0.0,0.0,0.0,0.0,0.0,0.0
0.0,0.0,0.0,0.0,0.0,0.0,0.0,0.0
0.0,0.0,0.0,0.0,0.0,0.0,0.0,0.0
0.0,0.0,0.0,0.0,0.0,0.0,0.0,0.0
0.0,0.0,0.0,0.0,0.0,0.0,0.0,0.0
0.0,0.0,0.0,0.0,0.0,0.0,0.0,0.0
0.0,0.0,0.0,0.0,0.0,0.0,0.0,0.0
0.0,0.0,0.0,0.0,0.0,0.0,0.0,0.0
12.7,12.7,12.7,12.7,12.7,12.7,12.7,12.7
12.7,12.7,12.7,12.7,12.7,12.7,12.7,12.7
12.7,12.7,12.7,12.7,12.7,12.7,12.7,12.7
12.7,12.7,12.7,12.7,12.7,12.7,12.7,12.7
87.9,64.8,125.3,61.5,194.8,95.2,117.0,172.6
87.9,64.8,173.7,61.5,89.1,95.2,126.7,71.7
87.9,64.8,173.7,61.5,89.1,95.2,126.7,71.7
87.9,64.8,177.7,61.5,89.1,95.2,126.7,71.7
89.2,65.8,176.4,62.6,91.2,96.2,128.5,73.2
89.2,164.5,166.5,62.6,91.2,96.2,258.7,73.2
89.2,164.5,166.5,62.6,91.2,96.2,258.7,73.2
89.2,65.8,176.4,62.6,91.2,96.2,128.5,73.2
90.4,66.8,179.0,63.8,93.3,97.2,130.4,74.6
90.4,66.8,179.0,63.8,93.3,97.2,130.4,74.6
90.4,66.8,179.0,63.8,93.3,97.2,130.4,74.6
90.4,66.8,179.0,63.8,93.3,97.2,130.4,74.6
92.3,68.3,183.0,65.5,96.5,98.7,133.1,76.8
92.3,68.3,183.0,65.5,96.5,98.7,133.1,76.8
92.3,68.3,183.0,65.5,96.5,98.7,133.1,76.8
92.3,68.3,183.0,65.5,96.5,98.7,133.1,76.8
78.0,69.3,85.1,66.6,78.4,78.5,81.2,76.9
78.0,69.3,85.1,66.6,78.4,78.5,81.2,76.9
78.0,69.3,85.1,66.6,78.4,78.5,81.2,76.9
78.0,69.3,85.1,66.6,78.4,78.5,81.2,76.9
63.4,63.4,63.4,63.4,63.4,63.4,63.4,63.4
63.4,63.4,63.4,63.4,63.4,63.4,63.4,63.4
63.4,63.4,63.4,63.4,63.4,63.4,63.4,63.4
63.4,63.4,63.4,63.4,63.4,63.4,63.4,63.4
98.5,73.4,196.3,71.1,107.1,103.8,142.3,84.0
98.5,73.4,196.3,71.1,107.1,103.8,142.3,84.0
98.5,73.4,196.3,71.1,107.1,103.8,142.3,84.0
98.5,73.4,196.3,71.1,107.1,103.8,142.3,84.0
320.2,71.8,242.2,69.4,103.9,102.3,139.5,81.8
320.2,71.8,192.3,69.4,103.9,102.3,139.5,81.8
320.2,71.8,192.3,69.4,103.9,102.3,139.5,81.8
96.6,71.8,192.3,69.4,103.9,102.3,139.5,81.8
52.4,52.4,52.4,52.4,52.4,52.4,52.4,52.4
52.4,52.4,52.4,52.4,52.4,52.4,52.4,52.4
52.4,52.4,52.4,52.4,52.4,52.4,52.4,52.4
52.4,52.4,52.4,52.4,52.4,52.4,52.4,52.4
99.1,73.9,197.6,71.7,108.1,104.4,143.2,84.7
99.1,73.9,197.6,71.7,108.1,104.4,143.2,84.7
99.1,73.9,197.6,71.7,108.1,104.4,143.2,84.7
99.1,73.9,197.6,71.7,108.1,104.4,143.2,84.7
106.0,79.4,212.2,77.9,119.8,110.0,153.3,92.7
106.0,79.4,212.2,77.9,119.8,110.0,153.3,92.7
106.0,79.4,212.2,77.9,119.8,110.0,153.3,92.7
106.0,79.4,212.2,77.9,119.8,110.0,153.3,92.7
117.2,88.4,236.2,88.1,138.9,119.2,169.7,105.6
117.2,88.4,236.2,88.1,138.9,119.2,169.7,105.6
117.2,88.4,236.2,88.1,138.9,119.2,169.7,105.6
629.9,88.4,236.2,88.1,138.9,119.2,169.7,105.6
174.2,97.0,158.1,97.7,153.8,127.8,255.8,164.9
174.2,97.0,158.1,97.7,153.8,127.8,255.8,164.9
229.1,97.0,170.0,97.7,154.2,127.8,158.6,195.0
188.1,97.0,161.1,97.7,153.9,127.8,155.9,247.9
0.0,0.0,0.0,0.0,0.0,0.0,0.0,0.0
0.0,0.0,0.0,0.0,0.0,0.0,0.0,0.0
0.0,0.0,0.0,0.0,0.0,0.0,0.0,0.0
0.0,0.0,0.0,0.0,0.0,0.0,0.0,0.0
0.0,0.0,0.0,0.0,0.0,0.0,0.0,0.0
0.0,0.0,0.0,0.0,0.0,0.0,0.0,0.0
0.0,0.0,0.0,0.0,0.0,0.0,0.0,0.0
0.0,0.0,0.0,0.0,0.0,0.0,0.0,0.0
0.0,0.0,0.0,0.0,0.0,0.0,0.0,0.0
0.0,0.0,0.0,0.0,0.0,0.0,0.0,0.0
0.0,0.0,0.0,0.0,0.0,0.0,0.0,0.0
0.0,0.0,0.0,0.0,0.0,0.0,0.0,0.0
0.0,0.0,0.0,0.0,0.0,0.0,0.0,0.0
0.0,0.0,0.0,0.0,0.0,0.0,0.0,0.0
0.0,0.0,0.0,0.0,0.0,0.0,0.0,0.0
0.0,0.0,0.0,0.0,0.0,0.0,0.0,0.0
0.0,0.0,0.0,0.0,0.0,0.0,0.0,0.0
0.0,0.0,0.0,0.0,0.0,0.0,0.0,0.0
0.0,0.0,0.0,0.0,0.0,0.0,0.0,0.0
0.0,0.0,0.0,0.0,0.0,0.0,0.0,0.0
0.0,0.0,0.0,0.0,0.0,0.0,0.0,0.0
0.0,0.0,0.0,0.0,0.0,0.0,0.0,0.0
0.0,0.0,0.0,0.0,0.0,0.0,0.0,0.0
0.0,0.0,0.0,0.0,0.0,0.0,0.0,0.0
0.0,0.0,0.0,0.0,0.0,0.0,0.0,0.0
0.0,0.0,0.0,0.0,0.0,0.0,0.0,0.0
0.0,0.0,0.0,0.0,0.0,0.0,0.0,0.0
0.0,0.0,0.0,0.0,0.0,0.0,0.0,0.0
0.0,0.0,0.0,0.0,0.0,0.0,0.0,0.0
0.0,0.0,0.0,0.0,0.0,0.0,0.0,0.0
0.0,0.0,0.0,0.0,0.0,0.0,0.0,0.0
0.0,0.0,0.0,0.0,0.0,0.0,0.0,0.0
0.0,0.0,0.0,0.0,0.0,0.0,0.0,0.0
0.0,0.0,0.0,0.0,0.0,0.0,0.0,0.0
0.0,0.0,0.0,0.0,0.0,0.0,0.0,0.0
0.0,0.0,0.0,0.0,0.0,0.0,0.0,0.0
0.0,0.0,0.0,0.0,0.0,0.0,0.0,0.0
0.0,0.0,0.0,0.0,0.0,0.0,0.0,0.0
0.0,0.0,0.0,0.0,0.0,0.0,0.0,0.0
0.0,0.0,0.0,0.0,0.0,0.0,0.0,0.0
8.5,8.5,8.5,8.5,8.5,8.5,8.5,8.5
8.5,8.5,8.5,8.5,8.5,8.5,8.5,8.5
8.5,8.5,8.5,8.5,8.5,8.5,8.5,8.5
8.5,8.5,8.5,8.5,8.5,8.5,8.5,8.5
14.4,14.4,14.4,14.4,14.4,14.4,14.4,14.4
14.4,14.4,14.4,14.4,14.4,14.4,14.4,14.4
14.4,14.4,14.4,14.4,14.4,14.4,14.4,14.4
14.4,14.4,14.4,14.4,14.4,14.4,14.4,14.4
89.2,65.8,480.4,62.6,91.2,96.2,128.5,73.2
89.2,65.8,480.4,62.6,91.2,96.2,128.5,73.2
89.2,193.4,258.0,62.6,91.2,96.2,226.2,73.2
198.2,170.2,208.6,62.6,91.2,96.2,189.7,73.2
432.4,66.8,179.0,63.8,93.3,97.2,130.4,74.6
432.4,66.8,179.0,63.8,93.3,97.2,130.4,74.6
432.4,66.8,179.0,63.8,93.3,97.2,130.4,74.6
432.4,66.8,179.0,63.8,93.3,97.2,130.4,74.6
434.3,68.3,183.0,65.5,96.5,98.7,133.1,76.8
92.3,68.3,183.0,65.5,96.5,98.7,133.1,76.8
92.3,68.3,183.0,65.5,96.5,98.7,133.1,76.8
92.3,68.3,183.0,65.5,96.5,98.7,133.1,76.8
93.5,69.3,185.7,66.6,98.6,99.8,134.9,78.2
93.5,69.3,185.7,66.6,98.6,99.8,134.9,78.2
93.5,69.3,185.7,66.6,98.6,99.8,3423.7,78.2
93.5,226.3,185.7,66.6,98.6,99.8,3423.7,78.2
96.6,228.8,192.3,69.4,103.9,102.3,3428.3,81.8
96.6,71.8,192.3,69.4,103.9,102.3,139.5,81.8
320.2,71.8,192.3,69.4,103.9,102.3,139.5,2952.9
320.2,71.8,192.3,69.4,103.9,102.3,139.5,2952.9
322.1,73.4,196.3,71.1,107.1,103.8,142.3,84.0
98.5,73.4,307.0,71.1,107.1,103.8,142.3,84.0
98.5,73.4,307.0,71.1,107.1,103.8,142.3,84.0
98.5,73.4,307.0,71.1,107.1,103.8,142.3,84.0
96.6,71.8,192.3,69.4,103.9,102.3,139.5,81.8
96.6,71.8,192.3,69.4,103.9,102.3,139.5,81.8
96.6,71.8,192.3,69.4,103.9,102.3,139.5,81.8
96.6,71.8,192.3,69.4,103.9,102.3,139.5,81.8
97.3,72.3,193.6,70.0,105.0,102.8,140.4,82.6
97.3,72.3,193.6,70.0,105.0,102.8,140.4,82.6
97.3,72.3,193.6,70.0,105.0,102.8,140.4,82.6
97.3,72.3,193.6,70.0,105.0,102.8,140.4,82.6
99.1,73.9,197.6,71.7,108.1,104.4,143.2,84.7
99.1,73.9,197.6,71.7,108.1,104.4,143.2,84.7
99.1,73.9,197.6,71.7,108.1,104.4,143.2,84.7
99.1,73.9,197.6,71.7,108.1,104.4,143.2,84.7
106.0,79.4,212.2,77.9,119.8,110.0,153.3,92.7
106.0,79.4,212.2,77.9,119.8,110.0,153.3,92.7
106.0,79.4,212.2,77.9,119.8,110.0,153.3,92.7
106.0,79.4,212.2,77.9,119.8,110.0,153.3,92.7
74.0,74.0,74.0,74.0,74.0,74.0,74.0,74.0
74.0,74.0,74.0,74.0,74.0,74.0,74.0,74.0
74.0,74.0,74.0,74.0,74.0,74.0,74.0,74.0
74.0,74.0,74.0,74.0,74.0,74.0,74.0,74.0
127.8,97.0,258.8,97.7,940.9,127.8,185.3,117.9
127.8,97.0,258.8,97.7,156.9,127.8,185.3,117.9
127.8,97.0,396.8,97.7,156.9,127.8,185.3,434.7
127.8,97.0,396.8,265.7,156.9,491.8,185.3,434.7
0.0,0.0,0.0,0.0,0.0,0.0,0.0,0.0
0.0,0.0,0.0,0.0,0.0,0.0,0.0,0.0
0.0,0.0,0.0,0.0,0.0,0.0,0.0,0.0
0.0,0.0,0.0,0.0,0.0,0.0,0.0,0.0
0.0,0.0,0.0,0.0,0.0,0.0,0.0,0.0
0.0,0.0,0.0,0.0,0.0,0.0,0.0,0.0
0.0,0.0,0.0,0.0,0.0,0.0,0.0,0.0
0.0,0.0,0.0,0.0,0.0,0.0,0.0,0.0
0.0,0.0,0.0,0.0,0.0,0.0,0.0,0.0
0.0,0.0,0.0,0.0,0.0,0.0,0.0,0.0
0.0,0.0,0.0,0.0,0.0,0.0,0.0,0.0
0.0,0.0,0.0,0.0,0.0,0.0,0.0,0.0
0.0,0.0,0.0,0.0,0.0,0.0,0.0,0.0
0.0,0.0,0.0,0.0,0.0,0.0,0.0,0.0
0.0,0.0,0.0,0.0,0.0,0.0,0.0,0.0
0.0,0.0,0.0,0.0,0.0,0.0,0.0,0.0
0.0,0.0,0.0,0.0,0.0,0.0,0.0,0.0
0.0,0.0,0.0,0.0,0.0,0.0,0.0,0.0
0.0,0.0,0.0,0.0,0.0,0.0,0.0,0.0
0.0,0.0,0.0,0.0,0.0,0.0,0.0,0.0
0.0,0.0,0.0,0.0,0.0,0.0,0.0,0.0
0.0,0.0,0.0,0.0,0.0,0.0,0.0,0.0
0.0,0.0,0.0,0.0,0.0,0.0,0.0,0.0
0.0,0.0,0.0,0.0,0.0,0.0,0.0,0.0
0.0,0.0,0.0,0.0,0.0,0.0,0.0,0.0
0.0,0.0,0.0,0.0,0.0,0.0,0.0,0.0
0.0,0.0,0.0,0.0,0.0,0.0,0.0,0.0
0.0,0.0,0.0,0.0,0.0,0.0,0.0,0.0
0.0,0.0,0.0,0.0,0.0,0.0,0.0,0.0
0.0,0.0,0.0,0.0,0.0,0.0,0.0,0.0
0.0,0.0,0.0,0.0,0.0,0.0,0.0,0.0
0.0,0.0,0.0,0.0,0.0,0.0,0.0,0.0
0.0,0.0,0.0,0.0,0.0,0.0,0.0,0.0
0.0,0.0,0.0,0.0,0.0,0.0,0.0,0.0
0.0,0.0,0.0,0.0,0.0,0.0,0.0,0.0
0.0,0.0,0.0,0.0,0.0,0.0,0.0,0.0
0.0,0.0,0.0,0.0,0.0,0.0,0.0,0.0
0.0,0.0,0.0,0.0,0.0,0.0,0.0,0.0
0.0,0.0,0.0,0.0,0.0,0.0,0.0,0.0
0.0,0.0,0.0,0.0,0.0,0.0,0.0,0.0
12.6,12.6,12.6,12.6,12.6,12.6,12.6,12.6
12.6,12.6,12.6,12.6,12.6,12.6,12.6,12.6
12.6,12.6,12.6,12.6,12.6,12.6,12.6,12.6
12.6,12.6,12.6,12.6,12.6,12.6,12.6,12.6
23.5,23.5,23.5,23.5,23.5,23.5,23.5,23.5
23.5,23.5,23.5,23.5,23.5,23.5,23.5,23.5
23.5,23.5,23.5,23.5,23.5,23.5,23.5,23.5
23.5,23.5,23.5,23.5,23.5,23.5,23.5,23.5
38.6,38.6,38.6,38.6,38.6,38.6,38.6,38.6
38.6,38.6,38.6,38.6,38.6,38.6,38.6,38.6
38.6,38.6,38.6,38.6,38.6,38.6,38.6,38.6
38.6,38.6,38.6,38.6,38.6,38.6,38.6,38.6
47.6,47.6,47.6,47.6,47.6,47.6,47.6,47.6
47.6,47.6,47.6,47.6,47.6,47.6,47.6,47.6
47.6,47.6,47.6,47.6,47.6,47.6,47.6,47.6
47.6,47.6,47.6,47.6,47.6,47.6,47.6,47.6
55.7,55.7,55.7,55.7,55.7,55.7,55.7,55.7
55.7,55.7,55.7,55.7,55.7,55.7,55.7,55.7
55.7,55.7,55.7,55.7,55.7,55.7,55.7,55.7
55.7,55.7,55.7,55.7,55.7,55.7,55.7,55.7
68.9,68.7,69.6,66.6,68.9,68.9,69.2,68.8
68.9,68.7,69.6,66.6,68.9,68.9,69.2,68.8
68.9,68.7,69.7,66.6,68.9,68.9,69.2,68.8
68.9,68.7,69.7,66.6,68.9,68.9,69.2,68.8
96.6,71.8,208.9,69.4,103.9,102.3,139.5,81.8
96.6,71.8,192.3,69.4,103.9,102.3,139.5,173.0
96.6,71.8,192.3,69.4,103.9,102.3,139.5,173.0
96.6,71.8,192.3,69.4,103.9,102.3,139.5,173.0
98.5,73.4,196.3,585.8,452.8,103.8,142.3,84.0
98.5,73.4,196.3,585.8,107.1,103.8,142.3,84.0
98.5,73.4,196.3,585.8,107.1,103.8,142.3,84.0
98.5,73.4,196.3,78.8,107.1,103.8,298.9,84.0
96.6,71.8,192.3,77.1,103.9,102.3,296.1,81.8
96.6,71.8,192.3,77.1,103.9,102.3,296.1,81.8
96.6,71.8,192.3,69.4,103.9,102.3,139.5,81.8
96.6,71.8,192.3,69.4,103.9,102.3,139.5,81.8
97.3,72.3,193.6,70.0,105.0,102.8,140.4,82.6
97.3,72.3,193.6,70.0,105.0,102.8,140.4,82.6
97.3,72.3,193.6,70.0,105.0,102.8,140.4,82.6
97.3,72.3,193.6,70.0,105.0,102.8,140.4,82.6
99.1,73.9,197.6,71.7,108.1,104.4,143.2,84.7
99.1,73.9,197.6,71.7,108.1,104.4,143.2,84.7
99.1,73.9,197.6,71.7,108.1,104.4,143.2,84.7
99.1,73.9,197.6,71.7,108.1,104.4,143.2,84.7
106.0,79.4,212.2,77.9,119.8,110.0,153.3,92.7
106.0,79.4,212.2,77.9,119.8,110.0,153.3,92.7
106.0,79.4,212.2,77.9,119.8,110.0,153.3,92.7
106.0,79.4,212.2,77.9,119.8,110.0,153.3,92.7
117.2,2595.0,236.2,88.1,138.9,119.2,169.7,105.6
117.2,88.4,236.2,256.1,138.9,119.2,169.7,105.6
117.2,88.4,236.2,88.1,138.9,119.2,169.7,105.6
117.2,88.4,236.2,88.1,138.9,119.2,169.7,105.6
2102.5,97.0,258.8,97.7,156.9,127.8,185.3,117.9
988.3,97.0,258.8,97.7,156.9,127.8,1518.6,503.0
2102.5,97.0,258.8,97.7,156.9,127.8,185.3,576.9
127.8,97.0,258.8,97.7,1054.9,127.8,185.3,576.9
0.0,0.0,0.0,0.0,0.0,0.0,0.0,0.0
0.0,0.0,0.0,0.0,0.0,0.0,0.0,0.0
0.0,0.0,0.0,0.0,0.0,0.0,0.0,0.0
0.0,0.0,0.0,0.0,0.0,0.0,0.0,0.0
0.0,0.0,0.0,0.0,0.0,0.0,0.0,0.0
0.0,0.0,0.0,0.0,0.0,0.0,0.0,0.0
0.0,0.0,0.0,0.0,0.0,0.0,0.0,0.0
0.0,0.0,0.0,0.0,0.0,0.0,0.0,0.0
0.0,0.0,0.0,0.0,0.0,0.0,0.0,0.0
0.0,0.0,0.0,0.0,0.0,0.0,0.0,0.0
0.0,0.0,0.0,0.0,0.0,0.0,0.0,0.0
0.0,0.0,0.0,0.0,0.0,0.0,0.0,0.0
0.0,0.0,0.0,0.0,0.0,0.0,0.0,0.0
0.0,0.0,0.0,0.0,0.0,0.0,0.0,0.0
0.0,0.0,0.0,0.0,0.0,0.0,0.0,0.0
0.0,0.0,0.0,0.0,0.0,0.0,0.0,0.0
0.0,0.0,0.0,0.0,0.0,0.0,0.0,0.0
0.0,0.0,0.0,0.0,0.0,0.0,0.0,0.0
0.0,0.0,0.0,0.0,0.0,0.0,0.0,0.0
0.0,0.0,0.0,0.0,0.0,0.0,0.0,0.0
0.0,0.0,0.0,0.0,0.0,0.0,0.0,0.0
0.0,0.0,0.0,0.0,0.0,0.0,0.0,0.0
0.0,0.0,0.0,0.0,0.0,0.0,0.0,0.0
0.0,0.0,0.0,0.0,0.0,0.0,0.0,0.0
0.0,0.0,0.0,0.0,0.0,0.0,0.0,0.0
0.0,0.0,0.0,0.0,0.0,0.0,0.0,0.0
0.0,0.0,0.0,0.0,0.0,0.0,0.0,0.0
0.0,0.0,0.0,0.0,0.0,0.0,0.0,0.0
0.0,0.0,0.0,0.0,0.0,0.0,0.0,0.0
0.0,0.0,0.0,0.0,0.0,0.0,0.0,0.0
0.0,0.0,0.0,0.0,0.0,0.0,0.0,0.0
0.0,0.0,0.0,0.0,0.0,0.0,0.0,0.0
0.0,0.0,0.0,0.0,0.0,0.0,0.0,0.0
0.0,0.0,0.0,0.0,0.0,0.0,0.0,0.0
0.0,0.0,0.0,0.0,0.0,0.0,0.0,0.0
0.0,0.0,0.0,0.0,0.0,0.0,0.0,0.0
0.0,0.0,0.0,0.0,0.0,0.0,0.0,0.0
0.0,0.0,0.0,0.0,0.0,0.0,0.0,0.0
0.0,0.0,0.0,0.0,0.0,0.0,0.0,0.0
0.0,0.0,0.0,0.0,0.0,0.0,0.0,0.0
0.0,0.0,0.0,0.0,0.0,0.0,0.0,0.0
0.0,0.0,0.0,0.0,0.0,0.0,0.0,0.0
0.0,0.0,0.0,0.0,0.0,0.0,0.0,0.0
0.0,0.0,0.0,0.0,0.0,0.0,0.0,0.0
47.7,47.7,47.7,47.7,47.7,47.7,47.7,47.7
47.7,47.7,47.7,47.7,47.7,47.7,47.7,47.7
47.7,47.7,47.7,47.7,47.7,47.7,47.7,47.7
47.7,47.7,47.7,47.7,47.7,47.7,47.7,47.7
74.3,65.8,81.4,62.6,74.4,74.5,85.5,73.2
74.3,65.8,81.4,62.6,74.4,74.5,85.5,73.2
74.5,65.8,77.6,74.7,75.3,74.8,75.9,73.2
74.4,79.6,77.1,62.6,74.5,74.7,75.7,73.2
90.4,258.2,179.0,63.8,93.3,97.2,130.4,74.6
90.4,258.2,179.0,63.8,93.3,97.2,130.4,74.6
90.4,220.0,856.7,63.8,93.3,97.2,130.4,74.6
90.4,220.0,856.7,63.8,93.3,97.2,130.4,74.6
92.3,259.8,1989.3,65.5,96.5,98.7,133.1,76.8
92.3,259.8,1989.3,65.5,96.5,98.7,133.1,76.8
92.3,68.3,2180.8,65.5,96.5,98.7,133.1,76.8
92.3,68.3,1271.0,65.5,96.5,98.7,133.1,76.8
88.3,69.3,135.1,66.6,88.5,88.5,89.9,78.2
88.3,69.3,135.1,66.6,88.5,88.5,89.9,78.2
89.6,69.3,116.4,66.6,91.1,91.5,101.7,78.2
88.8,69.3,102.2,66.6,114.6,89.7,94.8,78.2
96.6,71.8,192.3,69.4,276.8,102.3,139.5,81.8
96.6,71.8,192.3,69.4,103.9,102.3,296.1,1507.2
96.6,71.8,192.3,69.4,103.9,102.3,296.1,81.8
96.6,71.8,192.3,69.4,103.9,102.3,296.1,81.8
98.5,73.4,196.3,71.1,107.1,103.8,142.3,84.0
98.5,73.4,246.2,78.8,107.1,103.8,142.3,84.0
98.5,73.4,196.3,78.8,107.1,103.8,142.3,84.0
769.3,73.4,196.3,78.8,107.1,103.8,142.3,84.0
96.6,71.8,192.3,69.4,103.9,102.3,139.5,81.8
96.6,71.8,192.3,69.4,103.9,102.3,139.5,81.8
96.6,71.8,192.3,69.4,103.9,102.3,139.5,81.8
96.6,71.8,192.3,69.4,103.9,102.3,139.5,81.8
97.3,72.3,193.6,70.0,105.0,102.8,140.4,82.6
97.3,72.3,193.6,70.0,105.0,102.8,140.4,82.6
673.3,72.3,193.6,70.0,105.0,102.8,140.4,82.6
673.3,72.3,193.6,70.0,105.0,102.8,140.4,82.6
178.5,73.9,117.6,71.7,106.2,104.4,110.7,84.7
178.5,73.9,117.6,71.7,106.2,104.4,110.7,84.7
178.5,73.9,117.6,71.7,106.2,104.4,110.7,84.7
175.8,73.9,109.9,71.7,106.1,118.2,107.6,84.7
52.0,52.0,52.0,52.0,52.0,52.0,52.0,52.0
52.0,52.0,52.0,52.0,52.0,52.0,52.0,52.0
52.0,52.0,52.0,52.0,52.0,52.0,52.0,52.0
52.0,52.0,52.0,52.0,52.0,52.0,52.0,52.0
117.2,88.4,236.2,88.1,138.9,404.8,169.7,105.6
117.2,88.4,236.2,88.1,138.9,404.8,1248.1,105.6
117.2,88.4,236.2,88.1,138.9,537.8,1248.1,105.6
117.2,88.4,236.2,144.1,138.9,537.8,1248.1,105.6
127.8,97.0,258.8,153.7,156.9,546.5,1263.7,117.9
127.8,97.0,258.8,153.7,156.9,546.5,1263.7,117.9
127.8,97.0,258.8,153.7,156.9,413.5,185.3,117.9
127.8,97.0,258.8,97.7,156.9,127.8,185.3,117.9
0.0,0.0,0.0,0.0,0.0,0.0,0.0,0.0
0.0,0.0,0.0,0.0,0.0,0.0,0.0,0.0
0.0,0.0,0.0,0.0,0.0,0.0,0.0,0.0
0.0,0.0,0.0,0.0,0.0,0.0,0.0,0.0
0.0,0.0,0.0,0.0,0.0,0.0,0.0,0.0
0.0,0.0,0.0,0.0,0.0,0.0,0.0,0.0
0.0,0.0,0.0,0.0,0.0,0.0,0.0,0.0
0.0,0.0,0.0,0.0,0.0,0.0,0.0,0.0
0.0,0.0,0.0,0.0,0.0,0.0,0.0,0.0
0.0,0.0,0.0,0.0,0.0,0.0,0.0,0.0
0.0,0.0,0.0,0.0,0.0,0.0,0.0,0.0
0.0,0.0,0.0,0.0,0.0,0.0,0.0,0.0
0.0,0.0,0.0,0.0,0.0,0.0,0.0,0.0
0.0,0.0,0.0,0.0,0.0,0.0,0.0,0.0
0.0,0.0,0.0,0.0,0.0,0.0,0.0,0.0
0.0,0.0,0.0,0.0,0.0,0.0,0.0,0.0
0.0,0.0,0.0,0.0,0.0,0.0,0.0,0.0
0.0,0.0,0.0,0.0,0.0,0.0,0.0,0.0
0.0,0.0,0.0,0.0,0.0,0.0,0.0,0.0
0.0,0.0,0.0,0.0,0.0,0.0,0.0,0.0
0.0,0.0,0.0,0.0,0.0,0.0,0.0,0.0
0.0,0.0,0.0,0.0,0.0,0.0,0.0,0.0
0.0,0.0,0.0,0.0,0.0,0.0,0.0,0.0
0.0,0.0,0.0,0.0,0.0,0.0,0.0,0.0
0.0,0.0,0.0,0.0,0.0,0.0,0.0,0.0
0.0,0.0,0.0,0.0,0.0,0.0,0.0,0.0
0.0,0.0,0.0,0.0,0.0,0.0,0.0,0.0
0.0,0.0,0.0,0.0,0.0,0.0,0.0,0.0
0.0,0.0,0.0,0.0,0.0,0.0,0.0,0.0
0.0,0.0,0.0,0.0,0.0,0.0,0.0,0.0
0.0,0.0,0.0,0.0,0.0,0.0,0.0,0.0
0.0,0.0,0.0,0.0,0.0,0.0,0.0,0.0
0.0,0.0,0.0,0.0,0.0,0.0,0.0,0.0
0.0,0.0,0.0,0.0,0.0,0.0,0.0,0.0
0.0,0.0,0.0,0.0,0.0,0.0,0.0,0.0
0.0,0.0,0.0,0.0,0.0,0.0,0.0,0.0
0.0,0.0,0.0,0.0,0.0,0.0,0.0,0.0
0.0,0.0,0.0,0.0,0.0,0.0,0.0,0.0
0.0,0.0,0.0,0.0,0.0,0.0,0.0,0.0
0.0,0.0,0.0,0.0,0.0,0.0,0.0,0.0
0.0,0.0,0.0,0.0,0.0,0.0,0.0,0.0
0.0,0.0,0.0,0.0,0.0,0.0,0.0,0.0
0.0,0.0,0.0,0.0,0.0,0.0,0.0,0.0
0.0,0.0,0.0,0.0,0.0,0.0,0.0,0.0
0.0,0.0,0.0,0.0,0.0,0.0,0.0,0.0
0.0,0.0,0.0,0.0,0.0,0.0,0.0,0.0
0.0,0.0,0.0,0.0,0.0,0.0,0.0,0.0
0.0,0.0,0.0,0.0,0.0,0.0,0.0,0.0
33.5,33.5,33.5,33.5,33.5,33.5,33.5,33.5
33.5,33.5,33.5,33.5,33.5,33.5,33.5,33.5
33.5,33.5,33.5,33.5,33.5,33.5,33.5,33.5
33.5,33.5,33.5,33.5,33.5,33.5,33.5,33.5
426.4,128.8,179.0,75.8,379.3,97.2,130.4,74.6
90.4,128.8,179.0,63.8,379.3,97.2,130.4,74.6
90.4,66.8,179.0,63.8,93.3,97.2,130.4,74.6
90.4,66.8,179.0,63.8,93.3,97.2,587.2,74.6
92.3,68.3,183.0,65.5,96.5,98.7,589.9,76.8
92.3,68.3,183.0,65.5,96.5,98.7,589.9,76.8
92.3,68.3,183.0,65.5,96.5,98.7,589.9,76.8
92.3,68.3,183.0,65.5,96.5,98.7,589.9,76.8
93.5,69.3,185.7,66.6,98.6,99.8,134.9,78.2
93.5,69.3,185.7,66.6,98.6,99.8,134.9,78.2
93.5,69.3,185.7,66.6,98.6,99.8,134.9,78.2
93.5,69.3,185.7,66.6,98.6,99.8,134.9,78.2
96.6,71.8,192.3,69.4,103.9,102.3,139.5,81.8
96.6,71.8,192.3,69.4,103.9,102.3,139.5,81.8
96.6,71.8,192.3,92.3,103.9,102.3,139.5,81.8
96.6,71.8,192.3,69.4,103.9,102.3,139.5,81.8
98.5,73.4,196.3,71.1,107.1,103.8,142.3,84.0
433.9,73.4,196.3,71.1,107.1,103.8,142.3,84.0
433.9,73.4,196.3,71.1,107.1,103.8,142.3,84.0
98.5,73.4,196.3,71.1,452.8,103.8,142.3,84.0
96.6,71.8,192.3,69.4,103.9,102.3,139.5,81.8
96.6,71.8,192.3,69.4,103.9,102.3,139.5,81.8
96.6,71.8,192.3,69.4,103.9,102.3,139.5,81.8
96.6,71.8,192.3,69.4,103.9,102.3,139.5,81.8
97.3,72.3,193.6,719.3,105.0,102.8,140.4,82.6
293.8,72.3,193.6,719.3,105.0,102.8,140.4,82.6
293.8,72.3,193.6,719.3,105.0,102.8,140.4,82.6
293.8,72.3,193.6,719.3,105.0,102.8,140.4,82.6
295.7,73.9,197.6,721.0,108.1,104.4,143.2,84.7
295.7,73.9,197.6,721.0,108.1,104.4,143.2,84.7
295.7,73.9,197.6,71.7,108.1,104.4,143.2,84.7
295.7,73.9,197.6,71.7,108.1,104.4,143.2,84.7
1194.0,79.4,212.2,77.9,119.8,110.0,153.3,92.7
1194.0,79.4,212.2,77.9,119.8,110.0,153.3,92.7
1194.0,79.4,212.2,77.9,119.8,110.0,153.3,92.7
1194.0,79.4,212.2,77.9,119.8,110.0,153.3,92.7
1205.2,88.4,236.2,88.1,138.9,119.2,169.7,105.6
1205.2,88.4,236.2,88.1,138.9,119.2,169.7,105.6
1205.2,88.4,236.2,320.1,138.9,119.2,169.7,105.6
117.2,88.4,939.3,88.1,138.9,119.2,3465.7,105.6
127.8,97.0,961.9,97.7,156.9,127.8,185.3,117.9
127.8,97.0,961.9,97.7,156.9,127.8,185.3,117.9
127.8,97.0,961.9,97.7,156.9,202.5,185.3,117.9
127.8,97.0,961.9,97.7,156.9,202.5,185.3,117.9
0.0,0.0,0.0,0.0,0.0,0.0,0.0,0.0
0.0,0.0,0.0,0.0,0.0,0.0,0.0,0.0
0.0,0.0,0.0,0.0,0.0,0.0,0.0,0.0
0.0,0.0,0.0,0.0,0.0,0.0,0.0,0.0
0.0,0.0,0.0,0.0,0.0,0.0,0.0,0.0
0.0,0.0,0.0,0.0,0.0,0.0,0.0,0.0
0.0,0.0,0.0,0.0,0.0,0.0,0.0,0.0
0.0,0.0,0.0,0.0,0.0,0.0,0.0,0.0
0.0,0.0,0.0,0.0,0.0,0.0,0.0,0.0
0.0,0.0,0.0,0.0,0.0,0.0,0.0,0.0
0.0,0.0,0.0,0.0,0.0,0.0,0.0,0.0
0.0,0.0,0.0,0.0,0.0,0.0,0.0,0.0
0.0,0.0,0.0,0.0,0.0,0.0,0.0,0.0
0.0,0.0,0.0,0.0,0.0,0.0,0.0,0.0
0.0,0.0,0.0,0.0,0.0,0.0,0.0,0.0
0.0,0.0,0.0,0.0,0.0,0.0,0.0,0.0
0.0,0.0,0.0,0.0,0.0,0.0,0.0,0.0
0.0,0.0,0.0,0.0,0.0,0.0,0.0,0.0
0.0,0.0,0.0,0.0,0.0,0.0,0.0,0.0
0.0,0.0,0.0,0.0,0.0,0.0,0.0,0.0
0.0,0.0,0.0,0.0,0.0,0.0,0.0,0.0
0.0,0.0,0.0,0.0,0.0,0.0,0.0,0.0
0.0,0.0,0.0,0.0,0.0,0.0,0.0,0.0
0.0,0.0,0.0,0.0,0.0,0.0,0.0,0.0
0.0,0.0,0.0,0.0,0.0,0.0,0.0,0.0
0.0,0.0,0.0,0.0,0.0,0.0,0.0,0.0
0.0,0.0,0.0,0.0,0.0,0.0,0.0,0.0
0.0,0.0,0.0,0.0,0.0,0.0,0.0,0.0
0.0,0.0,0.0,0.0,0.0,0.0,0.0,0.0
0.0,0.0,0.0,0.0,0.0,0.0,0.0,0.0
0.0,0.0,0.0,0.0,0.0,0.0,0.0,0.0
0.0,0.0,0.0,0.0,0.0,0.0,0.0,0.0
0.0,0.0,0.0,0.0,0.0,0.0,0.0,0.0
0.0,0.0,0.0,0.0,0.0,0.0,0.0,0.0
0.0,0.0,0.0,0.0,0.0,0.0,0.0,0.0
0.0,0.0,0.0,0.0,0.0,0.0,0.0,0.0
0.0,0.0,0.0,0.0,0.0,0.0,0.0,0.0
0.0,0.0,0.0,0.0,0.0,0.0,0.0,0.0
0.0,0.0,0.0,0.0,0.0,0.0,0.0,0.0
0.0,0.0,0.0,0.0,0.0,0.0,0.0,0.0
39.3,39.3,39.3,39.3,39.3,39.3,39.3,39.3
39.3,39.3,39.3,39.3,39.3,39.3,39.3,39.3
39.3,39.3,39.3,39.3,39.3,39.3,39.3,39.3
39.3,39.3,39.3,39.3,39.3,39.3,39.3,39.3
24.6,24.6,24.6,24.6,24.6,24.6,24.6,24.6
24.6,24.6,24.6,24.6,24.6,24.6,24.6,24.6
24.6,24.6,24.6,24.6,24.6,24.6,24.6,24.6
24.6,24.6,24.6,24.6,24.6,24.6,24.6,24.6
89.2,65.8,129.9,62.6,91.2,96.2,116.9,248.1
89.2,65.8,176.4,84.6,91.2,96.2,128.5,73.2
89.2,65.8,176.4,84.6,91.2,144.2,128.5,73.2
89.2,65.8,176.4,62.6,91.2,144.2,128.5,73.2
90.4,66.8,179.0,63.8,93.3,97.2,130.4,74.6
90.4,66.8,179.0,63.8,93.3,97.2,130.4,74.6
90.4,66.8,179.0,63.8,93.3,97.2,130.4,74.6
90.4,66.8,179.0,63.8,93.3,97.2,130.4,74.6
92.3,68.3,183.0,65.5,96.5,98.7,133.1,76.8
92.3,68.3,183.0,65.5,96.5,98.7,133.1,76.8
92.3,68.3,183.0,65.5,96.5,98.7,133.1,76.8
92.3,68.3,183.0,65.5,96.5,98.7,133.1,76.8
93.5,69.3,185.7,66.6,98.6,99.8,134.9,78.2
93.5,69.3,185.7,66.6,98.6,99.8,134.9,78.2
93.5,69.3,185.7,66.6,98.6,99.8,134.9,78.2
93.5,69.3,185.7,66.6,98.6,99.8,134.9,78.2
96.6,71.8,192.3,69.4,103.9,102.3,4760.5,173.0
96.6,71.8,192.3,69.4,219.1,158.0,139.5,173.0
96.6,71.8,192.3,69.4,219.1,102.3,139.5,173.0
96.6,71.8,1246.7,69.4,219.1,102.3,139.5,81.8
98.5,73.4,1250.6,71.1,107.1,103.8,142.3,84.0
98.5,73.4,726.3,71.1,107.1,103.8,142.3,84.0
98.5,73.4,726.3,71.1,107.1,103.8,142.3,84.0
433.9,73.4,196.3,71.1,107.1,103.8,142.3,84.0
432.0,71.8,192.3,69.4,103.9,102.3,139.5,81.8
96.6,71.8,192.3,69.4,103.9,102.3,139.5,81.8
96.6,71.8,192.3,69.4,103.9,102.3,139.5,81.8
96.6,71.8,192.3,69.4,103.9,102.3,139.5,81.8
97.3,72.3,193.6,70.0,105.0,102.8,140.4,82.6
97.3,72.3,193.6,70.0,105.0,102.8,140.4,82.6
97.3,72.3,193.6,70.0,105.0,102.8,140.4,82.6
97.3,72.3,193.6,70.0,105.0,102.8,140.4,82.6
99.1,73.9,197.6,71.7,108.1,104.4,143.2,84.7
99.1,73.9,197.6,71.7,108.1,104.4,143.2,84.7
99.1,73.9,197.6,71.7,108.1,104.4,143.2,84.7
99.1,73.9,197.6,71.7,108.1,104.4,143.2,84.7
106.0,79.4,212.2,77.9,119.8,110.0,153.3,92.7
106.0,79.4,212.2,77.9,119.8,110.0,153.3,92.7
106.0,79.4,212.2,77.9,119.8,110.0,153.3,92.7
106.0,79.4,212.2,77.9,119.8,110.0,153.3,92.7
244.5,88.4,201.8,88.1,556.4,119.2,169.7,105.6
566.5,88.4,236.2,88.1,138.9,119.2,169.7,105.6
336.4,88.4,211.6,404.0,138.9,119.2,169.7,105.6
336.4,88.4,211.6,404.0,138.9,119.2,169.7,105.6
527.5,97.0,258.8,676.9,156.9,127.8,185.3,117.9
527.5,97.0,258.8,676.9,156.9,127.8,185.3,117.9
127.8,97.0,460.8,755.2,156.9,127.8,185.3,117.9
127.8,97.0,460.8,800.5,156.9,127.8,185.3,117.9
0.0,0.0,0.0,0.0,0.0,0.0,0.0,0.0
0.0,0.0,0.0,0.0,0.0,0.0,0.0,0.0
0.0,0.0,0.0,0.0,0.0,0.0,0.0,0.0
0.0,0.0,0.0,0.0,0.0,0.0,0.0,0.0
0.0,0.0,0.0,0.0,0.0,0.0,0.0,0.0
0.0,0.0,0.0,0.0,0.0,0.0,0.0,0.0
0.0,0.0,0.0,0.0,0.0,0.0,0.0,0.0
0.0,0.0,0.0,0.0,0.0,0.0,0.0,0.0
0.0,0.0,0.0,0.0,0.0,0.0,0.0,0.0
0.0,0.0,0.0,0.0,0.0,0.0,0.0,0.0
0.0,0.0,0.0,0.0,0.0,0.0,0.0,0.0
0.0,0.0,0.0,0.0,0.0,0.0,0.0,0.0
0.0,0.0,0.0,0.0,0.0,0.0,0.0,0.0
0.0,0.0,0.0,0.0,0.0,0.0,0.0,0.0
0.0,0.0,0.0,0.0,0.0,0.0,0.0,0.0
0.0,0.0,0.0,0.0,0.0,0.0,0.0,0.0
0.0,0.0,0.0,0.0,0.0,0.0,0.0,0.0
0.0,0.0,0.0,0.0,0.0,0.0,0.0,0.0
0.0,0.0,0.0,0.0,0.0,0.0,0.0,0.0
0.0,0.0,0.0,0.0,0.0,0.0,0.0,0.0
0.0,0.0,0.0,0.0,0.0,0.0,0.0,0.0
0.0,0.0,0.0,0.0,0.0,0.0,0.0,0.0
0.0,0.0,0.0,0.0,0.0,0.0,0.0,0.0
0.0,0.0,0.0,0.0,0.0,0.0,0.0,0.0
0.0,0.0,0.0,0.0,0.0,0.0,0.0,0.0
0.0,0.0,0.0,0.0,0.0,0.0,0.0,0.0
0.0,0.0,0.0,0.0,0.0,0.0,0.0,0.0
0.0,0.0,0.0,0.0,0.0,0.0,0.0,0.0
0.0,0.0,0.0,0.0,0.0,0.0,0.0,0.0
0.0,0.0,0.0,0.0,0.0,0.0,0.0,0.0
0.0,0.0,0.0,0.0,0.0,0.0,0.0,0.0
0.0,0.0,0.0,0.0,0.0,0.0,0.0,0.0
0.0,0.0,0.0,0.0,0.0,0.0,0.0,0.0
0.0,0.0,0.0,0.0,0.0,0.0,0.0,0.0
0.0,0.0,0.0,0.0,0.0,0.0,0.0,0.0
0.0,0.0,0.0,0.0,0.0,0.0,0.0,0.0
0.0,0.0,0.0,0.0,0.0,0.0,0.0,0.0
0.0,0.0,0.0,0.0,0.0,0.0,0.0,0.0
0.0,0.0,0.0,0.0,0.0,0.0,0.0,0.0
0.0,0.0,0.0,0.0,0.0,0.0,0.0,0.0
9.2,9.2,9.2,9.2,9.2,9.2,9.2,9.2
9.2,9.2,9.2,9.2,9.2,9.2,9.2,9.2
9.2,9.2,9.2,9.2,9.2,9.2,9.2,9.2
9.2,9.2,9.2,9.2,9.2,9.2,9.2,9.2
40.4,40.4,40.4,40.4,40.4,40.4,40.4,40.4
40.4,40.4,40.4,40.4,40.4,40.4,40.4,40.4
40.4,40.4,40.4,40.4,40.4,40.4,40.4,40.4
40.4,40.4,40.4,40.4,40.4,40.4,40.4,40.4
20.5,20.5,20.5,20.5,20.5,20.5,20.5,20.5
20.5,20.5,20.5,20.5,20.5,20.5,20.5,20.5
20.5,20.5,20.5,20.5,20.5,20.5,20.5,20.5
20.5,20.5,20.5,20.5,20.5,20.5,20.5,20.5
90.4,66.8,179.0,63.8,93.3,97.2,130.4,74.6
90.4,66.8,179.0,63.8,93.3,97.2,130.4,74.6
90.4,66.8,179.0,63.8,93.3,97.2,130.4,74.6
434.4,66.8,179.0,63.8,93.3,97.2,130.4,74.6
92.3,68.3,183.0,65.5,96.5,98.7,133.1,76.8
92.3,68.3,183.0,65.5,96.5,98.7,133.1,76.8
92.3,68.3,183.0,65.5,96.5,98.7,133.1,76.8
92.3,68.3,183.0,65.5,96.5,98.7,133.1,76.8
72.5,69.3,75.3,66.6,72.7,72.7,73.8,72.1
72.5,69.3,75.3,66.6,72.7,72.7,73.8,72.1
72.4,69.3,76.0,66.6,72.6,72.6,73.5,72.0
72.5,69.3,75.3,66.6,72.7,72.7,73.8,72.1
96.6,71.8,192.3,69.4,103.9,102.3,139.5,81.8
96.6,71.8,192.3,69.4,103.9,102.3,139.5,81.8
96.6,71.8,192.3,80.9,103.9,102.3,374.4,81.8
96.6,176.5,192.3,80.9,219.1,102.3,374.4,81.8
98.5,178.0,196.3,71.1,222.3,103.8,142.3,84.0
98.5,178.0,196.3,71.1,222.3,103.8,142.3,84.0
98.5,73.4,196.3,71.1,107.1,103.8,142.3,84.0
98.5,73.4,383.3,71.1,107.1,103.8,142.3,84.0
96.6,71.8,379.3,69.4,103.9,102.3,139.5,81.8
96.6,71.8,379.3,69.4,103.9,102.3,139.5,81.8
96.6,71.8,379.3,69.4,103.9,102.3,139.5,81.8
96.6,71.8,379.3,69.4,103.9,102.3,139.5,81.8
97.3,72.3,380.6,70.0,105.0,102.8,140.4,82.6
97.3,72.3,380.6,70.0,105.0,102.8,140.4,82.6
97.3,72.3,380.6,70.0,105.0,102.8,140.4,82.6
97.3,72.3,193.6,70.0,105.0,102.8,140.4,82.6
28.6,28.6,28.6,28.6,28.6,28.6,28.6,28.6
28.6,28.6,28.6,28.6,28.6,28.6,28.6,28.6
28.6,28.6,28.6,28.6,28.6,28.6,28.6,28.6
28.6,28.6,28.6,28.6,28.6,28.6,28.6,28.6
30.3,30.3,30.3,30.3,30.3,30.3,30.3,30.3
30.3,30.3,30.3,30.3,30.3,30.3,30.3,30.3
30.3,30.3,30.3,30.3,30.3,30.3,30.3,30.3
30.3,30.3,30.3,30.3,30.3,30.3,30.3,30.3
117.2,88.4,236.2,88.1,138.9,119.2,169.7,105.6
881.2,88.4,236.2,88.1,138.9,119.2,169.7,105.6
881.2,88.4,236.2,88.1,138.9,119.2,169.7,105.6
881.2,88.4,236.2,88.1,138.9,119.2,169.7,597.0
16.6,16.6,16.6,16.6,16.6,16.6,16.6,16.6
16.6,16.6,16.6,16.6,16.6,16.6,16.6,16.6
16.6,16.6,16.6,16.6,16.6,16.6,16.6,16.6
16.6,16.6,16.6,16.6,16.6,16.6,16.6,16.6
0.0,0.0,0.0,0.0,0.0,0.0,0.0,0.0
0.0,0.0,0.0,0.0,0.0,0.0,0.0,0.0
0.0,0.0,0.0,0.0,0.0,0.0,0.0,0.0
0.0,0.0,0.0,0.0,0.0,0.0,0.0,0.0
0.0,0.0,0.0,0.0,0.0,0.0,0.0,0.0
0.0,0.0,0.0,0.0,0.0,0.0,0.0,0.0
0.0,0.0,0.0,0.0,0.0,0.0,0.0,0.0
0.0,0.0,0.0,0.0,0.0,0.0,0.0,0.0
0.0,0.0,0.0,0.0,0.0,0.0,0.0,0.0
0.0,0.0,0.0,0.0,0.0,0.0,0.0,0.0
0.0,0.0,0.0,0.0,0.0,0.0,0.0,0.0
0.0,0.0,0.0,0.0,0.0,0.0,0.0,0.0
0.0,0.0,0.0,0.0,0.0,0.0,0.0,0.0
0.0,0.0,0.0,0.0,0.0,0.0,0.0,0.0
0.0,0.0,0.0,0.0,0.0,0.0,0.0,0.0
0.0,0.0,0.0,0.0,0.0,0.0,0.0,0.0
0.0,0.0,0.0,0.0,0.0,0.0,0.0,0.0
0.0,0.0,0.0,0.0,0.0,0.0,0.0,0.0
0.0,0.0,0.0,0.0,0.0,0.0,0.0,0.0
0.0,0.0,0.0,0.0,0.0,0.0,0.0,0.0
0.0,0.0,0.0,0.0,0.0,0.0,0.0,0.0
0.0,0.0,0.0,0.0,0.0,0.0,0.0,0.0
0.0,0.0,0.0,0.0,0.0,0.0,0.0,0.0
0.0,0.0,0.0,0.0,0.0,0.0,0.0,0.0
0.0,0.0,0.0,0.0,0.0,0.0,0.0,0.0
0.0,0.0,0.0,0.0,0.0,0.0,0.0,0.0
0.0,0.0,0.0,0.0,0.0,0.0,0.0,0.0
0.0,0.0,0.0,0.0,0.0,0.0,0.0,0.0
0.0,0.0,0.0,0.0,0.0,0.0,0.0,0.0
0.0,0.0,0.0,0.0,0.0,0.0,0.0,0.0
0.0,0.0,0.0,0.0,0.0,0.0,0.0,0.0
0.0,0.0,0.0,0.0,0.0,0.0,0.0,0.0
0.0,0.0,0.0,0.0,0.0,0.0,0.0,0.0
0.0,0.0,0.0,0.0,0.0,0.0,0.0,0.0
0.0,0.0,0.0,0.0,0.0,0.0,0.0,0.0
0.0,0.0,0.0,0.0,0.0,0.0,0.0,0.0
0.0,0.0,0.0,0.0,0.0,0.0,0.0,0.0
0.0,0.0,0.0,0.0,0.0,0.0,0.0,0.0
0.0,0.0,0.0,0.0,0.0,0.0,0.0,0.0
0.0,0.0,0.0,0.0,0.0,0.0,0.0,0.0
12.6,12.6,12.6,12.6,12.6,12.6,12.6,12.6
12.6,12.6,12.6,12.6,12.6,12.6,12.6,12.6
12.6,12.6,12.6,12.6,12.6,12.6,12.6,12.6
12.6,12.6,12.6,12.6,12.6,12.6,12.6,12.6
23.4,23.4,23.4,23.4,23.4,23.4,23.4,23.4
23.4,23.4,23.4,23.4,23.4,23.4,23.4,23.4
23.4,23.4,23.4,23.4,23.4,23.4,23.4,23.4
23.4,23.4,23.4,23.4,23.4,23.4,23.4,23.4
89.2,65.8,157.2,62.6,91.2,95.8,120.6,73.2
110.0,65.8,101.3,62.6,91.2,94.6,156.8,73.2
89.2,65.8,100.7,62.6,137.2,94.6,97.0,108.4
89.2,65.8,147.5,76.6,91.2,95.6,116.5,73.2
90.4,66.8,243.0,77.8,93.3,97.2,130.4,74.6
90.4,66.8,179.0,63.8,93.3,97.2,130.4,74.6
90.4,66.8,179.0,63.8,93.3,97.2,130.4,74.6
90.4,66.8,179.0,63.8,93.3,97.2,130.4,74.6
92.3,68.3,183.0,65.5,96.5,98.7,133.1,76.8
92.3,68.3,183.0,65.5,96.5,98.7,133.1,76.8
92.3,68.3,183.0,65.5,96.5,98.7,133.1,76.8
92.3,68.3,183.0,65.5,96.5,98.7,133.1,76.8
93.5,69.3,185.7,66.6,98.6,99.8,134.9,78.2
93.5,69.3,185.7,66.6,98.6,99.8,134.9,78.2
93.5,69.3,235.6,66.6,98.6,99.8,134.9,78.2
93.5,69.3,185.7,66.6,98.6,99.8,134.9,78.2
96.6,71.8,192.3,1108.6,103.9,102.3,139.5,81.8
432.0,385.8,192.3,1108.6,103.9,102.3,139.5,81.8
432.0,71.8,192.3,1108.6,103.9,102.3,139.5,81.8
96.6,71.8,192.3,1108.6,103.9,102.3,139.5,81.8
98.5,73.4,184.4,601.8,107.1,103.8,142.3,84.0
98.5,73.4,196.3,71.1,107.1,103.8,142.3,84.0
98.5,73.4,196.3,71.1,107.1,103.8,142.3,84.0
98.5,73.4,196.3,71.1,107.1,103.8,142.3,220.7
96.6,71.8,192.3,69.4,103.9,102.3,139.5,218.6
96.6,71.8,192.3,69.4,103.9,102.3,139.5,81.8
96.6,71.8,192.3,69.4,103.9,102.3,139.5,81.8
96.6,71.8,192.3,69.4,103.9,102.3,139.5,81.8
97.3,72.3,193.6,70.0,105.0,102.8,140.4,82.6
97.3,72.3,193.6,70.0,105.0,102.8,140.4,82.6
97.3,72.3,193.6,70.0,105.0,102.8,140.4,82.6
97.3,72.3,193.6,70.0,105.0,102.8,140.4,82.6
695.6,73.9,197.6,71.7,108.1,104.4,143.2,84.7
695.6,73.9,197.6,71.7,108.1,104.4,143.2,84.7
695.6,73.9,197.6,71.7,108.1,104.4,143.2,84.7
695.6,73.9,197.6,71.7,108.1,104.4,143.2,84.7
702.5,79.4,212.2,77.9,119.8,110.0,153.3,92.7
702.5,328.0,212.2,77.9,119.8,110.0,153.3,92.7
702.5,328.0,212.2,77.9,119.8,110.0,153.3,92.7
702.5,328.0,212.2,77.9,119.8,110.0,153.3,92.7
117.2,337.0,236.2,88.1,138.9,119.2,169.7,105.6
2353.2,337.0,236.2,88.1,138.9,119.2,169.7,105.6
2353.2,337.0,236.2,88.1,138.9,119.2,169.7,105.6
2353.2,337.0,236.2,88.1,138.9,119.2,169.7,353.6
127.8,97.0,258.8,97.7,156.9,127.8,185.3,365.9
127.8,97.0,258.8,97.7,156.9,127.8,185.3,117.9
127.8,97.0,349.2,97.7,2096.9,127.8,185.3,117.9
127.8,97.0,349.2,273.7,156.9,127.8,185.3,117.9
0.0,0.0,0.0,0.0,0.0,0.0,0.0,0.0
0.0,0.0,0.0,0.0,0.0,0.0,0.0,0.0
0.0,0.0,0.0,0.0,0.0,0.0,0.0,0.0
0.0,0.0,0.0,0.0,0.0,0.0,0.0,0.0
0.0,0.0,0.0,0.0,0.0,0.0,0.0,0.0
0.0,0.0,0.0,0.0,0.0,0.0,0.0,0.0
0.0,0.0,0.0,0.0,0.0,0.0,0.0,0.0
0.0,0.0,0.0,0.0,0.0,0.0,0.0,0.0
0.0,0.0,0.0,0.0,0.0,0.0,0.0,0.0
0.0,0.0,0.0,0.0,0.0,0.0,0.0,0.0
0.0,0.0,0.0,0.0,0.0,0.0,0.0,0.0
0.0,0.0,0.0,0.0,0.0,0.0,0.0,0.0
0.0,0.0,0.0,0.0,0.0,0.0,0.0,0.0
0.0,0.0,0.0,0.0,0.0,0.0,0.0,0.0
0.0,0.0,0.0,0.0,0.0,0.0,0.0,0.0
0.0,0.0,0.0,0.0,0.0,0.0,0.0,0.0
0.0,0.0,0.0,0.0,0.0,0.0,0.0,0.0
0.0,0.0,0.0,0.0,0.0,0.0,0.0,0.0
0.0,0.0,0.0,0.0,0.0,0.0,0.0,0.0
0.0,0.0,0.0,0.0,0.0,0.0,0.0,0.0
0.0,0.0,0.0,0.0,0.0,0.0,0.0,0.0
0.0,0.0,0.0,0.0,0.0,0.0,0.0,0.0
0.0,0.0,0.0,0.0,0.0,0.0,0.0,0.0
0.0,0.0,0.0,0.0,0.0,0.0,0.0,0.0
0.0,0.0,0.0,0.0,0.0,0.0,0.0,0.0
0.0,0.0,0.0,0.0,0.0,0.0,0.0,0.0
0.0,0.0,0.0,0.0,0.0,0.0,0.0,0.0
0.0,0.0,0.0,0.0,0.0,0.0,0.0,0.0
0.0,0.0,0.0,0.0,0.0,0.0,0.0,0.0
0.0,0.0,0.0,0.0,0.0,0.0,0.0,0.0
0.0,0.0,0.0,0.0,0.0,0.0,0.0,0.0
0.0,0.0,0.0,0.0,0.0,0.0,0.0,0.0
0.0,0.0,0.0,0.0,0.0,0.0,0.0,0.0
0.0,0.0,0.0,0.0,0.0,0.0,0.0,0.0
0.0,0.0,0.0,0.0,0.0,0.0,0.0,0.0
0.0,0.0,0.0,0.0,0.0,0.0,0.0,0.0
0.0,0.0,0.0,0.0,0.0,0.0,0.0,0.0
0.0,0.0,0.0,0.0,0.0,0.0,0.0,0.0
0.0,0.0,0.0,0.0,0.0,0.0,0.0,0.0
0.0,0.0,0.0,0.0,0.0,0.0,0.0,0.0
0.0,0.0,0.0,0.0,0.0,0.0,0.0,0.0
0.0,0.0,0.0,0.0,0.0,0.0,0.0,0.0
0.0,0.0,0.0,0.0,0.0,0.0,0.0,0.0
0.0,0.0,0.0,0.0,0.0,0.0,0.0,0.0
78.1,64.8,103.2,65.5,78.2,78.5,80.3,71.7
78.1,64.8,103.5,65.5,78.1,78.5,80.1,71.7
78.2,64.8,106.9,61.5,78.2,78.6,80.5,71.7
78.2,64.8,106.5,61.5,78.3,78.7,80.6,71.7
561.6,65.8,171.2,62.6,91.2,96.2,128.5,73.2
89.2,65.8,176.4,62.6,91.2,96.2,128.5,73.2
89.2,65.8,176.4,62.6,91.2,120.2,128.5,221.2
89.2,65.8,176.4,62.6,91.2,120.2,384.5,221.2
90.4,302.8,179.0,63.8,93.3,97.2,386.4,74.6
90.4,302.8,179.0,63.8,93.3,97.2,130.4,74.6
90.4,66.8,179.0,351.8,93.3,97.2,130.4,74.6
90.4,66.8,179.0,351.8,93.3,97.2,130.4,74.6
92.3,68.3,183.0,353.5,96.5,98.7,133.1,76.8
92.3,68.3,183.0,353.5,96.5,98.7,133.1,76.8
92.3,68.3,183.0,65.5,96.5,98.7,133.1,76.8
92.3,68.3,183.0,65.5,96.5,98.7,133.1,76.8
93.5,69.3,185.7,66.6,98.6,99.8,134.9,78.2
93.5,69.3,185.7,66.6,98.6,99.8,134.9,78.2
93.5,226.3,185.7,66.6,98.6,99.8,134.9,78.2
93.5,226.3,185.7,66.6,98.6,99.8,134.9,78.2
96.6,71.8,192.3,69.4,103.9,102.3,139.5,81.8
96.6,71.8,192.3,69.4,103.9,102.3,139.5,81.8
96.6,71.8,716.7,69.4,103.9,102.3,139.5,81.8
96.6,71.8,716.7,69.4,103.9,102.3,139.5,218.6
98.5,73.4,196.3,71.1,107.1,103.8,142.3,220.7
98.5,73.4,196.3,71.1,107.1,103.8,142.3,84.0
98.5,73.4,196.3,71.1,107.1,103.8,142.3,84.0
98.5,73.4,196.3,94.0,107.1,103.8,142.3,84.0
96.6,71.8,192.3,69.4,3103.0,102.3,139.5,81.8
96.6,71.8,192.3,69.4,3103.0,102.3,139.5,81.8
96.6,71.8,192.3,69.4,103.9,102.3,139.5,81.8
96.6,71.8,192.3,69.4,103.9,102.3,139.5,81.8
97.3,72.3,193.6,70.0,105.0,102.8,140.4,82.6
97.3,72.3,193.6,70.0,105.0,102.8,140.4,82.6
97.3,72.3,193.6,70.0,105.0,102.8,140.4,82.6
97.3,72.3,193.6,70.0,105.0,102.8,140.4,82.6
99.1,73.9,197.6,71.7,108.1,104.4,143.2,84.7
99.1,73.9,197.6,71.7,108.1,104.4,143.2,387.4
99.1,73.9,197.6,71.7,108.1,104.4,143.2,387.4
99.1,73.9,197.6,71.7,108.1,104.4,143.2,387.4
106.0,79.4,212.2,77.9,119.8,110.0,153.3,395.3
106.0,79.4,212.2,77.9,119.8,110.0,153.3,395.3
106.0,79.4,212.2,77.9,119.8,110.0,153.3,395.3
106.0,79.4,212.2,77.9,119.8,110.0,153.3,395.3
117.2,88.4,236.2,88.1,138.9,119.2,430.4,408.3
117.2,88.4,236.2,88.1,138.9,119.2,430.4,408.3
117.2,88.4,236.2,88.1,138.9,119.2,430.4,1700.3
117.2,88.4,236.2,88.1,138.9,119.2,430.4,1700.3
127.8,97.0,258.8,97.7,156.9,127.8,446.0,420.6
127.8,97.0,258.8,97.7,156.9,127.8,446.0,117.9
127.8,97.0,258.8,97.7,156.9,127.8,185.3,117.9
127.8,97.0,258.8,97.7,156.9,127.8,185.3,117.9
0.0,0.0,0.0,0.0,0.0,0.0,0.0,0.0
0.0,0.0,0.0,0.0,0.0,0.0,0.0,0.0
0.0,0.0,0.0,0.0,0.0,0.0,0.0,0.0
0.0,0.0,0.0,0.0,0.0,0.0,0.0,0.0
0.0,0.0,0.0,0.0,0.0,0.0,0.0,0.0
0.0,0.0,0.0,0.0,0.0,0.0,0.0,0.0
0.0,0.0,0.0,0.0,0.0,0.0,0.0,0.0
0.0,0.0,0.0,0.0,0.0,0.0,0.0,0.0
0.0,0.0,0.0,0.0,0.0,0.0,0.0,0.0
0.0,0.0,0.0,0.0,0.0,0.0,0.0,0.0
0.0,0.0,0.0,0.0,0.0,0.0,0.0,0.0
0.0,0.0,0.0,0.0,0.0,0.0,0.0,0.0
0.0,0.0,0.0,0.0,0.0,0.0,0.0,0.0
0.0,0.0,0.0,0.0,0.0,0.0,0.0,0.0
0.0,0.0,0.0,0.0,0.0,0.0,0.0,0.0
0.0,0.0,0.0,0.0,0.0,0.0,0.0,0.0
0.0,0.0,0.0,0.0,0.0,0.0,0.0,0.0
0.0,0.0,0.0,0.0,0.0,0.0,0.0,0.0
0.0,0.0,0.0,0.0,0.0,0.0,0.0,0.0
0.0,0.0,0.0,0.0,0.0,0.0,0.0,0.0
0.0,0.0,0.0,0.0,0.0,0.0,0.0,0.0
0.0,0.0,0.0,0.0,0.0,0.0,0.0,0.0
0.0,0.0,0.0,0.0,0.0,0.0,0.0,0.0
0.0,0.0,0.0,0.0,0.0,0.0,0.0,0.0
0.0,0.0,0.0,0.0,0.0,0.0,0.0,0.0
0.0,0.0,0.0,0.0,0.0,0.0,0.0,0.0
0.0,0.0,0.0,0.0,0.0,0.0,0.0,0.0
0.0,0.0,0.0,0.0,0.0,0.0,0.0,0.0
0.0,0.0,0.0,0.0,0.0,0.0,0.0,0.0
0.0,0.0,0.0,0.0,0.0,0.0,0.0,0.0
0.0,0.0,0.0,0.0,0.0,0.0,0.0,0.0
0.0,0.0,0.0,0.0,0.0,0.0,0.0,0.0
0.0,0.0,0.0,0.0,0.0,0.0,0.0,0.0
0.0,0.0,0.0,0.0,0.0,0.0,0.0,0.0
0.0,0.0,0.0,0.0,0.0,0.0,0.0,0.0
0.0,0.0,0.0,0.0,0.0,0.0,0.0,0.0
0.0,0.0,0.0,0.0,0.0,0.0,0.0,0.0
0.0,0.0,0.0,0.0,0.0,0.0,0.0,0.0
0.0,0.0,0.0,0.0,0.0,0.0,0.0,0.0
0.0,0.0,0.0,0.0,0.0,0.0,0.0,0.0
70.6,57.8,71.3,90.6,70.5,70.6,70.9,61.6
71.8,57.8,83.6,67.6,71.1,73.2,77.2,61.6
71.8,57.8,83.6,67.6,71.1,73.2,77.2,61.6
72.6,57.8,91.1,53.6,71.4,74.7,81.0,61.6
87.9,64.8,233.7,61.5,89.1,95.2,126.7,71.7
87.9,64.8,173.7,61.5,89.1,141.2,126.7,71.7
214.3,64.8,116.2,61.5,89.1,110.7,108.3,71.7
153.1,150.1,109.7,61.5,89.1,95.2,106.2,71.7
0.0,0.0,0.0,0.0,0.0,0.0,0.0,0.0
0.0,0.0,0.0,0.0,0.0,0.0,0.0,0.0
0.0,0.0,0.0,0.0,0.0,0.0,0.0,0.0
0.0,0.0,0.0,0.0,0.0,0.0,0.0,0.0
90.4,66.8,142.6,63.8,93.3,97.2,318.4,74.6
90.4,66.8,179.0,63.8,93.3,97.2,130.4,74.6
90.4,66.8,179.0,63.8,93.3,97.2,130.4,74.6
90.4,66.8,179.0,63.8,93.3,97.2,130.4,74.6
92.3,68.3,183.0,65.5,96.5,98.7,133.1,76.8
92.3,409.7,586.3,65.5,96.5,98.7,133.1,76.8
92.3,409.7,586.3,65.5,96.5,98.7,133.1,76.8
92.3,409.7,586.3,65.5,96.5,98.7,133.1,76.8
93.5,410.7,589.0,66.6,98.6,99.8,134.9,78.2
93.5,410.7,589.0,66.6,98.6,99.8,134.9,78.2
93.5,410.7,589.0,66.6,98.6,99.8,134.9,78.2
93.5,410.7,185.7,66.6,98.6,99.8,134.9,78.2
637.1,413.2,192.3,69.4,103.9,102.3,139.5,173.0
637.1,413.2,192.3,310.1,103.9,102.3,139.5,173.0
637.1,413.2,192.3,310.1,103.9,102.3,139.5,173.0
637.1,413.2,192.3,69.4,103.9,158.0,139.5,81.8
639.0,414.7,196.3,71.1,279.9,103.8,142.3,84.0
639.0,73.4,196.3,71.1,279.9,103.8,142.3,84.0
639.0,73.4,196.3,71.1,107.1,103.8,142.3,84.0
639.0,73.4,196.3,71.1,107.1,103.8,142.3,84.0
96.6,71.8,192.3,69.4,103.9,102.3,139.5,81.8
96.6,71.8,192.3,69.4,103.9,102.3,139.5,81.8
96.6,71.8,192.3,69.4,103.9,102.3,139.5,81.8
96.6,71.8,192.3,69.4,103.9,102.3,139.5,81.8
97.3,72.3,193.6,70.0,105.0,102.8,140.4,82.6
97.3,72.3,193.6,70.0,105.0,102.8,140.4,82.6
97.3,72.3,193.6,70.0,105.0,102.8,140.4,82.6
97.3,72.3,193.6,70.0,105.0,102.8,140.4,82.6
99.1,73.9,197.6,71.7,108.1,104.4,143.2,84.7
99.1,73.9,197.6,71.7,108.1,104.4,143.2,84.7
99.1,73.9,197.6,71.7,108.1,104.4,143.2,84.7
99.1,73.9,197.6,71.7,108.1,104.4,143.2,84.7
106.0,79.4,212.2,77.9,119.8,110.0,153.3,92.7
106.0,79.4,212.2,77.9,119.8,110.0,153.3,92.7
106.0,79.4,212.2,77.9,119.8,110.0,153.3,92.7
1258.0,79.4,212.2,77.9,119.8,110.0,153.3,92.7
117.2,88.4,299.5,88.1,138.9,233.2,169.7,105.6
3488.1,88.4,299.5,88.1,138.9,233.2,169.7,413.0
2727.5,88.4,299.5,88.1,138.9,233.2,1311.9,413.0
2727.5,88.4,299.5,88.1,138.9,233.2,1311.9,413.0
737.6,97.0,322.1,97.7,156.9,127.8,976.6,395.1
1097.4,97.0,322.1,97.7,156.9,127.8,185.3,425.2
127.8,97.0,258.8,97.7,156.9,127.8,185.3,425.2
127.8,97.0,258.8,97.7,156.9,127.8,185.3,117.9
0.0,0.0,0.0,0.0,0.0,0.0,0.0,0.0
0.0,0.0,0.0,0.0,0.0,0.0,0.0,0.0
0.0,0.0,0.0,0.0,0.0,0.0,0.0,0.0
0.0,0.0,0.0,0.0,0.0,0.0,0.0,0.0
0.0,0.0,0.0,0.0,0.0,0.0,0.0,0.0
0.0,0.0,0.0,0.0,0.0,0.0,0.0,0.0
0.0,0.0,0.0,0.0,0.0,0.0,0.0,0.0
0.0,0.0,0.0,0.0,0.0,0.0,0.0,0.0
0.0,0.0,0.0,0.0,0.0,0.0,0.0,0.0
0.0,0.0,0.0,0.0,0.0,0.0,0.0,0.0
0.0,0.0,0.0,0.0,0.0,0.0,0.0,0.0
0.0,0.0,0.0,0.0,0.0,0.0,0.0,0.0
0.0,0.0,0.0,0.0,0.0,0.0,0.0,0.0
0.0,0.0,0.0,0.0,0.0,0.0,0.0,0.0
0.0,0.0,0.0,0.0,0.0,0.0,0.0,0.0
0.0,0.0,0.0,0.0,0.0,0.0,0.0,0.0
0.0,0.0,0.0,0.0,0.0,0.0,0.0,0.0
0.0,0.0,0.0,0.0,0.0,0.0,0.0,0.0
0.0,0.0,0.0,0.0,0.0,0.0,0.0,0.0
0.0,0.0,0.0,0.0,0.0,0.0,0.0,0.0
0.0,0.0,0.0,0.0,0.0,0.0,0.0,0.0
0.0,0.0,0.0,0.0,0.0,0.0,0.0,0.0
0.0,0.0,0.0,0.0,0.0,0.0,0.0,0.0
0.0,0.0,0.0,0.0,0.0,0.0,0.0,0.0
0.0,0.0,0.0,0.0,0.0,0.0,0.0,0.0
0.0,0.0,0.0,0.0,0.0,0.0,0.0,0.0
0.0,0.0,0.0,0.0,0.0,0.0,0.0,0.0
0.0,0.0,0.0,0.0,0.0,0.0,0.0,0.0
0.0,0.0,0.0,0.0,0.0,0.0,0.0,0.0
0.0,0.0,0.0,0.0,0.0,0.0,0.0,0.0
0.0,0.0,0.0,0.0,0.0,0.0,0.0,0.0
0.0,0.0,0.0,0.0,0.0,0.0,0.0,0.0
0.0,0.0,0.0,0.0,0.0,0.0,0.0,0.0
0.0,0.0,0.0,0.0,0.0,0.0,0.0,0.0
0.0,0.0,0.0,0.0,0.0,0.0,0.0,0.0
0.0,0.0,0.0,0.0,0.0,0.0,0.0,0.0
0.0,0.0,0.0,0.0,0.0,0.0,0.0,0.0
0.0,0.0,0.0,0.0,0.0,0.0,0.0,0.0
0.0,0.0,0.0,0.0,0.0,0.0,0.0,0.0
0.0,0.0,0.0,0.0,0.0,0.0,0.0,0.0
38.3,38.3,38.3,38.3,38.3,38.3,38.3,38.3
38.3,38.3,38.3,38.3,38.3,38.3,38.3,38.3
38.3,38.3,38.3,38.3,38.3,38.3,38.3,38.3
38.3,38.3,38.3,38.3,38.3,38.3,38.3,38.3
87.9,64.8,173.7,61.5,89.1,95.2,126.7,71.7
87.9,64.8,173.7,61.5,89.1,95.2,126.7,71.7
87.9,64.8,132.0,61.5,89.1,122.3,207.2,71.7
87.9,64.8,125.6,61.5,159.6,112.8,152.5,71.7
0.0,0.0,0.0,0.0,0.0,0.0,0.0,0.0
0.0,0.0,0.0,0.0,0.0,0.0,0.0,0.0
0.0,0.0,0.0,0.0,0.0,0.0,0.0,0.0
0.0,0.0,0.0,0.0,0.0,0.0,0.0,0.0
90.4,66.8,179.0,63.8,93.3,97.2,130.4,74.6
90.4,66.8,179.0,63.8,93.3,97.2,130.4,74.6
90.4,66.8,179.0,63.8,93.3,97.2,130.4,74.6
90.4,66.8,179.0,63.8,93.3,97.2,130.4,74.6
92.3,68.3,183.0,65.5,96.5,98.7,133.1,76.8
92.3,68.3,183.0,65.5,96.5,98.7,133.1,76.8
92.3,68.3,183.0,65.5,96.5,98.7,133.1,76.8
92.3,68.3,183.0,65.5,96.5,98.7,133.1,76.8
93.5,69.3,185.7,66.6,98.6,99.8,134.9,78.2
93.5,69.3,185.7,66.6,98.6,99.8,134.9,78.2
93.5,69.3,185.7,89.5,98.6,99.8,134.9,78.2
93.5,226.3,185.7,66.6,98.6,99.8,134.9,78.2
96.6,228.8,192.3,559.4,103.9,102.3,139.5,81.8
320.2,71.8,192.3,559.4,103.9,102.3,139.5,81.8
320.2,71.8,192.3,559.4,103.9,102.3,139.5,81.8
320.2,71.8,1121.6,559.4,103.9,102.3,139.5,81.8
98.5,599.4,1150.6,71.1,279.9,103.8,142.3,84.0
98.5,599.4,1150.6,71.1,279.9,103.8,142.3,84.0
98.5,73.4,196.3,71.1,107.1,688.5,142.3,84.0
98.5,73.4,196.3,71.1,107.1,688.5,142.3,84.0
96.6,71.8,192.3,69.4,103.9,102.3,609.3,1995.9
96.6,71.8,192.3,69.4,103.9,102.3,139.5,1995.9
96.6,71.8,192.3,69.4,103.9,102.3,139.5,1995.9
96.6,71.8,192.3,69.4,103.9,102.3,182.5,81.8
97.3,72.3,193.6,70.0,105.0,102.8,183.4,82.6
97.3,72.3,193.6,70.0,105.0,102.8,183.4,82.6
97.3,72.3,193.6,70.0,105.0,102.8,183.4,82.6
97.3,72.3,193.6,70.0,105.0,102.8,140.4,82.6
99.1,1049.9,197.6,71.7,108.1,104.4,143.2,84.7
99.1,1049.9,197.6,71.7,108.1,104.4,143.2,84.7
99.1,1049.9,197.6,71.7,108.1,104.4,143.2,84.7
99.1,1049.9,197.6,71.7,108.1,104.4,143.2,84.7
106.0,1055.4,212.2,77.9,119.8,110.0,153.3,92.7
106.0,79.4,212.2,77.9,119.8,110.0,153.3,92.7
106.0,79.4,212.2,77.9,119.8,110.0,153.3,92.7
106.0,79.4,212.2,77.9,119.8,110.0,153.3,92.7
8.9,8.9,8.9,8.9,8.9,8.9,8.9,8.9
8.9,8.9,8.9,8.9,8.9,8.9,8.9,8.9
8.9,8.9,8.9,8.9,8.9,8.9,8.9,8.9
8.9,8.9,8.9,8.9,8.9,8.9,8.9,8.9
4.9,4.9,4.9,4.9,4.9,4.9,4.9,4.9
4.9,4.9,4.9,4.9,4.9,4.9,4.9,4.9
4.9,4.9,4.9,4.9,4.9,4.9,4.9,4.9
4.9,4.9,4.9,4.9,4.9,4.9,4.9,4.9
0.0,0.0,0.0,0.0,0.0,0.0,0.0,0.0
0.0,0.0,0.0,0.0,0.0,0.0,0.0,0.0
0.0,0.0,0.0,0.0,0.0,0.0,0.0,0.0
0.0,0.0,0.0,0.0,0.0,0.0,0.0,0.0
0.0,0.0,0.0,0.0,0.0,0.0,0.0,0.0
0.0,0.0,0.0,0.0,0.0,0.0,0.0,0.0
0.0,0.0,0.0,0.0,0.0,0.0,0.0,0.0
0.0,0.0,0.0,0.0,0.0,0.0,0.0,0.0
0.0,0.0,0.0,0.0,0.0,0.0,0.0,0.0
0.0,0.0,0.0,0.0,0.0,0.0,0.0,0.0
0.0,0.0,0.0,0.0,0.0,0.0,0.0,0.0
0.0,0.0,0.0,0.0,0.0,0.0,0.0,0.0
0.0,0.0,0.0,0.0,0.0,0.0,0.0,0.0
0.0,0.0,0.0,0.0,0.0,0.0,0.0,0.0
0.0,0.0,0.0,0.0,0.0,0.0,0.0,0.0
0.0,0.0,0.0,0.0,0.0,0.0,0.0,0.0
0.0,0.0,0.0,0.0,0.0,0.0,0.0,0.0
0.0,0.0,0.0,0.0,0.0,0.0,0.0,0.0
0.0,0.0,0.0,0.0,0.0,0.0,0.0,0.0
0.0,0.0,0.0,0.0,0.0,0.0,0.0,0.0
0.0,0.0,0.0,0.0,0.0,0.0,0.0,0.0
0.0,0.0,0.0,0.0,0.0,0.0,0.0,0.0
0.0,0.0,0.0,0.0,0.0,0.0,0.0,0.0
0.0,0.0,0.0,0.0,0.0,0.0,0.0,0.0
0.0,0.0,0.0,0.0,0.0,0.0,0.0,0.0
0.0,0.0,0.0,0.0,0.0,0.0,0.0,0.0
0.0,0.0,0.0,0.0,0.0,0.0,0.0,0.0
0.0,0.0,0.0,0.0,0.0,0.0,0.0,0.0
0.0,0.0,0.0,0.0,0.0,0.0,0.0,0.0
0.0,0.0,0.0,0.0,0.0,0.0,0.0,0.0
0.0,0.0,0.0,0.0,0.0,0.0,0.0,0.0
0.0,0.0,0.0,0.0,0.0,0.0,0.0,0.0
0.0,0.0,0.0,0.0,0.0,0.0,0.0,0.0
0.0,0.0,0.0,0.0,0.0,0.0,0.0,0.0
0.0,0.0,0.0,0.0,0.0,0.0,0.0,0.0
0.0,0.0,0.0,0.0,0.0,0.0,0.0,0.0
0.0,0.0,0.0,0.0,0.0,0.0,0.0,0.0
0.0,0.0,0.0,0.0,0.0,0.0,0.0,0.0
0.0,0.0,0.0,0.0,0.0,0.0,0.0,0.0
0.0,0.0,0.0,0.0,0.0,0.0,0.0,0.0
19.3,19.3,19.3,19.3,19.3,19.3,19.3,19.3
19.3,19.3,19.3,19.3,19.3,19.3,19.3,19.3
19.3,19.3,19.3,19.3,19.3,19.3,19.3,19.3
19.3,19.3,19.3,19.3,19.3,19.3,19.3,19.3
47.2,47.2,47.2,47.2,47.2,47.2,47.2,47.2
47.2,47.2,47.2,47.2,47.2,47.2,47.2,47.2
47.2,47.2,47.2,47.2,47.2,47.2,47.2,47.2
47.2,47.2,47.2,47.2,47.2,47.2,47.2,47.2
48.1,48.1,48.1,48.1,48.1,48.1,48.1,48.1
48.1,48.1,48.1,48.1,48.1,48.1,48.1,48.1
48.1,48.1,48.1,48.1,48.1,48.1,48.1,48.1
48.1,48.1,48.1,48.1,48.1,48.1,48.1,48.1
90.4,66.8,179.0,103.8,93.3,209.2,130.4,74.6
90.4,66.8,179.0,63.8,93.3,97.2,130.4,74.6
90.4,66.8,179.0,63.8,93.3,97.2,130.4,74.6
90.4,66.8,179.0,63.8,93.3,97.2,130.4,74.6
92.3,68.3,183.0,65.5,96.5,98.7,133.1,76.8
92.3,68.3,183.0,65.5,96.5,98.7,133.1,76.8
92.3,68.3,183.0,65.5,96.5,98.7,133.1,76.8
92.3,68.3,183.0,65.5,96.5,98.7,133.1,76.8
93.5,69.3,185.7,66.6,98.6,99.8,134.9,78.2
93.5,69.3,185.7,66.6,98.6,99.8,134.9,78.2
317.1,174.0,185.7,66.6,98.6,99.8,134.9,78.2
317.1,174.0,185.7,66.6,98.6,99.8,134.9,78.2
320.2,176.5,192.3,69.4,103.9,102.3,139.5,81.8
96.6,71.8,192.3,69.4,103.9,102.3,139.5,81.8
96.6,71.8,192.3,69.4,276.8,102.3,139.5,81.8
96.6,71.8,192.3,69.4,276.8,102.3,139.5,81.8
98.5,73.4,196.3,71.1,107.1,103.8,142.3,84.0
98.5,73.4,196.3,71.1,107.1,103.8,142.3,175.1
98.5,73.4,196.3,71.1,107.1,103.8,142.3,175.1
98.5,73.4,212.9,71.1,107.1,103.8,142.3,175.1
96.6,71.8,658.1,69.4,103.9,102.3,139.5,81.8
96.6,71.8,658.1,69.4,103.9,102.3,139.5,81.8
96.6,71.8,641.4,69.4,103.9,102.3,139.5,81.8
96.6,71.8,641.4,69.4,103.9,102.3,139.5,81.8
97.3,72.3,642.8,70.0,105.0,102.8,140.4,82.6
97.3,72.3,642.8,70.0,105.0,102.8,140.4,82.6
97.3,72.3,642.8,70.0,105.0,102.8,140.4,82.6
97.3,72.3,193.6,70.0,105.0,102.8,140.4,82.6
99.1,73.9,197.6,71.7,108.1,104.4,143.2,84.7
99.1,73.9,197.6,71.7,108.1,104.4,143.2,84.7
99.1,73.9,197.6,71.7,108.1,104.4,143.2,84.7
99.1,73.9,197.6,71.7,108.1,104.4,143.2,84.7
106.0,79.4,212.2,77.9,119.8,110.0,153.3,92.7
106.0,79.4,212.2,77.9,119.8,110.0,153.3,92.7
106.0,79.4,212.2,77.9,119.8,110.0,153.3,92.7
106.0,79.4,212.2,77.9,119.8,110.0,153.3,92.7
30.6,30.6,30.6,30.6,30.6,30.6,30.6,30.6
30.6,30.6,30.6,30.6,30.6,30.6,30.6,30.6
30.6,30.6,30.6,30.6,30.6,30.6,30.6,30.6
30.6,30.6,30.6,30.6,30.6,30.6,30.6,30.6
51.8,51.8,51.8,51.8,51.8,51.8,51.8,51.8
51.8,51.8,51.8,51.8,51.8,51.8,51.8,51.8
51.8,51.8,51.8,51.8,51.8,51.8,51.8,51.8
51.8,51.8,51.8,51.8,51.8,51.8,51.8,51.8
0.0,0.0,0.0,0.0,0.0,0.0,0.0,0.0
0.0,0.0,0.0,0.0,0.0,0.0,0.0,0.0
0.0,0.0,0.0,0.0,0.0,0.0,0.0,0.0
0.0,0.0,0.0,0.0,0.0,0.0,0.0,0.0
0.0,0.0,0.0,0.0,0.0,0.0,0.0,0.0
0.0,0.0,0.0,0.0,0.0,0.0,0.0,0.0
0.0,0.0,0.0,0.0,0.0,0.0,0.0,0.0
0.0,0.0,0.0,0.0,0.0,0.0,0.0,0.0
0.0,0.0,0.0,0.0,0.0,0.0,0.0,0.0
0.0,0.0,0.0,0.0,0.0,0.0,0.0,0.0
0.0,0.0,0.0,0.0,0.0,0.0,0.0,0.0
0.0,0.0,0.0,0.0,0.0,0.0,0.0,0.0
0.0,0.0,0.0,0.0,0.0,0.0,0.0,0.0
0.0,0.0,0.0,0.0,0.0,0.0,0.0,0.0
0.0,0.0,0.0,0.0,0.0,0.0,0.0,0.0
0.0,0.0,0.0,0.0,0.0,0.0,0.0,0.0
0.0,0.0,0.0,0.0,0.0,0.0,0.0,0.0
0.0,0.0,0.0,0.0,0.0,0.0,0.0,0.0
0.0,0.0,0.0,0.0,0.0,0.0,0.0,0.0
0.0,0.0,0.0,0.0,0.0,0.0,0.0,0.0
0.0,0.0,0.0,0.0,0.0,0.0,0.0,0.0
0.0,0.0,0.0,0.0,0.0,0.0,0.0,0.0
0.0,0.0,0.0,0.0,0.0,0.0,0.0,0.0
0.0,0.0,0.0,0.0,0.0,0.0,0.0,0.0
0.0,0.0,0.0,0.0,0.0,0.0,0.0,0.0
0.0,0.0,0.0,0.0,0.0,0.0,0.0,0.0
0.0,0.0,0.0,0.0,0.0,0.0,0.0,0.0
0.0,0.0,0.0,0.0,0.0,0.0,0.0,0.0
0.0,0.0,0.0,0.0,0.0,0.0,0.0,0.0
0.0,0.0,0.0,0.0,0.0,0.0,0.0,0.0
0.0,0.0,0.0,0.0,0.0,0.0,0.0,0.0
0.0,0.0,0.0,0.0,0.0,0.0,0.0,0.0
0.0,0.0,0.0,0.0,0.0,0.0,0.0,0.0
0.0,0.0,0.0,0.0,0.0,0.0,0.0,0.0
0.0,0.0,0.0,0.0,0.0,0.0,0.0,0.0
0.0,0.0,0.0,0.0,0.0,0.0,0.0,0.0
0.0,0.0,0.0,0.0,0.0,0.0,0.0,0.0
0.0,0.0,0.0,0.0,0.0,0.0,0.0,0.0
0.0,0.0,0.0,0.0,0.0,0.0,0.0,0.0
0.0,0.0,0.0,0.0,0.0,0.0,0.0,0.0
0.0,0.0,0.0,0.0,0.0,0.0,0.0,0.0
0.0,0.0,0.0,0.0,0.0,0.0,0.0,0.0
0.0,0.0,0.0,0.0,0.0,0.0,0.0,0.0
0.0,0.0,0.0,0.0,0.0,0.0,0.0,0.0
0.0,0.0,0.0,0.0,0.0,0.0,0.0,0.0
0.0,0.0,0.0,0.0,0.0,0.0,0.0,0.0
0.0,0.0,0.0,0.0,0.0,0.0,0.0,0.0
0.0,0.0,0.0,0.0,0.0,0.0,0.0,0.0
79.9,65.8,94.6,62.6,80.2,81.1,86.5,73.2
92.3,65.8,87.8,62.6,79.3,79.8,83.0,73.2
79.5,65.8,97.8,62.6,79.8,80.4,84.8,73.2
78.6,65.8,85.8,62.6,78.7,78.9,80.7,92.7
90.4,66.8,179.0,63.8,93.3,97.2,228.4,358.6
90.4,66.8,179.0,63.8,93.3,97.2,228.4,74.6
90.4,66.8,179.0,63.8,93.3,97.2,130.4,74.6
90.4,66.8,179.0,63.8,93.3,97.2,130.4,74.6
92.3,68.3,183.0,65.5,96.5,98.7,133.1,76.8
92.3,68.3,183.0,65.5,96.5,98.7,133.1,76.8
92.3,68.3,183.0,65.5,96.5,98.7,133.1,76.8
92.3,68.3,183.0,65.5,96.5,98.7,133.1,76.8
93.5,69.3,185.7,66.6,98.6,99.8,134.9,78.2
93.5,69.3,185.7,66.6,98.6,99.8,134.9,78.2
93.5,69.3,185.7,66.6,98.6,99.8,134.9,78.2
93.5,174.0,185.7,66.6,271.5,99.8,134.9,78.2
96.6,176.5,192.3,69.4,276.8,102.3,139.5,81.8
96.6,176.5,192.3,69.4,103.9,102.3,139.5,81.8
96.6,71.8,192.3,69.4,103.9,102.3,139.5,81.8
96.6,71.8,192.3,69.4,103.9,102.3,139.5,81.8
98.5,73.4,196.3,71.1,107.1,103.8,142.3,84.0
98.5,73.4,196.3,71.1,107.1,103.8,142.3,84.0
98.5,73.4,196.3,311.8,107.1,103.8,142.3,84.0
98.5,73.4,196.3,311.8,107.1,103.8,142.3,84.0
96.6,71.8,192.3,69.4,103.9,102.3,139.5,81.8
96.6,71.8,192.3,69.4,103.9,102.3,139.5,81.8
308.0,71.8,192.3,69.4,103.9,102.3,139.5,81.8
308.0,71.8,192.3,69.4,103.9,102.3,139.5,81.8
308.6,72.3,193.6,70.0,105.0,102.8,140.4,82.6
308.6,72.3,193.6,70.0,105.0,102.8,140.4,82.6
308.6,72.3,193.6,70.0,105.0,102.8,140.4,82.6
308.6,72.3,193.6,70.0,105.0,102.8,140.4,82.6
99.1,73.9,197.6,71.7,108.1,104.4,143.2,84.7
99.1,73.9,197.6,71.7,108.1,104.4,143.2,84.7
1187.1,73.9,197.6,71.7,108.1,104.4,143.2,84.7
2275.1,73.9,379.0,71.7,108.1,104.4,143.2,84.7
2282.0,79.4,393.6,77.9,119.8,110.0,153.3,92.7
2282.0,79.4,393.6,77.9,119.8,110.0,153.3,92.7
2282.0,79.4,212.2,77.9,119.8,110.0,153.3,92.7
2282.0,79.4,212.2,77.9,119.8,110.0,153.3,92.7
2293.2,88.4,236.2,280.1,138.9,119.2,169.7,105.6
1205.2,88.4,236.2,88.1,138.9,119.2,169.7,105.6
1205.2,88.4,1324.2,88.1,138.9,119.2,169.7,105.6
117.2,88.4,1324.2,88.1,138.9,119.2,169.7,105.6
127.8,97.0,1346.8,97.7,156.9,127.8,185.3,117.9
127.8,97.0,907.2,97.7,156.9,127.8,948.1,117.9
609.8,97.0,674.4,97.7,156.9,127.8,698.9,117.9
609.8,97.0,674.4,97.7,156.9,127.8,698.9,117.9
0.0,0.0,0.0,0.0,0.0,0.0,0.0,0.0
0.0,0.0,0.0,0.0,0.0,0.0,0.0,0.0
0.0,0.0,0.0,0.0,0.0,0.0,0.0,0.0
0.0,0.0,0.0,0.0,0.0,0.0,0.0,0.0
0.0,0.0,0.0,0.0,0.0,0.0,0.0,0.0
0.0,0.0,0.0,0.0,0.0,0.0,0.0,0.0
0.0,0.0,0.0,0.0,0.0,0.0,0.0,0.0
0.0,0.0,0.0,0.0,0.0,0.0,0.0,0.0
0.0,0.0,0.0,0.0,0.0,0.0,0.0,0.0
0.0,0.0,0.0,0.0,0.0,0.0,0.0,0.0
0.0,0.0,0.0,0.0,0.0,0.0,0.0,0.0
0.0,0.0,0.0,0.0,0.0,0.0,0.0,0.0
0.0,0.0,0.0,0.0,0.0,0.0,0.0,0.0
0.0,0.0,0.0,0.0,0.0,0.0,0.0,0.0
0.0,0.0,0.0,0.0,0.0,0.0,0.0,0.0
0.0,0.0,0.0,0.0,0.0,0.0,0.0,0.0
0.0,0.0,0.0,0.0,0.0,0.0,0.0,0.0
0.0,0.0,0.0,0.0,0.0,0.0,0.0,0.0
0.0,0.0,0.0,0.0,0.0,0.0,0.0,0.0
0.0,0.0,0.0,0.0,0.0,0.0,0.0,0.0
0.0,0.0,0.0,0.0,0.0,0.0,0.0,0.0
0.0,0.0,0.0,0.0,0.0,0.0,0.0,0.0
0.0,0.0,0.0,0.0,0.0,0.0,0.0,0.0
0.0,0.0,0.0,0.0,0.0,0.0,0.0,0.0
0.0,0.0,0.0,0.0,0.0,0.0,0.0,0.0
0.0,0.0,0.0,0.0,0.0,0.0,0.0,0.0
0.0,0.0,0.0,0.0,0.0,0.0,0.0,0.0
0.0,0.0,0.0,0.0,0.0,0.0,0.0,0.0
0.0,0.0,0.0,0.0,0.0,0.0,0.0,0.0
0.0,0.0,0.0,0.0,0.0,0.0,0.0,0.0
0.0,0.0,0.0,0.0,0.0,0.0,0.0,0.0
0.0,0.0,0.0,0.0,0.0,0.0,0.0,0.0
0.0,0.0,0.0,0.0,0.0,0.0,0.0,0.0
0.0,0.0,0.0,0.0,0.0,0.0,0.0,0.0
0.0,0.0,0.0,0.0,0.0,0.0,0.0,0.0
0.0,0.0,0.0,0.0,0.0,0.0,0.0,0.0
0.0,0.0,0.0,0.0,0.0,0.0,0.0,0.0
0.0,0.0,0.0,0.0,0.0,0.0,0.0,0.0
0.0,0.0,0.0,0.0,0.0,0.0,0.0,0.0
0.0,0.0,0.0,0.0,0.0,0.0,0.0,0.0
12.5,12.5,12.5,12.5,12.5,12.5,12.5,12.5
12.5,12.5,12.5,12.5,12.5,12.5,12.5,12.5
12.5,12.5,12.5,12.5,12.5,12.5,12.5,12.5
12.5,12.5,12.5,12.5,12.5,12.5,12.5,12.5
22.3,22.3,22.3,22.3,22.3,22.3,22.3,22.3
22.3,22.3,22.3,22.3,22.3,22.3,22.3,22.3
22.3,22.3,22.3,22.3,22.3,22.3,22.3,22.3
22.3,22.3,22.3,22.3,22.3,22.3,22.3,22.3
34.5,34.5,34.5,34.5,34.5,34.5,34.5,34.5
34.5,34.5,34.5,34.5,34.5,34.5,34.5,34.5
34.5,34.5,34.5,34.5,34.5,34.5,34.5,34.5
34.5,34.5,34.5,34.5,34.5,34.5,34.5,34.5
44.9,44.9,44.9,44.9,44.9,44.9,44.9,44.9
44.9,44.9,44.9,44.9,44.9,44.9,44.9,44.9
44.9,44.9,44.9,44.9,44.9,44.9,44.9,44.9
44.9,44.9,44.9,44.9,44.9,44.9,44.9,44.9
52.8,52.8,52.8,52.8,52.8,52.8,52.8,52.8
52.8,52.8,52.8,52.8,52.8,52.8,52.8,52.8
52.8,52.8,52.8,52.8,52.8,52.8,52.8,52.8
52.8,52.8,52.8,52.8,52.8,52.8,52.8,52.8
56.6,56.6,56.6,56.6,56.6,56.6,56.6,56.6
56.6,56.6,56.6,56.6,56.6,56.6,56.6,56.6
56.6,56.6,56.6,56.6,56.6,56.6,56.6,56.6
56.6,56.6,56.6,56.6,56.6,56.6,56.6,56.6
96.6,71.8,192.3,69.4,103.9,102.3,139.5,81.8
96.6,71.8,192.3,69.4,103.9,102.3,139.5,81.8
767.4,71.8,192.3,69.4,103.9,102.3,139.5,81.8
96.6,71.8,192.3,69.4,103.9,102.3,139.5,2952.9
98.5,73.4,196.3,71.1,107.1,103.8,142.3,2955.0
98.5,73.4,196.3,71.1,107.1,103.8,142.3,84.0
98.5,73.4,196.3,71.1,107.1,103.8,142.3,84.0
98.5,73.4,196.3,71.1,107.1,103.8,142.3,84.0
96.6,71.8,192.3,69.4,219.1,102.3,139.5,81.8
96.6,71.8,192.3,69.4,219.1,102.3,139.5,81.8
96.6,71.8,192.3,69.4,219.1,102.3,139.5,81.8
96.6,71.8,192.3,69.4,103.9,102.3,139.5,81.8
97.3,72.3,193.6,70.0,105.0,102.8,140.4,82.6
97.3,72.3,193.6,70.0,105.0,102.8,140.4,82.6
97.3,72.3,193.6,70.0,105.0,102.8,140.4,82.6
97.3,72.3,193.6,70.0,105.0,102.8,140.4,82.6
99.1,73.9,197.6,71.7,108.1,104.4,143.2,84.7
99.1,73.9,197.6,71.7,108.1,104.4,143.2,84.7
99.1,73.9,197.6,71.7,108.1,104.4,143.2,84.7
99.1,73.9,197.6,71.7,108.1,104.4,143.2,84.7
106.0,79.4,212.2,77.9,119.8,110.0,153.3,92.7
106.0,79.4,212.2,77.9,119.8,110.0,153.3,92.7
106.0,79.4,212.2,77.9,119.8,110.0,153.3,92.7
106.0,79.4,212.2,77.9,119.8,110.0,485.3,92.7
117.2,392.4,236.2,88.1,138.9,119.2,501.7,105.6
117.2,392.4,236.2,88.1,138.9,119.2,501.7,105.6
117.2,392.4,492.2,88.1,138.9,119.2,501.7,105.6
117.2,392.4,236.2,88.1,138.9,119.2,501.7,105.6
948.4,341.7,258.8,97.7,156.9,127.8,386.6,117.9
1165.5,97.0,258.8,97.7,156.9,127.8,414.3,117.9
1394.5,97.0,258.8,97.7,156.9,127.8,185.3,117.9
868.2,97.0,258.8,97.7,156.9,127.8,185.3,644.2
0.0,0.0,0.0,0.0,0.0,0.0,0.0,0.0
0.0,0.0,0.0,0.0,0.0,0.0,0.0,0.0
0.0,0.0,0.0,0.0,0.0,0.0,0.0,0.0
0.0,0.0,0.0,0.0,0.0,0.0,0.0,0.0
0.0,0.0,0.0,0.0,0.0,0.0,0.0,0.0
0.0,0.0,0.0,0.0,0.0,0.0,0.0,0.0
0.0,0.0,0.0,0.0,0.0,0.0,0.0,0.0
0.0,0.0,0.0,0.0,0.0,0.0,0.0,0.0
0.0,0.0,0.0,0.0,0.0,0.0,0.0,0.0
0.0,0.0,0.0,0.0,0.0,0.0,0.0,0.0
0.0,0.0,0.0,0.0,0.0,0.0,0.0,0.0
0.0,0.0,0.0,0.0,0.0,0.0,0.0,0.0
0.0,0.0,0.0,0.0,0.0,0.0,0.0,0.0
0.0,0.0,0.0,0.0,0.0,0.0,0.0,0.0
0.0,0.0,0.0,0.0,0.0,0.0,0.0,0.0
0.0,0.0,0.0,0.0,0.0,0.0,0.0,0.0
0.0,0.0,0.0,0.0,0.0,0.0,0.0,0.0
0.0,0.0,0.0,0.0,0.0,0.0,0.0,0.0
0.0,0.0,0.0,0.0,0.0,0.0,0.0,0.0
0.0,0.0,0.0,0.0,0.0,0.0,0.0,0.0
0.0,0.0,0.0,0.0,0.0,0.0,0.0,0.0
0.0,0.0,0.0,0.0,0.0,0.0,0.0,0.0
0.0,0.0,0.0,0.0,0.0,0.0,0.0,0.0
0.0,0.0,0.0,0.0,0.0,0.0,0.0,0.0
0.0,0.0,0.0,0.0,0.0,0.0,0.0,0.0
0.0,0.0,0.0,0.0,0.0,0.0,0.0,0.0
0.0,0.0,0.0,0.0,0.0,0.0,0.0,0.0
0.0,0.0,0.0,0.0,0.0,0.0,0.0,0.0
0.0,0.0,0.0,0.0,0.0,0.0,0.0,0.0
0.0,0.0,0.0,0.0,0.0,0.0,0.0,0.0
0.0,0.0,0.0,0.0,0.0,0.0,0.0,0.0
0.0,0.0,0.0,0.0,0.0,0.0,0.0,0.0
0.0,0.0,0.0,0.0,0.0,0.0,0.0,0.0
0.0,0.0,0.0,0.0,0.0,0.0,0.0,0.0
0.0,0.0,0.0,0.0,0.0,0.0,0.0,0.0
0.0,0.0,0.0,0.0,0.0,0.0,0.0,0.0
0.0,0.0,0.0,0.0,0.0,0.0,0.0,0.0
0.0,0.0,0.0,0.0,0.0,0.0,0.0,0.0
0.0,0.0,0.0,0.0,0.0,0.0,0.0,0.0
0.0,0.0,0.0,0.0,0.0,0.0,0.0,0.0
11.8,11.8,11.8,11.8,11.8,11.8,11.8,11.8
11.8,11.8,11.8,11.8,11.8,11.8,11.8,11.8
11.8,11.8,11.8,11.8,11.8,11.8,11.8,11.8
11.8,11.8,11.8,11.8,11.8,11.8,11.8,11.8
22.6,22.6,22.6,22.6,22.6,22.6,22.6,22.6
22.6,22.6,22.6,22.6,22.6,22.6,22.6,22.6
22.6,22.6,22.6,22.6,22.6,22.6,22.6,22.6
22.6,22.6,22.6,22.6,22.6,22.6,22.6,22.6
0.0,0.0,0.0,0.0,0.0,0.0,0.0,0.0
0.0,0.0,0.0,0.0,0.0,0.0,0.0,0.0
0.0,0.0,0.0,0.0,0.0,0.0,0.0,0.0
0.0,0.0,0.0,0.0,0.0,0.0,0.0,0.0
90.4,142.0,149.1,63.8,93.3,122.3,120.7,74.6
90.4,66.8,179.0,63.8,93.3,97.2,130.4,74.6
206.7,66.8,137.0,63.8,93.3,97.2,116.7,74.6
206.7,66.8,137.0,63.8,93.3,97.2,116.7,74.6
92.3,68.3,183.0,65.5,96.5,98.7,133.1,76.8
92.3,68.3,183.0,65.5,96.5,98.7,133.1,76.8
92.3,68.3,183.0,65.5,96.5,98.7,133.1,76.8
92.3,68.3,183.0,65.5,96.5,98.7,133.1,76.8
93.5,69.3,185.7,66.6,98.6,99.8,134.9,78.2
93.5,69.3,185.7,66.6,98.6,99.8,134.9,78.2
93.5,69.3,185.7,66.6,98.6,99.8,134.9,78.2
93.5,69.3,235.6,66.6,98.6,99.8,134.9,78.2
96.6,385.8,192.3,69.4,103.9,102.3,139.5,81.8
96.6,71.8,192.3,69.4,103.9,102.3,139.5,81.8
96.6,71.8,192.3,69.4,103.9,102.3,139.5,81.8
96.6,71.8,192.3,69.4,103.9,102.3,139.5,81.8
98.5,73.4,196.3,311.8,107.1,103.8,142.3,84.0
98.5,73.4,196.3,311.8,107.1,122.4,142.3,84.0
98.5,73.4,196.3,71.1,107.1,122.4,142.3,84.0
98.5,73.4,196.3,71.1,107.1,122.4,142.3,84.0
96.6,71.8,192.3,69.4,103.9,102.3,296.1,81.8
96.6,71.8,192.3,69.4,103.9,102.3,296.1,81.8
96.6,71.8,192.3,69.4,103.9,102.3,296.1,81.8
96.6,71.8,192.3,69.4,103.9,102.3,139.5,81.8
97.3,72.3,193.6,70.0,105.0,102.8,140.4,82.6
97.3,72.3,193.6,70.0,105.0,102.8,140.4,82.6
97.3,72.3,193.6,70.0,105.0,102.8,140.4,82.6
97.3,72.3,193.6,70.0,105.0,102.8,140.4,82.6
99.1,73.9,197.6,813.0,108.1,104.4,143.2,84.7
99.1,73.9,197.6,813.0,108.1,104.4,143.2,84.7
99.1,73.9,197.6,813.0,108.1,104.4,143.2,84.7
99.1,73.9,197.6,71.7,108.1,104.4,143.2,84.7
106.0,79.4,212.2,77.9,119.8,110.0,153.3,92.7
106.0,79.4,212.2,77.9,119.8,110.0,153.3,92.7
106.0,79.4,212.2,77.9,119.8,110.0,153.3,92.7
106.0,79.4,212.2,77.9,119.8,110.0,153.3,92.7
117.2,88.4,236.2,88.1,138.9,280.5,169.7,105.6
117.2,88.4,236.2,88.1,138.9,280.5,169.7,105.6
117.2,88.4,236.2,88.1,138.9,280.5,169.7,105.6
117.2,88.4,853.5,88.1,1438.9,119.2,169.7,105.6
127.8,97.0,876.1,97.7,1456.9,127.8,185.3,117.9
127.8,97.0,876.1,97.7,156.9,127.8,185.3,117.9
1108.8,97.0,258.8,97.7,156.9,127.8,185.3,117.9
1108.8,97.0,258.8,128.3,156.9,127.8,185.3,117.9
0.0,0.0,0.0,0.0,0.0,0.0,0.0,0.0
0.0,0.0,0.0,0.0,0.0,0.0,0.0,0.0
0.0,0.0,0.0,0.0,0.0,0.0,0.0,0.0
0.0,0.0,0.0,0.0,0.0,0.0,0.0,0.0
0.0,0.0,0.0,0.0,0.0,0.0,0.0,0.0
0.0,0.0,0.0,0.0,0.0,0.0,0.0,0.0
0.0,0.0,0.0,0.0,0.0,0.0,0.0,0.0
0.0,0.0,0.0,0.0,0.0,0.0,0.0,0.0
0.0,0.0,0.0,0.0,0.0,0.0,0.0,0.0
0.0,0.0,0.0,0.0,0.0,0.0,0.0,0.0
0.0,0.0,0.0,0.0,0.0,0.0,0.0,0.0
0.0,0.0,0.0,0.0,0.0,0.0,0.0,0.0
0.0,0.0,0.0,0.0,0.0,0.0,0.0,0.0
0.0,0.0,0.0,0.0,0.0,0.0,0.0,0.0
0.0,0.0,0.0,0.0,0.0,0.0,0.0,0.0
0.0,0.0,0.0,0.0,0.0,0.0,0.0,0.0
0.0,0.0,0.0,0.0,0.0,0.0,0.0,0.0
0.0,0.0,0.0,0.0,0.0,0.0,0.0,0.0
0.0,0.0,0.0,0.0,0.0,0.0,0.0,0.0
0.0,0.0,0.0,0.0,0.0,0.0,0.0,0.0
0.0,0.0,0.0,0.0,0.0,0.0,0.0,0.0
0.0,0.0,0.0,0.0,0.0,0.0,0.0,0.0
0.0,0.0,0.0,0.0,0.0,0.0,0.0,0.0
0.0,0.0,0.0,0.0,0.0,0.0,0.0,0.0
0.0,0.0,0.0,0.0,0.0,0.0,0.0,0.0
0.0,0.0,0.0,0.0,0.0,0.0,0.0,0.0
0.0,0.0,0.0,0.0,0.0,0.0,0.0,0.0
0.0,0.0,0.0,0.0,0.0,0.0,0.0,0.0
0.0,0.0,0.0,0.0,0.0,0.0,0.0,0.0
0.0,0.0,0.0,0.0,0.0,0.0,0.0,0.0
0.0,0.0,0.0,0.0,0.0,0.0,0.0,0.0
0.0,0.0,0.0,0.0,0.0,0.0,0.0,0.0
0.0,0.0,0.0,0.0,0.0,0.0,0.0,0.0
0.0,0.0,0.0,0.0,0.0,0.0,0.0,0.0
0.0,0.0,0.0,0.0,0.0,0.0,0.0,0.0
0.0,0.0,0.0,0.0,0.0,0.0,0.0,0.0
0.0,0.0,0.0,0.0,0.0,0.0,0.0,0.0
0.0,0.0,0.0,0.0,0.0,0.0,0.0,0.0
0.0,0.0,0.0,0.0,0.0,0.0,0.0,0.0
0.0,0.0,0.0,0.0,0.0,0.0,0.0,0.0
0.0,0.0,0.0,0.0,0.0,0.0,0.0,0.0
0.0,0.0,0.0,0.0,0.0,0.0,0.0,0.0
0.0,0.0,0.0,0.0,0.0,0.0,0.0,0.0
0.0,0.0,0.0,0.0,0.0,0.0,0.0,0.0
0.0,0.0,0.0,0.0,0.0,0.0,0.0,0.0
0.0,0.0,0.0,0.0,0.0,0.0,0.0,0.0
0.0,0.0,0.0,0.0,0.0,0.0,0.0,0.0
0.0,0.0,0.0,0.0,0.0,0.0,0.0,0.0
0.0,0.0,0.0,0.0,0.0,0.0,0.0,0.0
0.0,0.0,0.0,0.0,0.0,0.0,0.0,0.0
0.0,0.0,0.0,0.0,0.0,0.0,0.0,0.0
0.0,0.0,0.0,0.0,0.0,0.0,0.0,0.0
90.4,66.8,166.4,63.8,93.3,97.2,125.3,74.6
90.4,66.8,166.4,63.8,93.3,97.2,125.3,74.6
93.4,66.8,164.3,63.8,93.3,97.2,124.4,74.6
93.4,66.8,164.3,63.8,93.3,97.2,124.4,74.6
95.3,68.3,183.0,65.5,96.5,98.7,133.1,76.8
95.3,68.3,183.0,65.5,96.5,98.7,133.1,76.8
92.3,68.3,183.0,65.5,96.5,98.7,133.1,76.8
92.3,68.3,183.0,65.5,96.5,98.7,133.1,76.8
93.5,69.3,185.7,66.6,98.6,99.8,134.9,78.2
93.5,69.3,185.7,66.6,98.6,99.8,134.9,78.2
93.5,69.3,185.7,66.6,98.6,99.8,134.9,78.2
93.5,3365.5,185.7,66.6,98.6,99.8,134.9,78.2
96.6,3368.0,192.3,69.4,103.9,102.3,139.5,81.8
96.6,71.8,192.3,69.4,103.9,102.3,296.1,81.8
96.6,71.8,192.3,69.4,103.9,102.3,296.1,81.8
96.6,71.8,192.3,69.4,103.9,1271.6,296.1,81.8
98.5,73.4,196.3,71.1,107.1,103.8,142.3,84.0
98.5,73.4,196.3,71.1,107.1,103.8,142.3,84.0
98.5,73.4,196.3,71.1,107.1,103.8,142.3,84.0
98.5,73.4,196.3,71.1,107.1,103.8,142.3,84.0
96.6,71.8,192.3,69.4,103.9,102.3,139.5,81.8
96.6,71.8,192.3,69.4,103.9,102.3,139.5,81.8
96.6,71.8,192.3,69.4,103.9,102.3,139.5,81.8
96.6,71.8,192.3,69.4,103.9,102.3,139.5,81.8
97.3,72.3,193.6,70.0,105.0,102.8,140.4,82.6
97.3,72.3,193.6,70.0,105.0,102.8,140.4,82.6
97.3,72.3,193.6,70.0,105.0,102.8,140.4,82.6
97.3,72.3,193.6,70.0,105.0,102.8,140.4,82.6
99.1,73.9,197.6,71.7,108.1,104.4,143.2,84.7
99.1,73.9,197.6,71.7,108.1,104.4,143.2,84.7
99.1,73.9,197.6,71.7,108.1,104.4,143.2,84.7
99.1,73.9,743.6,71.7,108.1,104.4,143.2,84.7
106.0,79.4,758.2,77.9,119.8,110.0,153.3,92.7
106.0,79.4,758.2,77.9,119.8,110.0,153.3,92.7
106.0,79.4,758.2,77.9,119.8,110.0,153.3,92.7
106.0,79.4,758.2,77.9,119.8,110.0,153.3,92.7
117.2,88.4,782.2,88.1,138.9,119.2,169.7,105.6
117.2,88.4,782.2,88.1,138.9,119.2,169.7,105.6
117.2,88.4,782.2,88.1,138.9,119.2,169.7,105.6
117.2,2808.4,782.2,88.1,138.9,119.2,169.7,105.6
127.8,97.0,764.6,97.7,156.9,127.8,185.3,2421.0
127.8,97.0,258.8,97.7,156.9,127.8,185.3,117.9
825.8,97.0,258.8,97.7,156.9,127.8,185.3,117.9
825.8,97.0,896.5,97.7,156.9,127.8,185.3,117.9
0.0,0.0,0.0,0.0,0.0,0.0,0.0,0.0
0.0,0.0,0.0,0.0,0.0,0.0,0.0,0.0
0.0,0.0,0.0,0.0,0.0,0.0,0.0,0.0
0.0,0.0,0.0,0.0,0.0,0.0,0.0,0.0
0.0,0.0,0.0,0.0,0.0,0.0,0.0,0.0
0.0,0.0,0.0,0.0,0.0,0.0,0.0,0.0
0.0,0.0,0.0,0.0,0.0,0.0,0.0,0.0
0.0,0.0,0.0,0.0,0.0,0.0,0.0,0.0
0.0,0.0,0.0,0.0,0.0,0.0,0.0,0.0
0.0,0.0,0.0,0.0,0.0,0.0,0.0,0.0
0.0,0.0,0.0,0.0,0.0,0.0,0.0,0.0
0.0,0.0,0.0,0.0,0.0,0.0,0.0,0.0
0.0,0.0,0.0,0.0,0.0,0.0,0.0,0.0
0.0,0.0,0.0,0.0,0.0,0.0,0.0,0.0
0.0,0.0,0.0,0.0,0.0,0.0,0.0,0.0
0.0,0.0,0.0,0.0,0.0,0.0,0.0,0.0
0.0,0.0,0.0,0.0,0.0,0.0,0.0,0.0
0.0,0.0,0.0,0.0,0.0,0.0,0.0,0.0
0.0,0.0,0.0,0.0,0.0,0.0,0.0,0.0
0.0,0.0,0.0,0.0,0.0,0.0,0.0,0.0
0.0,0.0,0.0,0.0,0.0,0.0,0.0,0.0
0.0,0.0,0.0,0.0,0.0,0.0,0.0,0.0
0.0,0.0,0.0,0.0,0.0,0.0,0.0,0.0
0.0,0.0,0.0,0.0,0.0,0.0,0.0,0.0
0.0,0.0,0.0,0.0,0.0,0.0,0.0,0.0
0.0,0.0,0.0,0.0,0.0,0.0,0.0,0.0
0.0,0.0,0.0,0.0,0.0,0.0,0.0,0.0
0.0,0.0,0.0,0.0,0.0,0.0,0.0,0.0
0.0,0.0,0.0,0.0,0.0,0.0,0.0,0.0
0.0,0.0,0.0,0.0,0.0,0.0,0.0,0.0
0.0,0.0,0.0,0.0,0.0,0.0,0.0,0.0
0.0,0.0,0.0,0.0,0.0,0.0,0.0,0.0
0.0,0.0,0.0,0.0,0.0,0.0,0.0,0.0
0.0,0.0,0.0,0.0,0.0,0.0,0.0,0.0
0.0,0.0,0.0,0.0,0.0,0.0,0.0,0.0
0.0,0.0,0.0,0.0,0.0,0.0,0.0,0.0
0.0,0.0,0.0,0.0,0.0,0.0,0.0,0.0
0.0,0.0,0.0,0.0,0.0,0.0,0.0,0.0
0.0,0.0,0.0,0.0,0.0,0.0,0.0,0.0
0.0,0.0,0.0,0.0,0.0,0.0,0.0,0.0
0.0,0.0,0.0,0.0,0.0,0.0,0.0,0.0
0.0,0.0,0.0,0.0,0.0,0.0,0.0,0.0
0.0,0.0,0.0,0.0,0.0,0.0,0.0,0.0
0.0,0.0,0.0,0.0,0.0,0.0,0.0,0.0
0.0,0.0,0.0,0.0,0.0,0.0,0.0,0.0
0.0,0.0,0.0,0.0,0.0,0.0,0.0,0.0
0.0,0.0,0.0,0.0,0.0,0.0,0.0,0.0
0.0,0.0,0.0,0.0,0.0,0.0,0.0,0.0
0.0,0.0,0.0,0.0,0.0,0.0,0.0,0.0
0.0,0.0,0.0,0.0,0.0,0.0,0.0,0.0
0.0,0.0,0.0,0.0,0.0,0.0,0.0,0.0
0.0,0.0,0.0,0.0,0.0,0.0,0.0,0.0
84.1,66.8,90.9,63.8,84.3,84.6,119.2,74.6
84.1,66.8,90.9,63.8,84.3,84.6,119.2,74.6
85.3,66.8,108.6,63.8,86.1,87.1,95.8,74.6
85.3,66.8,108.6,63.8,86.1,87.1,95.8,74.6
92.3,68.3,183.0,65.5,96.5,98.7,133.1,76.8
92.3,68.3,183.0,65.5,96.5,98.7,133.1,76.8
92.3,68.3,183.0,65.5,96.5,98.7,133.1,76.8
92.3,68.3,183.0,65.5,96.5,98.7,133.1,76.8
93.5,69.3,185.7,66.6,98.6,99.8,134.9,78.2
93.5,69.3,185.7,666.6,98.6,99.8,134.9,78.2
93.5,69.3,185.7,66.6,98.6,99.8,134.9,78.2
93.5,69.3,185.7,66.6,2518.7,99.8,134.9,78.2
96.6,71.8,192.3,69.4,2524.0,102.3,139.5,81.8
96.6,71.8,192.3,69.4,2524.0,102.3,139.5,81.8
96.6,71.8,541.9,69.4,103.9,102.3,374.4,81.8
96.6,71.8,541.9,69.4,103.9,102.3,374.4,81.8
322.1,73.4,545.9,71.1,107.1,103.8,142.3,84.0
322.1,73.4,196.3,71.1,107.1,103.8,142.3,84.0
980.8,387.3,196.3,71.1,107.1,103.8,142.3,1998.0
757.2,73.4,196.3,78.8,107.1,122.4,142.3,1998.0
755.3,71.8,192.3,77.1,103.9,120.9,139.5,1995.9
755.3,71.8,192.3,77.1,103.9,120.9,139.5,81.8
755.3,71.8,192.3,69.4,103.9,102.3,139.5,81.8
1028.3,71.8,192.3,69.4,103.9,102.3,139.5,81.8
370.3,72.3,193.6,70.0,105.0,102.8,140.4,82.6
370.3,72.3,193.6,70.0,105.0,102.8,140.4,82.6
370.3,72.3,193.6,70.0,105.0,102.8,140.4,82.6
97.3,72.3,193.6,70.0,105.0,102.8,140.4,82.6
99.1,73.9,197.6,71.7,108.1,104.4,143.2,84.7
99.1,73.9,197.6,71.7,108.1,104.4,143.2,84.7
99.1,73.9,197.6,71.7,108.1,104.4,143.2,84.7
99.1,73.9,197.6,71.7,108.1,104.4,143.2,84.7
106.0,79.4,212.2,77.9,119.8,110.0,153.3,92.7
106.0,79.4,212.2,77.9,119.8,110.0,153.3,92.7
106.0,79.4,212.2,77.9,119.8,110.0,153.3,92.7
106.0,79.4,212.2,77.9,119.8,110.0,153.3,92.7
117.2,88.4,236.2,88.1,138.9,119.2,169.7,536.3
117.2,88.4,236.2,252.1,138.9,119.2,169.7,536.3
117.2,88.4,236.2,88.1,138.9,119.2,169.7,536.3
117.2,906.4,236.2,88.1,138.9,119.2,169.7,536.3
127.8,915.0,318.8,97.7,156.9,127.8,185.3,548.6
127.8,915.0,318.8,97.7,156.9,127.8,185.3,548.6
127.8,915.0,318.8,97.7,156.9,127.8,185.3,117.9
127.8,97.0,318.8,97.7,156.9,127.8,185.3,117.9
0.0,0.0,0.0,0.0,0.0,0.0,0.0,0.0
0.0,0.0,0.0,0.0,0.0,0.0,0.0,0.0
0.0,0.0,0.0,0.0,0.0,0.0,0.0,0.0
0.0,0.0,0.0,0.0,0.0,0.0,0.0,0.0
0.0,0.0,0.0,0.0,0.0,0.0,0.0,0.0
0.0,0.0,0.0,0.0,0.0,0.0,0.0,0.0
0.0,0.0,0.0,0.0,0.0,0.0,0.0,0.0
0.0,0.0,0.0,0.0,0.0,0.0,0.0,0.0
0.0,0.0,0.0,0.0,0.0,0.0,0.0,0.0
0.0,0.0,0.0,0.0,0.0,0.0,0.0,0.0
0.0,0.0,0.0,0.0,0.0,0.0,0.0,0.0
0.0,0.0,0.0,0.0,0.0,0.0,0.0,0.0
0.0,0.0,0.0,0.0,0.0,0.0,0.0,0.0
0.0,0.0,0.0,0.0,0.0,0.0,0.0,0.0
0.0,0.0,0.0,0.0,0.0,0.0,0.0,0.0
0.0,0.0,0.0,0.0,0.0,0.0,0.0,0.0
0.0,0.0,0.0,0.0,0.0,0.0,0.0,0.0
0.0,0.0,0.0,0.0,0.0,0.0,0.0,0.0
0.0,0.0,0.0,0.0,0.0,0.0,0.0,0.0
0.0,0.0,0.0,0.0,0.0,0.0,0.0,0.0
0.0,0.0,0.0,0.0,0.0,0.0,0.0,0.0
0.0,0.0,0.0,0.0,0.0,0.0,0.0,0.0
0.0,0.0,0.0,0.0,0.0,0.0,0.0,0.0
0.0,0.0,0.0,0.0,0.0,0.0,0.0,0.0
0.0,0.0,0.0,0.0,0.0,0.0,0.0,0.0
0.0,0.0,0.0,0.0,0.0,0.0,0.0,0.0
0.0,0.0,0.0,0.0,0.0,0.0,0.0,0.0
0.0,0.0,0.0,0.0,0.0,0.0,0.0,0.0
0.0,0.0,0.0,0.0,0.0,0.0,0.0,0.0
0.0,0.0,0.0,0.0,0.0,0.0,0.0,0.0
0.0,0.0,0.0,0.0,0.0,0.0,0.0,0.0
0.0,0.0,0.0,0.0,0.0,0.0,0.0,0.0
0.0,0.0,0.0,0.0,0.0,0.0,0.0,0.0
0.0,0.0,0.0,0.0,0.0,0.0,0.0,0.0
0.0,0.0,0.0,0.0,0.0,0.0,0.0,0.0
0.0,0.0,0.0,0.0,0.0,0.0,0.0,0.0
0.0,0.0,0.0,0.0,0.0,0.0,0.0,0.0
0.0,0.0,0.0,0.0,0.0,0.0,0.0,0.0
0.0,0.0,0.0,0.0,0.0,0.0,0.0,0.0
0.0,0.0,0.0,0.0,0.0,0.0,0.0,0.0
25.6,25.6,25.6,25.6,25.6,25.6,25.6,25.6
25.6,25.6,25.6,25.6,25.6,25.6,25.6,25.6
25.6,25.6,25.6,25.6,25.6,25.6,25.6,25.6
25.6,25.6,25.6,25.6,25.6,25.6,25.6,25.6
0.0,0.0,0.0,0.0,0.0,0.0,0.0,0.0
0.0,0.0,0.0,0.0,0.0,0.0,0.0,0.0
0.0,0.0,0.0,0.0,0.0,0.0,0.0,0.0
0.0,0.0,0.0,0.0,0.0,0.0,0.0,0.0
89.2,133.8,176.4,62.6,91.2,96.2,128.5,81.2
89.2,133.8,176.4,62.6,91.2,96.2,128.5,73.2
89.2,65.8,176.4,62.6,91.2,96.2,344.5,73.2
89.2,65.8,176.4,62.6,91.2,116.2,128.5,73.2
90.4,66.8,179.0,63.8,93.3,117.2,130.4,74.6
90.4,66.8,179.0,63.8,93.3,97.2,130.4,74.6
90.4,66.8,179.0,63.8,93.3,97.2,130.4,74.6
90.4,66.8,179.0,63.8,93.3,97.2,130.4,74.6
92.3,68.3,183.0,65.5,96.5,98.7,133.1,76.8
92.3,68.3,183.0,65.5,96.5,98.7,133.1,76.8
92.3,68.3,183.0,65.5,96.5,98.7,133.1,76.8
92.3,68.3,183.0,65.5,96.5,98.7,133.1,76.8
93.5,69.3,185.7,66.6,98.6,99.8,134.9,78.2
93.5,69.3,185.7,66.6,98.6,99.8,134.9,78.2
93.5,69.3,185.7,66.6,98.6,99.8,134.9,214.9
93.5,69.3,185.7,66.6,98.6,99.8,134.9,214.9
96.6,71.8,192.3,69.4,103.9,102.3,139.5,81.8
96.6,176.5,192.3,69.4,103.9,102.3,139.5,81.8
96.6,176.5,192.3,69.4,103.9,102.3,609.3,81.8
96.6,176.5,192.3,69.4,103.9,102.3,139.5,81.8
98.5,73.4,175.9,71.1,106.8,103.8,134.1,84.0
143.7,73.4,111.1,117.7,106.0,103.8,108.0,84.0
98.5,73.4,114.5,125.4,138.7,103.8,109.4,84.0
98.5,73.4,170.4,71.1,106.6,115.9,127.8,84.0
96.6,71.8,208.9,69.4,103.9,120.9,139.5,81.8
96.6,71.8,208.9,69.4,103.9,120.9,139.5,81.8
96.6,71.8,192.3,69.4,103.9,102.3,139.5,81.8
96.6,71.8,192.3,69.4,103.9,102.3,139.5,81.8
97.3,72.3,193.6,70.0,105.0,102.8,140.4,82.6
97.3,72.3,193.6,70.0,105.0,102.8,140.4,82.6
97.3,72.3,193.6,70.0,105.0,102.8,140.4,82.6
97.3,72.3,193.6,70.0,105.0,102.8,140.4,82.6
99.1,73.9,197.6,71.7,108.1,104.4,143.2,84.7
99.1,73.9,197.6,71.7,108.1,104.4,143.2,84.7
99.1,73.9,197.6,71.7,108.1,104.4,143.2,84.7
99.1,73.9,197.6,71.7,108.1,104.4,143.2,84.7
106.0,79.4,212.2,77.9,119.8,110.0,153.3,92.7
106.0,79.4,212.2,77.9,119.8,110.0,153.3,92.7
106.0,79.4,212.2,77.9,119.8,110.0,153.3,92.7
106.0,79.4,212.2,77.9,119.8,110.0,153.3,92.7
1178.5,88.4,236.2,88.1,138.9,196.0,169.7,105.6
1178.5,88.4,236.2,173.4,138.9,196.0,169.7,105.6
1178.5,88.4,236.2,173.4,931.7,196.0,169.7,105.6
1178.5,88.4,872.3,173.4,931.7,196.0,169.7,105.6
981.6,97.0,765.4,97.7,805.6,204.6,185.3,117.9
1014.7,97.0,786.1,97.7,828.6,127.8,185.3,117.9
127.8,97.0,894.9,97.7,949.7,127.8,185.3,117.9
127.8,97.0,894.9,97.7,156.9,127.8,185.3,117.9
0.0,0.0,0.0,0.0,0.0,0.0,0.0,0.0
0.0,0.0,0.0,0.0,0.0,0.0,0.0,0.0
0.0,0.0,0.0,0.0,0.0,0.0,0.0,0.0
0.0,0.0,0.0,0.0,0.0,0.0,0.0,0.0
0.0,0.0,0.0,0.0,0.0,0.0,0.0,0.0
0.0,0.0,0.0,0.0,0.0,0.0,0.0,0.0
0.0,0.0,0.0,0.0,0.0,0.0,0.0,0.0
0.0,0.0,0.0,0.0,0.0,0.0,0.0,0.0
0.0,0.0,0.0,0.0,0.0,0.0,0.0,0.0
0.0,0.0,0.0,0.0,0.0,0.0,0.0,0.0
0.0,0.0,0.0,0.0,0.0,0.0,0.0,0.0
0.0,0.0,0.0,0.0,0.0,0.0,0.0,0.0
0.0,0.0,0.0,0.0,0.0,0.0,0.0,0.0
0.0,0.0,0.0,0.0,0.0,0.0,0.0,0.0
0.0,0.0,0.0,0.0,0.0,0.0,0.0,0.0
0.0,0.0,0.0,0.0,0.0,0.0,0.0,0.0
0.0,0.0,0.0,0.0,0.0,0.0,0.0,0.0
0.0,0.0,0.0,0.0,0.0,0.0,0.0,0.0
0.0,0.0,0.0,0.0,0.0,0.0,0.0,0.0
0.0,0.0,0.0,0.0,0.0,0.0,0.0,0.0
0.0,0.0,0.0,0.0,0.0,0.0,0.0,0.0
0.0,0.0,0.0,0.0,0.0,0.0,0.0,0.0
0.0,0.0,0.0,0.0,0.0,0.0,0.0,0.0
0.0,0.0,0.0,0.0,0.0,0.0,0.0,0.0
0.0,0.0,0.0,0.0,0.0,0.0,0.0,0.0
0.0,0.0,0.0,0.0,0.0,0.0,0.0,0.0
0.0,0.0,0.0,0.0,0.0,0.0,0.0,0.0
0.0,0.0,0.0,0.0,0.0,0.0,0.0,0.0
0.0,0.0,0.0,0.0,0.0,0.0,0.0,0.0
0.0,0.0,0.0,0.0,0.0,0.0,0.0,0.0
0.0,0.0,0.0,0.0,0.0,0.0,0.0,0.0
0.0,0.0,0.0,0.0,0.0,0.0,0.0,0.0
0.0,0.0,0.0,0.0,0.0,0.0,0.0,0.0
0.0,0.0,0.0,0.0,0.0,0.0,0.0,0.0
0.0,0.0,0.0,0.0,0.0,0.0,0.0,0.0
0.0,0.0,0.0,0.0,0.0,0.0,0.0,0.0
0.0,0.0,0.0,0.0,0.0,0.0,0.0,0.0
0.0,0.0,0.0,0.0,0.0,0.0,0.0,0.0
0.0,0.0,0.0,0.0,0.0,0.0,0.0,0.0
0.0,0.0,0.0,0.0,0.0,0.0,0.0,0.0
0.0,0.0,0.0,0.0,0.0,0.0,0.0,0.0
0.0,0.0,0.0,0.0,0.0,0.0,0.0,0.0
0.0,0.0,0.0,0.0,0.0,0.0,0.0,0.0
0.0,0.0,0.0,0.0,0.0,0.0,0.0,0.0
0.0,0.0,0.0,0.0,0.0,0.0,0.0,0.0
0.0,0.0,0.0,0.0,0.0,0.0,0.0,0.0
0.0,0.0,0.0,0.0,0.0,0.0,0.0,0.0
0.0,0.0,0.0,0.0,0.0,0.0,0.0,0.0
89.2,65.8,176.4,78.6,91.2,96.2,128.5,319.7
89.2,65.8,176.4,78.6,91.2,96.2,128.5,73.2
89.2,65.8,176.4,62.6,91.2,96.2,128.5,281.2
89.2,361.0,157.1,62.6,146.9,96.2,128.5,73.2
90.4,66.8,179.0,63.8,157.3,97.2,130.4,74.6
90.4,66.8,179.0,63.8,93.3,97.2,130.4,74.6
90.4,66.8,179.0,63.8,93.3,97.2,130.4,74.6
90.4,66.8,179.0,63.8,93.3,97.2,130.4,74.6
92.3,68.3,183.0,65.5,96.5,98.7,133.1,76.8
92.3,68.3,183.0,65.5,96.5,98.7,133.1,76.8
92.3,68.3,183.0,65.5,96.5,98.7,133.1,76.8
92.3,68.3,183.0,65.5,96.5,98.7,133.1,76.8
93.5,69.3,398.2,66.6,98.6,99.8,134.9,78.2
93.5,69.3,398.2,66.6,98.6,99.8,134.9,78.2
93.5,69.3,398.2,66.6,98.6,99.8,134.9,78.2
93.5,69.3,398.2,66.6,98.6,99.8,134.9,78.2
96.6,71.8,404.9,69.4,103.9,102.3,139.5,81.8
96.6,71.8,404.9,69.4,103.9,120.9,139.5,81.8
96.6,71.8,429.8,69.4,103.9,120.9,609.3,355.3
1444.0,71.8,217.3,69.4,103.9,120.9,139.5,81.8
1521.9,700.0,196.3,71.1,107.1,103.8,142.3,84.0
1186.5,700.0,196.3,71.1,107.1,103.8,142.3,84.0
1186.5,952.7,196.3,71.1,107.1,103.8,142.3,84.0
1186.5,952.7,1284.3,71.1,107.1,103.8,142.3,84.0
96.6,951.2,1280.3,69.4,103.9,102.3,139.5,81.8
96.6,951.2,1280.3,69.4,103.9,102.3,139.5,81.8
96.6,324.5,1280.3,69.4,103.9,102.3,139.5,81.8
96.6,324.5,192.3,69.4,103.9,102.3,139.5,81.8
97.3,72.3,193.6,70.0,105.0,102.8,140.4,82.6
97.3,72.3,193.6,70.0,105.0,102.8,140.4,82.6
97.3,72.3,193.6,70.0,105.0,102.8,140.4,82.6
97.3,72.3,193.6,70.0,105.0,102.8,140.4,82.6
99.1,73.9,197.6,71.7,108.1,104.4,143.2,84.7
99.1,73.9,197.6,71.7,108.1,104.4,143.2,84.7
99.1,73.9,197.6,71.7,108.1,104.4,143.2,84.7
99.1,73.9,197.6,71.7,108.1,104.4,143.2,84.7
106.0,79.4,212.2,77.9,119.8,110.0,153.3,92.7
106.0,79.4,212.2,77.9,119.8,110.0,153.3,92.7
106.0,79.4,212.2,77.9,119.8,110.0,153.3,92.7
106.0,79.4,212.2,77.9,119.8,110.0,153.3,92.7
117.2,88.4,236.2,88.1,138.9,119.2,169.7,105.6
117.2,88.4,236.2,182.1,138.9,119.2,169.7,105.6
117.2,88.4,236.2,182.1,138.9,119.2,169.7,105.6
117.2,88.4,236.2,88.1,138.9,119.2,169.7,105.6
127.8,97.0,258.8,97.7,156.9,127.8,185.3,117.9
932.3,97.0,258.8,97.7,156.9,127.8,185.3,117.9
932.3,97.0,258.8,97.7,156.9,127.8,185.3,117.9
1723.3,97.0,258.8,97.7,156.9,127.8,185.3,117.9
0.0,0.0,0.0,0.0,0.0,0.0,0.0,0.0
0.0,0.0,0.0,0.0,0.0,0.0,0.0,0.0
0.0,0.0,0.0,0.0,0.0,0.0,0.0,0.0
0.0,0.0,0.0,0.0,0.0,0.0,0.0,0.0
0.0,0.0,0.0,0.0,0.0,0.0,0.0,0.0
0.0,0.0,0.0,0.0,0.0,0.0,0.0,0.0
0.0,0.0,0.0,0.0,0.0,0.0,0.0,0.0
0.0,0.0,0.0,0.0,0.0,0.0,0.0,0.0
0.0,0.0,0.0,0.0,0.0,0.0,0.0,0.0
0.0,0.0,0.0,0.0,0.0,0.0,0.0,0.0
0.0,0.0,0.0,0.0,0.0,0.0,0.0,0.0
0.0,0.0,0.0,0.0,0.0,0.0,0.0,0.0
0.0,0.0,0.0,0.0,0.0,0.0,0.0,0.0
0.0,0.0,0.0,0.0,0.0,0.0,0.0,0.0
0.0,0.0,0.0,0.0,0.0,0.0,0.0,0.0
0.0,0.0,0.0,0.0,0.0,0.0,0.0,0.0
0.0,0.0,0.0,0.0,0.0,0.0,0.0,0.0
0.0,0.0,0.0,0.0,0.0,0.0,0.0,0.0
0.0,0.0,0.0,0.0,0.0,0.0,0.0,0.0
0.0,0.0,0.0,0.0,0.0,0.0,0.0,0.0
0.0,0.0,0.0,0.0,0.0,0.0,0.0,0.0
0.0,0.0,0.0,0.0,0.0,0.0,0.0,0.0
0.0,0.0,0.0,0.0,0.0,0.0,0.0,0.0
0.0,0.0,0.0,0.0,0.0,0.0,0.0,0.0
0.0,0.0,0.0,0.0,0.0,0.0,0.0,0.0
0.0,0.0,0.0,0.0,0.0,0.0,0.0,0.0
0.0,0.0,0.0,0.0,0.0,0.0,0.0,0.0
0.0,0.0,0.0,0.0,0.0,0.0,0.0,0.0
0.0,0.0,0.0,0.0,0.0,0.0,0.0,0.0
0.0,0.0,0.0,0.0,0.0,0.0,0.0,0.0
0.0,0.0,0.0,0.0,0.0,0.0,0.0,0.0
0.0,0.0,0.0,0.0,0.0,0.0,0.0,0.0
0.0,0.0,0.0,0.0,0.0,0.0,0.0,0.0
0.0,0.0,0.0,0.0,0.0,0.0,0.0,0.0
0.0,0.0,0.0,0.0,0.0,0.0,0.0,0.0
0.0,0.0,0.0,0.0,0.0,0.0,0.0,0.0
0.0,0.0,0.0,0.0,0.0,0.0,0.0,0.0
0.0,0.0,0.0,0.0,0.0,0.0,0.0,0.0
0.0,0.0,0.0,0.0,0.0,0.0,0.0,0.0
0.0,0.0,0.0,0.0,0.0,0.0,0.0,0.0
0.0,0.0,0.0,0.0,0.0,0.0,0.0,0.0
0.0,0.0,0.0,0.0,0.0,0.0,0.0,0.0
0.0,0.0,0.0,0.0,0.0,0.0,0.0,0.0
0.0,0.0,0.0,0.0,0.0,0.0,0.0,0.0
0.0,0.0,0.0,0.0,0.0,0.0,0.0,0.0
0.0,0.0,0.0,0.0,0.0,0.0,0.0,0.0
0.0,0.0,0.0,0.0,0.0,0.0,0.0,0.0
0.0,0.0,0.0,0.0,0.0,0.0,0.0,0.0
89.2,65.8,176.4,62.6,91.2,96.2,128.5,73.2
531.2,65.8,176.4,62.6,91.2,96.2,128.5,73.2
531.2,65.8,176.4,82.6,91.2,96.2,128.5,73.2
89.2,65.8,176.4,62.6,91.2,96.2,128.5,73.2
90.4,326.8,179.0,63.8,93.3,105.2,130.4,74.6
90.4,326.8,179.0,63.8,93.3,105.2,130.4,74.6
90.4,66.8,179.0,63.8,93.3,97.2,130.4,74.6
90.4,66.8,179.0,63.8,93.3,97.2,130.4,74.6
92.3,68.3,183.0,65.5,96.5,98.7,133.1,76.8
92.3,68.3,183.0,65.5,96.5,98.7,133.1,76.8
92.3,68.3,183.0,65.5,96.5,98.7,133.1,76.8
92.3,68.3,183.0,65.5,96.5,98.7,133.1,76.8
93.5,69.3,185.7,66.6,98.6,99.8,134.9,78.2
93.5,69.3,185.7,66.6,98.6,99.8,134.9,78.2
93.5,174.0,185.7,66.6,98.6,99.8,134.9,78.2
93.5,174.0,185.7,66.6,98.6,127.6,134.9,351.7
96.6,176.5,192.3,69.4,103.9,130.2,139.5,81.8
96.6,71.8,192.3,69.4,103.9,102.3,139.5,81.8
96.6,71.8,192.3,247.3,103.9,102.3,139.5,81.8
96.6,71.8,192.3,224.4,103.9,102.3,139.5,81.8
98.5,73.4,196.3,226.1,107.1,103.8,142.3,84.0
98.5,73.4,196.3,226.1,107.1,103.8,142.3,84.0
98.5,73.4,196.3,71.1,279.9,103.8,142.3,84.0
98.5,73.4,196.3,71.1,279.9,103.8,142.3,84.0
96.6,71.8,192.3,69.4,103.9,102.3,139.5,81.8
96.6,71.8,192.3,69.4,103.9,102.3,139.5,81.8
96.6,71.8,192.3,69.4,103.9,102.3,139.5,81.8
96.6,71.8,192.3,69.4,103.9,102.3,139.5,81.8
97.3,72.3,193.6,70.0,105.0,102.8,140.4,82.6
97.3,72.3,193.6,70.0,105.0,102.8,140.4,82.6
97.3,72.3,193.6,70.0,105.0,102.8,140.4,82.6
97.3,72.3,193.6,70.0,105.0,102.8,140.4,82.6
99.1,73.9,197.6,71.7,108.1,104.4,143.2,84.7
99.1,73.9,197.6,71.7,108.1,104.4,143.2,84.7
99.1,73.9,197.6,71.7,108.1,104.4,143.2,84.7
99.1,73.9,197.6,71.7,108.1,104.4,143.2,84.7
106.0,79.4,212.2,77.9,119.8,110.0,153.3,92.7
106.0,79.4,212.2,77.9,119.8,110.0,153.3,92.7
106.0,79.4,212.2,77.9,119.8,110.0,153.3,92.7
106.0,79.4,212.2,77.9,119.8,110.0,153.3,92.7
117.2,711.1,236.2,88.1,138.9,119.2,169.7,105.6
117.2,711.1,836.6,88.1,138.9,119.2,169.7,105.6
525.2,711.1,836.6,88.1,138.9,119.2,169.7,105.6
525.2,88.4,836.6,88.1,138.9,119.2,169.7,105.6
535.8,97.0,950.2,97.7,156.9,127.8,185.3,117.9
535.8,97.0,950.2,97.7,156.9,127.8,185.3,117.9
535.8,97.0,950.2,149.7,156.9,127.8,185.3,117.9
535.8,97.0,950.2,149.7,156.9,127.8,185.3,117.9
0.0,0.0,0.0,0.0,0.0,0.0,0.0,0.0
0.0,0.0,0.0,0.0,0.0,0.0,0.0,0.0
0.0,0.0,0.0,0.0,0.0,0.0,0.0,0.0
0.0,0.0,0.0,0.0,0.0,0.0,0.0,0.0
0.0,0.0,0.0,0.0,0.0,0.0,0.0,0.0
0.0,0.0,0.0,0.0,0.0,0.0,0.0,0.0
0.0,0.0,0.0,0.0,0.0,0.0,0.0,0.0
0.0,0.0,0.0,0.0,0.0,0.0,0.0,0.0
0.0,0.0,0.0,0.0,0.0,0.0,0.0,0.0
0.0,0.0,0.0,0.0,0.0,0.0,0.0,0.0
0.0,0.0,0.0,0.0,0.0,0.0,0.0,0.0
0.0,0.0,0.0,0.0,0.0,0.0,0.0,0.0
0.0,0.0,0.0,0.0,0.0,0.0,0.0,0.0
0.0,0.0,0.0,0.0,0.0,0.0,0.0,0.0
0.0,0.0,0.0,0.0,0.0,0.0,0.0,0.0
0.0,0.0,0.0,0.0,0.0,0.0,0.0,0.0
0.0,0.0,0.0,0.0,0.0,0.0,0.0,0.0
0.0,0.0,0.0,0.0,0.0,0.0,0.0,0.0
0.0,0.0,0.0,0.0,0.0,0.0,0.0,0.0
0.0,0.0,0.0,0.0,0.0,0.0,0.0,0.0
0.0,0.0,0.0,0.0,0.0,0.0,0.0,0.0
0.0,0.0,0.0,0.0,0.0,0.0,0.0,0.0
0.0,0.0,0.0,0.0,0.0,0.0,0.0,0.0
0.0,0.0,0.0,0.0,0.0,0.0,0.0,0.0
0.0,0.0,0.0,0.0,0.0,0.0,0.0,0.0
0.0,0.0,0.0,0.0,0.0,0.0,0.0,0.0
0.0,0.0,0.0,0.0,0.0,0.0,0.0,0.0
0.0,0.0,0.0,0.0,0.0,0.0,0.0,0.0
0.0,0.0,0.0,0.0,0.0,0.0,0.0,0.0
0.0,0.0,0.0,0.0,0.0,0.0,0.0,0.0
0.0,0.0,0.0,0.0,0.0,0.0,0.0,0.0
0.0,0.0,0.0,0.0,0.0,0.0,0.0,0.0
0.0,0.0,0.0,0.0,0.0,0.0,0.0,0.0
0.0,0.0,0.0,0.0,0.0,0.0,0.0,0.0
0.0,0.0,0.0,0.0,0.0,0.0,0.0,0.0
0.0,0.0,0.0,0.0,0.0,0.0,0.0,0.0
0.0,0.0,0.0,0.0,0.0,0.0,0.0,0.0
0.0,0.0,0.0,0.0,0.0,0.0,0.0,0.0
0.0,0.0,0.0,0.0,0.0,0.0,0.0,0.0
0.0,0.0,0.0,0.0,0.0,0.0,0.0,0.0
0.0,0.0,0.0,0.0,0.0,0.0,0.0,0.0
0.0,0.0,0.0,0.0,0.0,0.0,0.0,0.0
0.0,0.0,0.0,0.0,0.0,0.0,0.0,0.0
0.0,0.0,0.0,0.0,0.0,0.0,0.0,0.0
0.0,0.0,0.0,0.0,0.0,0.0,0.0,0.0
0.0,0.0,0.0,0.0,0.0,0.0,0.0,0.0
0.0,0.0,0.0,0.0,0.0,0.0,0.0,0.0
0.0,0.0,0.0,0.0,0.0,0.0,0.0,0.0
0.0,0.0,0.0,0.0,0.0,0.0,0.0,0.0
0.0,0.0,0.0,0.0,0.0,0.0,0.0,0.0
0.0,0.0,0.0,0.0,0.0,0.0,0.0,0.0
0.0,0.0,0.0,0.0,0.0,0.0,0.0,0.0
978.4,66.8,179.0,63.8,93.3,97.2,130.4,74.6
90.4,66.8,179.0,63.8,93.3,97.2,130.4,74.6
90.4,66.8,179.0,63.8,93.3,97.2,130.4,74.6
90.4,66.8,179.0,63.8,93.3,97.2,130.4,74.6
92.3,68.3,183.0,65.5,96.5,98.7,133.1,76.8
92.3,68.3,183.0,65.5,96.5,98.7,133.1,76.8
92.3,68.3,183.0,65.5,96.5,98.7,133.1,76.8
92.3,68.3,183.0,65.5,96.5,98.7,133.1,76.8
93.5,69.3,185.7,66.6,98.6,99.8,134.9,78.2
93.5,69.3,185.7,66.6,98.6,99.8,134.9,78.2
93.5,69.3,185.7,66.6,98.6,99.8,134.9,78.2
93.5,383.2,185.7,66.6,98.6,99.8,134.9,78.2
96.6,71.8,192.3,69.4,103.9,102.3,139.5,81.8
96.6,71.8,192.3,69.4,103.9,102.3,139.5,81.8
96.6,71.8,192.3,69.4,449.6,102.3,139.5,81.8
96.6,71.8,192.3,69.4,103.9,102.3,139.5,81.8
98.5,73.4,196.3,71.1,107.1,1273.1,142.3,84.0
98.5,73.4,196.3,71.1,107.1,103.8,142.3,84.0
769.3,73.4,196.3,71.1,107.1,103.8,142.3,84.0
98.5,73.4,196.3,71.1,107.1,103.8,142.3,84.0
96.6,71.8,192.3,69.4,103.9,102.3,139.5,81.8
96.6,71.8,192.3,69.4,103.9,102.3,139.5,81.8
96.6,71.8,192.3,69.4,103.9,102.3,139.5,81.8
96.6,71.8,192.3,69.4,103.9,102.3,139.5,81.8
97.3,72.3,193.6,70.0,105.0,102.8,140.4,82.6
97.3,72.3,193.6,70.0,105.0,102.8,140.4,82.6
97.3,72.3,193.6,70.0,105.0,102.8,140.4,82.6
97.3,72.3,193.6,70.0,105.0,102.8,140.4,82.6
99.1,73.9,197.6,71.7,108.1,104.4,143.2,84.7
99.1,73.9,197.6,71.7,108.1,104.4,143.2,84.7
99.1,73.9,197.6,71.7,108.1,104.4,143.2,84.7
99.1,73.9,197.6,71.7,108.1,104.4,143.2,84.7
106.0,79.4,212.2,77.9,119.8,110.0,153.3,92.7
106.0,79.4,212.2,77.9,119.8,110.0,153.3,92.7
106.0,79.4,212.2,77.9,119.8,110.0,153.3,92.7
106.0,79.4,212.2,77.9,119.8,110.0,153.3,92.7
117.2,88.4,236.2,88.1,138.9,119.2,169.7,105.6
117.2,839.4,236.2,88.1,138.9,119.2,2549.7,105.6
117.2,839.4,236.2,88.1,1750.9,119.2,2549.7,105.6
117.2,839.4,329.5,88.1,1750.9,247.2,169.7,105.6
127.8,848.0,352.1,97.7,156.9,255.8,185.3,117.9
127.8,97.0,352.1,745.2,156.9,127.8,185.3,117.9
127.8,397.0,352.1,745.2,156.9,127.8,185.3,117.9
127.8,397.0,352.1,993.2,156.9,127.8,185.3,117.9
0.0,0.0,0.0,0.0,0.0,0.0,0.0,0.0
0.0,0.0,0.0,0.0,0.0,0.0,0.0,0.0
0.0,0.0,0.0,0.0,0.0,0.0,0.0,0.0
0.0,0.0,0.0,0.0,0.0,0.0,0.0,0.0
0.0,0.0,0.0,0.0,0.0,0.0,0.0,0.0
0.0,0.0,0.0,0.0,0.0,0.0,0.0,0.0
0.0,0.0,0.0,0.0,0.0,0.0,0.0,0.0
0.0,0.0,0.0,0.0,0.0,0.0,0.0,0.0
0.0,0.0,0.0,0.0,0.0,0.0,0.0,0.0
0.0,0.0,0.0,0.0,0.0,0.0,0.0,0.0
0.0,0.0,0.0,0.0,0.0,0.0,0.0,0.0
0.0,0.0,0.0,0.0,0.0,0.0,0.0,0.0
0.0,0.0,0.0,0.0,0.0,0.0,0.0,0.0
0.0,0.0,0.0,0.0,0.0,0.0,0.0,0.0
0.0,0.0,0.0,0.0,0.0,0.0,0.0,0.0
0.0,0.0,0.0,0.0,0.0,0.0,0.0,0.0
0.0,0.0,0.0,0.0,0.0,0.0,0.0,0.0
0.0,0.0,0.0,0.0,0.0,0.0,0.0,0.0
0.0,0.0,0.0,0.0,0.0,0.0,0.0,0.0
0.0,0.0,0.0,0.0,0.0,0.0,0.0,0.0
0.0,0.0,0.0,0.0,0.0,0.0,0.0,0.0
0.0,0.0,0.0,0.0,0.0,0.0,0.0,0.0
0.0,0.0,0.0,0.0,0.0,0.0,0.0,0.0
0.0,0.0,0.0,0.0,0.0,0.0,0.0,0.0
0.0,0.0,0.0,0.0,0.0,0.0,0.0,0.0
0.0,0.0,0.0,0.0,0.0,0.0,0.0,0.0
0.0,0.0,0.0,0.0,0.0,0.0,0.0,0.0
0.0,0.0,0.0,0.0,0.0,0.0,0.0,0.0
0.0,0.0,0.0,0.0,0.0,0.0,0.0,0.0
0.0,0.0,0.0,0.0,0.0,0.0,0.0,0.0
0.0,0.0,0.0,0.0,0.0,0.0,0.0,0.0
0.0,0.0,0.0,0.0,0.0,0.0,0.0,0.0
0.0,0.0,0.0,0.0,0.0,0.0,0.0,0.0
0.0,0.0,0.0,0.0,0.0,0.0,0.0,0.0
0.0,0.0,0.0,0.0,0.0,0.0,0.0,0.0
0.0,0.0,0.0,0.0,0.0,0.0,0.0,0.0
0.0,0.0,0.0,0.0,0.0,0.0,0.0,0.0
0.0,0.0,0.0,0.0,0.0,0.0,0.0,0.0
0.0,0.0,0.0,0.0,0.0,0.0,0.0,0.0
0.0,0.0,0.0,0.0,0.0,0.0,0.0,0.0
0.0,0.0,0.0,0.0,0.0,0.0,0.0,0.0
0.0,0.0,0.0,0.0,0.0,0.0,0.0,0.0
0.0,0.0,0.0,0.0,0.0,0.0,0.0,0.0
0.0,0.0,0.0,0.0,0.0,0.0,0.0,0.0
0.0,0.0,0.0,0.0,0.0,0.0,0.0,0.0
0.0,0.0,0.0,0.0,0.0,0.0,0.0,0.0
0.0,0.0,0.0,0.0,0.0,0.0,0.0,0.0
0.0,0.0,0.0,0.0,0.0,0.0,0.0,0.0
0.0,0.0,0.0,0.0,0.0,0.0,0.0,0.0
0.0,0.0,0.0,0.0,0.0,0.0,0.0,0.0
0.0,0.0,0.0,0.0,0.0,0.0,0.0,0.0
0.0,0.0,0.0,0.0,0.0,0.0,0.0,0.0
65.9,65.8,66.2,63.8,65.9,66.8,66.0,65.8
65.9,65.8,66.2,63.8,65.9,66.8,66.0,65.8
65.9,65.8,66.2,63.8,65.9,66.8,66.0,65.8
65.9,65.8,66.2,63.8,65.9,66.8,66.0,65.8
92.3,68.3,183.0,65.5,96.5,337.1,133.1,76.8
92.3,68.3,183.0,65.5,96.5,337.1,133.1,76.8
92.3,68.3,183.0,65.5,96.5,337.1,133.1,76.8
92.3,68.3,183.0,65.5,96.5,98.7,133.1,76.8
93.5,69.3,185.7,66.6,98.6,99.8,134.9,78.2
93.5,69.3,185.7,66.6,98.6,99.8,134.9,78.2
93.5,69.3,185.7,66.6,98.6,99.8,134.9,78.2
93.5,69.3,185.7,66.6,98.6,99.8,134.9,2949.3
96.6,71.8,192.3,69.4,103.9,102.3,139.5,2952.9
6661.3,71.8,192.3,69.4,103.9,102.3,139.5,81.8
6661.3,71.8,192.3,69.4,103.9,102.3,139.5,81.8
96.6,3368.0,192.3,69.4,103.9,102.3,139.5,81.8
98.5,3369.5,196.3,71.1,107.1,131.7,298.9,84.0
98.5,73.4,196.3,71.1,107.1,131.7,298.9,84.0
98.5,73.4,196.3,71.1,107.1,103.8,298.9,84.0
98.5,73.4,196.3,311.8,107.1,103.8,142.3,84.0
96.6,71.8,192.3,310.1,103.9,102.3,139.5,81.8
96.6,71.8,192.3,69.4,103.9,102.3,139.5,81.8
96.6,71.8,192.3,69.4,103.9,102.3,139.5,81.8
96.6,71.8,192.3,69.4,103.9,102.3,454.7,81.8
97.3,72.3,193.6,70.0,105.0,102.8,455.6,82.6
97.3,72.3,193.6,70.0,105.0,102.8,455.6,82.6
97.3,72.3,193.6,70.0,105.0,102.8,455.6,82.6
97.3,72.3,193.6,70.0,105.0,102.8,455.6,82.6
99.1,73.9,197.6,71.7,108.1,104.4,458.4,84.7
99.1,73.9,197.6,71.7,108.1,104.4,458.4,84.7
99.1,73.9,197.6,71.7,108.1,104.4,458.4,84.7
99.1,73.9,197.6,71.7,108.1,104.4,458.4,84.7
106.0,79.4,212.2,77.9,119.8,110.0,468.5,92.7
106.0,79.4,212.2,77.9,119.8,110.0,153.3,92.7
106.0,79.4,212.2,77.9,119.8,110.0,153.3,92.7
373.7,79.4,212.2,77.9,119.8,110.0,153.3,92.7
384.9,88.4,236.2,88.1,138.9,119.2,169.7,105.6
384.9,88.4,236.2,88.1,138.9,119.2,169.7,105.6
384.9,88.4,236.2,88.1,138.9,119.2,169.7,105.6
384.9,88.4,236.2,88.1,138.9,119.2,169.7,105.6
395.5,97.0,258.8,97.7,156.9,127.8,185.3,117.9
352.3,443.1,258.8,97.7,156.9,127.8,185.3,1077.7
395.5,750.3,258.8,97.7,156.9,127.8,185.3,117.9
395.5,750.3,258.8,123.0,156.9,127.8,185.3,117.9
0.0,0.0,0.0,0.0,0.0,0.0,0.0,0.0
0.0,0.0,0.0,0.0,0.0,0.0,0.0,0.0
0.0,0.0,0.0,0.0,0.0,0.0,0.0,0.0
0.0,0.0,0.0,0.0,0.0,0.0,0.0,0.0
0.0,0.0,0.0,0.0,0.0,0.0,0.0,0.0
0.0,0.0,0.0,0.0,0.0,0.0,0.0,0.0
0.0,0.0,0.0,0.0,0.0,0.0,0.0,0.0
0.0,0.0,0.0,0.0,0.0,0.0,0.0,0.0
0.0,0.0,0.0,0.0,0.0,0.0,0.0,0.0
0.0,0.0,0.0,0.0,0.0,0.0,0.0,0.0
0.0,0.0,0.0,0.0,0.0,0.0,0.0,0.0
0.0,0.0,0.0,0.0,0.0,0.0,0.0,0.0
0.0,0.0,0.0,0.0,0.0,0.0,0.0,0.0
0.0,0.0,0.0,0.0,0.0,0.0,0.0,0.0
0.0,0.0,0.0,0.0,0.0,0.0,0.0,0.0
0.0,0.0,0.0,0.0,0.0,0.0,0.0,0.0
0.0,0.0,0.0,0.0,0.0,0.0,0.0,0.0
0.0,0.0,0.0,0.0,0.0,0.0,0.0,0.0
0.0,0.0,0.0,0.0,0.0,0.0,0.0,0.0
0.0,0.0,0.0,0.0,0.0,0.0,0.0,0.0
0.0,0.0,0.0,0.0,0.0,0.0,0.0,0.0
0.0,0.0,0.0,0.0,0.0,0.0,0.0,0.0
0.0,0.0,0.0,0.0,0.0,0.0,0.0,0.0
0.0,0.0,0.0,0.0,0.0,0.0,0.0,0.0
0.0,0.0,0.0,0.0,0.0,0.0,0.0,0.0
0.0,0.0,0.0,0.0,0.0,0.0,0.0,0.0
0.0,0.0,0.0,0.0,0.0,0.0,0.0,0.0
0.0,0.0,0.0,0.0,0.0,0.0,0.0,0.0
0.0,0.0,0.0,0.0,0.0,0.0,0.0,0.0
0.0,0.0,0.0,0.0,0.0,0.0,0.0,0.0
0.0,0.0,0.0,0.0,0.0,0.0,0.0,0.0
0.0,0.0,0.0,0.0,0.0,0.0,0.0,0.0
0.0,0.0,0.0,0.0,0.0,0.0,0.0,0.0
0.0,0.0,0.0,0.0,0.0,0.0,0.0,0.0
0.0,0.0,0.0,0.0,0.0,0.0,0.0,0.0
0.0,0.0,0.0,0.0,0.0,0.0,0.0,0.0
0.0,0.0,0.0,0.0,0.0,0.0,0.0,0.0
0.0,0.0,0.0,0.0,0.0,0.0,0.0,0.0
0.0,0.0,0.0,0.0,0.0,0.0,0.0,0.0
0.0,0.0,0.0,0.0,0.0,0.0,0.0,0.0
0.0,0.0,0.0,0.0,0.0,0.0,0.0,0.0
0.0,0.0,0.0,0.0,0.0,0.0,0.0,0.0
0.0,0.0,0.0,0.0,0.0,0.0,0.0,0.0
0.0,0.0,0.0,0.0,0.0,0.0,0.0,0.0
237.9,64.8,123.1,61.5,89.1,95.2,111.7,71.7
87.9,64.8,217.7,71.5,89.1,95.2,126.7,71.7
87.9,64.8,217.7,71.5,89.1,95.2,126.7,71.7
87.9,64.8,173.7,61.5,89.1,95.2,126.7,71.7
89.2,65.8,176.4,62.6,91.2,96.2,128.5,73.2
89.2,65.8,176.4,62.6,91.2,96.2,128.5,73.2
89.2,65.8,176.4,62.6,91.2,96.2,128.5,73.2
89.2,65.8,176.4,62.6,91.2,96.2,568.5,73.2
90.4,66.8,179.0,63.8,93.3,97.2,570.4,74.6
90.4,66.8,179.0,63.8,93.3,97.2,130.4,74.6
90.4,66.8,179.0,63.8,93.3,97.2,130.4,74.6
90.4,66.8,179.0,63.8,93.3,97.2,130.4,74.6
92.3,68.3,183.0,65.5,96.5,98.7,133.1,76.8
92.3,68.3,183.0,65.5,96.5,98.7,133.1,76.8
92.3,68.3,183.0,65.5,96.5,98.7,133.1,76.8
92.3,68.3,183.0,65.5,96.5,98.7,133.1,76.8
93.5,69.3,185.7,66.6,98.6,99.8,134.9,78.2
93.5,69.3,185.7,66.6,98.6,99.8,134.9,78.2
93.5,69.3,185.7,66.6,98.6,99.8,134.9,78.2
93.5,69.3,185.7,66.6,98.6,99.8,134.9,78.2
96.6,71.8,799.8,69.4,103.9,102.3,139.5,81.8
96.6,71.8,799.8,69.4,103.9,102.3,139.5,81.8
96.6,71.8,799.8,69.4,103.9,120.9,139.5,81.8
1066.7,71.8,799.8,69.4,103.9,120.9,139.5,81.8
1068.6,178.0,803.8,71.1,107.1,122.4,142.3,1998.0
1068.6,178.0,803.8,71.1,107.1,103.8,142.3,1998.0
845.0,178.0,820.4,71.1,452.8,103.8,142.3,1998.0
845.0,73.4,820.4,71.1,107.1,103.8,142.3,84.0
843.1,71.8,208.9,69.4,103.9,102.3,3428.3,81.8
843.1,71.8,192.3,69.4,103.9,102.3,3428.3,81.8
843.1,71.8,192.3,69.4,103.9,102.3,3428.3,81.8
96.6,71.8,192.3,69.4,103.9,102.3,139.5,81.8
97.3,72.3,193.6,70.0,105.0,102.8,140.4,82.6
97.3,72.3,193.6,70.0,105.0,102.8,140.4,82.6
97.3,72.3,193.6,70.0,105.0,102.8,140.4,82.6
97.3,72.3,193.6,70.0,105.0,102.8,140.4,82.6
99.1,73.9,197.6,71.7,108.1,104.4,143.2,84.7
99.1,73.9,197.6,71.7,108.1,104.4,143.2,84.7
99.1,73.9,197.6,71.7,108.1,104.4,143.2,84.7
99.1,73.9,197.6,71.7,108.1,104.4,143.2,84.7
98.6,79.4,118.5,77.9,101.2,99.3,107.5,92.7
98.6,79.4,118.5,77.9,101.2,99.3,107.5,92.7
97.3,79.4,102.0,108.9,97.9,97.5,99.4,92.7
97.3,79.4,102.0,108.9,97.9,97.5,99.4,92.7
117.2,88.4,236.2,377.4,138.9,119.2,169.7,105.6
117.2,88.4,236.2,146.1,138.9,119.2,169.7,105.6
117.2,88.4,236.2,146.1,138.9,119.2,169.7,105.6
117.2,88.4,236.2,146.1,138.9,119.2,169.7,105.6
24.0,24.0,24.0,24.0,24.0,24.0,24.0,24.0
24.0,24.0,24.0,24.0,24.0,24.0,24.0,24.0
24.0,24.0,24.0,24.0,24.0,24.0,24.0,24.0
24.0,24.0,24.0,24.0,24.0,24.0,24.0,24.0
0.0,0.0,0.0,0.0,0.0,0.0,0.0,0.0
0.0,0.0,0.0,0.0,0.0,0.0,0.0,0.0
0.0,0.0,0.0,0.0,0.0,0.0,0.0,0.0
0.0,0.0,0.0,0.0,0.0,0.0,0.0,0.0
0.0,0.0,0.0,0.0,0.0,0.0,0.0,0.0
0.0,0.0,0.0,0.0,0.0,0.0,0.0,0.0
0.0,0.0,0.0,0.0,0.0,0.0,0.0,0.0
0.0,0.0,0.0,0.0,0.0,0.0,0.0,0.0
0.0,0.0,0.0,0.0,0.0,0.0,0.0,0.0
0.0,0.0,0.0,0.0,0.0,0.0,0.0,0.0
0.0,0.0,0.0,0.0,0.0,0.0,0.0,0.0
0.0,0.0,0.0,0.0,0.0,0.0,0.0,0.0
0.0,0.0,0.0,0.0,0.0,0.0,0.0,0.0
0.0,0.0,0.0,0.0,0.0,0.0,0.0,0.0
0.0,0.0,0.0,0.0,0.0,0.0,0.0,0.0
0.0,0.0,0.0,0.0,0.0,0.0,0.0,0.0
0.0,0.0,0.0,0.0,0.0,0.0,0.0,0.0
0.0,0.0,0.0,0.0,0.0,0.0,0.0,0.0
0.0,0.0,0.0,0.0,0.0,0.0,0.0,0.0
0.0,0.0,0.0,0.0,0.0,0.0,0.0,0.0
0.0,0.0,0.0,0.0,0.0,0.0,0.0,0.0
0.0,0.0,0.0,0.0,0.0,0.0,0.0,0.0
0.0,0.0,0.0,0.0,0.0,0.0,0.0,0.0
0.0,0.0,0.0,0.0,0.0,0.0,0.0,0.0
0.0,0.0,0.0,0.0,0.0,0.0,0.0,0.0
0.0,0.0,0.0,0.0,0.0,0.0,0.0,0.0
0.0,0.0,0.0,0.0,0.0,0.0,0.0,0.0
0.0,0.0,0.0,0.0,0.0,0.0,0.0,0.0
0.0,0.0,0.0,0.0,0.0,0.0,0.0,0.0
0.0,0.0,0.0,0.0,0.0,0.0,0.0,0.0
0.0,0.0,0.0,0.0,0.0,0.0,0.0,0.0
0.0,0.0,0.0,0.0,0.0,0.0,0.0,0.0
0.0,0.0,0.0,0.0,0.0,0.0,0.0,0.0
0.0,0.0,0.0,0.0,0.0,0.0,0.0,0.0
0.0,0.0,0.0,0.0,0.0,0.0,0.0,0.0
0.0,0.0,0.0,0.0,0.0,0.0,0.0,0.0
0.0,0.0,0.0,0.0,0.0,0.0,0.0,0.0
0.0,0.0,0.0,0.0,0.0,0.0,0.0,0.0
0.0,0.0,0.0,0.0,0.0,0.0,0.0,0.0
0.0,0.0,0.0,0.0,0.0,0.0,0.0,0.0
18.6,18.6,18.6,18.6,18.6,18.6,18.6,18.6
18.6,18.6,18.6,18.6,18.6,18.6,18.6,18.6
18.6,18.6,18.6,18.6,18.6,18.6,18.6,18.6
18.6,18.6,18.6,18.6,18.6,18.6,18.6,18.6
73.7,81.2,76.0,61.5,73.7,73.9,74.7,71.7
74.8,64.8,83.9,61.5,75.0,75.6,79.0,71.7
74.8,64.8,83.9,61.5,75.0,75.6,79.0,71.7
74.8,64.8,83.9,61.5,75.0,75.6,79.0,71.7
0.0,0.0,0.0,0.0,0.0,0.0,0.0,0.0
0.0,0.0,0.0,0.0,0.0,0.0,0.0,0.0
0.0,0.0,0.0,0.0,0.0,0.0,0.0,0.0
0.0,0.0,0.0,0.0,0.0,0.0,0.0,0.0
90.4,66.8,179.0,63.8,93.3,97.2,604.4,74.6
90.4,66.8,179.0,63.8,93.3,97.2,130.4,74.6
90.4,66.8,179.0,63.8,93.3,97.2,130.4,74.6
90.4,66.8,179.0,63.8,93.3,97.2,130.4,74.6
92.3,68.3,183.0,65.5,96.5,98.7,133.1,76.8
92.3,68.3,183.0,65.5,96.5,98.7,133.1,76.8
92.3,68.3,183.0,65.5,96.5,98.7,133.1,76.8
92.3,68.3,183.0,65.5,96.5,98.7,133.1,76.8
93.5,69.3,185.7,66.6,98.6,99.8,134.9,78.2
93.5,69.3,185.7,66.6,98.6,99.8,134.9,78.2
93.5,69.3,185.7,66.6,98.6,99.8,134.9,78.2
93.5,69.3,185.7,66.6,98.6,99.8,134.9,78.2
96.6,71.8,192.3,69.4,103.9,102.3,139.5,81.8
756.6,71.8,217.3,69.4,103.9,102.3,139.5,81.8
96.6,71.8,217.3,69.4,103.9,102.3,139.5,81.8
96.6,71.8,192.3,69.4,103.9,102.3,139.5,81.8
98.5,73.4,351.3,71.1,107.1,425.5,142.3,84.0
98.5,73.4,351.3,71.1,107.1,369.8,142.3,84.0
98.5,73.4,351.3,71.1,107.1,369.8,142.3,84.0
98.5,73.4,351.3,71.1,107.1,369.8,142.3,84.0
96.6,71.8,347.3,69.4,103.9,102.3,139.5,81.8
96.6,71.8,347.3,69.4,103.9,102.3,139.5,81.8
96.6,71.8,347.3,69.4,103.9,102.3,139.5,81.8
96.6,71.8,347.3,69.4,103.9,102.3,139.5,81.8
97.3,72.3,193.6,70.0,105.0,102.8,140.4,82.6
97.3,72.3,193.6,70.0,105.0,102.8,140.4,82.6
97.3,72.3,193.6,70.0,105.0,102.8,140.4,82.6
97.3,72.3,1281.6,70.0,105.0,102.8,140.4,82.6
99.1,73.9,1285.6,71.7,108.1,104.4,143.2,84.7
99.1,73.9,1285.6,71.7,108.1,104.4,143.2,84.7
99.1,73.9,1285.6,71.7,108.1,104.4,143.2,84.7
99.1,73.9,1285.6,71.7,108.1,104.4,143.2,84.7
106.0,79.4,212.2,77.9,119.8,110.0,153.3,92.7
106.0,79.4,212.2,77.9,119.8,110.0,153.3,92.7
106.0,79.4,212.2,77.9,119.8,110.0,153.3,92.7
106.0,79.4,212.2,77.9,119.8,110.0,153.3,92.7
48.8,48.8,48.8,48.8,48.8,48.8,48.8,48.8
48.8,48.8,48.8,48.8,48.8,48.8,48.8,48.8
48.8,48.8,48.8,48.8,48.8,48.8,48.8,48.8
48.8,48.8,48.8,48.8,48.8,48.8,48.8,48.8
127.8,97.0,258.8,635.0,156.9,127.8,185.3,117.9
920.5,97.0,258.8,389.2,156.9,127.8,185.3,117.9
920.5,97.0,258.8,389.2,156.9,127.8,185.3,117.9
717.4,97.0,258.8,355.0,394.1,127.8,185.3,117.9
0.0,0.0,0.0,0.0,0.0,0.0,0.0,0.0
0.0,0.0,0.0,0.0,0.0,0.0,0.0,0.0
0.0,0.0,0.0,0.0,0.0,0.0,0.0,0.0
0.0,0.0,0.0,0.0,0.0,0.0,0.0,0.0
0.0,0.0,0.0,0.0,0.0,0.0,0.0,0.0
0.0,0.0,0.0,0.0,0.0,0.0,0.0,0.0
0.0,0.0,0.0,0.0,0.0,0.0,0.0,0.0
0.0,0.0,0.0,0.0,0.0,0.0,0.0,0.0
0.0,0.0,0.0,0.0,0.0,0.0,0.0,0.0
0.0,0.0,0.0,0.0,0.0,0.0,0.0,0.0
0.0,0.0,0.0,0.0,0.0,0.0,0.0,0.0
0.0,0.0,0.0,0.0,0.0,0.0,0.0,0.0
0.0,0.0,0.0,0.0,0.0,0.0,0.0,0.0
0.0,0.0,0.0,0.0,0.0,0.0,0.0,0.0
0.0,0.0,0.0,0.0,0.0,0.0,0.0,0.0
0.0,0.0,0.0,0.0,0.0,0.0,0.0,0.0
0.0,0.0,0.0,0.0,0.0,0.0,0.0,0.0
0.0,0.0,0.0,0.0,0.0,0.0,0.0,0.0
0.0,0.0,0.0,0.0,0.0,0.0,0.0,0.0
0.0,0.0,0.0,0.0,0.0,0.0,0.0,0.0
0.0,0.0,0.0,0.0,0.0,0.0,0.0,0.0
0.0,0.0,0.0,0.0,0.0,0.0,0.0,0.0
0.0,0.0,0.0,0.0,0.0,0.0,0.0,0.0
0.0,0.0,0.0,0.0,0.0,0.0,0.0,0.0
0.0,0.0,0.0,0.0,0.0,0.0,0.0,0.0
0.0,0.0,0.0,0.0,0.0,0.0,0.0,0.0
0.0,0.0,0.0,0.0,0.0,0.0,0.0,0.0
0.0,0.0,0.0,0.0,0.0,0.0,0.0,0.0
0.0,0.0,0.0,0.0,0.0,0.0,0.0,0.0
0.0,0.0,0.0,0.0,0.0,0.0,0.0,0.0
0.0,0.0,0.0,0.0,0.0,0.0,0.0,0.0
0.0,0.0,0.0,0.0,0.0,0.0,0.0,0.0
0.0,0.0,0.0,0.0,0.0,0.0,0.0,0.0
0.0,0.0,0.0,0.0,0.0,0.0,0.0,0.0
0.0,0.0,0.0,0.0,0.0,0.0,0.0,0.0
0.0,0.0,0.0,0.0,0.0,0.0,0.0,0.0
0.0,0.0,0.0,0.0,0.0,0.0,0.0,0.0
0.0,0.0,0.0,0.0,0.0,0.0,0.0,0.0
0.0,0.0,0.0,0.0,0.0,0.0,0.0,0.0
0.0,0.0,0.0,0.0,0.0,0.0,0.0,0.0
0.0,0.0,0.0,0.0,0.0,0.0,0.0,0.0
0.0,0.0,0.0,0.0,0.0,0.0,0.0,0.0
0.0,0.0,0.0,0.0,0.0,0.0,0.0,0.0
0.0,0.0,0.0,0.0,0.0,0.0,0.0,0.0
21.8,21.8,21.8,21.8,21.8,21.8,21.8,21.8
21.8,21.8,21.8,21.8,21.8,21.8,21.8,21.8
21.8,21.8,21.8,21.8,21.8,21.8,21.8,21.8
21.8,21.8,21.8,21.8,21.8,21.8,21.8,21.8
42.6,42.6,42.6,42.6,42.6,42.6,42.6,42.6
42.6,42.6,42.6,42.6,42.6,42.6,42.6,42.6
42.6,42.6,42.6,42.6,42.6,42.6,42.6,42.6
42.6,42.6,42.6,42.6,42.6,42.6,42.6,42.6
90.4,66.8,179.0,63.8,93.3,97.2,130.4,334.6
90.4,66.8,179.0,63.8,93.3,97.2,130.4,74.6
90.4,66.8,179.0,63.8,93.3,97.2,130.4,74.6
90.4,66.8,179.0,63.8,93.3,97.2,130.4,74.6
92.3,68.3,183.0,65.5,96.5,98.7,133.1,76.8
92.3,68.3,183.0,65.5,96.5,98.7,133.1,76.8
92.3,68.3,183.0,65.5,96.5,98.7,133.1,76.8
536.3,68.3,183.0,65.5,96.5,98.7,133.1,76.8
93.5,69.3,185.7,66.6,98.6,99.8,134.9,78.2
93.5,69.3,185.7,66.6,98.6,99.8,134.9,78.2
93.5,69.3,185.7,66.6,98.6,99.8,134.9,78.2
93.5,69.3,185.7,89.5,98.6,99.8,134.9,78.2
96.6,71.8,192.3,69.4,103.9,130.2,139.5,81.8
1261.6,71.8,192.3,69.4,103.9,130.2,296.1,81.8
1261.6,71.8,192.3,69.4,103.9,102.3,296.1,81.8
407.7,71.8,192.3,69.4,103.9,102.3,281.4,1004.5
1263.5,73.4,196.3,71.1,107.1,103.8,142.3,84.0
98.5,73.4,221.3,71.1,107.1,103.8,716.3,84.0
98.5,73.4,221.3,646.0,107.1,103.8,716.3,84.0
98.5,73.4,196.3,646.0,107.1,103.8,142.3,84.0
767.4,228.8,192.3,644.3,103.9,102.3,139.5,81.8
96.6,228.8,192.3,644.3,103.9,102.3,139.5,81.8
96.6,71.8,192.3,644.3,103.9,102.3,139.5,81.8
96.6,71.8,192.3,644.3,103.9,102.3,139.5,81.8
97.3,72.3,193.6,644.9,105.0,102.8,140.4,82.6
97.3,72.3,193.6,644.9,105.0,102.8,140.4,82.6
97.3,72.3,193.6,644.9,105.0,102.8,140.4,82.6
97.3,72.3,193.6,644.9,105.0,102.8,140.4,82.6
99.1,73.9,197.6,646.6,108.1,104.4,143.2,84.7
99.1,73.9,197.6,71.7,108.1,104.4,143.2,84.7
99.1,73.9,197.6,71.7,108.1,104.4,143.2,84.7
99.1,73.9,197.6,71.7,108.1,104.4,143.2,84.7
106.0,79.4,212.2,77.9,119.8,110.0,153.3,92.7
106.0,79.4,212.2,77.9,119.8,110.0,153.3,92.7
106.0,79.4,212.2,77.9,119.8,110.0,153.3,92.7
106.0,79.4,212.2,77.9,119.8,110.0,153.3,92.7
117.2,88.4,332.2,88.1,138.9,257.2,169.7,105.6
117.2,88.4,332.2,88.1,138.9,257.2,169.7,105.6
117.2,88.4,332.2,88.1,138.9,257.2,169.7,105.6
117.2,88.4,332.2,88.1,138.9,257.2,169.7,105.6
127.8,97.0,354.8,97.7,156.9,127.8,185.3,117.9
127.8,97.0,258.8,97.7,156.9,127.8,185.3,117.9
127.8,97.0,258.8,97.7,2580.9,127.8,185.3,117.9
127.8,97.0,258.8,97.7,156.9,127.8,185.3,117.9
0.0,0.0,0.0,0.0,0.0,0.0,0.0,0.0
0.0,0.0,0.0,0.0,0.0,0.0,0.0,0.0
0.0,0.0,0.0,0.0,0.0,0.0,0.0,0.0
0.0,0.0,0.0,0.0,0.0,0.0,0.0,0.0
0.0,0.0,0.0,0.0,0.0,0.0,0.0,0.0
0.0,0.0,0.0,0.0,0.0,0.0,0.0,0.0
0.0,0.0,0.0,0.0,0.0,0.0,0.0,0.0
0.0,0.0,0.0,0.0,0.0,0.0,0.0,0.0
0.0,0.0,0.0,0.0,0.0,0.0,0.0,0.0
0.0,0.0,0.0,0.0,0.0,0.0,0.0,0.0
0.0,0.0,0.0,0.0,0.0,0.0,0.0,0.0
0.0,0.0,0.0,0.0,0.0,0.0,0.0,0.0
0.0,0.0,0.0,0.0,0.0,0.0,0.0,0.0
0.0,0.0,0.0,0.0,0.0,0.0,0.0,0.0
0.0,0.0,0.0,0.0,0.0,0.0,0.0,0.0
0.0,0.0,0.0,0.0,0.0,0.0,0.0,0.0
0.0,0.0,0.0,0.0,0.0,0.0,0.0,0.0
0.0,0.0,0.0,0.0,0.0,0.0,0.0,0.0
0.0,0.0,0.0,0.0,0.0,0.0,0.0,0.0
0.0,0.0,0.0,0.0,0.0,0.0,0.0,0.0
0.0,0.0,0.0,0.0,0.0,0.0,0.0,0.0
0.0,0.0,0.0,0.0,0.0,0.0,0.0,0.0
0.0,0.0,0.0,0.0,0.0,0.0,0.0,0.0
0.0,0.0,0.0,0.0,0.0,0.0,0.0,0.0
0.0,0.0,0.0,0.0,0.0,0.0,0.0,0.0
0.0,0.0,0.0,0.0,0.0,0.0,0.0,0.0
0.0,0.0,0.0,0.0,0.0,0.0,0.0,0.0
0.0,0.0,0.0,0.0,0.0,0.0,0.0,0.0
0.0,0.0,0.0,0.0,0.0,0.0,0.0,0.0
0.0,0.0,0.0,0.0,0.0,0.0,0.0,0.0
0.0,0.0,0.0,0.0,0.0,0.0,0.0,0.0
0.0,0.0,0.0,0.0,0.0,0.0,0.0,0.0
0.0,0.0,0.0,0.0,0.0,0.0,0.0,0.0
0.0,0.0,0.0,0.0,0.0,0.0,0.0,0.0
0.0,0.0,0.0,0.0,0.0,0.0,0.0,0.0
0.0,0.0,0.0,0.0,0.0,0.0,0.0,0.0
0.0,0.0,0.0,0.0,0.0,0.0,0.0,0.0
0.0,0.0,0.0,0.0,0.0,0.0,0.0,0.0
0.0,0.0,0.0,0.0,0.0,0.0,0.0,0.0
0.0,0.0,0.0,0.0,0.0,0.0,0.0,0.0
11.8,11.8,11.8,11.8,11.8,11.8,11.8,11.8
11.8,11.8,11.8,11.8,11.8,11.8,11.8,11.8
11.8,11.8,11.8,11.8,11.8,11.8,11.8,11.8
11.8,11.8,11.8,11.8,11.8,11.8,11.8,11.8
22.6,22.6,22.6,22.6,22.6,22.6,22.6,22.6
22.6,22.6,22.6,22.6,22.6,22.6,22.6,22.6
22.6,22.6,22.6,22.6,22.6,22.6,22.6,22.6
22.6,22.6,22.6,22.6,22.6,22.6,22.6,22.6
89.2,65.8,159.9,62.6,142.1,96.2,273.9,73.2
89.2,65.8,163.0,62.6,91.2,132.4,285.7,73.2
89.2,109.8,161.4,62.6,91.2,96.2,279.5,73.2
89.2,109.8,129.7,62.6,91.2,96.2,311.1,73.2
90.4,66.8,179.0,63.8,93.3,97.2,339.5,74.6
90.4,66.8,179.0,63.8,93.3,97.2,339.5,74.6
90.4,66.8,179.0,63.8,93.3,97.2,130.4,74.6
546.4,66.8,179.0,63.8,93.3,97.2,130.4,74.6
548.3,68.3,183.0,65.5,96.5,98.7,133.1,76.8
1856.3,68.3,183.0,65.5,96.5,98.7,133.1,76.8
1856.3,68.3,183.0,65.5,96.5,98.7,133.1,76.8
1856.3,68.3,183.0,65.5,96.5,98.7,133.1,76.8
2740.9,69.3,185.7,66.6,98.6,99.8,134.9,78.2
2740.9,69.3,185.7,66.6,98.6,99.8,134.9,78.2
2740.9,69.3,185.7,66.6,98.6,99.8,134.9,78.2
2740.9,69.3,185.7,66.6,98.6,99.8,134.9,78.2
2272.6,71.8,192.3,69.4,103.9,102.3,139.5,81.8
1184.6,71.8,192.3,69.4,103.9,102.3,139.5,81.8
1184.6,71.8,192.3,69.4,103.9,102.3,139.5,81.8
1184.6,71.8,728.7,69.4,103.9,102.3,139.5,81.8
98.5,73.4,732.7,71.1,107.1,103.8,142.3,84.0
98.5,73.4,732.7,71.1,107.1,103.8,142.3,84.0
98.5,5032.1,732.7,71.1,107.1,103.8,142.3,84.0
98.5,73.4,732.7,71.1,107.1,103.8,142.3,84.0
96.6,71.8,467.9,69.4,103.9,102.3,2252.3,81.8
96.6,71.8,728.7,69.4,103.9,102.3,139.5,81.8
96.6,71.8,728.7,69.4,103.9,102.3,139.5,81.8
96.6,71.8,728.7,69.4,103.9,102.3,139.5,81.8
97.3,72.3,730.0,70.0,105.0,102.8,140.4,82.6
97.3,72.3,730.0,70.0,105.0,102.8,140.4,82.6
97.3,72.3,193.6,70.0,105.0,102.8,140.4,82.6
97.3,779.0,193.6,70.0,105.0,102.8,140.4,82.6
99.1,780.5,197.6,71.7,108.1,104.4,143.2,84.7
99.1,780.5,197.6,71.7,108.1,104.4,143.2,84.7
99.1,780.5,197.6,71.7,108.1,104.4,143.2,84.7
99.1,780.5,197.6,71.7,108.1,104.4,143.2,84.7
106.0,786.1,212.2,77.9,119.8,110.0,153.3,92.7
106.0,786.1,212.2,77.9,119.8,110.0,153.3,92.7
106.0,786.1,212.2,77.9,119.8,110.0,153.3,92.7
106.0,786.1,212.2,77.9,119.8,110.0,153.3,92.7
117.2,88.4,236.2,88.1,138.9,119.2,169.7,105.6
3569.2,88.4,236.2,88.1,138.9,119.2,169.7,105.6
3569.2,88.4,236.2,88.1,138.9,119.2,169.7,105.6
117.2,88.4,236.2,88.1,138.9,119.2,169.7,105.6
127.8,97.0,258.8,97.7,156.9,127.8,2546.1,117.9
127.8,97.0,380.8,97.7,1039.9,127.8,185.3,117.9
127.8,97.0,380.8,97.7,1039.9,127.8,185.3,117.9
127.8,97.0,380.8,97.7,1039.9,127.8,185.3,117.9
0.0,0.0,0.0,0.0,0.0,0.0,0.0,0.0
0.0,0.0,0.0,0.0,0.0,0.0,0.0,0.0
0.0,0.0,0.0,0.0,0.0,0.0,0.0,0.0
0.0,0.0,0.0,0.0,0.0,0.0,0.0,0.0
0.0,0.0,0.0,0.0,0.0,0.0,0.0,0.0
0.0,0.0,0.0,0.0,0.0,0.0,0.0,0.0
0.0,0.0,0.0,0.0,0.0,0.0,0.0,0.0
0.0,0.0,0.0,0.0,0.0,0.0,0.0,0.0
0.0,0.0,0.0,0.0,0.0,0.0,0.0,0.0
0.0,0.0,0.0,0.0,0.0,0.0,0.0,0.0
0.0,0.0,0.0,0.0,0.0,0.0,0.0,0.0
0.0,0.0,0.0,0.0,0.0,0.0,0.0,0.0
0.0,0.0,0.0,0.0,0.0,0.0,0.0,0.0
0.0,0.0,0.0,0.0,0.0,0.0,0.0,0.0
0.0,0.0,0.0,0.0,0.0,0.0,0.0,0.0
0.0,0.0,0.0,0.0,0.0,0.0,0.0,0.0
0.0,0.0,0.0,0.0,0.0,0.0,0.0,0.0
0.0,0.0,0.0,0.0,0.0,0.0,0.0,0.0
0.0,0.0,0.0,0.0,0.0,0.0,0.0,0.0
0.0,0.0,0.0,0.0,0.0,0.0,0.0,0.0
0.0,0.0,0.0,0.0,0.0,0.0,0.0,0.0
0.0,0.0,0.0,0.0,0.0,0.0,0.0,0.0
0.0,0.0,0.0,0.0,0.0,0.0,0.0,0.0
0.0,0.0,0.0,0.0,0.0,0.0,0.0,0.0
0.0,0.0,0.0,0.0,0.0,0.0,0.0,0.0
0.0,0.0,0.0,0.0,0.0,0.0,0.0,0.0
0.0,0.0,0.0,0.0,0.0,0.0,0.0,0.0
0.0,0.0,0.0,0.0,0.0,0.0,0.0,0.0
0.0,0.0,0.0,0.0,0.0,0.0,0.0,0.0
0.0,0.0,0.0,0.0,0.0,0.0,0.0,0.0
0.0,0.0,0.0,0.0,0.0,0.0,0.0,0.0
0.0,0.0,0.0,0.0,0.0,0.0,0.0,0.0
0.0,0.0,0.0,0.0,0.0,0.0,0.0,0.0
0.0,0.0,0.0,0.0,0.0,0.0,0.0,0.0
0.0,0.0,0.0,0.0,0.0,0.0,0.0,0.0
0.0,0.0,0.0,0.0,0.0,0.0,0.0,0.0
0.0,0.0,0.0,0.0,0.0,0.0,0.0,0.0
0.0,0.0,0.0,0.0,0.0,0.0,0.0,0.0
0.0,0.0,0.0,0.0,0.0,0.0,0.0,0.0
0.0,0.0,0.0,0.0,0.0,0.0,0.0,0.0
49.8,49.8,49.8,49.8,49.8,49.8,49.8,49.8
49.8,49.8,49.8,49.8,49.8,49.8,49.8,49.8
49.8,49.8,49.8,49.8,49.8,49.8,49.8,49.8
49.8,49.8,49.8,49.8,49.8,49.8,49.8,49.8
0.0,0.0,0.0,0.0,0.0,0.0,0.0,0.0
0.0,0.0,0.0,0.0,0.0,0.0,0.0,0.0
0.0,0.0,0.0,0.0,0.0,0.0,0.0,0.0
0.0,0.0,0.0,0.0,0.0,0.0,0.0,0.0
0.0,0.0,0.0,0.0,0.0,0.0,0.0,0.0
0.0,0.0,0.0,0.0,0.0,0.0,0.0,0.0
0.0,0.0,0.0,0.0,0.0,0.0,0.0,0.0
0.0,0.0,0.0,0.0,0.0,0.0,0.0,0.0
85.3,66.8,108.6,63.8,86.1,87.1,95.8,74.6
85.3,66.8,108.6,63.8,86.1,87.1,95.8,74.6
85.3,66.8,108.6,63.8,86.1,87.1,95.8,74.6
85.3,66.8,108.6,63.8,86.1,87.1,95.8,74.6
92.3,68.3,183.0,65.5,96.5,98.7,133.1,76.8
92.3,68.3,183.0,65.5,96.5,98.7,133.1,76.8
92.3,68.3,183.0,65.5,96.5,98.7,133.1,76.8
92.3,68.3,183.0,65.5,96.5,98.7,133.1,76.8
93.5,69.3,185.7,66.6,98.6,99.8,134.9,78.2
93.5,69.3,185.7,66.6,98.6,99.8,134.9,78.2
93.5,69.3,185.7,66.6,98.6,118.3,134.9,351.7
93.5,69.3,185.7,66.6,98.6,118.3,3423.7,78.2
96.6,385.8,192.3,69.4,103.9,120.9,3428.3,81.8
96.6,71.8,217.3,69.4,103.9,102.3,3428.3,81.8
96.6,71.8,217.3,80.9,103.9,102.3,139.5,81.8
96.6,71.8,192.3,80.9,103.9,102.3,139.5,81.8
433.9,73.4,196.3,71.1,107.1,103.8,142.3,84.0
433.9,73.4,196.3,71.1,107.1,103.8,142.3,84.0
98.5,73.4,196.3,71.1,107.1,103.8,142.3,84.0
98.5,73.4,780.8,71.1,107.1,103.8,142.3,84.0
96.6,71.8,776.8,69.4,103.9,102.3,139.5,81.8
96.6,71.8,776.8,69.4,103.9,102.3,139.5,81.8
96.6,71.8,776.8,69.4,103.9,102.3,139.5,81.8
96.6,71.8,776.8,69.4,103.9,102.3,139.5,81.8
1082.3,72.3,778.1,70.0,105.0,102.8,140.4,82.6
1082.3,72.3,778.1,70.0,105.0,102.8,140.4,82.6
1082.3,72.3,778.1,70.0,105.0,102.8,140.4,82.6
1082.3,72.3,193.6,70.0,105.0,102.8,140.4,82.6
99.1,73.9,197.6,71.7,108.1,104.4,143.2,84.7
99.1,73.9,197.6,71.7,108.1,104.4,143.2,84.7
99.1,73.9,197.6,71.7,108.1,104.4,143.2,84.7
99.1,73.9,197.6,71.7,108.1,104.4,143.2,84.7
106.0,79.4,212.2,77.9,119.8,110.0,153.3,92.7
106.0,79.4,212.2,77.9,119.8,110.0,153.3,92.7
106.0,79.4,212.2,77.9,119.8,110.0,153.3,92.7
106.0,79.4,212.2,77.9,119.8,110.0,153.3,92.7
117.2,88.4,236.2,88.1,138.9,119.2,169.7,105.6
117.2,88.4,236.2,88.1,138.9,119.2,169.7,105.6
117.2,88.4,236.2,88.1,138.9,119.2,2961.7,105.6
117.2,88.4,236.2,88.1,138.9,119.2,169.7,105.6
127.8,97.0,258.8,97.7,156.9,127.8,185.3,117.9
127.8,1609.0,258.8,97.7,156.9,127.8,185.3,410.7
127.8,97.0,258.8,97.7,156.9,127.8,185.3,410.7
127.8,97.0,258.8,97.7,156.9,127.8,185.3,410.7
0.0,0.0,0.0,0.0,0.0,0.0,0.0,0.0
0.0,0.0,0.0,0.0,0.0,0.0,0.0,0.0
0.0,0.0,0.0,0.0,0.0,0.0,0.0,0.0
0.0,0.0,0.0,0.0,0.0,0.0,0.0,0.0
0.0,0.0,0.0,0.0,0.0,0.0,0.0,0.0
0.0,0.0,0.0,0.0,0.0,0.0,0.0,0.0
0.0,0.0,0.0,0.0,0.0,0.0,0.0,0.0
0.0,0.0,0.0,0.0,0.0,0.0,0.0,0.0
0.0,0.0,0.0,0.0,0.0,0.0,0.0,0.0
0.0,0.0,0.0,0.0,0.0,0.0,0.0,0.0
0.0,0.0,0.0,0.0,0.0,0.0,0.0,0.0
0.0,0.0,0.0,0.0,0.0,0.0,0.0,0.0
0.0,0.0,0.0,0.0,0.0,0.0,0.0,0.0
0.0,0.0,0.0,0.0,0.0,0.0,0.0,0.0
0.0,0.0,0.0,0.0,0.0,0.0,0.0,0.0
0.0,0.0,0.0,0.0,0.0,0.0,0.0,0.0
0.0,0.0,0.0,0.0,0.0,0.0,0.0,0.0
0.0,0.0,0.0,0.0,0.0,0.0,0.0,0.0
0.0,0.0,0.0,0.0,0.0,0.0,0.0,0.0
0.0,0.0,0.0,0.0,0.0,0.0,0.0,0.0
0.0,0.0,0.0,0.0,0.0,0.0,0.0,0.0
0.0,0.0,0.0,0.0,0.0,0.0,0.0,0.0
0.0,0.0,0.0,0.0,0.0,0.0,0.0,0.0
0.0,0.0,0.0,0.0,0.0,0.0,0.0,0.0
0.0,0.0,0.0,0.0,0.0,0.0,0.0,0.0
0.0,0.0,0.0,0.0,0.0,0.0,0.0,0.0
0.0,0.0,0.0,0.0,0.0,0.0,0.0,0.0
0.0,0.0,0.0,0.0,0.0,0.0,0.0,0.0
0.0,0.0,0.0,0.0,0.0,0.0,0.0,0.0
0.0,0.0,0.0,0.0,0.0,0.0,0.0,0.0
0.0,0.0,0.0,0.0,0.0,0.0,0.0,0.0
0.0,0.0,0.0,0.0,0.0,0.0,0.0,0.0
0.0,0.0,0.0,0.0,0.0,0.0,0.0,0.0
0.0,0.0,0.0,0.0,0.0,0.0,0.0,0.0
0.0,0.0,0.0,0.0,0.0,0.0,0.0,0.0
0.0,0.0,0.0,0.0,0.0,0.0,0.0,0.0
0.0,0.0,0.0,0.0,0.0,0.0,0.0,0.0
0.0,0.0,0.0,0.0,0.0,0.0,0.0,0.0
0.0,0.0,0.0,0.0,0.0,0.0,0.0,0.0
0.0,0.0,0.0,0.0,0.0,0.0,0.0,0.0
0.0,0.0,0.0,0.0,0.0,0.0,0.0,0.0
0.0,0.0,0.0,0.0,0.0,0.0,0.0,0.0
0.0,0.0,0.0,0.0,0.0,0.0,0.0,0.0
0.0,0.0,0.0,0.0,0.0,0.0,0.0,0.0
87.9,196.8,130.6,61.5,89.1,95.2,113.4,71.7
87.9,64.8,134.7,61.5,207.7,103.2,114.7,71.7
87.9,64.8,134.7,61.5,207.7,103.2,114.7,71.7
87.9,64.8,173.7,61.5,89.1,95.2,126.7,71.7
89.2,65.8,176.4,62.6,91.2,96.2,128.5,73.2
89.2,65.8,176.4,62.6,91.2,96.2,128.5,73.2
89.2,65.8,176.4,62.6,91.2,96.2,128.5,73.2
89.2,65.8,176.4,62.6,91.2,96.2,128.5,401.2
90.4,66.8,179.0,83.8,93.3,97.2,130.4,74.6
90.4,66.8,179.0,63.8,93.3,97.2,130.4,74.6
90.4,66.8,179.0,63.8,93.3,97.2,130.4,74.6
90.4,66.8,179.0,63.8,93.3,97.2,130.4,74.6
92.3,68.3,183.0,65.5,96.5,98.7,133.1,76.8
92.3,68.3,183.0,65.5,96.5,98.7,133.1,76.8
92.3,68.3,183.0,65.5,96.5,98.7,133.1,76.8
92.3,68.3,183.0,65.5,96.5,98.7,133.1,76.8
93.5,69.3,185.7,66.6,98.6,99.8,134.9,78.2
93.5,69.3,185.7,66.6,98.6,99.8,134.9,78.2
93.5,69.3,710.0,66.6,98.6,99.8,134.9,78.2
93.5,69.3,710.0,66.6,98.6,155.4,134.9,78.2
96.6,71.8,192.3,69.4,103.9,102.3,139.5,81.8
96.6,71.8,192.3,69.4,103.9,102.3,139.5,81.8
96.6,71.8,192.3,69.4,103.9,102.3,139.5,81.8
96.6,71.8,192.3,69.4,103.9,102.3,139.5,218.6
98.5,73.4,196.3,71.1,107.1,103.8,142.3,220.7
769.3,73.4,196.3,71.1,279.9,103.8,142.3,84.0
98.5,73.4,196.3,71.1,279.9,103.8,298.9,84.0
98.5,73.4,196.3,71.1,107.1,103.8,298.9,84.0
96.6,71.8,192.3,69.4,103.9,102.3,296.1,81.8
96.6,71.8,192.3,69.4,103.9,102.3,139.5,81.8
96.6,71.8,192.3,69.4,103.9,102.3,139.5,81.8
96.6,71.8,192.3,69.4,103.9,102.3,139.5,81.8
97.3,72.3,193.6,70.0,105.0,102.8,140.4,82.6
97.3,72.3,363.1,70.0,105.0,102.8,140.4,82.6
97.3,72.3,363.1,70.0,105.0,102.8,140.4,82.6
97.3,72.3,363.1,70.0,105.0,102.8,140.4,82.6
99.1,73.9,367.1,71.7,108.1,104.4,143.2,84.7
99.1,73.9,367.1,71.7,108.1,104.4,143.2,84.7
99.1,73.9,367.1,71.7,108.1,104.4,143.2,84.7
99.1,73.9,367.1,71.7,108.1,104.4,143.2,84.7
17.4,17.4,17.4,17.4,17.4,17.4,17.4,17.4
17.4,17.4,17.4,17.4,17.4,17.4,17.4,17.4
17.4,17.4,17.4,17.4,17.4,17.4,17.4,17.4
17.4,17.4,17.4,17.4,17.4,17.4,17.4,17.4
130.0,88.4,113.0,88.1,107.9,106.9,109.5,105.6
110.8,88.4,107.5,117.4,106.5,106.3,106.8,105.6
110.8,88.4,107.5,117.4,106.5,106.3,106.8,105.6
106.3,88.4,107.9,121.1,106.6,106.4,107.0,105.6
127.8,97.0,187.1,382.0,156.9,127.8,173.8,117.9
127.8,97.0,258.8,217.7,156.9,127.8,185.3,117.9
127.8,97.0,258.8,97.7,156.9,127.8,185.3,117.9
127.8,97.0,258.8,97.7,156.9,127.8,185.3,117.9
0.0,0.0,0.0,0.0,0.0,0.0,0.0,0.0
0.0,0.0,0.0,0.0,0.0,0.0,0.0,0.0
0.0,0.0,0.0,0.0,0.0,0.0,0.0,0.0
0.0,0.0,0.0,0.0,0.0,0.0,0.0,0.0
0.0,0.0,0.0,0.0,0.0,0.0,0.0,0.0
0.0,0.0,0.0,0.0,0.0,0.0,0.0,0.0
0.0,0.0,0.0,0.0,0.0,0.0,0.0,0.0
0.0,0.0,0.0,0.0,0.0,0.0,0.0,0.0
0.0,0.0,0.0,0.0,0.0,0.0,0.0,0.0
0.0,0.0,0.0,0.0,0.0,0.0,0.0,0.0
0.0,0.0,0.0,0.0,0.0,0.0,0.0,0.0
0.0,0.0,0.0,0.0,0.0,0.0,0.0,0.0
0.0,0.0,0.0,0.0,0.0,0.0,0.0,0.0
0.0,0.0,0.0,0.0,0.0,0.0,0.0,0.0
0.0,0.0,0.0,0.0,0.0,0.0,0.0,0.0
0.0,0.0,0.0,0.0,0.0,0.0,0.0,0.0
0.0,0.0,0.0,0.0,0.0,0.0,0.0,0.0
0.0,0.0,0.0,0.0,0.0,0.0,0.0,0.0
0.0,0.0,0.0,0.0,0.0,0.0,0.0,0.0
0.0,0.0,0.0,0.0,0.0,0.0,0.0,0.0
0.0,0.0,0.0,0.0,0.0,0.0,0.0,0.0
0.0,0.0,0.0,0.0,0.0,0.0,0.0,0.0
0.0,0.0,0.0,0.0,0.0,0.0,0.0,0.0
0.0,0.0,0.0,0.0,0.0,0.0,0.0,0.0
0.0,0.0,0.0,0.0,0.0,0.0,0.0,0.0
0.0,0.0,0.0,0.0,0.0,0.0,0.0,0.0
0.0,0.0,0.0,0.0,0.0,0.0,0.0,0.0
0.0,0.0,0.0,0.0,0.0,0.0,0.0,0.0
0.0,0.0,0.0,0.0,0.0,0.0,0.0,0.0
0.0,0.0,0.0,0.0,0.0,0.0,0.0,0.0
0.0,0.0,0.0,0.0,0.0,0.0,0.0,0.0
0.0,0.0,0.0,0.0,0.0,0.0,0.0,0.0
0.0,0.0,0.0,0.0,0.0,0.0,0.0,0.0
0.0,0.0,0.0,0.0,0.0,0.0,0.0,0.0
0.0,0.0,0.0,0.0,0.0,0.0,0.0,0.0
0.0,0.0,0.0,0.0,0.0,0.0,0.0,0.0
0.0,0.0,0.0,0.0,0.0,0.0,0.0,0.0
0.0,0.0,0.0,0.0,0.0,0.0,0.0,0.0
0.0,0.0,0.0,0.0,0.0,0.0,0.0,0.0
0.0,0.0,0.0,0.0,0.0,0.0,0.0,0.0
7.5,7.5,7.5,7.5,7.5,7.5,7.5,7.5
7.5,7.5,7.5,7.5,7.5,7.5,7.5,7.5
7.5,7.5,7.5,7.5,7.5,7.5,7.5,7.5
7.5,7.5,7.5,7.5,7.5,7.5,7.5,7.5
13.4,13.4,13.4,13.4,13.4,13.4,13.4,13.4
13.4,13.4,13.4,13.4,13.4,13.4,13.4,13.4
13.4,13.4,13.4,13.4,13.4,13.4,13.4,13.4
13.4,13.4,13.4,13.4,13.4,13.4,13.4,13.4
151.6,65.8,105.2,62.6,91.2,105.7,98.8,73.2
89.2,65.8,156.2,62.6,91.2,95.7,120.1,73.2
89.2,65.8,109.3,62.6,158.7,94.6,100.6,73.2
89.2,65.8,109.3,62.6,158.7,94.6,100.6,73.2
90.4,66.8,179.0,63.8,93.3,97.2,440.4,74.6
90.4,66.8,179.0,63.8,93.3,97.2,440.4,74.6
90.4,66.8,179.0,63.8,93.3,97.2,130.4,74.6
90.4,66.8,179.0,63.8,93.3,97.2,130.4,74.6
52.4,52.4,52.4,52.4,52.4,52.4,52.4,52.4
52.4,52.4,52.4,52.4,52.4,52.4,52.4,52.4
52.4,52.4,52.4,52.4,52.4,52.4,52.4,52.4
52.4,52.4,52.4,52.4,52.4,52.4,52.4,52.4
93.5,69.3,185.7,66.6,98.6,99.8,134.9,78.2
93.5,69.3,185.7,66.6,98.6,99.8,134.9,78.2
428.9,69.3,185.7,66.6,98.6,99.8,134.9,78.2
428.9,69.3,185.7,66.6,98.6,118.3,134.9,78.2
58.5,58.5,58.5,58.5,58.5,58.5,58.5,58.5
58.5,58.5,58.5,58.5,58.5,58.5,58.5,58.5
58.5,58.5,58.5,58.5,58.5,58.5,58.5,58.5
58.5,58.5,58.5,58.5,58.5,58.5,58.5,58.5
98.5,165.9,136.5,71.1,107.1,103.8,237.6,84.0
98.5,73.4,229.0,71.1,107.1,103.8,237.6,84.0
98.5,73.4,144.7,71.1,107.1,103.8,321.9,84.0
98.5,73.4,144.7,71.1,107.1,103.8,321.9,84.0
96.6,71.8,192.3,69.4,219.1,102.3,848.9,2952.9
96.6,71.8,192.3,69.4,219.1,102.3,848.9,2952.9
96.6,71.8,192.3,69.4,219.1,102.3,848.9,81.8
96.6,71.8,192.3,69.4,103.9,102.3,139.5,81.8
97.3,72.3,193.6,70.0,105.0,102.8,140.4,82.6
97.3,72.3,193.6,70.0,105.0,102.8,140.4,82.6
97.3,72.3,193.6,70.0,105.0,102.8,140.4,82.6
97.3,72.3,193.6,70.0,105.0,102.8,140.4,82.6
99.1,73.9,197.6,71.7,108.1,104.4,143.2,84.7
99.1,73.9,197.6,71.7,108.1,104.4,143.2,84.7
99.1,73.9,197.6,71.7,108.1,104.4,143.2,84.7
99.1,73.9,197.6,71.7,108.1,104.4,143.2,84.7
106.0,79.4,212.2,77.9,119.8,110.0,153.3,92.7
106.0,79.4,212.2,77.9,119.8,110.0,153.3,92.7
106.0,79.4,212.2,77.9,119.8,110.0,153.3,92.7
106.0,79.4,212.2,77.9,119.8,110.0,153.3,92.7
117.2,88.4,236.2,88.1,585.5,119.2,1237.7,105.6
117.2,88.4,236.2,88.1,585.5,119.2,1237.7,105.6
1042.0,88.4,236.2,88.1,585.5,119.2,1237.7,105.6
1042.0,699.1,236.2,88.1,585.5,119.2,1237.7,105.6
773.6,580.9,258.8,97.7,522.8,127.8,885.7,117.9
1052.6,707.6,258.8,97.7,603.5,127.8,185.3,117.9
1052.6,97.0,258.8,97.7,156.9,127.8,185.3,117.9
127.8,97.0,258.8,97.7,156.9,127.8,185.3,117.9
0.0,0.0,0.0,0.0,0.0,0.0,0.0,0.0
0.0,0.0,0.0,0.0,0.0,0.0,0.0,0.0
0.0,0.0,0.0,0.0,0.0,0.0,0.0,0.0
0.0,0.0,0.0,0.0,0.0,0.0,0.0,0.0
0.0,0.0,0.0,0.0,0.0,0.0,0.0,0.0
0.0,0.0,0.0,0.0,0.0,0.0,0.0,0.0
0.0,0.0,0.0,0.0,0.0,0.0,0.0,0.0
0.0,0.0,0.0,0.0,0.0,0.0,0.0,0.0
0.0,0.0,0.0,0.0,0.0,0.0,0.0,0.0
0.0,0.0,0.0,0.0,0.0,0.0,0.0,0.0
0.0,0.0,0.0,0.0,0.0,0.0,0.0,0.0
0.0,0.0,0.0,0.0,0.0,0.0,0.0,0.0
0.0,0.0,0.0,0.0,0.0,0.0,0.0,0.0
0.0,0.0,0.0,0.0,0.0,0.0,0.0,0.0
0.0,0.0,0.0,0.0,0.0,0.0,0.0,0.0
0.0,0.0,0.0,0.0,0.0,0.0,0.0,0.0
0.0,0.0,0.0,0.0,0.0,0.0,0.0,0.0
0.0,0.0,0.0,0.0,0.0,0.0,0.0,0.0
0.0,0.0,0.0,0.0,0.0,0.0,0.0,0.0
0.0,0.0,0.0,0.0,0.0,0.0,0.0,0.0
0.0,0.0,0.0,0.0,0.0,0.0,0.0,0.0
0.0,0.0,0.0,0.0,0.0,0.0,0.0,0.0
0.0,0.0,0.0,0.0,0.0,0.0,0.0,0.0
0.0,0.0,0.0,0.0,0.0,0.0,0.0,0.0
0.0,0.0,0.0,0.0,0.0,0.0,0.0,0.0
0.0,0.0,0.0,0.0,0.0,0.0,0.0,0.0
0.0,0.0,0.0,0.0,0.0,0.0,0.0,0.0
0.0,0.0,0.0,0.0,0.0,0.0,0.0,0.0
0.0,0.0,0.0,0.0,0.0,0.0,0.0,0.0
0.0,0.0,0.0,0.0,0.0,0.0,0.0,0.0
0.0,0.0,0.0,0.0,0.0,0.0,0.0,0.0
0.0,0.0,0.0,0.0,0.0,0.0,0.0,0.0
0.0,0.0,0.0,0.0,0.0,0.0,0.0,0.0
0.0,0.0,0.0,0.0,0.0,0.0,0.0,0.0
0.0,0.0,0.0,0.0,0.0,0.0,0.0,0.0
0.0,0.0,0.0,0.0,0.0,0.0,0.0,0.0
0.0,0.0,0.0,0.0,0.0,0.0,0.0,0.0
0.0,0.0,0.0,0.0,0.0,0.0,0.0,0.0
0.0,0.0,0.0,0.0,0.0,0.0,0.0,0.0
0.0,0.0,0.0,0.0,0.0,0.0,0.0,0.0
10.9,10.9,10.9,10.9,10.9,10.9,10.9,10.9
10.9,10.9,10.9,10.9,10.9,10.9,10.9,10.9
10.9,10.9,10.9,10.9,10.9,10.9,10.9,10.9
10.9,10.9,10.9,10.9,10.9,10.9,10.9,10.9
20.8,20.8,20.8,20.8,20.8,20.8,20.8,20.8
20.8,20.8,20.8,20.8,20.8,20.8,20.8,20.8
20.8,20.8,20.8,20.8,20.8,20.8,20.8,20.8
20.8,20.8,20.8,20.8,20.8,20.8,20.8,20.8
317.1,65.8,170.6,62.6,91.2,96.2,393.7,73.2
317.1,65.8,170.6,62.6,91.2,96.2,393.7,73.2
394.5,65.8,176.4,62.6,91.2,96.2,128.5,73.2
89.2,65.8,176.4,62.6,91.2,96.2,128.5,73.2
90.4,66.8,179.0,63.8,93.3,97.2,130.4,74.6
90.4,66.8,179.0,63.8,93.3,97.2,130.4,74.6
90.4,66.8,179.0,63.8,93.3,97.2,130.4,74.6
90.4,66.8,179.0,63.8,93.3,97.2,130.4,74.6
88.5,68.3,115.5,65.5,89.8,90.5,100.7,76.8
88.5,68.3,115.5,65.5,89.8,90.5,100.7,76.8
88.5,68.3,115.5,65.5,89.8,90.5,100.7,76.8
88.5,68.3,115.5,65.5,89.8,90.5,100.7,76.8
93.5,69.3,185.7,66.6,98.6,99.8,549.3,78.2
93.5,69.3,185.7,66.6,98.6,99.8,549.3,78.2
93.5,69.3,185.7,66.6,98.6,99.8,549.3,78.2
611.0,69.3,185.7,66.6,98.6,99.8,549.3,78.2
59.3,59.3,59.3,59.3,59.3,59.3,59.3,59.3
59.3,59.3,59.3,59.3,59.3,59.3,59.3,59.3
59.3,59.3,59.3,59.3,59.3,59.3,59.3,59.3
59.3,59.3,59.3,59.3,59.3,59.3,59.3,59.3
616.0,73.4,196.3,231.6,222.3,103.8,142.3,84.0
839.5,73.4,196.3,231.6,107.1,103.8,142.3,84.0
839.5,73.4,196.3,231.6,107.1,103.8,142.3,84.0
839.5,73.4,196.3,71.1,107.1,103.8,142.3,84.0
611.5,3221.1,192.3,69.4,103.9,102.3,139.5,81.8
611.5,3221.1,192.3,69.4,103.9,102.3,139.5,81.8
96.6,71.8,192.3,69.4,103.9,102.3,139.5,81.8
96.6,71.8,192.3,69.4,103.9,102.3,139.5,81.8
97.3,72.3,193.6,70.0,105.0,102.8,140.4,82.6
97.3,72.3,193.6,70.0,105.0,102.8,140.4,82.6
97.3,72.3,193.6,70.0,105.0,102.8,140.4,82.6
97.3,72.3,193.6,70.0,105.0,102.8,140.4,82.6
99.1,73.9,197.6,71.7,108.1,104.4,143.2,84.7
99.1,73.9,197.6,71.7,108.1,104.4,143.2,84.7
99.1,73.9,197.6,71.7,108.1,104.4,143.2,84.7
99.1,73.9,197.6,71.7,108.1,104.4,143.2,84.7
106.0,79.4,212.2,77.9,119.8,110.0,153.3,92.7
106.0,79.4,212.2,77.9,119.8,110.0,153.3,92.7
106.0,79.4,212.2,77.9,119.8,110.0,153.3,92.7
106.0,79.4,212.2,77.9,119.8,110.0,153.3,92.7
117.2,88.4,236.2,88.1,138.9,119.2,169.7,105.6
117.2,88.4,236.2,88.1,138.9,119.2,169.7,105.6
117.2,88.4,236.2,88.1,138.9,119.2,2209.4,105.6
2156.8,88.4,236.2,88.1,138.9,119.2,169.7,105.6
127.8,97.0,207.6,120.7,156.9,127.8,183.2,436.3
127.8,97.0,207.6,120.7,156.9,127.8,183.2,436.3
127.8,97.0,207.6,120.7,156.9,127.8,183.2,436.3
127.8,97.0,207.6,120.7,156.9,127.8,183.2,436.3
0.0,0.0,0.0,0.0,0.0,0.0,0.0,0.0
0.0,0.0,0.0,0.0,0.0,0.0,0.0,0.0
0.0,0.0,0.0,0.0,0.0,0.0,0.0,0.0
0.0,0.0,0.0,0.0,0.0,0.0,0.0,0.0
0.0,0.0,0.0,0.0,0.0,0.0,0.0,0.0
0.0,0.0,0.0,0.0,0.0,0.0,0.0,0.0
0.0,0.0,0.0,0.0,0.0,0.0,0.0,0.0
0.0,0.0,0.0,0.0,0.0,0.0,0.0,0.0
0.0,0.0,0.0,0.0,0.0,0.0,0.0,0.0
0.0,0.0,0.0,0.0,0.0,0.0,0.0,0.0
0.0,0.0,0.0,0.0,0.0,0.0,0.0,0.0
0.0,0.0,0.0,0.0,0.0,0.0,0.0,0.0
0.0,0.0,0.0,0.0,0.0,0.0,0.0,0.0
0.0,0.0,0.0,0.0,0.0,0.0,0.0,0.0
0.0,0.0,0.0,0.0,0.0,0.0,0.0,0.0
0.0,0.0,0.0,0.0,0.0,0.0,0.0,0.0
0.0,0.0,0.0,0.0,0.0,0.0,0.0,0.0
0.0,0.0,0.0,0.0,0.0,0.0,0.0,0.0
0.0,0.0,0.0,0.0,0.0,0.0,0.0,0.0
0.0,0.0,0.0,0.0,0.0,0.0,0.0,0.0
0.0,0.0,0.0,0.0,0.0,0.0,0.0,0.0
0.0,0.0,0.0,0.0,0.0,0.0,0.0,0.0
0.0,0.0,0.0,0.0,0.0,0.0,0.0,0.0
0.0,0.0,0.0,0.0,0.0,0.0,0.0,0.0
0.0,0.0,0.0,0.0,0.0,0.0,0.0,0.0
0.0,0.0,0.0,0.0,0.0,0.0,0.0,0.0
0.0,0.0,0.0,0.0,0.0,0.0,0.0,0.0
0.0,0.0,0.0,0.0,0.0,0.0,0.0,0.0
0.0,0.0,0.0,0.0,0.0,0.0,0.0,0.0
0.0,0.0,0.0,0.0,0.0,0.0,0.0,0.0
0.0,0.0,0.0,0.0,0.0,0.0,0.0,0.0
0.0,0.0,0.0,0.0,0.0,0.0,0.0,0.0
0.0,0.0,0.0,0.0,0.0,0.0,0.0,0.0
0.0,0.0,0.0,0.0,0.0,0.0,0.0,0.0
0.0,0.0,0.0,0.0,0.0,0.0,0.0,0.0
0.0,0.0,0.0,0.0,0.0,0.0,0.0,0.0
0.0,0.0,0.0,0.0,0.0,0.0,0.0,0.0
0.0,0.0,0.0,0.0,0.0,0.0,0.0,0.0
0.0,0.0,0.0,0.0,0.0,0.0,0.0,0.0
0.0,0.0,0.0,0.0,0.0,0.0,0.0,0.0
0.0,0.0,0.0,0.0,0.0,0.0,0.0,0.0
0.0,0.0,0.0,0.0,0.0,0.0,0.0,0.0
0.0,0.0,0.0,0.0,0.0,0.0,0.0,0.0
0.0,0.0,0.0,0.0,0.0,0.0,0.0,0.0
21.7,21.7,21.7,21.7,21.7,21.7,21.7,21.7
21.7,21.7,21.7,21.7,21.7,21.7,21.7,21.7
21.7,21.7,21.7,21.7,21.7,21.7,21.7,21.7
21.7,21.7,21.7,21.7,21.7,21.7,21.7,21.7
42.3,42.3,42.3,42.3,42.3,42.3,42.3,42.3
42.3,42.3,42.3,42.3,42.3,42.3,42.3,42.3
42.3,42.3,42.3,42.3,42.3,42.3,42.3,42.3
42.3,42.3,42.3,42.3,42.3,42.3,42.3,42.3
90.4,66.8,179.0,63.8,93.3,97.2,130.4,74.6
90.4,66.8,179.0,63.8,93.3,97.2,130.4,74.6
90.4,66.8,179.0,63.8,93.3,97.2,130.4,74.6
90.4,66.8,179.0,63.8,93.3,97.2,130.4,74.6
92.3,68.3,183.0,65.5,96.5,98.7,133.1,76.8
92.3,68.3,183.0,65.5,96.5,98.7,133.1,76.8
92.3,68.3,183.0,65.5,96.5,98.7,133.1,76.8
92.3,68.3,183.0,65.5,96.5,98.7,133.1,76.8
93.5,69.3,185.7,66.6,98.6,99.8,134.9,78.2
93.5,69.3,185.7,66.6,98.6,99.8,134.9,78.2
93.5,174.0,185.7,66.6,98.6,99.8,134.9,78.2
93.5,174.0,210.6,66.6,98.6,155.4,369.9,78.2
96.6,176.5,217.3,69.4,103.9,102.3,374.4,81.8
96.6,71.8,192.3,69.4,103.9,102.3,139.5,81.8
96.6,71.8,192.3,69.4,103.9,102.3,139.5,81.8
767.4,71.8,192.3,69.4,103.9,102.3,139.5,81.8
98.5,73.4,196.3,71.1,107.1,103.8,142.3,84.0
98.5,73.4,196.3,71.1,279.9,103.8,142.3,175.1
98.5,73.4,196.3,231.6,279.9,103.8,142.3,175.1
98.5,73.4,196.3,231.6,107.1,103.8,142.3,175.1
96.6,71.8,192.3,229.9,103.9,102.3,139.5,81.8
96.6,71.8,192.3,69.4,103.9,102.3,139.5,81.8
96.6,71.8,192.3,69.4,103.9,102.3,139.5,81.8
960.6,71.8,192.3,69.4,103.9,102.3,139.5,81.8
961.3,72.3,193.6,70.0,105.0,102.8,140.4,82.6
961.3,72.3,193.6,70.0,105.0,102.8,140.4,82.6
97.3,72.3,193.6,70.0,105.0,102.8,140.4,82.6
97.3,72.3,193.6,70.0,105.0,102.8,140.4,82.6
42.1,42.1,42.1,42.1,42.1,42.1,42.1,42.1
42.1,42.1,42.1,42.1,42.1,42.1,42.1,42.1
42.1,42.1,42.1,42.1,42.1,42.1,42.1,42.1
42.1,42.1,42.1,42.1,42.1,42.1,42.1,42.1
106.0,79.4,212.2,77.9,119.8,110.0,153.3,92.7
106.0,79.4,212.2,77.9,119.8,110.0,153.3,92.7
106.0,79.4,212.2,77.9,119.8,110.0,153.3,92.7
106.0,79.4,212.2,77.9,119.8,110.0,153.3,92.7
117.2,611.8,696.2,88.1,3778.9,119.2,169.7,105.6
117.2,611.8,236.2,88.1,138.9,200.5,169.7,105.6
117.2,611.8,236.2,88.1,138.9,200.5,169.7,105.6
117.2,1003.8,236.2,88.1,138.9,200.5,169.7,105.6
127.8,1012.3,258.8,97.7,156.9,127.8,185.3,117.9
127.8,1012.3,258.8,97.7,156.9,127.8,185.3,117.9
127.8,475.3,258.8,97.7,156.9,127.8,1965.0,117.9
127.8,466.9,483.8,97.7,156.9,127.8,1748.2,117.9
0.0,0.0,0.0,0.0,0.0,0.0,0.0,0.0
0.0,0.0,0.0,0.0,0.0,0.0,0.0,0.0
0.0,0.0,0.0,0.0,0.0,0.0,0.0,0.0
0.0,0.0,0.0,0.0,0.0,0.0,0.0,0.0
0.0,0.0,0.0,0.0,0.0,0.0,0.0,0.0
0.0,0.0,0.0,0.0,0.0,0.0,0.0,0.0
0.0,0.0,0.0,0.0,0.0,0.0,0.0,0.0
0.0,0.0,0.0,0.0,0.0,0.0,0.0,0.0
0.0,0.0,0.0,0.0,0.0,0.0,0.0,0.0
0.0,0.0,0.0,0.0,0.0,0.0,0.0,0.0
0.0,0.0,0.0,0.0,0.0,0.0,0.0,0.0
0.0,0.0,0.0,0.0,0.0,0.0,0.0,0.0
0.0,0.0,0.0,0.0,0.0,0.0,0.0,0.0
0.0,0.0,0.0,0.0,0.0,0.0,0.0,0.0
0.0,0.0,0.0,0.0,0.0,0.0,0.0,0.0
0.0,0.0,0.0,0.0,0.0,0.0,0.0,0.0
0.0,0.0,0.0,0.0,0.0,0.0,0.0,0.0
0.0,0.0,0.0,0.0,0.0,0.0,0.0,0.0
0.0,0.0,0.0,0.0,0.0,0.0,0.0,0.0
0.0,0.0,0.0,0.0,0.0,0.0,0.0,0.0
0.0,0.0,0.0,0.0,0.0,0.0,0.0,0.0
0.0,0.0,0.0,0.0,0.0,0.0,0.0,0.0
0.0,0.0,0.0,0.0,0.0,0.0,0.0,0.0
0.0,0.0,0.0,0.0,0.0,0.0,0.0,0.0
0.0,0.0,0.0,0.0,0.0,0.0,0.0,0.0
0.0,0.0,0.0,0.0,0.0,0.0,0.0,0.0
0.0,0.0,0.0,0.0,0.0,0.0,0.0,0.0
0.0,0.0,0.0,0.0,0.0,0.0,0.0,0.0
0.0,0.0,0.0,0.0,0.0,0.0,0.0,0.0
0.0,0.0,0.0,0.0,0.0,0.0,0.0,0.0
0.0,0.0,0.0,0.0,0.0,0.0,0.0,0.0
0.0,0.0,0.0,0.0,0.0,0.0,0.0,0.0
0.0,0.0,0.0,0.0,0.0,0.0,0.0,0.0
0.0,0.0,0.0,0.0,0.0,0.0,0.0,0.0
0.0,0.0,0.0,0.0,0.0,0.0,0.0,0.0
0.0,0.0,0.0,0.0,0.0,0.0,0.0,0.0
0.0,0.0,0.0,0.0,0.0,0.0,0.0,0.0
0.0,0.0,0.0,0.0,0.0,0.0,0.0,0.0
0.0,0.0,0.0,0.0,0.0,0.0,0.0,0.0
0.0,0.0,0.0,0.0,0.0,0.0,0.0,0.0
0.0,0.0,0.0,0.0,0.0,0.0,0.0,0.0
0.0,0.0,0.0,0.0,0.0,0.0,0.0,0.0
0.0,0.0,0.0,0.0,0.0,0.0,0.0,0.0
0.0,0.0,0.0,0.0,0.0,0.0,0.0,0.0
21.8,21.8,21.8,21.8,21.8,21.8,21.8,21.8
21.8,21.8,21.8,21.8,21.8,21.8,21.8,21.8
21.8,21.8,21.8,21.8,21.8,21.8,21.8,21.8
21.8,21.8,21.8,21.8,21.8,21.8,21.8,21.8
87.7,112.1,96.5,62.6,87.9,88.4,91.7,73.2
87.8,65.8,100.4,62.6,88.1,88.8,93.5,113.3
87.8,65.8,100.4,62.6,88.1,88.8,93.5,113.3
88.2,65.8,125.2,62.6,89.1,91.2,104.9,73.2
90.4,66.8,179.0,63.8,93.3,97.2,130.4,74.6
90.4,66.8,179.0,63.8,93.3,97.2,130.4,74.6
90.4,66.8,179.0,63.8,93.3,97.2,130.4,74.6
90.4,66.8,179.0,63.8,93.3,97.2,130.4,74.6
53.1,53.1,53.1,53.1,53.1,53.1,53.1,53.1
53.1,53.1,53.1,53.1,53.1,53.1,53.1,53.1
53.1,53.1,53.1,53.1,53.1,53.1,53.1,53.1
53.1,53.1,53.1,53.1,53.1,53.1,53.1,53.1
93.5,69.3,185.7,66.6,98.6,99.8,134.9,78.2
93.5,69.3,734.0,66.6,98.6,99.8,134.9,78.2
93.5,69.3,304.9,66.6,98.6,99.8,134.9,507.3
93.5,190.8,270.4,66.6,98.6,99.8,134.9,420.3
59.3,59.3,59.3,59.3,59.3,59.3,59.3,59.3
59.3,59.3,59.3,59.3,59.3,59.3,59.3,59.3
59.3,59.3,59.3,59.3,59.3,59.3,59.3,59.3
59.3,59.3,59.3,59.3,59.3,59.3,59.3,59.3
98.5,73.4,173.2,71.1,612.9,103.8,142.3,84.0
98.5,73.4,172.6,71.1,539.9,103.8,215.8,84.0
98.5,73.4,196.3,71.1,107.1,103.8,142.3,84.0
98.5,73.4,196.3,71.1,107.1,103.8,142.3,84.0
55.9,55.9,55.9,55.9,55.9,55.9,55.9,55.9
55.9,55.9,55.9,55.9,55.9,55.9,55.9,55.9
55.9,55.9,55.9,55.9,55.9,55.9,55.9,55.9
55.9,55.9,55.9,55.9,55.9,55.9,55.9,55.9
97.3,72.3,285.1,70.0,105.0,102.8,122.4,82.6
97.3,72.3,285.1,70.0,105.0,102.8,122.4,82.6
97.3,145.4,214.3,70.0,105.0,102.8,120.2,82.6
97.3,145.4,214.3,70.0,105.0,102.8,120.2,82.6
99.1,337.9,875.9,71.7,108.1,104.4,143.2,84.7
99.1,337.9,197.6,71.7,108.1,104.4,143.2,84.7
99.1,337.9,197.6,71.7,108.1,104.4,143.2,84.7
99.1,337.9,197.6,71.7,108.1,104.4,143.2,84.7
55.4,55.4,55.4,55.4,55.4,55.4,55.4,55.4
55.4,55.4,55.4,55.4,55.4,55.4,55.4,55.4
55.4,55.4,55.4,55.4,55.4,55.4,55.4,55.4
55.4,55.4,55.4,55.4,55.4,55.4,55.4,55.4
117.2,88.4,236.2,88.1,138.9,119.2,169.7,105.6
117.2,88.4,236.2,88.1,138.9,119.2,169.7,105.6
234.2,2215.4,236.2,88.1,1711.4,119.2,1363.2,105.6
234.2,88.4,236.2,88.1,138.9,119.2,1791.7,105.6
36.7,36.7,36.7,36.7,36.7,36.7,36.7,36.7
36.7,36.7,36.7,36.7,36.7,36.7,36.7,36.7
36.7,36.7,36.7,36.7,36.7,36.7,36.7,36.7
36.7,36.7,36.7,36.7,36.7,36.7,36.7,36.7
0.0,0.0,0.0,0.0,0.0,0.0,0.0,0.0
0.0,0.0,0.0,0.0,0.0,0.0,0.0,0.0
0.0,0.0,0.0,0.0,0.0,0.0,0.0,0.0
0.0,0.0,0.0,0.0,0.0,0.0,0.0,0.0
0.0,0.0,0.0,0.0,0.0,0.0,0.0,0.0
0.0,0.0,0.0,0.0,0.0,0.0,0.0,0.0
0.0,0.0,0.0,0.0,0.0,0.0,0.0,0.0
0.0,0.0,0.0,0.0,0.0,0.0,0.0,0.0
0.0,0.0,0.0,0.0,0.0,0.0,0.0,0.0
0.0,0.0,0.0,0.0,0.0,0.0,0.0,0.0
0.0,0.0,0.0,0.0,0.0,0.0,0.0,0.0
0.0,0.0,0.0,0.0,0.0,0.0,0.0,0.0
0.0,0.0,0.0,0.0,0.0,0.0,0.0,0.0
0.0,0.0,0.0,0.0,0.0,0.0,0.0,0.0
0.0,0.0,0.0,0.0,0.0,0.0,0.0,0.0
0.0,0.0,0.0,0.0,0.0,0.0,0.0,0.0
0.0,0.0,0.0,0.0,0.0,0.0,0.0,0.0
0.0,0.0,0.0,0.0,0.0,0.0,0.0,0.0
0.0,0.0,0.0,0.0,0.0,0.0,0.0,0.0
0.0,0.0,0.0,0.0,0.0,0.0,0.0,0.0
0.0,0.0,0.0,0.0,0.0,0.0,0.0,0.0
0.0,0.0,0.0,0.0,0.0,0.0,0.0,0.0
0.0,0.0,0.0,0.0,0.0,0.0,0.0,0.0
0.0,0.0,0.0,0.0,0.0,0.0,0.0,0.0
0.0,0.0,0.0,0.0,0.0,0.0,0.0,0.0
0.0,0.0,0.0,0.0,0.0,0.0,0.0,0.0
0.0,0.0,0.0,0.0,0.0,0.0,0.0,0.0
0.0,0.0,0.0,0.0,0.0,0.0,0.0,0.0
0.0,0.0,0.0,0.0,0.0,0.0,0.0,0.0
0.0,0.0,0.0,0.0,0.0,0.0,0.0,0.0
0.0,0.0,0.0,0.0,0.0,0.0,0.0,0.0
0.0,0.0,0.0,0.0,0.0,0.0,0.0,0.0
0.0,0.0,0.0,0.0,0.0,0.0,0.0,0.0
0.0,0.0,0.0,0.0,0.0,0.0,0.0,0.0
0.0,0.0,0.0,0.0,0.0,0.0,0.0,0.0
0.0,0.0,0.0,0.0,0.0,0.0,0.0,0.0
0.0,0.0,0.0,0.0,0.0,0.0,0.0,0.0
0.0,0.0,0.0,0.0,0.0,0.0,0.0,0.0
0.0,0.0,0.0,0.0,0.0,0.0,0.0,0.0
0.0,0.0,0.0,0.0,0.0,0.0,0.0,0.0
0.0,0.0,0.0,0.0,0.0,0.0,0.0,0.0
0.0,0.0,0.0,0.0,0.0,0.0,0.0,0.0
0.0,0.0,0.0,0.0,0.0,0.0,0.0,0.0
0.0,0.0,0.0,0.0,0.0,0.0,0.0,0.0
21.8,21.8,21.8,21.8,21.8,21.8,21.8,21.8
21.8,21.8,21.8,21.8,21.8,21.8,21.8,21.8
21.8,21.8,21.8,21.8,21.8,21.8,21.8,21.8
21.8,21.8,21.8,21.8,21.8,21.8,21.8,21.8
34.2,34.2,34.2,34.2,34.2,34.2,34.2,34.2
34.2,34.2,34.2,34.2,34.2,34.2,34.2,34.2
34.2,34.2,34.2,34.2,34.2,34.2,34.2,34.2
34.2,34.2,34.2,34.2,34.2,34.2,34.2,34.2
45.7,45.7,45.7,45.7,45.7,45.7,45.7,45.7
45.7,45.7,45.7,45.7,45.7,45.7,45.7,45.7
45.7,45.7,45.7,45.7,45.7,45.7,45.7,45.7
45.7,45.7,45.7,45.7,45.7,45.7,45.7,45.7
67.1,67.0,67.6,65.5,67.1,67.1,67.3,67.0
67.1,67.0,67.6,65.5,67.1,67.1,67.3,67.0
67.1,67.0,67.6,65.5,67.1,67.1,67.3,67.0
67.1,67.0,67.6,65.5,67.1,67.1,67.3,67.0
90.3,69.3,119.1,66.6,91.9,92.3,103.2,78.2
90.3,69.3,119.1,66.6,91.9,92.3,103.2,78.2
90.3,69.3,119.1,66.6,91.9,92.3,103.2,78.2
89.5,99.9,101.5,66.6,90.1,90.3,94.9,78.2
60.0,60.0,60.0,60.0,60.0,60.0,60.0,60.0
60.0,60.0,60.0,60.0,60.0,60.0,60.0,60.0
60.0,60.0,60.0,60.0,60.0,60.0,60.0,60.0
60.0,60.0,60.0,60.0,60.0,60.0,60.0,60.0
98.5,73.4,196.3,71.1,107.1,103.8,142.3,84.0
98.5,73.4,148.3,261.3,107.1,103.8,131.1,84.0
274.4,73.4,159.8,71.1,107.1,103.8,133.8,84.0
274.4,73.4,159.8,71.1,107.1,103.8,133.8,84.0
77.2,71.8,81.3,69.4,77.5,77.4,79.0,76.5
77.2,71.8,81.3,69.4,77.5,77.4,79.0,76.5
77.2,71.8,81.3,69.4,77.5,77.4,79.0,76.5
76.4,71.8,76.9,79.4,76.4,76.4,76.6,76.3
97.3,72.3,122.1,188.0,105.0,102.8,114.7,82.6
97.3,72.3,122.1,188.0,105.0,102.8,114.7,82.6
136.9,72.3,140.3,133.1,105.0,102.8,111.8,82.6
136.9,72.3,140.3,133.1,105.0,102.8,111.8,82.6
163.5,73.9,122.4,156.7,108.1,104.4,118.5,84.7
99.1,73.9,130.3,210.6,108.1,104.4,121.1,84.7
99.1,73.9,197.6,71.7,108.1,104.4,143.2,84.7
99.1,73.9,197.6,71.7,108.1,104.4,143.2,84.7
106.0,79.4,212.2,77.9,119.8,110.0,153.3,92.7
106.0,79.4,212.2,77.9,119.8,110.0,153.3,92.7
106.0,79.4,212.2,77.9,119.8,110.0,153.3,92.7
106.0,79.4,212.2,77.9,119.8,110.0,153.3,92.7
117.2,88.4,236.2,88.1,138.9,119.2,445.7,105.6
117.2,88.4,236.2,88.1,138.9,119.2,445.7,105.6
1731.9,88.4,236.2,88.1,138.9,119.2,445.7,105.6
1731.9,88.4,236.2,88.1,138.9,119.2,445.7,105.6
1742.5,97.0,258.8,97.7,156.9,127.8,461.3,117.9
127.8,97.0,258.8,97.7,156.9,127.8,185.3,117.9
127.8,97.0,258.8,97.7,156.9,127.8,185.3,117.9
127.8,97.0,861.8,97.7,156.9,127.8,185.3,493.9
0.0,0.0,0.0,0.0,0.0,0.0,0.0,0.0
0.0,0.0,0.0,0.0,0.0,0.0,0.0,0.0
0.0,0.0,0.0,0.0,0.0,0.0,0.0,0.0
0.0,0.0,0.0,0.0,0.0,0.0,0.0,0.0
0.0,0.0,0.0,0.0,0.0,0.0,0.0,0.0
0.0,0.0,0.0,0.0,0.0,0.0,0.0,0.0
0.0,0.0,0.0,0.0,0.0,0.0,0.0,0.0
0.0,0.0,0.0,0.0,0.0,0.0,0.0,0.0
0.0,0.0,0.0,0.0,0.0,0.0,0.0,0.0
0.0,0.0,0.0,0.0,0.0,0.0,0.0,0.0
0.0,0.0,0.0,0.0,0.0,0.0,0.0,0.0
0.0,0.0,0.0,0.0,0.0,0.0,0.0,0.0
0.0,0.0,0.0,0.0,0.0,0.0,0.0,0.0
0.0,0.0,0.0,0.0,0.0,0.0,0.0,0.0
0.0,0.0,0.0,0.0,0.0,0.0,0.0,0.0
0.0,0.0,0.0,0.0,0.0,0.0,0.0,0.0
0.0,0.0,0.0,0.0,0.0,0.0,0.0,0.0
0.0,0.0,0.0,0.0,0.0,0.0,0.0,0.0
0.0,0.0,0.0,0.0,0.0,0.0,0.0,0.0
0.0,0.0,0.0,0.0,0.0,0.0,0.0,0.0
0.0,0.0,0.0,0.0,0.0,0.0,0.0,0.0
0.0,0.0,0.0,0.0,0.0,0.0,0.0,0.0
0.0,0.0,0.0,0.0,0.0,0.0,0.0,0.0
0.0,0.0,0.0,0.0,0.0,0.0,0.0,0.0
0.0,0.0,0.0,0.0,0.0,0.0,0.0,0.0
0.0,0.0,0.0,0.0,0.0,0.0,0.0,0.0
0.0,0.0,0.0,0.0,0.0,0.0,0.0,0.0
0.0,0.0,0.0,0.0,0.0,0.0,0.0,0.0
0.0,0.0,0.0,0.0,0.0,0.0,0.0,0.0
0.0,0.0,0.0,0.0,0.0,0.0,0.0,0.0
0.0,0.0,0.0,0.0,0.0,0.0,0.0,0.0
0.0,0.0,0.0,0.0,0.0,0.0,0.0,0.0
0.0,0.0,0.0,0.0,0.0,0.0,0.0,0.0
0.0,0.0,0.0,0.0,0.0,0.0,0.0,0.0
0.0,0.0,0.0,0.0,0.0,0.0,0.0,0.0
0.0,0.0,0.0,0.0,0.0,0.0,0.0,0.0
0.0,0.0,0.0,0.0,0.0,0.0,0.0,0.0
0.0,0.0,0.0,0.0,0.0,0.0,0.0,0.0
0.0,0.0,0.0,0.0,0.0,0.0,0.0,0.0
0.0,0.0,0.0,0.0,0.0,0.0,0.0,0.0
0.0,0.0,0.0,0.0,0.0,0.0,0.0,0.0
0.0,0.0,0.0,0.0,0.0,0.0,0.0,0.0
0.0,0.0,0.0,0.0,0.0,0.0,0.0,0.0
0.0,0.0,0.0,0.0,0.0,0.0,0.0,0.0
21.0,21.0,21.0,21.0,21.0,21.0,21.0,21.0
21.0,21.0,21.0,21.0,21.0,21.0,21.0,21.0
21.0,21.0,21.0,21.0,21.0,21.0,21.0,21.0
21.0,21.0,21.0,21.0,21.0,21.0,21.0,21.0
33.3,33.3,33.3,33.3,33.3,33.3,33.3,33.3
33.3,33.3,33.3,33.3,33.3,33.3,33.3,33.3
33.3,33.3,33.3,33.3,33.3,33.3,33.3,33.3
33.3,33.3,33.3,33.3,33.3,33.3,33.3,33.3
44.8,44.8,44.8,44.8,44.8,44.8,44.8,44.8
44.8,44.8,44.8,44.8,44.8,44.8,44.8,44.8
44.8,44.8,44.8,44.8,44.8,44.8,44.8,44.8
44.8,44.8,44.8,44.8,44.8,44.8,44.8,44.8
84.3,68.3,101.6,65.5,85.1,85.5,92.1,76.8
84.3,68.3,101.6,65.5,85.1,85.5,92.1,76.8
84.3,68.3,101.6,65.5,85.1,85.5,92.1,76.8
84.3,68.3,101.6,65.5,85.1,85.5,92.1,76.8
93.5,69.3,185.7,66.6,98.6,99.8,134.9,78.2
93.5,69.3,185.7,66.6,98.6,99.8,134.9,78.2
93.5,69.3,185.7,66.6,98.6,99.8,134.9,78.2
93.5,69.3,185.7,66.6,98.6,99.8,134.9,78.2
96.6,71.8,192.3,69.4,103.9,102.3,139.5,81.8
96.6,71.8,192.3,69.4,103.9,102.3,139.5,81.8
96.6,71.8,192.3,69.4,2388.6,102.3,139.5,81.8
96.6,228.8,192.3,69.4,2231.6,102.3,139.5,81.8
98.5,230.3,196.3,94.0,2527.2,122.4,142.3,84.0
98.5,73.4,196.3,71.1,107.1,122.4,142.3,84.0
98.5,73.4,196.3,71.1,107.1,122.4,142.3,175.1
98.5,73.4,246.2,71.1,107.1,103.8,142.3,175.1
96.6,71.8,192.3,69.4,103.9,102.3,139.5,173.0
96.6,71.8,192.3,69.4,103.9,102.3,139.5,81.8
96.6,71.8,192.3,69.4,103.9,102.3,139.5,81.8
96.6,71.8,192.3,781.4,103.9,102.3,139.5,81.8
97.3,72.3,193.6,782.0,105.0,102.8,140.4,82.6
97.3,72.3,193.6,782.0,105.0,102.8,140.4,82.6
97.3,72.3,193.6,782.0,105.0,102.8,140.4,82.6
97.3,72.3,193.6,782.0,105.0,102.8,140.4,82.6
99.1,73.9,197.6,783.7,108.1,104.4,143.2,84.7
99.1,73.9,197.6,71.7,108.1,104.4,143.2,84.7
99.1,73.9,197.6,71.7,108.1,104.4,143.2,84.7
99.1,73.9,197.6,71.7,108.1,104.4,143.2,84.7
106.0,79.4,212.2,77.9,119.8,110.0,153.3,92.7
106.0,79.4,212.2,77.9,119.8,110.0,153.3,92.7
106.0,79.4,212.2,77.9,119.8,110.0,153.3,92.7
106.0,79.4,212.2,77.9,119.8,110.0,153.3,92.7
117.2,88.4,236.2,88.1,138.9,119.2,169.7,105.6
117.2,88.4,236.2,88.1,734.1,119.2,169.7,341.6
117.2,88.4,236.2,88.1,734.1,119.2,169.7,341.6
117.2,88.4,236.2,88.1,734.1,119.2,169.7,341.6
127.8,97.0,258.8,97.7,752.1,127.8,185.3,353.9
127.8,2018.9,258.8,145.7,624.1,127.8,185.3,353.9
839.8,97.0,258.8,145.7,156.9,127.8,185.3,117.9
839.8,97.0,258.8,145.7,156.9,127.8,185.3,117.9
0.0,0.0,0.0,0.0,0.0,0.0,0.0,0.0
0.0,0.0,0.0,0.0,0.0,0.0,0.0,0.0
0.0,0.0,0.0,0.0,0.0,0.0,0.0,0.0
0.0,0.0,0.0,0.0,0.0,0.0,0.0,0.0
0.0,0.0,0.0,0.0,0.0,0.0,0.0,0.0
0.0,0.0,0.0,0.0,0.0,0.0,0.0,0.0
0.0,0.0,0.0,0.0,0.0,0.0,0.0,0.0
0.0,0.0,0.0,0.0,0.0,0.0,0.0,0.0
0.0,0.0,0.0,0.0,0.0,0.0,0.0,0.0
0.0,0.0,0.0,0.0,0.0,0.0,0.0,0.0
0.0,0.0,0.0,0.0,0.0,0.0,0.0,0.0
0.0,0.0,0.0,0.0,0.0,0.0,0.0,0.0
0.0,0.0,0.0,0.0,0.0,0.0,0.0,0.0
0.0,0.0,0.0,0.0,0.0,0.0,0.0,0.0
0.0,0.0,0.0,0.0,0.0,0.0,0.0,0.0
0.0,0.0,0.0,0.0,0.0,0.0,0.0,0.0
0.0,0.0,0.0,0.0,0.0,0.0,0.0,0.0
0.0,0.0,0.0,0.0,0.0,0.0,0.0,0.0
0.0,0.0,0.0,0.0,0.0,0.0,0.0,0.0
0.0,0.0,0.0,0.0,0.0,0.0,0.0,0.0
0.0,0.0,0.0,0.0,0.0,0.0,0.0,0.0
0.0,0.0,0.0,0.0,0.0,0.0,0.0,0.0
0.0,0.0,0.0,0.0,0.0,0.0,0.0,0.0
0.0,0.0,0.0,0.0,0.0,0.0,0.0,0.0
0.0,0.0,0.0,0.0,0.0,0.0,0.0,0.0
0.0,0.0,0.0,0.0,0.0,0.0,0.0,0.0
0.0,0.0,0.0,0.0,0.0,0.0,0.0,0.0
0.0,0.0,0.0,0.0,0.0,0.0,0.0,0.0
0.0,0.0,0.0,0.0,0.0,0.0,0.0,0.0
0.0,0.0,0.0,0.0,0.0,0.0,0.0,0.0
0.0,0.0,0.0,0.0,0.0,0.0,0.0,0.0
0.0,0.0,0.0,0.0,0.0,0.0,0.0,0.0
0.0,0.0,0.0,0.0,0.0,0.0,0.0,0.0
0.0,0.0,0.0,0.0,0.0,0.0,0.0,0.0
0.0,0.0,0.0,0.0,0.0,0.0,0.0,0.0
0.0,0.0,0.0,0.0,0.0,0.0,0.0,0.0
0.0,0.0,0.0,0.0,0.0,0.0,0.0,0.0
0.0,0.0,0.0,0.0,0.0,0.0,0.0,0.0
0.0,0.0,0.0,0.0,0.0,0.0,0.0,0.0
0.0,0.0,0.0,0.0,0.0,0.0,0.0,0.0
0.0,0.0,0.0,0.0,0.0,0.0,0.0,0.0
0.0,0.0,0.0,0.0,0.0,0.0,0.0,0.0
0.0,0.0,0.0,0.0,0.0,0.0,0.0,0.0
0.0,0.0,0.0,0.0,0.0,0.0,0.0,0.0
0.0,0.0,0.0,0.0,0.0,0.0,0.0,0.0
0.0,0.0,0.0,0.0,0.0,0.0,0.0,0.0
0.0,0.0,0.0,0.0,0.0,0.0,0.0,0.0
0.0,0.0,0.0,0.0,0.0,0.0,0.0,0.0
0.0,0.0,0.0,0.0,0.0,0.0,0.0,0.0
0.0,0.0,0.0,0.0,0.0,0.0,0.0,0.0
0.0,0.0,0.0,0.0,0.0,0.0,0.0,0.0
0.0,0.0,0.0,0.0,0.0,0.0,0.0,0.0
70.1,66.8,68.1,63.8,67.7,67.7,69.0,67.6
68.0,66.8,69.6,63.8,68.1,68.1,68.7,67.7
68.0,66.8,69.6,63.8,68.1,68.1,68.7,67.7
68.0,66.8,69.6,63.8,68.1,68.1,68.7,67.7
92.3,68.3,183.0,65.5,96.5,98.7,133.1,76.8
92.3,68.3,183.0,65.5,96.5,98.7,133.1,76.8
92.3,68.3,183.0,65.5,96.5,98.7,133.1,76.8
92.3,68.3,183.0,65.5,96.5,98.7,133.1,76.8
93.5,69.3,185.7,66.6,98.6,99.8,134.9,78.2
93.5,69.3,185.7,66.6,98.6,99.8,134.9,78.2
93.5,69.3,185.7,66.6,98.6,99.8,134.9,78.2
93.5,69.3,185.7,66.6,98.6,99.8,369.9,214.9
96.6,71.8,192.3,69.4,103.9,102.3,374.4,218.6
326.6,71.8,192.3,69.4,103.9,102.3,139.5,81.8
1090.6,71.8,192.3,69.4,103.9,102.3,139.5,81.8
860.6,228.8,653.1,69.4,103.9,102.3,139.5,81.8
98.5,230.3,657.1,71.1,107.1,103.8,142.3,84.0
98.5,73.4,657.1,71.1,107.1,103.8,142.3,84.0
98.5,73.4,682.1,71.1,107.1,688.5,142.3,84.0
98.5,73.4,682.1,71.1,107.1,688.5,142.3,84.0
96.6,702.7,192.3,69.4,103.9,102.3,139.5,81.8
96.6,702.7,192.3,69.4,103.9,102.3,139.5,81.8
96.6,702.7,192.3,69.4,103.9,102.3,139.5,81.8
96.6,702.7,192.3,69.4,103.9,102.3,139.5,81.8
97.3,703.2,193.6,70.0,105.0,102.8,140.4,82.6
97.3,703.2,193.6,70.0,105.0,102.8,140.4,82.6
97.3,703.2,193.6,70.0,105.0,102.8,140.4,82.6
97.3,72.3,193.6,70.0,105.0,102.8,140.4,82.6
99.1,73.9,197.6,71.7,108.1,104.4,143.2,84.7
99.1,73.9,197.6,71.7,108.1,104.4,143.2,84.7
99.1,73.9,197.6,71.7,108.1,104.4,143.2,84.7
99.1,73.9,197.6,71.7,108.1,104.4,143.2,84.7
106.0,79.4,212.2,77.9,119.8,110.0,153.3,92.7
106.0,79.4,212.2,77.9,119.8,110.0,153.3,92.7
106.0,79.4,212.2,77.9,119.8,110.0,153.3,92.7
106.0,79.4,212.2,77.9,119.8,110.0,153.3,92.7
79.1,79.1,79.1,79.1,79.1,79.1,79.1,79.1
79.1,79.1,79.1,79.1,79.1,79.1,79.1,79.1
79.1,79.1,79.1,79.1,79.1,79.1,79.1,79.1
79.1,79.1,79.1,79.1,79.1,79.1,79.1,79.1
34.5,34.5,34.5,34.5,34.5,34.5,34.5,34.5
34.5,34.5,34.5,34.5,34.5,34.5,34.5,34.5
34.5,34.5,34.5,34.5,34.5,34.5,34.5,34.5
34.5,34.5,34.5,34.5,34.5,34.5,34.5,34.5
0.0,0.0,0.0,0.0,0.0,0.0,0.0,0.0
0.0,0.0,0.0,0.0,0.0,0.0,0.0,0.0
0.0,0.0,0.0,0.0,0.0,0.0,0.0,0.0
0.0,0.0,0.0,0.0,0.0,0.0,0.0,0.0
0.0,0.0,0.0,0.0,0.0,0.0,0.0,0.0
0.0,0.0,0.0,0.0,0.0,0.0,0.0,0.0
0.0,0.0,0.0,0.0,0.0,0.0,0.0,0.0
0.0,0.0,0.0,0.0,0.0,0.0,0.0,0.0
0.0,0.0,0.0,0.0,0.0,0.0,0.0,0.0
0.0,0.0,0.0,0.0,0.0,0.0,0.0,0.0
0.0,0.0,0.0,0.0,0.0,0.0,0.0,0.0
0.0,0.0,0.0,0.0,0.0,0.0,0.0,0.0
0.0,0.0,0.0,0.0,0.0,0.0,0.0,0.0
0.0,0.0,0.0,0.0,0.0,0.0,0.0,0.0
0.0,0.0,0.0,0.0,0.0,0.0,0.0,0.0
0.0,0.0,0.0,0.0,0.0,0.0,0.0,0.0
0.0,0.0,0.0,0.0,0.0,0.0,0.0,0.0
0.0,0.0,0.0,0.0,0.0,0.0,0.0,0.0
0.0,0.0,0.0,0.0,0.0,0.0,0.0,0.0
0.0,0.0,0.0,0.0,0.0,0.0,0.0,0.0
0.0,0.0,0.0,0.0,0.0,0.0,0.0,0.0
0.0,0.0,0.0,0.0,0.0,0.0,0.0,0.0
0.0,0.0,0.0,0.0,0.0,0.0,0.0,0.0
0.0,0.0,0.0,0.0,0.0,0.0,0.0,0.0
0.0,0.0,0.0,0.0,0.0,0.0,0.0,0.0
0.0,0.0,0.0,0.0,0.0,0.0,0.0,0.0
0.0,0.0,0.0,0.0,0.0,0.0,0.0,0.0
0.0,0.0,0.0,0.0,0.0,0.0,0.0,0.0
0.0,0.0,0.0,0.0,0.0,0.0,0.0,0.0
0.0,0.0,0.0,0.0,0.0,0.0,0.0,0.0
0.0,0.0,0.0,0.0,0.0,0.0,0.0,0.0
0.0,0.0,0.0,0.0,0.0,0.0,0.0,0.0
0.0,0.0,0.0,0.0,0.0,0.0,0.0,0.0
0.0,0.0,0.0,0.0,0.0,0.0,0.0,0.0
0.0,0.0,0.0,0.0,0.0,0.0,0.0,0.0
0.0,0.0,0.0,0.0,0.0,0.0,0.0,0.0
0.0,0.0,0.0,0.0,0.0,0.0,0.0,0.0
0.0,0.0,0.0,0.0,0.0,0.0,0.0,0.0
0.0,0.0,0.0,0.0,0.0,0.0,0.0,0.0
0.0,0.0,0.0,0.0,0.0,0.0,0.0,0.0
10.1,10.1,10.1,10.1,10.1,10.1,10.1,10.1
10.1,10.1,10.1,10.1,10.1,10.1,10.1,10.1
10.1,10.1,10.1,10.1,10.1,10.1,10.1,10.1
10.1,10.1,10.1,10.1,10.1,10.1,10.1,10.1
0.0,0.0,0.0,0.0,0.0,0.0,0.0,0.0
0.0,0.0,0.0,0.0,0.0,0.0,0.0,0.0
0.0,0.0,0.0,0.0,0.0,0.0,0.0,0.0
0.0,0.0,0.0,0.0,0.0,0.0,0.0,0.0
89.2,65.8,176.4,62.6,91.2,96.2,128.5,73.2
260.1,193.4,142.6,62.6,91.2,96.2,128.5,73.2
89.2,337.4,169.5,62.6,91.2,96.2,128.5,73.2
89.2,65.8,186.4,62.6,91.2,96.2,128.5,73.2
90.4,66.8,189.0,63.8,93.3,97.2,130.4,74.6
90.4,66.8,179.0,63.8,93.3,97.2,130.4,74.6
90.4,66.8,179.0,63.8,93.3,97.2,130.4,74.6
90.4,66.8,179.0,63.8,93.3,97.2,130.4,74.6
92.3,68.3,183.0,65.5,96.5,98.7,133.1,76.8
92.3,68.3,183.0,65.5,96.5,98.7,133.1,76.8
92.3,68.3,183.0,65.5,96.5,98.7,133.1,76.8
92.3,484.3,183.0,65.5,96.5,98.7,133.1,76.8
93.5,485.3,185.7,66.6,98.6,99.8,134.9,78.2
93.5,485.3,185.7,66.6,98.6,99.8,134.9,78.2
93.5,485.3,185.7,78.1,98.6,99.8,134.9,78.2
93.5,485.3,185.7,78.1,98.6,99.8,134.9,78.2
96.6,487.8,192.3,69.4,103.9,102.3,139.5,81.8
96.6,71.8,877.3,69.4,103.9,102.3,139.5,81.8
96.6,385.8,877.3,69.4,103.9,102.3,139.5,81.8
432.0,71.8,877.3,69.4,103.9,102.3,139.5,81.8
433.9,73.4,881.3,71.1,222.3,103.8,298.9,84.0
98.5,73.4,196.3,71.1,222.3,103.8,298.9,84.0
98.5,73.4,196.3,71.1,222.3,103.8,298.9,84.0
98.5,73.4,196.3,71.1,107.1,103.8,142.3,84.0
96.6,71.8,192.3,69.4,103.9,120.9,139.5,81.8
96.6,71.8,192.3,69.4,103.9,120.9,139.5,389.0
96.6,71.8,192.3,69.4,103.9,120.9,139.5,389.0
96.6,71.8,192.3,69.4,103.9,102.3,139.5,389.0
97.3,72.3,193.6,70.0,105.0,102.8,140.4,389.8
97.3,72.3,193.6,70.0,105.0,102.8,140.4,389.8
97.3,72.3,193.6,70.0,105.0,102.8,140.4,389.8
97.3,72.3,193.6,70.0,105.0,102.8,140.4,389.8
99.1,73.9,197.6,71.7,108.1,104.4,143.2,391.9
99.1,73.9,197.6,71.7,108.1,104.4,143.2,391.9
99.1,73.9,197.6,71.7,108.1,104.4,143.2,391.9
99.1,73.9,197.6,71.7,108.1,104.4,143.2,84.7
104.1,79.4,138.2,77.9,108.5,105.4,119.3,92.7
104.1,79.4,138.2,77.9,108.5,105.4,119.3,92.7
104.1,79.4,138.2,77.9,108.5,105.4,119.3,92.7
103.3,130.7,108.0,77.9,103.9,103.5,105.4,92.7
9.1,9.1,9.1,9.1,9.1,9.1,9.1,9.1
9.1,9.1,9.1,9.1,9.1,9.1,9.1,9.1
9.1,9.1,9.1,9.1,9.1,9.1,9.1,9.1
9.1,9.1,9.1,9.1,9.1,9.1,9.1,9.1
5.0,5.0,5.0,5.0,5.0,5.0,5.0,5.0
5.0,5.0,5.0,5.0,5.0,5.0,5.0,5.0
5.0,5.0,5.0,5.0,5.0,5.0,5.0,5.0
5.0,5.0,5.0,5.0,5.0,5.0,5.0,5.0
0.0,0.0,0.0,0.0,0.0,0.0,0.0,0.0
0.0,0.0,0.0,0.0,0.0,0.0,0.0,0.0
0.0,0.0,0.0,0.0,0.0,0.0,0.0,0.0
0.0,0.0,0.0,0.0,0.0,0.0,0.0,0.0
0.0,0.0,0.0,0.0,0.0,0.0,0.0,0.0
0.0,0.0,0.0,0.0,0.0,0.0,0.0,0.0
0.0,0.0,0.0,0.0,0.0,0.0,0.0,0.0
0.0,0.0,0.0,0.0,0.0,0.0,0.0,0.0
0.0,0.0,0.0,0.0,0.0,0.0,0.0,0.0
0.0,0.0,0.0,0.0,0.0,0.0,0.0,0.0
0.0,0.0,0.0,0.0,0.0,0.0,0.0,0.0
0.0,0.0,0.0,0.0,0.0,0.0,0.0,0.0
0.0,0.0,0.0,0.0,0.0,0.0,0.0,0.0
0.0,0.0,0.0,0.0,0.0,0.0,0.0,0.0
0.0,0.0,0.0,0.0,0.0,0.0,0.0,0.0
0.0,0.0,0.0,0.0,0.0,0.0,0.0,0.0
0.0,0.0,0.0,0.0,0.0,0.0,0.0,0.0
0.0,0.0,0.0,0.0,0.0,0.0,0.0,0.0
0.0,0.0,0.0,0.0,0.0,0.0,0.0,0.0
0.0,0.0,0.0,0.0,0.0,0.0,0.0,0.0
0.0,0.0,0.0,0.0,0.0,0.0,0.0,0.0
0.0,0.0,0.0,0.0,0.0,0.0,0.0,0.0
0.0,0.0,0.0,0.0,0.0,0.0,0.0,0.0
0.0,0.0,0.0,0.0,0.0,0.0,0.0,0.0
0.0,0.0,0.0,0.0,0.0,0.0,0.0,0.0
0.0,0.0,0.0,0.0,0.0,0.0,0.0,0.0
0.0,0.0,0.0,0.0,0.0,0.0,0.0,0.0
0.0,0.0,0.0,0.0,0.0,0.0,0.0,0.0
0.0,0.0,0.0,0.0,0.0,0.0,0.0,0.0
0.0,0.0,0.0,0.0,0.0,0.0,0.0,0.0
0.0,0.0,0.0,0.0,0.0,0.0,0.0,0.0
0.0,0.0,0.0,0.0,0.0,0.0,0.0,0.0
0.0,0.0,0.0,0.0,0.0,0.0,0.0,0.0
0.0,0.0,0.0,0.0,0.0,0.0,0.0,0.0
0.0,0.0,0.0,0.0,0.0,0.0,0.0,0.0
0.0,0.0,0.0,0.0,0.0,0.0,0.0,0.0
0.0,0.0,0.0,0.0,0.0,0.0,0.0,0.0
0.0,0.0,0.0,0.0,0.0,0.0,0.0,0.0
0.0,0.0,0.0,0.0,0.0,0.0,0.0,0.0
0.0,0.0,0.0,0.0,0.0,0.0,0.0,0.0
50.2,50.2,50.2,50.2,50.2,50.2,50.2,50.2
50.2,50.2,50.2,50.2,50.2,50.2,50.2,50.2
50.2,50.2,50.2,50.2,50.2,50.2,50.2,50.2
50.2,50.2,50.2,50.2,50.2,50.2,50.2,50.2
0.0,0.0,0.0,0.0,0.0,0.0,0.0,0.0
0.0,0.0,0.0,0.0,0.0,0.0,0.0,0.0
0.0,0.0,0.0,0.0,0.0,0.0,0.0,0.0
0.0,0.0,0.0,0.0,0.0,0.0,0.0,0.0
10.1,10.1,10.1,10.1,10.1,10.1,10.1,10.1
10.1,10.1,10.1,10.1,10.1,10.1,10.1,10.1
10.1,10.1,10.1,10.1,10.1,10.1,10.1,10.1
10.1,10.1,10.1,10.1,10.1,10.1,10.1,10.1
90.4,310.8,179.0,63.8,437.3,97.2,130.4,74.6
90.4,310.8,179.0,63.8,437.3,97.2,130.4,74.6
90.4,66.8,179.0,63.8,93.3,97.2,130.4,74.6
90.4,66.8,179.0,63.8,93.3,97.2,130.4,74.6
92.3,68.3,183.0,65.5,96.5,98.7,133.1,76.8
92.3,68.3,183.0,65.5,96.5,98.7,133.1,76.8
92.3,68.3,183.0,65.5,96.5,98.7,133.1,76.8
92.3,68.3,183.0,65.5,96.5,98.7,133.1,76.8
93.5,69.3,185.7,66.6,98.6,99.8,134.9,78.2
93.5,69.3,185.7,66.6,98.6,99.8,134.9,78.2
93.5,69.3,185.7,66.6,98.6,99.8,134.9,78.2
428.9,69.3,185.7,66.6,98.6,99.8,134.9,78.2
432.0,71.8,192.3,69.4,103.9,102.3,139.5,81.8
509.4,71.8,192.3,69.4,103.9,102.3,139.5,81.8
509.4,71.8,192.3,69.4,103.9,102.3,139.5,81.8
509.4,71.8,192.3,92.3,103.9,102.3,139.5,81.8
511.3,73.4,196.3,71.1,107.1,103.8,142.3,84.0
511.3,73.4,196.3,71.1,107.1,103.8,142.3,84.0
98.5,73.4,196.3,71.1,107.1,103.8,142.3,84.0
98.5,73.4,196.3,71.1,107.1,103.8,142.3,84.0
96.6,71.8,192.3,69.4,103.9,102.3,3756.8,173.0
96.6,71.8,192.3,69.4,103.9,102.3,3756.8,173.0
96.6,71.8,192.3,69.4,103.9,102.3,3756.8,173.0
96.6,71.8,192.3,69.4,103.9,102.3,468.1,81.8
97.3,72.3,193.6,70.0,105.0,102.8,469.0,82.6
97.3,72.3,193.6,70.0,105.0,102.8,469.0,82.6
97.3,72.3,193.6,70.0,105.0,102.8,469.0,82.6
97.3,72.3,193.6,70.0,105.0,102.8,140.4,82.6
99.1,73.9,197.6,71.7,108.1,104.4,143.2,84.7
99.1,73.9,197.6,71.7,108.1,104.4,143.2,84.7
99.1,73.9,197.6,71.7,108.1,104.4,143.2,84.7
99.1,73.9,197.6,71.7,108.1,104.4,143.2,84.7
106.0,79.4,212.2,77.9,119.8,110.0,153.3,92.7
106.0,79.4,212.2,77.9,119.8,110.0,153.3,92.7
106.0,79.4,212.2,77.9,119.8,110.0,153.3,92.7
106.0,79.4,212.2,77.9,119.8,110.0,153.3,92.7
35.2,35.2,35.2,35.2,35.2,35.2,35.2,35.2
35.2,35.2,35.2,35.2,35.2,35.2,35.2,35.2
35.2,35.2,35.2,35.2,35.2,35.2,35.2,35.2
35.2,35.2,35.2,35.2,35.2,35.2,35.2,35.2
5.0,5.0,5.0,5.0,5.0,5.0,5.0,5.0
5.0,5.0,5.0,5.0,5.0,5.0,5.0,5.0
5.0,5.0,5.0,5.0,5.0,5.0,5.0,5.0
5.0,5.0,5.0,5.0,5.0,5.0,5.0,5.0
0.0,0.0,0.0,0.0,0.0,0.0,0.0,0.0
0.0,0.0,0.0,0.0,0.0,0.0,0.0,0.0
0.0,0.0,0.0,0.0,0.0,0.0,0.0,0.0
0.0,0.0,0.0,0.0,0.0,0.0,0.0,0.0
0.0,0.0,0.0,0.0,0.0,0.0,0.0,0.0
0.0,0.0,0.0,0.0,0.0,0.0,0.0,0.0
0.0,0.0,0.0,0.0,0.0,0.0,0.0,0.0
0.0,0.0,0.0,0.0,0.0,0.0,0.0,0.0
0.0,0.0,0.0,0.0,0.0,0.0,0.0,0.0
0.0,0.0,0.0,0.0,0.0,0.0,0.0,0.0
0.0,0.0,0.0,0.0,0.0,0.0,0.0,0.0
0.0,0.0,0.0,0.0,0.0,0.0,0.0,0.0
0.0,0.0,0.0,0.0,0.0,0.0,0.0,0.0
0.0,0.0,0.0,0.0,0.0,0.0,0.0,0.0
0.0,0.0,0.0,0.0,0.0,0.0,0.0,0.0
0.0,0.0,0.0,0.0,0.0,0.0,0.0,0.0
0.0,0.0,0.0,0.0,0.0,0.0,0.0,0.0
0.0,0.0,0.0,0.0,0.0,0.0,0.0,0.0
0.0,0.0,0.0,0.0,0.0,0.0,0.0,0.0
0.0,0.0,0.0,0.0,0.0,0.0,0.0,0.0
0.0,0.0,0.0,0.0,0.0,0.0,0.0,0.0
0.0,0.0,0.0,0.0,0.0,0.0,0.0,0.0
0.0,0.0,0.0,0.0,0.0,0.0,0.0,0.0
0.0,0.0,0.0,0.0,0.0,0.0,0.0,0.0
0.0,0.0,0.0,0.0,0.0,0.0,0.0,0.0
0.0,0.0,0.0,0.0,0.0,0.0,0.0,0.0
0.0,0.0,0.0,0.0,0.0,0.0,0.0,0.0
0.0,0.0,0.0,0.0,0.0,0.0,0.0,0.0
0.0,0.0,0.0,0.0,0.0,0.0,0.0,0.0
0.0,0.0,0.0,0.0,0.0,0.0,0.0,0.0
0.0,0.0,0.0,0.0,0.0,0.0,0.0,0.0
0.0,0.0,0.0,0.0,0.0,0.0,0.0,0.0
0.0,0.0,0.0,0.0,0.0,0.0,0.0,0.0
0.0,0.0,0.0,0.0,0.0,0.0,0.0,0.0
0.0,0.0,0.0,0.0,0.0,0.0,0.0,0.0
0.0,0.0,0.0,0.0,0.0,0.0,0.0,0.0
0.0,0.0,0.0,0.0,0.0,0.0,0.0,0.0
0.0,0.0,0.0,0.0,0.0,0.0,0.0,0.0
0.0,0.0,0.0,0.0,0.0,0.0,0.0,0.0
0.0,0.0,0.0,0.0,0.0,0.0,0.0,0.0
5.8,5.8,5.8,5.8,5.8,5.8,5.8,5.8
5.8,5.8,5.8,5.8,5.8,5.8,5.8,5.8
5.8,5.8,5.8,5.8,5.8,5.8,5.8,5.8
5.8,5.8,5.8,5.8,5.8,5.8,5.8,5.8
12.4,12.4,12.4,12.4,12.4,12.4,12.4,12.4
12.4,12.4,12.4,12.4,12.4,12.4,12.4,12.4
12.4,12.4,12.4,12.4,12.4,12.4,12.4,12.4
12.4,12.4,12.4,12.4,12.4,12.4,12.4,12.4
20.7,20.7,20.7,20.7,20.7,20.7,20.7,20.7
20.7,20.7,20.7,20.7,20.7,20.7,20.7,20.7
20.7,20.7,20.7,20.7,20.7,20.7,20.7,20.7
20.7,20.7,20.7,20.7,20.7,20.7,20.7,20.7
491.9,192.8,402.0,63.8,93.3,97.2,130.4,74.6
90.4,192.8,562.6,63.8,93.3,97.2,130.4,74.6
90.4,66.8,562.6,63.8,93.3,97.2,130.4,74.6
90.4,66.8,562.6,63.8,93.3,97.2,130.4,74.6
92.3,68.3,566.6,65.5,96.5,98.7,133.1,76.8
92.3,68.3,566.6,65.5,96.5,98.7,133.1,76.8
92.3,68.3,566.6,65.5,96.5,98.7,133.1,76.8
92.3,68.3,566.6,65.5,96.5,98.7,133.1,76.8
93.5,69.3,185.7,66.6,98.6,99.8,134.9,78.2
93.5,69.3,185.7,66.6,98.6,99.8,134.9,78.2
93.5,69.3,185.7,66.6,98.6,99.8,134.9,78.2
93.5,69.3,235.6,66.6,271.5,99.8,134.9,78.2
96.6,71.8,192.3,69.4,276.8,102.3,139.5,81.8
96.6,71.8,192.3,69.4,103.9,130.2,139.5,81.8
96.6,71.8,192.3,69.4,103.9,130.2,139.5,81.8
96.6,71.8,192.3,69.4,103.9,102.3,139.5,81.8
54.1,54.1,54.1,54.1,54.1,54.1,54.1,54.1
54.1,54.1,54.1,54.1,54.1,54.1,54.1,54.1
54.1,54.1,54.1,54.1,54.1,54.1,54.1,54.1
54.1,54.1,54.1,54.1,54.1,54.1,54.1,54.1
96.6,71.8,192.3,69.4,103.9,102.3,139.5,173.0
96.6,71.8,192.3,69.4,103.9,102.3,139.5,173.0
96.6,71.8,192.3,69.4,103.9,102.3,139.5,173.0
96.6,71.8,192.3,69.4,103.9,102.3,139.5,81.8
97.3,72.3,193.6,70.0,105.0,102.8,140.4,82.6
97.3,72.3,193.6,70.0,105.0,102.8,140.4,82.6
97.3,72.3,193.6,70.0,105.0,102.8,140.4,82.6
97.3,72.3,193.6,70.0,105.0,102.8,140.4,82.6
99.1,73.9,197.6,71.7,108.1,104.4,143.2,84.7
99.1,73.9,197.6,71.7,108.1,104.4,143.2,84.7
99.1,73.9,197.6,71.7,108.1,104.4,143.2,84.7
99.1,73.9,197.6,71.7,108.1,104.4,143.2,84.7
106.0,79.4,212.2,77.9,119.8,110.0,153.3,92.7
106.0,79.4,212.2,77.9,119.8,110.0,153.3,92.7
106.0,79.4,212.2,77.9,119.8,110.0,153.3,92.7
106.0,79.4,212.2,77.9,119.8,110.0,153.3,92.7
919.6,88.4,236.2,88.1,138.9,119.2,169.7,105.6
919.6,88.4,236.2,88.1,138.9,119.2,169.7,105.6
919.6,88.4,236.2,88.1,138.9,119.2,169.7,105.6
919.6,88.4,236.2,88.1,138.9,707.2,169.7,105.6
930.2,97.0,258.8,97.7,156.9,715.8,185.3,117.9
127.8,97.0,258.8,97.7,156.9,127.8,185.3,117.9
127.8,97.0,258.8,97.7,156.9,127.8,185.3,117.9
127.8,97.0,258.8,97.7,156.9,127.8,1256.0,117.9
0.0,0.0,0.0,0.0,0.0,0.0,0.0,0.0
0.0,0.0,0.0,0.0,0.0,0.0,0.0,0.0
0.0,0.0,0.0,0.0,0.0,0.0,0.0,0.0
0.0,0.0,0.0,0.0,0.0,0.0,0.0,0.0
0.0,0.0,0.0,0.0,0.0,0.0,0.0,0.0
0.0,0.0,0.0,0.0,0.0,0.0,0.0,0.0
0.0,0.0,0.0,0.0,0.0,0.0,0.0,0.0
0.0,0.0,0.0,0.0,0.0,0.0,0.0,0.0
0.0,0.0,0.0,0.0,0.0,0.0,0.0,0.0
0.0,0.0,0.0,0.0,0.0,0.0,0.0,0.0
0.0,0.0,0.0,0.0,0.0,0.0,0.0,0.0
0.0,0.0,0.0,0.0,0.0,0.0,0.0,0.0
0.0,0.0,0.0,0.0,0.0,0.0,0.0,0.0
0.0,0.0,0.0,0.0,0.0,0.0,0.0,0.0
0.0,0.0,0.0,0.0,0.0,0.0,0.0,0.0
0.0,0.0,0.0,0.0,0.0,0.0,0.0,0.0
0.0,0.0,0.0,0.0,0.0,0.0,0.0,0.0
0.0,0.0,0.0,0.0,0.0,0.0,0.0,0.0
0.0,0.0,0.0,0.0,0.0,0.0,0.0,0.0
0.0,0.0,0.0,0.0,0.0,0.0,0.0,0.0
0.0,0.0,0.0,0.0,0.0,0.0,0.0,0.0
0.0,0.0,0.0,0.0,0.0,0.0,0.0,0.0
0.0,0.0,0.0,0.0,0.0,0.0,0.0,0.0
0.0,0.0,0.0,0.0,0.0,0.0,0.0,0.0
0.0,0.0,0.0,0.0,0.0,0.0,0.0,0.0
0.0,0.0,0.0,0.0,0.0,0.0,0.0,0.0
0.0,0.0,0.0,0.0,0.0,0.0,0.0,0.0
0.0,0.0,0.0,0.0,0.0,0.0,0.0,0.0
0.0,0.0,0.0,0.0,0.0,0.0,0.0,0.0
0.0,0.0,0.0,0.0,0.0,0.0,0.0,0.0
0.0,0.0,0.0,0.0,0.0,0.0,0.0,0.0
0.0,0.0,0.0,0.0,0.0,0.0,0.0,0.0
0.0,0.0,0.0,0.0,0.0,0.0,0.0,0.0
0.0,0.0,0.0,0.0,0.0,0.0,0.0,0.0
0.0,0.0,0.0,0.0,0.0,0.0,0.0,0.0
0.0,0.0,0.0,0.0,0.0,0.0,0.0,0.0
0.0,0.0,0.0,0.0,0.0,0.0,0.0,0.0
0.0,0.0,0.0,0.0,0.0,0.0,0.0,0.0
0.0,0.0,0.0,0.0,0.0,0.0,0.0,0.0
0.0,0.0,0.0,0.0,0.0,0.0,0.0,0.0
0.0,0.0,0.0,0.0,0.0,0.0,0.0,0.0
0.0,0.0,0.0,0.0,0.0,0.0,0.0,0.0
0.0,0.0,0.0,0.0,0.0,0.0,0.0,0.0
0.0,0.0,0.0,0.0,0.0,0.0,0.0,0.0
0.0,0.0,0.0,0.0,0.0,0.0,0.0,0.0
0.0,0.0,0.0,0.0,0.0,0.0,0.0,0.0
0.0,0.0,0.0,0.0,0.0,0.0,0.0,0.0
0.0,0.0,0.0,0.0,0.0,0.0,0.0,0.0
74.0,65.8,80.8,62.6,74.2,74.6,77.1,72.8
74.0,65.8,80.8,62.6,74.2,74.6,77.1,72.8
73.3,65.8,76.0,72.9,73.3,73.5,74.5,72.8
73.1,65.8,75.1,72.8,73.1,75.4,73.8,72.7
822.4,66.8,199.0,63.8,93.3,97.2,130.4,74.6
822.4,66.8,179.0,63.8,93.3,97.2,130.4,74.6
90.4,66.8,179.0,63.8,93.3,97.2,130.4,74.6
90.4,66.8,179.0,63.8,93.3,97.2,130.4,74.6
92.3,68.3,183.0,65.5,96.5,98.7,133.1,76.8
92.3,68.3,183.0,65.5,96.5,98.7,133.1,76.8
92.3,68.3,183.0,65.5,96.5,98.7,133.1,76.8
92.3,68.3,183.0,65.5,96.5,98.7,133.1,76.8
93.5,69.3,185.7,66.6,98.6,99.8,134.9,78.2
93.5,69.3,185.7,66.6,98.6,99.8,134.9,78.2
93.5,69.3,185.7,66.6,98.6,99.8,134.9,351.7
3122.3,69.3,185.7,66.6,98.6,99.8,134.9,78.2
4188.9,71.8,192.3,69.4,103.9,102.3,139.5,81.8
4164.0,71.8,217.3,69.4,103.9,102.3,139.5,81.8
96.6,71.8,217.3,77.1,449.6,158.0,139.5,81.8
96.6,71.8,192.3,77.1,103.9,102.3,139.5,81.8
98.5,73.4,196.3,78.8,107.1,103.8,142.3,84.0
98.5,73.4,196.3,71.1,107.1,103.8,298.9,84.0
98.5,73.4,196.3,71.1,107.1,103.8,298.9,84.0
98.5,73.4,196.3,71.1,107.1,103.8,298.9,84.0
96.6,71.8,192.3,389.4,103.9,102.3,139.5,81.8
96.6,71.8,192.3,389.4,103.9,102.3,139.5,81.8
96.6,71.8,192.3,389.4,103.9,102.3,139.5,81.8
96.6,71.8,192.3,389.4,103.9,102.3,139.5,81.8
97.3,72.3,193.6,70.0,105.0,102.8,140.4,82.6
97.3,72.3,193.6,70.0,105.0,102.8,140.4,82.6
97.3,72.3,193.6,70.0,105.0,102.8,140.4,82.6
97.3,72.3,193.6,70.0,105.0,102.8,140.4,82.6
99.1,73.9,197.6,71.7,108.1,104.4,143.2,84.7
99.1,73.9,197.6,71.7,108.1,104.4,143.2,84.7
99.1,73.9,197.6,71.7,108.1,104.4,143.2,84.7
99.1,73.9,197.6,71.7,108.1,104.4,143.2,84.7
106.0,79.4,212.2,77.9,119.8,110.0,153.3,92.7
106.0,79.4,212.2,77.9,119.8,110.0,153.3,92.7
106.0,79.4,212.2,77.9,119.8,110.0,153.3,92.7
106.0,79.4,212.2,77.9,119.8,110.0,153.3,92.7
117.2,88.4,236.2,88.1,138.9,119.2,169.7,105.6
117.2,88.4,236.2,88.1,138.9,119.2,169.7,105.6
117.2,88.4,236.2,88.1,138.9,119.2,169.7,105.6
117.2,88.4,236.2,88.1,138.9,119.2,169.7,105.6
105.3,97.0,110.6,97.7,106.5,105.3,107.6,104.9
115.7,97.0,105.6,97.7,104.8,104.5,105.0,104.5
108.4,97.0,104.8,97.7,113.5,104.4,104.6,104.4
115.7,97.0,105.6,97.7,104.8,104.5,105.0,104.5
0.0,0.0,0.0,0.0,0.0,0.0,0.0,0.0
0.0,0.0,0.0,0.0,0.0,0.0,0.0,0.0
0.0,0.0,0.0,0.0,0.0,0.0,0.0,0.0
0.0,0.0,0.0,0.0,0.0,0.0,0.0,0.0
0.0,0.0,0.0,0.0,0.0,0.0,0.0,0.0
0.0,0.0,0.0,0.0,0.0,0.0,0.0,0.0
0.0,0.0,0.0,0.0,0.0,0.0,0.0,0.0
0.0,0.0,0.0,0.0,0.0,0.0,0.0,0.0
0.0,0.0,0.0,0.0,0.0,0.0,0.0,0.0
0.0,0.0,0.0,0.0,0.0,0.0,0.0,0.0
0.0,0.0,0.0,0.0,0.0,0.0,0.0,0.0
0.0,0.0,0.0,0.0,0.0,0.0,0.0,0.0
0.0,0.0,0.0,0.0,0.0,0.0,0.0,0.0
0.0,0.0,0.0,0.0,0.0,0.0,0.0,0.0
0.0,0.0,0.0,0.0,0.0,0.0,0.0,0.0
0.0,0.0,0.0,0.0,0.0,0.0,0.0,0.0
0.0,0.0,0.0,0.0,0.0,0.0,0.0,0.0
0.0,0.0,0.0,0.0,0.0,0.0,0.0,0.0
0.0,0.0,0.0,0.0,0.0,0.0,0.0,0.0
0.0,0.0,0.0,0.0,0.0,0.0,0.0,0.0
0.0,0.0,0.0,0.0,0.0,0.0,0.0,0.0
0.0,0.0,0.0,0.0,0.0,0.0,0.0,0.0
0.0,0.0,0.0,0.0,0.0,0.0,0.0,0.0
0.0,0.0,0.0,0.0,0.0,0.0,0.0,0.0
0.0,0.0,0.0,0.0,0.0,0.0,0.0,0.0
0.0,0.0,0.0,0.0,0.0,0.0,0.0,0.0
0.0,0.0,0.0,0.0,0.0,0.0,0.0,0.0
0.0,0.0,0.0,0.0,0.0,0.0,0.0,0.0
0.0,0.0,0.0,0.0,0.0,0.0,0.0,0.0
0.0,0.0,0.0,0.0,0.0,0.0,0.0,0.0
0.0,0.0,0.0,0.0,0.0,0.0,0.0,0.0
0.0,0.0,0.0,0.0,0.0,0.0,0.0,0.0
0.0,0.0,0.0,0.0,0.0,0.0,0.0,0.0
0.0,0.0,0.0,0.0,0.0,0.0,0.0,0.0
0.0,0.0,0.0,0.0,0.0,0.0,0.0,0.0
0.0,0.0,0.0,0.0,0.0,0.0,0.0,0.0
0.0,0.0,0.0,0.0,0.0,0.0,0.0,0.0
0.0,0.0,0.0,0.0,0.0,0.0,0.0,0.0
0.0,0.0,0.0,0.0,0.0,0.0,0.0,0.0
0.0,0.0,0.0,0.0,0.0,0.0,0.0,0.0
0.0,0.0,0.0,0.0,0.0,0.0,0.0,0.0
0.0,0.0,0.0,0.0,0.0,0.0,0.0,0.0
0.0,0.0,0.0,0.0,0.0,0.0,0.0,0.0
0.0,0.0,0.0,0.0,0.0,0.0,0.0,0.0
0.0,0.0,0.0,0.0,0.0,0.0,0.0,0.0
0.0,0.0,0.0,0.0,0.0,0.0,0.0,0.0
0.0,0.0,0.0,0.0,0.0,0.0,0.0,0.0
0.0,0.0,0.0,0.0,0.0,0.0,0.0,0.0
16.0,16.0,16.0,16.0,16.0,16.0,16.0,16.0
16.0,16.0,16.0,16.0,16.0,16.0,16.0,16.0
16.0,16.0,16.0,16.0,16.0,16.0,16.0,16.0
16.0,16.0,16.0,16.0,16.0,16.0,16.0,16.0
636.2,66.8,179.0,63.8,93.3,97.2,130.4,209.6
605.3,66.8,179.0,63.8,93.3,97.2,130.4,240.5
90.4,66.8,179.0,63.8,93.3,97.2,130.4,74.6
90.4,66.8,179.0,63.8,93.3,97.2,130.4,74.6
92.3,68.3,183.0,65.5,96.5,98.7,133.1,76.8
92.3,68.3,183.0,65.5,96.5,98.7,133.1,76.8
92.3,68.3,183.0,65.5,96.5,98.7,133.1,76.8
92.3,68.3,183.0,65.5,96.5,98.7,133.1,76.8
93.5,69.3,185.7,66.6,98.6,99.8,134.9,78.2
93.5,69.3,185.7,66.6,98.6,99.8,134.9,78.2
93.5,69.3,235.6,66.6,98.6,99.8,134.9,78.2
93.5,69.3,185.7,66.6,98.6,99.8,134.9,78.2
3894.0,71.8,192.3,69.4,103.9,102.3,139.5,81.8
3548.3,71.8,192.3,69.4,449.6,102.3,139.5,81.8
3894.0,71.8,192.3,69.4,103.9,102.3,139.5,81.8
96.6,71.8,192.3,69.4,103.9,102.3,139.5,81.8
98.5,73.4,196.3,71.1,107.1,103.8,142.3,84.0
98.5,73.4,196.3,71.1,107.1,103.8,142.3,357.4
98.5,2923.5,196.3,71.1,107.1,1164.5,142.3,84.0
98.5,3369.5,196.3,71.1,107.1,103.8,142.3,84.0
96.6,71.8,192.3,69.4,103.9,102.3,139.5,81.8
96.6,71.8,192.3,69.4,103.9,102.3,139.5,81.8
96.6,71.8,192.3,69.4,103.9,102.3,139.5,81.8
96.6,71.8,192.3,69.4,103.9,102.3,139.5,81.8
97.3,72.3,193.6,70.0,105.0,102.8,140.4,82.6
97.3,72.3,193.6,70.0,105.0,102.8,140.4,82.6
97.3,72.3,193.6,70.0,105.0,102.8,140.4,82.6
97.3,72.3,193.6,70.0,105.0,102.8,140.4,82.6
99.1,596.4,197.6,71.7,108.1,104.4,143.2,84.7
99.1,596.4,197.6,71.7,108.1,104.4,143.2,84.7
99.1,596.4,197.6,71.7,108.1,104.4,143.2,84.7
99.1,596.4,197.6,71.7,108.1,104.4,143.2,84.7
106.0,601.9,212.2,77.9,119.8,110.0,153.3,92.7
106.0,601.9,212.2,77.9,119.8,110.0,153.3,92.7
106.0,601.9,212.2,77.9,119.8,110.0,153.3,92.7
106.0,601.9,212.2,77.9,119.8,110.0,153.3,92.7
117.2,88.4,236.2,88.1,138.9,119.2,169.7,105.6
117.2,88.4,236.2,88.1,138.9,119.2,169.7,105.6
117.2,88.4,236.2,248.1,138.9,119.2,169.7,105.6
117.2,88.4,236.2,88.1,138.9,119.2,169.7,105.6
127.8,97.0,1165.4,97.7,156.9,127.8,185.3,117.9
127.8,97.0,876.8,97.7,521.8,127.8,185.3,117.9
127.8,97.0,876.8,97.7,521.8,127.8,185.3,117.9
127.8,97.0,258.8,97.7,641.9,127.8,185.3,117.9
0.0,0.0,0.0,0.0,0.0,0.0,0.0,0.0
0.0,0.0,0.0,0.0,0.0,0.0,0.0,0.0
0.0,0.0,0.0,0.0,0.0,0.0,0.0,0.0
0.0,0.0,0.0,0.0,0.0,0.0,0.0,0.0
0.0,0.0,0.0,0.0,0.0,0.0,0.0,0.0
0.0,0.0,0.0,0.0,0.0,0.0,0.0,0.0
0.0,0.0,0.0,0.0,0.0,0.0,0.0,0.0
0.0,0.0,0.0,0.0,0.0,0.0,0.0,0.0
0.0,0.0,0.0,0.0,0.0,0.0,0.0,0.0
0.0,0.0,0.0,0.0,0.0,0.0,0.0,0.0
0.0,0.0,0.0,0.0,0.0,0.0,0.0,0.0
0.0,0.0,0.0,0.0,0.0,0.0,0.0,0.0
0.0,0.0,0.0,0.0,0.0,0.0,0.0,0.0
0.0,0.0,0.0,0.0,0.0,0.0,0.0,0.0
0.0,0.0,0.0,0.0,0.0,0.0,0.0,0.0
0.0,0.0,0.0,0.0,0.0,0.0,0.0,0.0
0.0,0.0,0.0,0.0,0.0,0.0,0.0,0.0
0.0,0.0,0.0,0.0,0.0,0.0,0.0,0.0
0.0,0.0,0.0,0.0,0.0,0.0,0.0,0.0
0.0,0.0,0.0,0.0,0.0,0.0,0.0,0.0
0.0,0.0,0.0,0.0,0.0,0.0,0.0,0.0
0.0,0.0,0.0,0.0,0.0,0.0,0.0,0.0
0.0,0.0,0.0,0.0,0.0,0.0,0.0,0.0
0.0,0.0,0.0,0.0,0.0,0.0,0.0,0.0
0.0,0.0,0.0,0.0,0.0,0.0,0.0,0.0
0.0,0.0,0.0,0.0,0.0,0.0,0.0,0.0
0.0,0.0,0.0,0.0,0.0,0.0,0.0,0.0
0.0,0.0,0.0,0.0,0.0,0.0,0.0,0.0
0.0,0.0,0.0,0.0,0.0,0.0,0.0,0.0
0.0,0.0,0.0,0.0,0.0,0.0,0.0,0.0
0.0,0.0,0.0,0.0,0.0,0.0,0.0,0.0
0.0,0.0,0.0,0.0,0.0,0.0,0.0,0.0
0.0,0.0,0.0,0.0,0.0,0.0,0.0,0.0
0.0,0.0,0.0,0.0,0.0,0.0,0.0,0.0
0.0,0.0,0.0,0.0,0.0,0.0,0.0,0.0
0.0,0.0,0.0,0.0,0.0,0.0,0.0,0.0
0.0,0.0,0.0,0.0,0.0,0.0,0.0,0.0
0.0,0.0,0.0,0.0,0.0,0.0,0.0,0.0
0.0,0.0,0.0,0.0,0.0,0.0,0.0,0.0
0.0,0.0,0.0,0.0,0.0,0.0,0.0,0.0
0.0,0.0,0.0,0.0,0.0,0.0,0.0,0.0
0.0,0.0,0.0,0.0,0.0,0.0,0.0,0.0
0.0,0.0,0.0,0.0,0.0,0.0,0.0,0.0
0.0,0.0,0.0,0.0,0.0,0.0,0.0,0.0
29.6,29.6,29.6,29.6,29.6,29.6,29.6,29.6
29.6,29.6,29.6,29.6,29.6,29.6,29.6,29.6
29.6,29.6,29.6,29.6,29.6,29.6,29.6,29.6
29.6,29.6,29.6,29.6,29.6,29.6,29.6,29.6
89.2,65.8,135.5,62.6,178.9,96.2,113.9,73.2
89.2,65.8,135.5,62.6,178.9,96.2,113.9,73.2
89.2,65.8,125.7,62.6,156.4,132.0,110.4,73.2
89.2,65.8,118.9,62.6,140.9,96.2,108.0,133.7
90.4,66.8,179.0,63.8,274.8,97.2,130.4,242.6
90.4,66.8,179.0,63.8,93.3,97.2,130.4,74.6
90.4,66.8,179.0,63.8,93.3,97.2,130.4,74.6
90.4,66.8,179.0,63.8,93.3,97.2,130.4,74.6
92.3,68.3,183.0,65.5,96.5,98.7,133.1,76.8
92.3,68.3,183.0,65.5,96.5,98.7,133.1,76.8
92.3,68.3,183.0,65.5,96.5,98.7,133.1,76.8
92.3,68.3,183.0,65.5,96.5,98.7,133.1,76.8
93.5,69.3,185.7,66.6,98.6,99.8,134.9,78.2
93.5,69.3,185.7,66.6,98.6,99.8,134.9,78.2
93.5,69.3,185.7,66.6,98.6,99.8,134.9,78.2
93.5,69.3,185.7,66.6,98.6,99.8,134.9,351.7
96.6,71.8,192.3,69.4,103.9,102.3,139.5,81.8
96.6,71.8,192.3,69.4,103.9,102.3,139.5,81.8
503.6,71.8,242.2,69.4,103.9,102.3,139.5,81.8
503.6,71.8,192.3,69.4,219.1,102.3,139.5,81.8
505.5,73.4,196.3,71.1,222.3,103.8,142.3,84.0
505.5,73.4,196.3,71.1,222.3,122.4,142.3,84.0
505.5,73.4,371.0,71.1,107.1,122.4,142.3,84.0
505.5,73.4,371.0,651.1,107.1,122.4,142.3,84.0
503.6,71.8,367.0,649.4,103.9,102.3,139.5,81.8
503.6,71.8,192.3,649.4,103.9,102.3,139.5,81.8
96.6,71.8,1280.3,649.4,103.9,102.3,139.5,81.8
96.6,71.8,2368.3,649.4,103.9,102.3,139.5,81.8
97.3,72.3,2369.6,650.0,105.0,102.8,140.4,82.6
97.3,72.3,2369.6,650.0,105.0,102.8,140.4,82.6
97.3,72.3,2369.6,650.0,105.0,102.8,140.4,82.6
97.3,72.3,2369.6,650.0,105.0,102.8,140.4,82.6
99.1,73.9,2373.6,651.7,108.1,104.4,143.2,84.7
99.1,73.9,197.6,71.7,108.1,104.4,143.2,84.7
99.1,73.9,197.6,71.7,108.1,104.4,143.2,84.7
99.1,73.9,197.6,71.7,108.1,104.4,143.2,84.7
106.0,79.4,212.2,77.9,119.8,110.0,153.3,92.7
106.0,79.4,212.2,77.9,119.8,110.0,153.3,92.7
106.0,79.4,212.2,77.9,119.8,110.0,153.3,92.7
106.0,79.4,212.2,77.9,119.8,110.0,153.3,92.7
117.2,88.4,236.2,88.1,138.9,119.2,169.7,105.6
117.2,88.4,236.2,88.1,138.9,119.2,169.7,105.6
117.2,88.4,236.2,88.1,138.9,119.2,169.7,105.6
117.2,88.4,236.2,88.1,138.9,119.2,169.7,105.6
127.8,97.0,258.8,97.7,156.9,127.8,185.3,117.9
127.8,97.0,258.8,97.7,156.9,127.8,185.3,840.9
127.8,97.0,258.8,97.7,156.9,127.8,185.3,840.9
1347.3,386.0,258.8,97.7,156.9,127.8,185.3,785.8
0.0,0.0,0.0,0.0,0.0,0.0,0.0,0.0
0.0,0.0,0.0,0.0,0.0,0.0,0.0,0.0
0.0,0.0,0.0,0.0,0.0,0.0,0.0,0.0
0.0,0.0,0.0,0.0,0.0,0.0,0.0,0.0
0.0,0.0,0.0,0.0,0.0,0.0,0.0,0.0
0.0,0.0,0.0,0.0,0.0,0.0,0.0,0.0
0.0,0.0,0.0,0.0,0.0,0.0,0.0,0.0
0.0,0.0,0.0,0.0,0.0,0.0,0.0,0.0
0.0,0.0,0.0,0.0,0.0,0.0,0.0,0.0
0.0,0.0,0.0,0.0,0.0,0.0,0.0,0.0
0.0,0.0,0.0,0.0,0.0,0.0,0.0,0.0
0.0,0.0,0.0,0.0,0.0,0.0,0.0,0.0
0.0,0.0,0.0,0.0,0.0,0.0,0.0,0.0
0.0,0.0,0.0,0.0,0.0,0.0,0.0,0.0
0.0,0.0,0.0,0.0,0.0,0.0,0.0,0.0
0.0,0.0,0.0,0.0,0.0,0.0,0.0,0.0
0.0,0.0,0.0,0.0,0.0,0.0,0.0,0.0
0.0,0.0,0.0,0.0,0.0,0.0,0.0,0.0
0.0,0.0,0.0,0.0,0.0,0.0,0.0,0.0
0.0,0.0,0.0,0.0,0.0,0.0,0.0,0.0
0.0,0.0,0.0,0.0,0.0,0.0,0.0,0.0
0.0,0.0,0.0,0.0,0.0,0.0,0.0,0.0
0.0,0.0,0.0,0.0,0.0,0.0,0.0,0.0
0.0,0.0,0.0,0.0,0.0,0.0,0.0,0.0
0.0,0.0,0.0,0.0,0.0,0.0,0.0,0.0
0.0,0.0,0.0,0.0,0.0,0.0,0.0,0.0
0.0,0.0,0.0,0.0,0.0,0.0,0.0,0.0
0.0,0.0,0.0,0.0,0.0,0.0,0.0,0.0
0.0,0.0,0.0,0.0,0.0,0.0,0.0,0.0
0.0,0.0,0.0,0.0,0.0,0.0,0.0,0.0
0.0,0.0,0.0,0.0,0.0,0.0,0.0,0.0
0.0,0.0,0.0,0.0,0.0,0.0,0.0,0.0
0.0,0.0,0.0,0.0,0.0,0.0,0.0,0.0
0.0,0.0,0.0,0.0,0.0,0.0,0.0,0.0
0.0,0.0,0.0,0.0,0.0,0.0,0.0,0.0
0.0,0.0,0.0,0.0,0.0,0.0,0.0,0.0
0.0,0.0,0.0,0.0,0.0,0.0,0.0,0.0
0.0,0.0,0.0,0.0,0.0,0.0,0.0,0.0
0.0,0.0,0.0,0.0,0.0,0.0,0.0,0.0
0.0,0.0,0.0,0.0,0.0,0.0,0.0,0.0
0.0,0.0,0.0,0.0,0.0,0.0,0.0,0.0
0.0,0.0,0.0,0.0,0.0,0.0,0.0,0.0
0.0,0.0,0.0,0.0,0.0,0.0,0.0,0.0
0.0,0.0,0.0,0.0,0.0,0.0,0.0,0.0
0.0,0.0,0.0,0.0,0.0,0.0,0.0,0.0
0.0,0.0,0.0,0.0,0.0,0.0,0.0,0.0
0.0,0.0,0.0,0.0,0.0,0.0,0.0,0.0
0.0,0.0,0.0,0.0,0.0,0.0,0.0,0.0
0.0,0.0,0.0,0.0,0.0,0.0,0.0,0.0
0.0,0.0,0.0,0.0,0.0,0.0,0.0,0.0
0.0,0.0,0.0,0.0,0.0,0.0,0.0,0.0
0.0,0.0,0.0,0.0,0.0,0.0,0.0,0.0
86.8,66.8,113.9,63.8,87.7,88.9,99.0,74.6
86.8,66.8,113.9,63.8,87.7,88.9,99.0,74.6
86.8,66.8,113.9,63.8,87.7,88.9,99.0,74.6
86.8,66.8,113.9,63.8,87.7,88.9,99.0,74.6
92.3,68.3,183.0,65.5,96.5,98.7,133.1,76.8
92.3,68.3,183.0,65.5,96.5,98.7,133.1,76.8
92.3,68.3,183.0,65.5,96.5,98.7,133.1,76.8
92.3,68.3,183.0,65.5,96.5,98.7,133.1,76.8
93.5,69.3,185.7,66.6,98.6,99.8,134.9,78.2
93.5,69.3,185.7,66.6,98.6,99.8,134.9,78.2
93.5,69.3,185.7,227.0,213.8,99.8,134.9,78.2
93.5,69.3,185.7,227.0,213.8,99.8,3423.7,78.2
96.6,71.8,192.3,229.9,219.1,102.3,3428.3,81.8
96.6,71.8,192.3,69.4,103.9,102.3,3428.3,81.8
96.6,71.8,192.3,69.4,103.9,102.3,139.5,81.8
96.6,71.8,192.3,69.4,103.9,102.3,139.5,81.8
98.5,73.4,196.3,71.1,107.1,103.8,142.3,84.0
98.5,73.4,246.2,71.1,107.1,103.8,142.3,84.0
98.5,73.4,196.3,71.1,107.1,103.8,142.3,84.0
98.5,73.4,196.3,71.1,107.1,103.8,142.3,84.0
96.6,71.8,192.3,69.4,103.9,102.3,139.5,81.8
96.6,71.8,192.3,69.4,103.9,102.3,139.5,81.8
96.6,71.8,192.3,69.4,103.9,102.3,139.5,81.8
96.6,71.8,192.3,69.4,103.9,102.3,139.5,81.8
97.3,72.3,193.6,70.0,105.0,102.8,140.4,82.6
97.3,72.3,193.6,70.0,105.0,102.8,140.4,82.6
97.3,72.3,193.6,70.0,105.0,102.8,140.4,82.6
97.3,72.3,193.6,70.0,105.0,102.8,140.4,82.6
99.1,73.9,197.6,71.7,108.1,104.4,143.2,84.7
99.1,73.9,197.6,71.7,108.1,104.4,143.2,84.7
99.1,73.9,197.6,71.7,108.1,104.4,143.2,84.7
99.1,73.9,197.6,71.7,108.1,104.4,143.2,84.7
106.0,79.4,212.2,77.9,119.8,110.0,153.3,92.7
106.0,79.4,212.2,77.9,119.8,110.0,153.3,92.7
106.0,79.4,212.2,77.9,119.8,110.0,153.3,92.7
106.0,79.4,212.2,77.9,119.8,110.0,153.3,92.7
117.2,88.4,236.2,88.1,138.9,119.2,169.7,105.6
117.2,88.4,236.2,88.1,138.9,119.2,169.7,105.6
117.2,88.4,236.2,88.1,138.9,119.2,169.7,105.6
117.2,3176.4,544.2,128.1,138.9,119.2,169.7,105.6
127.8,97.0,566.8,137.7,156.9,127.8,764.3,117.9
564.5,97.0,489.4,137.7,156.9,127.8,631.6,117.9
564.5,97.0,489.4,137.7,156.9,127.8,631.6,117.9
578.0,97.0,499.2,97.7,156.9,127.8,648.4,117.9
0.0,0.0,0.0,0.0,0.0,0.0,0.0,0.0
0.0,0.0,0.0,0.0,0.0,0.0,0.0,0.0
0.0,0.0,0.0,0.0,0.0,0.0,0.0,0.0
0.0,0.0,0.0,0.0,0.0,0.0,0.0,0.0
0.0,0.0,0.0,0.0,0.0,0.0,0.0,0.0
0.0,0.0,0.0,0.0,0.0,0.0,0.0,0.0
0.0,0.0,0.0,0.0,0.0,0.0,0.0,0.0
0.0,0.0,0.0,0.0,0.0,0.0,0.0,0.0
0.0,0.0,0.0,0.0,0.0,0.0,0.0,0.0
0.0,0.0,0.0,0.0,0.0,0.0,0.0,0.0
0.0,0.0,0.0,0.0,0.0,0.0,0.0,0.0
0.0,0.0,0.0,0.0,0.0,0.0,0.0,0.0
0.0,0.0,0.0,0.0,0.0,0.0,0.0,0.0
0.0,0.0,0.0,0.0,0.0,0.0,0.0,0.0
0.0,0.0,0.0,0.0,0.0,0.0,0.0,0.0
0.0,0.0,0.0,0.0,0.0,0.0,0.0,0.0
0.0,0.0,0.0,0.0,0.0,0.0,0.0,0.0
0.0,0.0,0.0,0.0,0.0,0.0,0.0,0.0
0.0,0.0,0.0,0.0,0.0,0.0,0.0,0.0
0.0,0.0,0.0,0.0,0.0,0.0,0.0,0.0
0.0,0.0,0.0,0.0,0.0,0.0,0.0,0.0
0.0,0.0,0.0,0.0,0.0,0.0,0.0,0.0
0.0,0.0,0.0,0.0,0.0,0.0,0.0,0.0
0.0,0.0,0.0,0.0,0.0,0.0,0.0,0.0
0.0,0.0,0.0,0.0,0.0,0.0,0.0,0.0
0.0,0.0,0.0,0.0,0.0,0.0,0.0,0.0
0.0,0.0,0.0,0.0,0.0,0.0,0.0,0.0
0.0,0.0,0.0,0.0,0.0,0.0,0.0,0.0
0.0,0.0,0.0,0.0,0.0,0.0,0.0,0.0
0.0,0.0,0.0,0.0,0.0,0.0,0.0,0.0
0.0,0.0,0.0,0.0,0.0,0.0,0.0,0.0
0.0,0.0,0.0,0.0,0.0,0.0,0.0,0.0
0.0,0.0,0.0,0.0,0.0,0.0,0.0,0.0
0.0,0.0,0.0,0.0,0.0,0.0,0.0,0.0
0.0,0.0,0.0,0.0,0.0,0.0,0.0,0.0
0.0,0.0,0.0,0.0,0.0,0.0,0.0,0.0
0.0,0.0,0.0,0.0,0.0,0.0,0.0,0.0
0.0,0.0,0.0,0.0,0.0,0.0,0.0,0.0
0.0,0.0,0.0,0.0,0.0,0.0,0.0,0.0
0.0,0.0,0.0,0.0,0.0,0.0,0.0,0.0
45.8,45.8,45.8,45.8,45.8,45.8,45.8,45.8
45.8,45.8,45.8,45.8,45.8,45.8,45.8,45.8
45.8,45.8,45.8,45.8,45.8,45.8,45.8,45.8
45.8,45.8,45.8,45.8,45.8,45.8,45.8,45.8
75.8,64.8,79.2,61.5,75.9,76.1,97.5,71.7
77.1,64.8,89.3,61.5,77.3,78.2,82.6,71.7
77.1,64.8,89.3,61.5,77.3,78.2,82.6,71.7
76.7,64.8,86.8,67.5,76.8,77.5,80.8,71.7
268.0,65.8,138.8,68.6,91.2,96.2,120.4,73.2
197.5,65.8,128.0,62.6,180.9,96.2,118.0,73.2
89.2,196.9,139.0,62.6,91.2,149.8,120.4,73.2
89.2,65.8,133.3,62.6,91.2,96.2,119.2,264.7
90.4,66.8,179.0,63.8,93.3,97.2,130.4,74.6
90.4,66.8,179.0,63.8,93.3,97.2,130.4,74.6
90.4,66.8,179.0,63.8,93.3,97.2,130.4,74.6
90.4,66.8,179.0,63.8,93.3,97.2,130.4,74.6
92.3,68.3,183.0,65.5,96.5,98.7,133.1,76.8
92.3,68.3,183.0,65.5,96.5,98.7,133.1,76.8
92.3,68.3,183.0,65.5,96.5,98.7,133.1,76.8
92.3,68.3,183.0,65.5,96.5,98.7,133.1,76.8
93.5,69.3,185.7,66.6,98.6,99.8,134.9,78.2
93.5,69.3,185.7,66.6,98.6,99.8,134.9,78.2
93.5,69.3,185.7,66.6,98.6,99.8,134.9,78.2
93.5,383.2,185.7,66.6,98.6,99.8,134.9,78.2
96.6,71.8,192.3,69.4,103.9,102.3,139.5,81.8
96.6,71.8,192.3,69.4,103.9,102.3,139.5,81.8
96.6,71.8,812.9,69.4,103.9,102.3,139.5,81.8
96.6,71.8,812.9,69.4,103.9,102.3,139.5,81.8
98.5,73.4,816.9,71.1,107.1,103.8,142.3,84.0
98.5,73.4,800.3,71.1,107.1,103.8,142.3,84.0
98.5,73.4,800.3,71.1,107.1,103.8,142.3,84.0
98.5,73.4,800.3,71.1,107.1,103.8,142.3,84.0
96.6,71.8,796.3,69.4,103.9,102.3,139.5,81.8
96.6,71.8,796.3,69.4,103.9,102.3,139.5,81.8
96.6,71.8,796.3,69.4,103.9,102.3,139.5,81.8
96.6,71.8,192.3,69.4,103.9,102.3,139.5,81.8
97.3,72.3,193.6,70.0,105.0,102.8,140.4,82.6
97.3,72.3,193.6,70.0,105.0,102.8,140.4,82.6
97.3,72.3,193.6,70.0,105.0,102.8,140.4,82.6
97.3,72.3,193.6,70.0,105.0,102.8,140.4,82.6
99.1,73.9,197.6,71.7,108.1,104.4,143.2,84.7
99.1,73.9,197.6,71.7,108.1,104.4,143.2,84.7
99.1,519.9,197.6,71.7,108.1,104.4,143.2,84.7
99.1,519.9,197.6,71.7,108.1,104.4,143.2,84.7
106.0,525.4,212.2,77.9,119.8,110.0,153.3,92.7
106.0,525.4,212.2,77.9,119.8,110.0,153.3,92.7
106.0,525.4,212.2,77.9,119.8,110.0,153.3,92.7
106.0,525.4,212.2,77.9,119.8,110.0,153.3,92.7
117.2,181.3,141.4,88.1,128.3,119.2,132.5,105.6
117.2,162.3,136.3,88.1,154.4,119.2,130.5,105.6
117.2,162.3,136.3,88.1,154.4,119.2,130.5,105.6
117.2,162.3,136.3,88.1,154.4,119.2,130.5,105.6
28.6,28.6,28.6,28.6,28.6,28.6,28.6,28.6
28.6,28.6,28.6,28.6,28.6,28.6,28.6,28.6
28.6,28.6,28.6,28.6,28.6,28.6,28.6,28.6
28.6,28.6,28.6,28.6,28.6,28.6,28.6,28.6
0.0,0.0,0.0,0.0,0.0,0.0,0.0,0.0
0.0,0.0,0.0,0.0,0.0,0.0,0.0,0.0
0.0,0.0,0.0,0.0,0.0,0.0,0.0,0.0
0.0,0.0,0.0,0.0,0.0,0.0,0.0,0.0
0.0,0.0,0.0,0.0,0.0,0.0,0.0,0.0
0.0,0.0,0.0,0.0,0.0,0.0,0.0,0.0
0.0,0.0,0.0,0.0,0.0,0.0,0.0,0.0
0.0,0.0,0.0,0.0,0.0,0.0,0.0,0.0
0.0,0.0,0.0,0.0,0.0,0.0,0.0,0.0
0.0,0.0,0.0,0.0,0.0,0.0,0.0,0.0
0.0,0.0,0.0,0.0,0.0,0.0,0.0,0.0
0.0,0.0,0.0,0.0,0.0,0.0,0.0,0.0
0.0,0.0,0.0,0.0,0.0,0.0,0.0,0.0
0.0,0.0,0.0,0.0,0.0,0.0,0.0,0.0
0.0,0.0,0.0,0.0,0.0,0.0,0.0,0.0
0.0,0.0,0.0,0.0,0.0,0.0,0.0,0.0
0.0,0.0,0.0,0.0,0.0,0.0,0.0,0.0
0.0,0.0,0.0,0.0,0.0,0.0,0.0,0.0
0.0,0.0,0.0,0.0,0.0,0.0,0.0,0.0
0.0,0.0,0.0,0.0,0.0,0.0,0.0,0.0
0.0,0.0,0.0,0.0,0.0,0.0,0.0,0.0
0.0,0.0,0.0,0.0,0.0,0.0,0.0,0.0
0.0,0.0,0.0,0.0,0.0,0.0,0.0,0.0
0.0,0.0,0.0,0.0,0.0,0.0,0.0,0.0
0.0,0.0,0.0,0.0,0.0,0.0,0.0,0.0
0.0,0.0,0.0,0.0,0.0,0.0,0.0,0.0
0.0,0.0,0.0,0.0,0.0,0.0,0.0,0.0
0.0,0.0,0.0,0.0,0.0,0.0,0.0,0.0
0.0,0.0,0.0,0.0,0.0,0.0,0.0,0.0
0.0,0.0,0.0,0.0,0.0,0.0,0.0,0.0
0.0,0.0,0.0,0.0,0.0,0.0,0.0,0.0
0.0,0.0,0.0,0.0,0.0,0.0,0.0,0.0
0.0,0.0,0.0,0.0,0.0,0.0,0.0,0.0
0.0,0.0,0.0,0.0,0.0,0.0,0.0,0.0
0.0,0.0,0.0,0.0,0.0,0.0,0.0,0.0
0.0,0.0,0.0,0.0,0.0,0.0,0.0,0.0
0.0,0.0,0.0,0.0,0.0,0.0,0.0,0.0
0.0,0.0,0.0,0.0,0.0,0.0,0.0,0.0
0.0,0.0,0.0,0.0,0.0,0.0,0.0,0.0
0.0,0.0,0.0,0.0,0.0,0.0,0.0,0.0
48.1,48.1,48.1,48.1,48.1,48.1,48.1,48.1
48.1,48.1,48.1,48.1,48.1,48.1,48.1,48.1
48.1,48.1,48.1,48.1,48.1,48.1,48.1,48.1
48.1,48.1,48.1,48.1,48.1,48.1,48.1,48.1
87.9,64.8,151.6,61.5,89.1,94.4,117.3,71.7
87.9,121.0,113.0,61.5,89.1,93.0,101.1,71.7
87.9,64.8,151.6,61.5,89.1,94.4,117.3,71.7
87.9,64.8,151.6,61.5,89.1,94.4,117.3,71.7
89.2,65.8,176.4,62.6,91.2,96.2,128.5,73.2
89.2,65.8,176.4,62.6,91.2,96.2,336.5,73.2
89.2,65.8,208.4,62.6,91.2,96.2,128.5,173.2
89.2,65.8,167.5,62.6,424.1,96.2,128.5,73.2
90.4,66.8,179.0,63.8,93.3,97.2,130.4,74.6
90.4,66.8,179.0,63.8,93.3,97.2,130.4,74.6
90.4,66.8,179.0,63.8,93.3,97.2,130.4,74.6
90.4,66.8,179.0,63.8,93.3,97.2,130.4,74.6
92.3,68.3,183.0,65.5,96.5,98.7,133.1,76.8
92.3,68.3,814.2,65.5,96.5,98.7,133.1,76.8
92.3,68.3,814.2,65.5,96.5,98.7,133.1,76.8
92.3,68.3,814.2,65.5,96.5,98.7,133.1,76.8
93.5,69.3,816.9,66.6,98.6,99.8,134.9,78.2
93.5,69.3,816.9,66.6,98.6,99.8,134.9,78.2
93.5,69.3,816.9,66.6,98.6,118.3,134.9,78.2
93.5,69.3,816.9,66.6,98.6,118.3,134.9,78.2
96.6,1117.8,823.5,69.4,103.9,120.9,139.5,81.8
96.6,1117.8,823.5,69.4,103.9,102.3,139.5,81.8
96.6,71.8,823.5,69.4,103.9,102.3,139.5,81.8
96.6,3368.0,192.3,69.4,103.9,102.3,139.5,81.8
98.5,628.3,196.3,71.1,542.2,103.8,802.9,84.0
98.5,73.4,196.3,71.1,718.2,103.8,1181.8,84.0
98.5,73.4,196.3,71.1,1757.8,103.8,142.3,84.0
98.5,73.4,221.3,71.1,107.1,103.8,142.3,84.0
96.6,71.8,217.3,69.4,103.9,102.3,139.5,81.8
96.6,71.8,192.3,69.4,103.9,102.3,139.5,81.8
96.6,71.8,192.3,69.4,103.9,102.3,139.5,81.8
96.6,71.8,192.3,69.4,103.9,102.3,139.5,81.8
72.3,72.1,72.9,70.0,72.3,72.3,72.6,72.1
72.3,72.1,72.9,70.0,72.3,72.3,72.6,72.1
72.3,72.1,72.9,70.0,72.3,72.3,72.6,72.1
72.1,72.1,73.8,70.0,72.1,72.1,72.2,72.1
59.0,59.0,59.0,59.0,59.0,59.0,59.0,59.0
59.0,59.0,59.0,59.0,59.0,59.0,59.0,59.0
59.0,59.0,59.0,59.0,59.0,59.0,59.0,59.0
59.0,59.0,59.0,59.0,59.0,59.0,59.0,59.0
61.8,61.8,61.8,61.8,61.8,61.8,61.8,61.8
61.8,61.8,61.8,61.8,61.8,61.8,61.8,61.8
61.8,61.8,61.8,61.8,61.8,61.8,61.8,61.8
61.8,61.8,61.8,61.8,61.8,61.8,61.8,61.8
44.6,44.6,44.6,44.6,44.6,44.6,44.6,44.6
44.6,44.6,44.6,44.6,44.6,44.6,44.6,44.6
44.6,44.6,44.6,44.6,44.6,44.6,44.6,44.6
44.6,44.6,44.6,44.6,44.6,44.6,44.6,44.6
18.8,18.8,18.8,18.8,18.8,18.8,18.8,18.8
18.8,18.8,18.8,18.8,18.8,18.8,18.8,18.8
18.8,18.8,18.8,18.8,18.8,18.8,18.8,18.8
18.8,18.8,18.8,18.8,18.8,18.8,18.8,18.8
0.0,0.0,0.0,0.0,0.0,0.0,0.0,0.0
0.0,0.0,0.0,0.0,0.0,0.0,0.0,0.0
0.0,0.0,0.0,0.0,0.0,0.0,0.0,0.0
0.0,0.0,0.0,0.0,0.0,0.0,0.0,0.0
0.0,0.0,0.0,0.0,0.0,0.0,0.0,0.0
0.0,0.0,0.0,0.0,0.0,0.0,0.0,0.0
0.0,0.0,0.0,0.0,0.0,0.0,0.0,0.0
0.0,0.0,0.0,0.0,0.0,0.0,0.0,0.0
0.0,0.0,0.0,0.0,0.0,0.0,0.0,0.0
0.0,0.0,0.0,0.0,0.0,0.0,0.0,0.0
0.0,0.0,0.0,0.0,0.0,0.0,0.0,0.0
0.0,0.0,0.0,0.0,0.0,0.0,0.0,0.0
0.0,0.0,0.0,0.0,0.0,0.0,0.0,0.0
0.0,0.0,0.0,0.0,0.0,0.0,0.0,0.0
0.0,0.0,0.0,0.0,0.0,0.0,0.0,0.0
0.0,0.0,0.0,0.0,0.0,0.0,0.0,0.0
0.0,0.0,0.0,0.0,0.0,0.0,0.0,0.0
0.0,0.0,0.0,0.0,0.0,0.0,0.0,0.0
0.0,0.0,0.0,0.0,0.0,0.0,0.0,0.0
0.0,0.0,0.0,0.0,0.0,0.0,0.0,0.0
0.0,0.0,0.0,0.0,0.0,0.0,0.0,0.0
0.0,0.0,0.0,0.0,0.0,0.0,0.0,0.0
0.0,0.0,0.0,0.0,0.0,0.0,0.0,0.0
0.0,0.0,0.0,0.0,0.0,0.0,0.0,0.0
0.0,0.0,0.0,0.0,0.0,0.0,0.0,0.0
0.0,0.0,0.0,0.0,0.0,0.0,0.0,0.0
0.0,0.0,0.0,0.0,0.0,0.0,0.0,0.0
0.0,0.0,0.0,0.0,0.0,0.0,0.0,0.0
0.0,0.0,0.0,0.0,0.0,0.0,0.0,0.0
0.0,0.0,0.0,0.0,0.0,0.0,0.0,0.0
0.0,0.0,0.0,0.0,0.0,0.0,0.0,0.0
0.0,0.0,0.0,0.0,0.0,0.0,0.0,0.0
0.0,0.0,0.0,0.0,0.0,0.0,0.0,0.0
0.0,0.0,0.0,0.0,0.0,0.0,0.0,0.0
0.0,0.0,0.0,0.0,0.0,0.0,0.0,0.0
0.0,0.0,0.0,0.0,0.0,0.0,0.0,0.0
0.0,0.0,0.0,0.0,0.0,0.0,0.0,0.0
0.0,0.0,0.0,0.0,0.0,0.0,0.0,0.0
0.0,0.0,0.0,0.0,0.0,0.0,0.0,0.0
0.0,0.0,0.0,0.0,0.0,0.0,0.0,0.0
31.5,31.5,31.5,31.5,31.5,31.5,31.5,31.5
31.5,31.5,31.5,31.5,31.5,31.5,31.5,31.5
31.5,31.5,31.5,31.5,31.5,31.5,31.5,31.5
31.5,31.5,31.5,31.5,31.5,31.5,31.5,31.5
67.8,68.9,69.4,61.5,67.8,67.9,68.5,67.5
67.8,68.9,69.4,61.5,67.8,67.9,68.5,67.5
68.1,64.8,71.8,61.5,68.1,68.3,69.3,67.6
68.1,64.8,71.8,61.5,68.1,68.3,69.3,67.6
20.5,20.5,20.5,20.5,20.5,20.5,20.5,20.5
20.5,20.5,20.5,20.5,20.5,20.5,20.5,20.5
20.5,20.5,20.5,20.5,20.5,20.5,20.5,20.5
20.5,20.5,20.5,20.5,20.5,20.5,20.5,20.5
32.0,32.0,32.0,32.0,32.0,32.0,32.0,32.0
32.0,32.0,32.0,32.0,32.0,32.0,32.0,32.0
32.0,32.0,32.0,32.0,32.0,32.0,32.0,32.0
32.0,32.0,32.0,32.0,32.0,32.0,32.0,32.0
43.4,43.4,43.4,43.4,43.4,43.4,43.4,43.4
43.4,43.4,43.4,43.4,43.4,43.4,43.4,43.4
43.4,43.4,43.4,43.4,43.4,43.4,43.4,43.4
43.4,43.4,43.4,43.4,43.4,43.4,43.4,43.4
53.2,53.2,53.2,53.2,53.2,53.2,53.2,53.2
53.2,53.2,53.2,53.2,53.2,53.2,53.2,53.2
53.2,53.2,53.2,53.2,53.2,53.2,53.2,53.2
53.2,53.2,53.2,53.2,53.2,53.2,53.2,53.2
58.1,58.1,58.1,58.1,58.1,58.1,58.1,58.1
58.1,58.1,58.1,58.1,58.1,58.1,58.1,58.1
58.1,58.1,58.1,58.1,58.1,58.1,58.1,58.1
58.1,58.1,58.1,58.1,58.1,58.1,58.1,58.1
57.2,57.2,57.2,57.2,57.2,57.2,57.2,57.2
57.2,57.2,57.2,57.2,57.2,57.2,57.2,57.2
57.2,57.2,57.2,57.2,57.2,57.2,57.2,57.2
57.2,57.2,57.2,57.2,57.2,57.2,57.2,57.2
49.9,49.9,49.9,49.9,49.9,49.9,49.9,49.9
49.9,49.9,49.9,49.9,49.9,49.9,49.9,49.9
49.9,49.9,49.9,49.9,49.9,49.9,49.9,49.9
49.9,49.9,49.9,49.9,49.9,49.9,49.9,49.9
42.7,42.7,42.7,42.7,42.7,42.7,42.7,42.7
42.7,42.7,42.7,42.7,42.7,42.7,42.7,42.7
42.7,42.7,42.7,42.7,42.7,42.7,42.7,42.7
42.7,42.7,42.7,42.7,42.7,42.7,42.7,42.7
85.2,73.9,79.6,71.7,78.4,78.3,78.8,78.1
85.2,73.9,79.6,71.7,78.4,78.3,78.8,78.1
85.2,73.9,79.6,71.7,78.4,78.3,78.8,78.1
85.2,73.9,79.6,71.7,78.4,78.3,78.8,78.1
15.7,15.7,15.7,15.7,15.7,15.7,15.7,15.7
15.7,15.7,15.7,15.7,15.7,15.7,15.7,15.7
15.7,15.7,15.7,15.7,15.7,15.7,15.7,15.7
15.7,15.7,15.7,15.7,15.7,15.7,15.7,15.7
8.3,8.3,8.3,8.3,8.3,8.3,8.3,8.3
8.3,8.3,8.3,8.3,8.3,8.3,8.3,8.3
8.3,8.3,8.3,8.3,8.3,8.3,8.3,8.3
8.3,8.3,8.3,8.3,8.3,8.3,8.3,8.3
5.0,5.0,5.0,5.0,5.0,5.0,5.0,5.0
5.0,5.0,5.0,5.0,5.0,5.0,5.0,5.0
5.0,5.0,5.0,5.0,5.0,5.0,5.0,5.0
5.0,5.0,5.0,5.0,5.0,5.0,5.0,5.0
0.0,0.0,0.0,0.0,0.0,0.0,0.0,0.0
0.0,0.0,0.0,0.0,0.0,0.0,0.0,0.0
0.0,0.0,0.0,0.0,0.0,0.0,0.0,0.0
0.0,0.0,0.0,0.0,0.0,0.0,0.0,0.0
0.0,0.0,0.0,0.0,0.0,0.0,0.0,0.0
0.0,0.0,0.0,0.0,0.0,0.0,0.0,0.0
0.0,0.0,0.0,0.0,0.0,0.0,0.0,0.0
0.0,0.0,0.0,0.0,0.0,0.0,0.0,0.0
0.0,0.0,0.0,0.0,0.0,0.0,0.0,0.0
0.0,0.0,0.0,0.0,0.0,0.0,0.0,0.0
0.0,0.0,0.0,0.0,0.0,0.0,0.0,0.0
0.0,0.0,0.0,0.0,0.0,0.0,0.0,0.0
0.0,0.0,0.0,0.0,0.0,0.0,0.0,0.0
0.0,0.0,0.0,0.0,0.0,0.0,0.0,0.0
0.0,0.0,0.0,0.0,0.0,0.0,0.0,0.0
0.0,0.0,0.0,0.0,0.0,0.0,0.0,0.0
0.0,0.0,0.0,0.0,0.0,0.0,0.0,0.0
0.0,0.0,0.0,0.0,0.0,0.0,0.0,0.0
0.0,0.0,0.0,0.0,0.0,0.0,0.0,0.0
0.0,0.0,0.0,0.0,0.0,0.0,0.0,0.0
0.0,0.0,0.0,0.0,0.0,0.0,0.0,0.0
0.0,0.0,0.0,0.0,0.0,0.0,0.0,0.0
0.0,0.0,0.0,0.0,0.0,0.0,0.0,0.0
0.0,0.0,0.0,0.0,0.0,0.0,0.0,0.0
0.0,0.0,0.0,0.0,0.0,0.0,0.0,0.0
0.0,0.0,0.0,0.0,0.0,0.0,0.0,0.0
0.0,0.0,0.0,0.0,0.0,0.0,0.0,0.0
0.0,0.0,0.0,0.0,0.0,0.0,0.0,0.0
0.0,0.0,0.0,0.0,0.0,0.0,0.0,0.0
0.0,0.0,0.0,0.0,0.0,0.0,0.0,0.0
0.0,0.0,0.0,0.0,0.0,0.0,0.0,0.0
0.0,0.0,0.0,0.0,0.0,0.0,0.0,0.0
0.0,0.0,0.0,0.0,0.0,0.0,0.0,0.0
0.0,0.0,0.0,0.0,0.0,0.0,0.0,0.0
0.0,0.0,0.0,0.0,0.0,0.0,0.0,0.0
0.0,0.0,0.0,0.0,0.0,0.0,0.0,0.0
0.0,0.0,0.0,0.0,0.0,0.0,0.0,0.0
0.0,0.0,0.0,0.0,0.0,0.0,0.0,0.0
0.0,0.0,0.0,0.0,0.0,0.0,0.0,0.0
0.0,0.0,0.0,0.0,0.0,0.0,0.0,0.0
8.4,8.4,8.4,8.4,8.4,8.4,8.4,8.4
8.4,8.4,8.4,8.4,8.4,8.4,8.4,8.4
8.4,8.4,8.4,8.4,8.4,8.4,8.4,8.4
8.4,8.4,8.4,8.4,8.4,8.4,8.4,8.4
17.5,17.5,17.5,17.5,17.5,17.5,17.5,17.5
17.5,17.5,17.5,17.5,17.5,17.5,17.5,17.5
17.5,17.5,17.5,17.5,17.5,17.5,17.5,17.5
17.5,17.5,17.5,17.5,17.5,17.5,17.5,17.5
30.0,30.0,30.0,30.0,30.0,30.0,30.0,30.0
30.0,30.0,30.0,30.0,30.0,30.0,30.0,30.0
30.0,30.0,30.0,30.0,30.0,30.0,30.0,30.0
30.0,30.0,30.0,30.0,30.0,30.0,30.0,30.0
41.5,41.5,41.5,41.5,41.5,41.5,41.5,41.5
41.5,41.5,41.5,41.5,41.5,41.5,41.5,41.5
41.5,41.5,41.5,41.5,41.5,41.5,41.5,41.5
41.5,41.5,41.5,41.5,41.5,41.5,41.5,41.5
50.6,50.6,50.6,50.6,50.6,50.6,50.6,50.6
50.6,50.6,50.6,50.6,50.6,50.6,50.6,50.6
50.6,50.6,50.6,50.6,50.6,50.6,50.6,50.6
50.6,50.6,50.6,50.6,50.6,50.6,50.6,50.6
55.5,55.5,55.5,55.5,55.5,55.5,55.5,55.5
55.5,55.5,55.5,55.5,55.5,55.5,55.5,55.5
55.5,55.5,55.5,55.5,55.5,55.5,55.5,55.5
55.5,55.5,55.5,55.5,55.5,55.5,55.5,55.5
57.1,57.1,57.1,57.1,57.1,57.1,57.1,57.1
57.1,57.1,57.1,57.1,57.1,57.1,57.1,57.1
57.1,57.1,57.1,57.1,57.1,57.1,57.1,57.1
57.1,57.1,57.1,57.1,57.1,57.1,57.1,57.1
57.1,57.1,57.1,57.1,57.1,57.1,57.1,57.1
57.1,57.1,57.1,57.1,57.1,57.1,57.1,57.1
57.1,57.1,57.1,57.1,57.1,57.1,57.1,57.1
57.1,57.1,57.1,57.1,57.1,57.1,57.1,57.1
53.8,53.8,53.8,53.8,53.8,53.8,53.8,53.8
53.8,53.8,53.8,53.8,53.8,53.8,53.8,53.8
53.8,53.8,53.8,53.8,53.8,53.8,53.8,53.8
53.8,53.8,53.8,53.8,53.8,53.8,53.8,53.8
47.1,47.1,47.1,47.1,47.1,47.1,47.1,47.1
47.1,47.1,47.1,47.1,47.1,47.1,47.1,47.1
47.1,47.1,47.1,47.1,47.1,47.1,47.1,47.1
47.1,47.1,47.1,47.1,47.1,47.1,47.1,47.1
48.8,48.8,48.8,48.8,48.8,48.8,48.8,48.8
48.8,48.8,48.8,48.8,48.8,48.8,48.8,48.8
48.8,48.8,48.8,48.8,48.8,48.8,48.8,48.8
48.8,48.8,48.8,48.8,48.8,48.8,48.8,48.8
106.0,411.4,486.8,77.9,119.8,110.0,153.3,92.7
106.0,411.4,486.8,77.9,119.8,110.0,153.3,92.7
106.0,411.4,486.8,77.9,119.8,110.0,153.3,92.7
106.0,79.4,486.8,77.9,119.8,110.0,153.3,92.7
117.2,88.4,510.7,88.1,138.9,119.2,169.7,105.6
117.2,88.4,510.7,88.1,138.9,119.2,169.7,105.6
117.2,88.4,510.7,88.1,138.9,291.2,169.7,105.6
117.2,88.4,510.7,88.1,1468.2,291.2,169.7,105.6
127.8,97.0,352.7,97.7,737.4,127.8,185.3,117.9
127.8,97.0,290.1,420.1,477.6,127.8,185.3,117.9
127.8,97.0,366.8,664.2,156.9,127.8,185.3,117.9
127.8,97.0,246.7,784.2,156.9,127.8,185.3,117.9
0.0,0.0,0.0,0.0,0.0,0.0,0.0,0.0
0.0,0.0,0.0,0.0,0.0,0.0,0.0,0.0
0.0,0.0,0.0,0.0,0.0,0.0,0.0,0.0
0.0,0.0,0.0,0.0,0.0,0.0,0.0,0.0
0.0,0.0,0.0,0.0,0.0,0.0,0.0,0.0
0.0,0.0,0.0,0.0,0.0,0.0,0.0,0.0
0.0,0.0,0.0,0.0,0.0,0.0,0.0,0.0
0.0,0.0,0.0,0.0,0.0,0.0,0.0,0.0
0.0,0.0,0.0,0.0,0.0,0.0,0.0,0.0
0.0,0.0,0.0,0.0,0.0,0.0,0.0,0.0
0.0,0.0,0.0,0.0,0.0,0.0,0.0,0.0
0.0,0.0,0.0,0.0,0.0,0.0,0.0,0.0
0.0,0.0,0.0,0.0,0.0,0.0,0.0,0.0
0.0,0.0,0.0,0.0,0.0,0.0,0.0,0.0
0.0,0.0,0.0,0.0,0.0,0.0,0.0,0.0
0.0,0.0,0.0,0.0,0.0,0.0,0.0,0.0
0.0,0.0,0.0,0.0,0.0,0.0,0.0,0.0
0.0,0.0,0.0,0.0,0.0,0.0,0.0,0.0
0.0,0.0,0.0,0.0,0.0,0.0,0.0,0.0
0.0,0.0,0.0,0.0,0.0,0.0,0.0,0.0
0.0,0.0,0.0,0.0,0.0,0.0,0.0,0.0
0.0,0.0,0.0,0.0,0.0,0.0,0.0,0.0
0.0,0.0,0.0,0.0,0.0,0.0,0.0,0.0
0.0,0.0,0.0,0.0,0.0,0.0,0.0,0.0
0.0,0.0,0.0,0.0,0.0,0.0,0.0,0.0
0.0,0.0,0.0,0.0,0.0,0.0,0.0,0.0
0.0,0.0,0.0,0.0,0.0,0.0,0.0,0.0
0.0,0.0,0.0,0.0,0.0,0.0,0.0,0.0
0.0,0.0,0.0,0.0,0.0,0.0,0.0,0.0
0.0,0.0,0.0,0.0,0.0,0.0,0.0,0.0
0.0,0.0,0.0,0.0,0.0,0.0,0.0,0.0
0.0,0.0,0.0,0.0,0.0,0.0,0.0,0.0
0.0,0.0,0.0,0.0,0.0,0.0,0.0,0.0
0.0,0.0,0.0,0.0,0.0,0.0,0.0,0.0
0.0,0.0,0.0,0.0,0.0,0.0,0.0,0.0
0.0,0.0,0.0,0.0,0.0,0.0,0.0,0.0
0.0,0.0,0.0,0.0,0.0,0.0,0.0,0.0
0.0,0.0,0.0,0.0,0.0,0.0,0.0,0.0
0.0,0.0,0.0,0.0,0.0,0.0,0.0,0.0
0.0,0.0,0.0,0.0,0.0,0.0,0.0,0.0
0.0,0.0,0.0,0.0,0.0,0.0,0.0,0.0
0.0,0.0,0.0,0.0,0.0,0.0,0.0,0.0
0.0,0.0,0.0,0.0,0.0,0.0,0.0,0.0
0.0,0.0,0.0,0.0,0.0,0.0,0.0,0.0
0.0,0.0,0.0,0.0,0.0,0.0,0.0,0.0
0.0,0.0,0.0,0.0,0.0,0.0,0.0,0.0
0.0,0.0,0.0,0.0,0.0,0.0,0.0,0.0
0.0,0.0,0.0,0.0,0.0,0.0,0.0,0.0
0.0,0.0,0.0,0.0,0.0,0.0,0.0,0.0
0.0,0.0,0.0,0.0,0.0,0.0,0.0,0.0
0.0,0.0,0.0,0.0,0.0,0.0,0.0,0.0
0.0,0.0,0.0,0.0,0.0,0.0,0.0,0.0
39.3,39.3,39.3,39.3,39.3,39.3,39.3,39.3
39.3,39.3,39.3,39.3,39.3,39.3,39.3,39.3
39.3,39.3,39.3,39.3,39.3,39.3,39.3,39.3
39.3,39.3,39.3,39.3,39.3,39.3,39.3,39.3
92.3,68.3,183.0,65.5,96.5,98.7,133.1,76.8
92.3,68.3,183.0,65.5,96.5,98.7,133.1,76.8
92.3,68.3,183.0,65.5,96.5,98.7,133.1,76.8
92.3,68.3,183.0,65.5,96.5,98.7,133.1,76.8
93.5,69.3,185.7,66.6,98.6,99.8,134.9,78.2
93.5,69.3,185.7,66.6,98.6,99.8,134.9,78.2
93.5,69.3,185.7,66.6,98.6,127.6,134.9,78.2
93.5,69.3,185.7,66.6,98.6,127.6,134.9,78.2
96.6,71.8,192.3,69.4,103.9,102.3,139.5,81.8
96.6,71.8,192.3,69.4,103.9,102.3,139.5,81.8
96.6,71.8,192.3,69.4,103.9,102.3,139.5,81.8
96.6,71.8,192.3,92.3,103.9,102.3,139.5,81.8
98.5,178.0,196.3,71.1,107.1,103.8,142.3,84.0
98.5,178.0,196.3,71.1,107.1,103.8,142.3,84.0
98.5,178.0,196.3,71.1,107.1,103.8,142.3,84.0
98.5,73.4,196.3,71.1,107.1,103.8,142.3,84.0
96.6,71.8,192.3,69.4,103.9,102.3,139.5,81.8
96.6,71.8,192.3,69.4,103.9,102.3,139.5,81.8
96.6,71.8,192.3,69.4,103.9,102.3,139.5,81.8
96.6,71.8,192.3,69.4,103.9,102.3,139.5,81.8
97.3,72.3,193.6,70.0,105.0,102.8,140.4,82.6
97.3,72.3,193.6,70.0,105.0,102.8,140.4,82.6
97.3,72.3,193.6,70.0,105.0,102.8,140.4,82.6
97.3,72.3,193.6,70.0,105.0,102.8,140.4,82.6
99.1,73.9,197.6,71.7,108.1,104.4,143.2,84.7
99.1,73.9,197.6,71.7,108.1,104.4,143.2,84.7
99.1,73.9,197.6,71.7,108.1,104.4,143.2,84.7
99.1,73.9,197.6,71.7,108.1,104.4,143.2,84.7
106.0,79.4,212.2,77.9,119.8,110.0,153.3,92.7
106.0,79.4,212.2,77.9,119.8,110.0,153.3,92.7
106.0,79.4,212.2,77.9,119.8,110.0,153.3,92.7
106.0,79.4,212.2,77.9,119.8,110.0,153.3,92.7
117.2,88.4,236.2,88.1,138.9,119.2,169.7,105.6
117.2,88.4,236.2,88.1,138.9,119.2,169.7,105.6
117.2,88.4,236.2,88.1,138.9,119.2,169.7,105.6
117.2,88.4,236.2,88.1,138.9,119.2,169.7,105.6
127.8,97.0,258.8,97.7,156.9,127.8,185.3,117.9
127.8,97.0,333.4,97.7,156.9,127.8,185.3,117.9
127.8,2193.0,333.4,97.7,156.9,127.8,185.3,117.9
127.8,97.0,333.4,97.7,156.9,127.8,185.3,117.9
0.0,0.0,0.0,0.0,0.0,0.0,0.0,0.0
0.0,0.0,0.0,0.0,0.0,0.0,0.0,0.0
0.0,0.0,0.0,0.0,0.0,0.0,0.0,0.0
0.0,0.0,0.0,0.0,0.0,0.0,0.0,0.0
0.0,0.0,0.0,0.0,0.0,0.0,0.0,0.0
0.0,0.0,0.0,0.0,0.0,0.0,0.0,0.0
0.0,0.0,0.0,0.0,0.0,0.0,0.0,0.0
0.0,0.0,0.0,0.0,0.0,0.0,0.0,0.0
0.0,0.0,0.0,0.0,0.0,0.0,0.0,0.0
0.0,0.0,0.0,0.0,0.0,0.0,0.0,0.0
0.0,0.0,0.0,0.0,0.0,0.0,0.0,0.0
0.0,0.0,0.0,0.0,0.0,0.0,0.0,0.0
0.0,0.0,0.0,0.0,0.0,0.0,0.0,0.0
0.0,0.0,0.0,0.0,0.0,0.0,0.0,0.0
0.0,0.0,0.0,0.0,0.0,0.0,0.0,0.0
0.0,0.0,0.0,0.0,0.0,0.0,0.0,0.0
0.0,0.0,0.0,0.0,0.0,0.0,0.0,0.0
0.0,0.0,0.0,0.0,0.0,0.0,0.0,0.0
0.0,0.0,0.0,0.0,0.0,0.0,0.0,0.0
0.0,0.0,0.0,0.0,0.0,0.0,0.0,0.0
0.0,0.0,0.0,0.0,0.0,0.0,0.0,0.0
0.0,0.0,0.0,0.0,0.0,0.0,0.0,0.0
0.0,0.0,0.0,0.0,0.0,0.0,0.0,0.0
0.0,0.0,0.0,0.0,0.0,0.0,0.0,0.0
0.0,0.0,0.0,0.0,0.0,0.0,0.0,0.0
0.0,0.0,0.0,0.0,0.0,0.0,0.0,0.0
0.0,0.0,0.0,0.0,0.0,0.0,0.0,0.0
0.0,0.0,0.0,0.0,0.0,0.0,0.0,0.0
0.0,0.0,0.0,0.0,0.0,0.0,0.0,0.0
0.0,0.0,0.0,0.0,0.0,0.0,0.0,0.0
0.0,0.0,0.0,0.0,0.0,0.0,0.0,0.0
0.0,0.0,0.0,0.0,0.0,0.0,0.0,0.0
0.0,0.0,0.0,0.0,0.0,0.0,0.0,0.0
0.0,0.0,0.0,0.0,0.0,0.0,0.0,0.0
0.0,0.0,0.0,0.0,0.0,0.0,0.0,0.0
0.0,0.0,0.0,0.0,0.0,0.0,0.0,0.0
0.0,0.0,0.0,0.0,0.0,0.0,0.0,0.0
0.0,0.0,0.0,0.0,0.0,0.0,0.0,0.0
0.0,0.0,0.0,0.0,0.0,0.0,0.0,0.0
0.0,0.0,0.0,0.0,0.0,0.0,0.0,0.0
0.0,0.0,0.0,0.0,0.0,0.0,0.0,0.0
0.0,0.0,0.0,0.0,0.0,0.0,0.0,0.0
0.0,0.0,0.0,0.0,0.0,0.0,0.0,0.0
0.0,0.0,0.0,0.0,0.0,0.0,0.0,0.0
0.0,0.0,0.0,0.0,0.0,0.0,0.0,0.0
0.0,0.0,0.0,0.0,0.0,0.0,0.0,0.0
0.0,0.0,0.0,0.0,0.0,0.0,0.0,0.0
0.0,0.0,0.0,0.0,0.0,0.0,0.0,0.0
0.0,0.0,0.0,0.0,0.0,0.0,0.0,0.0
0.0,0.0,0.0,0.0,0.0,0.0,0.0,0.0
0.0,0.0,0.0,0.0,0.0,0.0,0.0,0.0
0.0,0.0,0.0,0.0,0.0,0.0,0.0,0.0
90.4,66.8,179.0,63.8,385.3,97.2,130.4,74.6
90.4,66.8,179.0,63.8,385.3,97.2,130.4,74.6
90.4,66.8,179.0,63.8,93.3,97.2,130.4,74.6
90.4,66.8,179.0,63.8,93.3,97.2,130.4,74.6
92.3,68.3,183.0,65.5,96.5,98.7,133.1,76.8
92.3,68.3,183.0,65.5,96.5,98.7,133.1,76.8
92.3,68.3,183.0,65.5,96.5,98.7,133.1,76.8
92.3,68.3,183.0,65.5,96.5,98.7,133.1,76.8
93.5,69.3,185.7,66.6,98.6,99.8,134.9,78.2
93.5,69.3,185.7,66.6,98.6,99.8,134.9,78.2
93.5,69.3,185.7,66.6,98.6,99.8,134.9,78.2
93.5,69.3,202.3,66.6,98.6,99.8,134.9,78.2
96.6,71.8,208.9,69.4,103.9,102.3,139.5,81.8
96.6,71.8,208.9,69.4,103.9,102.3,139.5,81.8
96.6,71.8,192.3,69.4,103.9,102.3,139.5,81.8
767.4,71.8,192.3,69.4,103.9,102.3,139.5,81.8
98.5,73.4,196.3,71.1,107.1,103.8,142.3,84.0
98.5,73.4,196.3,71.1,107.1,103.8,142.3,84.0
98.5,73.4,196.3,94.0,107.1,103.8,142.3,84.0
98.5,73.4,196.3,71.1,107.1,103.8,142.3,84.0
96.6,71.8,192.3,69.4,103.9,102.3,139.5,81.8
96.6,71.8,192.3,69.4,103.9,102.3,139.5,81.8
907.3,71.8,192.3,69.4,103.9,102.3,139.5,81.8
907.3,71.8,192.3,69.4,103.9,102.3,139.5,81.8
907.9,72.3,193.6,70.0,105.0,102.8,140.4,82.6
907.9,72.3,193.6,70.0,105.0,102.8,140.4,82.6
907.9,72.3,193.6,70.0,105.0,102.8,140.4,82.6
907.9,72.3,193.6,70.0,105.0,102.8,140.4,82.6
99.1,73.9,197.6,71.7,108.1,104.4,143.2,84.7
99.1,73.9,197.6,71.7,108.1,104.4,143.2,84.7
99.1,73.9,197.6,71.7,108.1,104.4,143.2,84.7
99.1,73.9,197.6,71.7,108.1,104.4,143.2,84.7
106.0,79.4,212.2,77.9,119.8,110.0,153.3,92.7
106.0,79.4,212.2,77.9,119.8,110.0,153.3,92.7
106.0,79.4,212.2,77.9,119.8,110.0,153.3,92.7
106.0,79.4,212.2,77.9,119.8,110.0,153.3,92.7
117.2,88.4,236.2,88.1,138.9,119.2,169.7,105.6
117.2,88.4,236.2,88.1,138.9,119.2,169.7,105.6
117.2,88.4,236.2,88.1,138.9,119.2,169.7,105.6
117.2,88.4,236.2,88.1,138.9,119.2,169.7,105.6
127.8,97.0,258.8,97.7,156.9,127.8,185.3,907.9
127.8,97.0,258.8,97.7,156.9,127.8,185.3,907.9
127.8,97.0,258.8,97.7,156.9,127.8,185.3,117.9
127.8,97.0,258.8,97.7,156.9,127.8,185.3,117.9
0.0,0.0,0.0,0.0,0.0,0.0,0.0,0.0
0.0,0.0,0.0,0.0,0.0,0.0,0.0,0.0
0.0,0.0,0.0,0.0,0.0,0.0,0.0,0.0
0.0,0.0,0.0,0.0,0.0,0.0,0.0,0.0
0.0,0.0,0.0,0.0,0.0,0.0,0.0,0.0
0.0,0.0,0.0,0.0,0.0,0.0,0.0,0.0
0.0,0.0,0.0,0.0,0.0,0.0,0.0,0.0
0.0,0.0,0.0,0.0,0.0,0.0,0.0,0.0
0.0,0.0,0.0,0.0,0.0,0.0,0.0,0.0
0.0,0.0,0.0,0.0,0.0,0.0,0.0,0.0
0.0,0.0,0.0,0.0,0.0,0.0,0.0,0.0
0.0,0.0,0.0,0.0,0.0,0.0,0.0,0.0
0.0,0.0,0.0,0.0,0.0,0.0,0.0,0.0
0.0,0.0,0.0,0.0,0.0,0.0,0.0,0.0
0.0,0.0,0.0,0.0,0.0,0.0,0.0,0.0
0.0,0.0,0.0,0.0,0.0,0.0,0.0,0.0
0.0,0.0,0.0,0.0,0.0,0.0,0.0,0.0
0.0,0.0,0.0,0.0,0.0,0.0,0.0,0.0
0.0,0.0,0.0,0.0,0.0,0.0,0.0,0.0
0.0,0.0,0.0,0.0,0.0,0.0,0.0,0.0
0.0,0.0,0.0,0.0,0.0,0.0,0.0,0.0
0.0,0.0,0.0,0.0,0.0,0.0,0.0,0.0
0.0,0.0,0.0,0.0,0.0,0.0,0.0,0.0
0.0,0.0,0.0,0.0,0.0,0.0,0.0,0.0
0.0,0.0,0.0,0.0,0.0,0.0,0.0,0.0
0.0,0.0,0.0,0.0,0.0,0.0,0.0,0.0
0.0,0.0,0.0,0.0,0.0,0.0,0.0,0.0
0.0,0.0,0.0,0.0,0.0,0.0,0.0,0.0
0.0,0.0,0.0,0.0,0.0,0.0,0.0,0.0
0.0,0.0,0.0,0.0,0.0,0.0,0.0,0.0
0.0,0.0,0.0,0.0,0.0,0.0,0.0,0.0
0.0,0.0,0.0,0.0,0.0,0.0,0.0,0.0
0.0,0.0,0.0,0.0,0.0,0.0,0.0,0.0
0.0,0.0,0.0,0.0,0.0,0.0,0.0,0.0
0.0,0.0,0.0,0.0,0.0,0.0,0.0,0.0
0.0,0.0,0.0,0.0,0.0,0.0,0.0,0.0
0.0,0.0,0.0,0.0,0.0,0.0,0.0,0.0
0.0,0.0,0.0,0.0,0.0,0.0,0.0,0.0
0.0,0.0,0.0,0.0,0.0,0.0,0.0,0.0
0.0,0.0,0.0,0.0,0.0,0.0,0.0,0.0
6.7,6.7,6.7,6.7,6.7,6.7,6.7,6.7
6.7,6.7,6.7,6.7,6.7,6.7,6.7,6.7
6.7,6.7,6.7,6.7,6.7,6.7,6.7,6.7
6.7,6.7,6.7,6.7,6.7,6.7,6.7,6.7
18.4,18.4,18.4,18.4,18.4,18.4,18.4,18.4
18.4,18.4,18.4,18.4,18.4,18.4,18.4,18.4
18.4,18.4,18.4,18.4,18.4,18.4,18.4,18.4
18.4,18.4,18.4,18.4,18.4,18.4,18.4,18.4
89.2,111.8,176.4,62.6,91.2,146.2,128.5,193.2
89.2,65.8,153.6,62.6,331.3,143.2,128.5,159.3
321.2,65.8,176.4,62.6,91.2,96.2,128.5,73.2
321.2,65.8,176.4,62.6,91.2,96.2,128.5,73.2
90.4,66.8,179.0,63.8,93.3,97.2,130.4,74.6
90.4,66.8,179.0,63.8,93.3,97.2,130.4,74.6
90.4,510.8,179.0,63.8,93.3,97.2,130.4,74.6
90.4,510.8,179.0,63.8,93.3,97.2,130.4,74.6
92.3,512.3,183.0,65.5,96.5,98.7,133.1,76.8
92.3,512.3,183.0,65.5,96.5,98.7,133.1,76.8
92.3,512.3,183.0,65.5,96.5,98.7,133.1,76.8
92.3,512.3,183.0,65.5,96.5,98.7,133.1,76.8
93.5,69.3,185.7,66.6,98.6,99.8,134.9,78.2
93.5,69.3,185.7,66.6,98.6,99.8,134.9,78.2
93.5,782.8,185.7,66.6,98.6,99.8,134.9,78.2
93.5,782.8,185.7,66.6,98.6,99.8,134.9,78.2
96.6,2269.3,192.3,69.4,103.9,102.3,139.5,81.8
96.6,71.8,192.3,92.3,103.9,102.3,139.5,81.8
96.6,71.8,192.3,69.4,103.9,102.3,139.5,81.8
96.6,71.8,242.2,69.4,103.9,102.3,139.5,81.8
202.4,73.4,149.2,71.1,107.1,103.8,126.3,84.0
173.3,73.4,137.8,71.1,107.1,103.8,166.8,84.0
173.3,73.4,137.8,71.1,107.1,103.8,166.8,84.0
98.5,73.4,132.6,71.1,107.1,103.8,246.8,84.0
96.6,71.8,192.3,69.4,103.9,102.3,557.5,218.6
96.6,71.8,192.3,69.4,103.9,102.3,557.5,218.6
96.6,71.8,192.3,69.4,103.9,102.3,557.5,81.8
96.6,71.8,192.3,69.4,103.9,102.3,557.5,81.8
97.3,72.3,193.6,70.0,105.0,102.8,558.4,82.6
97.3,72.3,193.6,70.0,105.0,102.8,558.4,82.6
97.3,72.3,193.6,70.0,105.0,102.8,558.4,82.6
97.3,72.3,193.6,70.0,105.0,102.8,140.4,82.6
99.1,73.9,197.6,71.7,108.1,104.4,143.2,84.7
99.1,73.9,197.6,71.7,108.1,104.4,143.2,84.7
99.1,73.9,197.6,71.7,108.1,104.4,143.2,84.7
99.1,73.9,197.6,71.7,108.1,104.4,143.2,84.7
106.0,79.4,212.2,77.9,119.8,110.0,153.3,92.7
106.0,79.4,212.2,77.9,119.8,110.0,153.3,92.7
106.0,79.4,212.2,77.9,119.8,110.0,153.3,92.7
106.0,79.4,212.2,77.9,119.8,110.0,153.3,92.7
117.2,88.4,285.8,88.1,138.9,119.2,169.7,105.6
117.2,88.4,285.8,88.1,138.9,119.2,169.7,105.6
117.2,88.4,285.8,88.1,138.9,119.2,169.7,481.6
2455.7,88.4,285.8,88.1,138.9,243.2,169.7,481.6
127.8,97.0,218.4,97.7,156.9,210.9,486.4,242.8
127.8,97.0,212.0,97.7,156.9,211.1,492.0,243.6
393.0,97.0,217.7,97.7,156.9,216.1,185.3,274.3
621.9,97.0,233.5,97.7,156.9,127.8,185.3,117.9
0.0,0.0,0.0,0.0,0.0,0.0,0.0,0.0
0.0,0.0,0.0,0.0,0.0,0.0,0.0,0.0
0.0,0.0,0.0,0.0,0.0,0.0,0.0,0.0
0.0,0.0,0.0,0.0,0.0,0.0,0.0,0.0
0.0,0.0,0.0,0.0,0.0,0.0,0.0,0.0
0.0,0.0,0.0,0.0,0.0,0.0,0.0,0.0
0.0,0.0,0.0,0.0,0.0,0.0,0.0,0.0
0.0,0.0,0.0,0.0,0.0,0.0,0.0,0.0
0.0,0.0,0.0,0.0,0.0,0.0,0.0,0.0
0.0,0.0,0.0,0.0,0.0,0.0,0.0,0.0
0.0,0.0,0.0,0.0,0.0,0.0,0.0,0.0
0.0,0.0,0.0,0.0,0.0,0.0,0.0,0.0
0.0,0.0,0.0,0.0,0.0,0.0,0.0,0.0
0.0,0.0,0.0,0.0,0.0,0.0,0.0,0.0
0.0,0.0,0.0,0.0,0.0,0.0,0.0,0.0
0.0,0.0,0.0,0.0,0.0,0.0,0.0,0.0
0.0,0.0,0.0,0.0,0.0,0.0,0.0,0.0
0.0,0.0,0.0,0.0,0.0,0.0,0.0,0.0
0.0,0.0,0.0,0.0,0.0,0.0,0.0,0.0
0.0,0.0,0.0,0.0,0.0,0.0,0.0,0.0
0.0,0.0,0.0,0.0,0.0,0.0,0.0,0.0
0.0,0.0,0.0,0.0,0.0,0.0,0.0,0.0
0.0,0.0,0.0,0.0,0.0,0.0,0.0,0.0
0.0,0.0,0.0,0.0,0.0,0.0,0.0,0.0
0.0,0.0,0.0,0.0,0.0,0.0,0.0,0.0
0.0,0.0,0.0,0.0,0.0,0.0,0.0,0.0
0.0,0.0,0.0,0.0,0.0,0.0,0.0,0.0
0.0,0.0,0.0,0.0,0.0,0.0,0.0,0.0
0.0,0.0,0.0,0.0,0.0,0.0,0.0,0.0
0.0,0.0,0.0,0.0,0.0,0.0,0.0,0.0
0.0,0.0,0.0,0.0,0.0,0.0,0.0,0.0
0.0,0.0,0.0,0.0,0.0,0.0,0.0,0.0
0.0,0.0,0.0,0.0,0.0,0.0,0.0,0.0
0.0,0.0,0.0,0.0,0.0,0.0,0.0,0.0
0.0,0.0,0.0,0.0,0.0,0.0,0.0,0.0
0.0,0.0,0.0,0.0,0.0,0.0,0.0,0.0
0.0,0.0,0.0,0.0,0.0,0.0,0.0,0.0
0.0,0.0,0.0,0.0,0.0,0.0,0.0,0.0
0.0,0.0,0.0,0.0,0.0,0.0,0.0,0.0
0.0,0.0,0.0,0.0,0.0,0.0,0.0,0.0
0.0,0.0,0.0,0.0,0.0,0.0,0.0,0.0
0.0,0.0,0.0,0.0,0.0,0.0,0.0,0.0
0.0,0.0,0.0,0.0,0.0,0.0,0.0,0.0
0.0,0.0,0.0,0.0,0.0,0.0,0.0,0.0
76.0,64.8,86.6,61.5,76.1,76.9,80.8,71.7
91.2,64.8,78.6,61.5,74.9,75.2,76.6,71.7
81.6,64.8,76.7,61.5,88.1,74.7,75.3,71.7
74.7,64.8,77.9,61.5,74.7,75.7,93.4,71.7
0.0,0.0,0.0,0.0,0.0,0.0,0.0,0.0
0.0,0.0,0.0,0.0,0.0,0.0,0.0,0.0
0.0,0.0,0.0,0.0,0.0,0.0,0.0,0.0
0.0,0.0,0.0,0.0,0.0,0.0,0.0,0.0
39.2,39.2,39.2,39.2,39.2,39.2,39.2,39.2
39.2,39.2,39.2,39.2,39.2,39.2,39.2,39.2
39.2,39.2,39.2,39.2,39.2,39.2,39.2,39.2
39.2,39.2,39.2,39.2,39.2,39.2,39.2,39.2
92.3,68.3,183.0,65.5,96.5,98.7,133.1,76.8
92.3,68.3,183.0,65.5,96.5,98.7,133.1,76.8
92.3,68.3,183.0,65.5,96.5,98.7,133.1,76.8
92.3,68.3,183.0,65.5,96.5,98.7,133.1,76.8
93.5,69.3,185.7,66.6,98.6,99.8,134.9,78.2
93.5,69.3,185.7,66.6,98.6,99.8,134.9,78.2
93.5,69.3,210.6,66.6,98.6,99.8,134.9,78.2
93.5,69.3,210.6,66.6,98.6,99.8,134.9,78.2
96.6,71.8,192.3,69.4,103.9,102.3,139.5,218.6
96.6,71.8,192.3,69.4,103.9,102.3,139.5,218.6
96.6,71.8,192.3,69.4,103.9,102.3,139.5,81.8
96.6,71.8,192.3,69.4,103.9,102.3,139.5,81.8
98.5,73.4,196.3,71.1,107.1,103.8,142.3,84.0
98.5,73.4,196.3,71.1,107.1,103.8,142.3,84.0
98.5,73.4,185.4,71.1,107.1,122.4,141.1,289.1
98.5,73.4,185.4,71.1,107.1,122.4,141.1,289.1
96.6,71.8,192.3,69.4,103.9,120.9,296.1,320.7
96.6,71.8,192.3,69.4,103.9,102.3,296.1,320.7
96.6,71.8,192.3,69.4,103.9,102.3,296.1,320.7
96.6,71.8,192.3,69.4,103.9,102.3,139.5,320.7
97.3,72.3,193.6,70.0,105.0,102.8,140.4,321.4
329.3,72.3,193.6,70.0,105.0,102.8,140.4,82.6
329.3,72.3,193.6,70.0,105.0,102.8,140.4,82.6
329.3,72.3,193.6,70.0,105.0,102.8,140.4,82.6
331.1,73.9,197.6,71.7,108.1,104.4,143.2,84.7
331.1,73.9,197.6,71.7,108.1,104.4,143.2,84.7
331.1,73.9,197.6,71.7,108.1,104.4,143.2,84.7
99.1,73.9,197.6,71.7,108.1,104.4,143.2,84.7
106.0,79.4,212.2,77.9,119.8,110.0,153.3,92.7
106.0,79.4,212.2,77.9,119.8,110.0,153.3,92.7
106.0,79.4,212.2,77.9,119.8,110.0,153.3,92.7
106.0,79.4,212.2,77.9,119.8,110.0,153.3,92.7
86.1,86.1,86.1,86.1,86.1,86.1,86.1,86.1
86.1,86.1,86.1,86.1,86.1,86.1,86.1,86.1
86.1,86.1,86.1,86.1,86.1,86.1,86.1,86.1
86.1,86.1,86.1,86.1,86.1,86.1,86.1,86.1
14.1,14.1,14.1,14.1,14.1,14.1,14.1,14.1
14.1,14.1,14.1,14.1,14.1,14.1,14.1,14.1
14.1,14.1,14.1,14.1,14.1,14.1,14.1,14.1
14.1,14.1,14.1,14.1,14.1,14.1,14.1,14.1
0.0,0.0,0.0,0.0,0.0,0.0,0.0,0.0
0.0,0.0,0.0,0.0,0.0,0.0,0.0,0.0
0.0,0.0,0.0,0.0,0.0,0.0,0.0,0.0
0.0,0.0,0.0,0.0,0.0,0.0,0.0,0.0
0.0,0.0,0.0,0.0,0.0,0.0,0.0,0.0
0.0,0.0,0.0,0.0,0.0,0.0,0.0,0.0
0.0,0.0,0.0,0.0,0.0,0.0,0.0,0.0
0.0,0.0,0.0,0.0,0.0,0.0,0.0,0.0
0.0,0.0,0.0,0.0,0.0,0.0,0.0,0.0
0.0,0.0,0.0,0.0,0.0,0.0,0.0,0.0
0.0,0.0,0.0,0.0,0.0,0.0,0.0,0.0
0.0,0.0,0.0,0.0,0.0,0.0,0.0,0.0
0.0,0.0,0.0,0.0,0.0,0.0,0.0,0.0
0.0,0.0,0.0,0.0,0.0,0.0,0.0,0.0
0.0,0.0,0.0,0.0,0.0,0.0,0.0,0.0
0.0,0.0,0.0,0.0,0.0,0.0,0.0,0.0
0.0,0.0,0.0,0.0,0.0,0.0,0.0,0.0
0.0,0.0,0.0,0.0,0.0,0.0,0.0,0.0
0.0,0.0,0.0,0.0,0.0,0.0,0.0,0.0
0.0,0.0,0.0,0.0,0.0,0.0,0.0,0.0
0.0,0.0,0.0,0.0,0.0,0.0,0.0,0.0
0.0,0.0,0.0,0.0,0.0,0.0,0.0,0.0
0.0,0.0,0.0,0.0,0.0,0.0,0.0,0.0
0.0,0.0,0.0,0.0,0.0,0.0,0.0,0.0
0.0,0.0,0.0,0.0,0.0,0.0,0.0,0.0
0.0,0.0,0.0,0.0,0.0,0.0,0.0,0.0
0.0,0.0,0.0,0.0,0.0,0.0,0.0,0.0
0.0,0.0,0.0,0.0,0.0,0.0,0.0,0.0
0.0,0.0,0.0,0.0,0.0,0.0,0.0,0.0
0.0,0.0,0.0,0.0,0.0,0.0,0.0,0.0
0.0,0.0,0.0,0.0,0.0,0.0,0.0,0.0
0.0,0.0,0.0,0.0,0.0,0.0,0.0,0.0
0.0,0.0,0.0,0.0,0.0,0.0,0.0,0.0
0.0,0.0,0.0,0.0,0.0,0.0,0.0,0.0
0.0,0.0,0.0,0.0,0.0,0.0,0.0,0.0
0.0,0.0,0.0,0.0,0.0,0.0,0.0,0.0
0.0,0.0,0.0,0.0,0.0,0.0,0.0,0.0
0.0,0.0,0.0,0.0,0.0,0.0,0.0,0.0
0.0,0.0,0.0,0.0,0.0,0.0,0.0,0.0
0.0,0.0,0.0,0.0,0.0,0.0,0.0,0.0
0.0,0.0,0.0,0.0,0.0,0.0,0.0,0.0
0.0,0.0,0.0,0.0,0.0,0.0,0.0,0.0
0.0,0.0,0.0,0.0,0.0,0.0,0.0,0.0
0.0,0.0,0.0,0.0,0.0,0.0,0.0,0.0
0.0,0.0,0.0,0.0,0.0,0.0,0.0,0.0
0.0,0.0,0.0,0.0,0.0,0.0,0.0,0.0
0.0,0.0,0.0,0.0,0.0,0.0,0.0,0.0
0.0,0.0,0.0,0.0,0.0,0.0,0.0,0.0
0.0,0.0,0.0,0.0,0.0,0.0,0.0,0.0
0.0,0.0,0.0,0.0,0.0,0.0,0.0,0.0
0.0,0.0,0.0,0.0,0.0,0.0,0.0,0.0
0.0,0.0,0.0,0.0,0.0,0.0,0.0,0.0
42.7,42.7,42.7,42.7,42.7,42.7,42.7,42.7
42.7,42.7,42.7,42.7,42.7,42.7,42.7,42.7
42.7,42.7,42.7,42.7,42.7,42.7,42.7,42.7
42.7,42.7,42.7,42.7,42.7,42.7,42.7,42.7
51.6,51.6,51.6,51.6,51.6,51.6,51.6,51.6
51.6,51.6,51.6,51.6,51.6,51.6,51.6,51.6
51.6,51.6,51.6,51.6,51.6,51.6,51.6,51.6
51.6,51.6,51.6,51.6,51.6,51.6,51.6,51.6
93.5,69.3,185.7,66.6,98.6,99.8,134.9,78.2
93.5,69.3,185.7,66.6,98.6,99.8,134.9,78.2
93.5,69.3,185.7,66.6,98.6,99.8,134.9,78.2
428.9,69.3,185.7,66.6,98.6,99.8,134.9,78.2
432.0,71.8,192.3,69.4,103.9,102.3,139.5,218.6
96.6,71.8,758.7,69.4,103.9,102.3,139.5,218.6
96.6,71.8,758.7,69.4,103.9,102.3,139.5,81.8
96.6,71.8,758.7,69.4,103.9,158.0,139.5,81.8
98.5,73.4,762.7,71.1,107.1,103.8,142.3,84.0
98.5,73.4,628.3,71.1,412.8,103.8,1100.9,84.0
98.5,73.4,196.3,71.1,107.1,103.8,1442.3,84.0
98.5,73.4,196.3,71.1,107.1,103.8,612.1,84.0
96.6,71.8,192.3,69.4,103.9,102.3,139.5,81.8
96.6,71.8,192.3,69.4,103.9,102.3,139.5,81.8
96.6,71.8,192.3,69.4,103.9,443.7,139.5,81.8
96.6,71.8,192.3,69.4,103.9,443.7,139.5,81.8
97.3,72.3,193.6,70.0,105.0,444.2,140.4,82.6
97.3,72.3,193.6,70.0,105.0,444.2,140.4,82.6
97.3,72.3,193.6,70.0,105.0,444.2,140.4,82.6
97.3,72.3,193.6,70.0,105.0,444.2,140.4,82.6
99.1,73.9,197.6,71.7,108.1,445.7,143.2,84.7
99.1,73.9,197.6,71.7,108.1,445.7,143.2,84.7
99.1,73.9,197.6,71.7,108.1,445.7,143.2,84.7
99.1,73.9,197.6,71.7,108.1,445.7,143.2,84.7
106.0,79.4,212.2,77.9,119.8,451.3,153.3,92.7
106.0,79.4,212.2,77.9,119.8,451.3,153.3,92.7
106.0,79.4,212.2,77.9,119.8,110.0,153.3,92.7
106.0,79.4,212.2,77.9,119.8,110.0,153.3,92.7
117.2,88.4,236.2,129.4,138.9,119.2,169.7,105.6
117.2,88.4,401.2,129.4,138.9,119.2,169.7,105.6
117.2,88.4,401.2,129.4,138.9,119.2,169.7,105.6
982.8,88.4,401.2,129.4,138.9,119.2,169.7,105.6
466.8,97.0,281.8,139.0,156.9,127.8,185.3,253.2
349.8,97.0,250.2,139.0,156.9,127.8,352.3,234.9
366.7,97.0,254.8,97.7,156.9,127.8,369.5,237.5
361.6,97.0,265.9,97.7,156.9,127.8,364.3,236.7
0.0,0.0,0.0,0.0,0.0,0.0,0.0,0.0
0.0,0.0,0.0,0.0,0.0,0.0,0.0,0.0
0.0,0.0,0.0,0.0,0.0,0.0,0.0,0.0
0.0,0.0,0.0,0.0,0.0,0.0,0.0,0.0
0.0,0.0,0.0,0.0,0.0,0.0,0.0,0.0
0.0,0.0,0.0,0.0,0.0,0.0,0.0,0.0
0.0,0.0,0.0,0.0,0.0,0.0,0.0,0.0
0.0,0.0,0.0,0.0,0.0,0.0,0.0,0.0
0.0,0.0,0.0,0.0,0.0,0.0,0.0,0.0
0.0,0.0,0.0,0.0,0.0,0.0,0.0,0.0
0.0,0.0,0.0,0.0,0.0,0.0,0.0,0.0
0.0,0.0,0.0,0.0,0.0,0.0,0.0,0.0
0.0,0.0,0.0,0.0,0.0,0.0,0.0,0.0
0.0,0.0,0.0,0.0,0.0,0.0,0.0,0.0
0.0,0.0,0.0,0.0,0.0,0.0,0.0,0.0
0.0,0.0,0.0,0.0,0.0,0.0,0.0,0.0
0.0,0.0,0.0,0.0,0.0,0.0,0.0,0.0
0.0,0.0,0.0,0.0,0.0,0.0,0.0,0.0
0.0,0.0,0.0,0.0,0.0,0.0,0.0,0.0
0.0,0.0,0.0,0.0,0.0,0.0,0.0,0.0
0.0,0.0,0.0,0.0,0.0,0.0,0.0,0.0
0.0,0.0,0.0,0.0,0.0,0.0,0.0,0.0
0.0,0.0,0.0,0.0,0.0,0.0,0.0,0.0
0.0,0.0,0.0,0.0,0.0,0.0,0.0,0.0
0.0,0.0,0.0,0.0,0.0,0.0,0.0,0.0
0.0,0.0,0.0,0.0,0.0,0.0,0.0,0.0
0.0,0.0,0.0,0.0,0.0,0.0,0.0,0.0
0.0,0.0,0.0,0.0,0.0,0.0,0.0,0.0
0.0,0.0,0.0,0.0,0.0,0.0,0.0,0.0
0.0,0.0,0.0,0.0,0.0,0.0,0.0,0.0
0.0,0.0,0.0,0.0,0.0,0.0,0.0,0.0
0.0,0.0,0.0,0.0,0.0,0.0,0.0,0.0
0.0,0.0,0.0,0.0,0.0,0.0,0.0,0.0
0.0,0.0,0.0,0.0,0.0,0.0,0.0,0.0
0.0,0.0,0.0,0.0,0.0,0.0,0.0,0.0
0.0,0.0,0.0,0.0,0.0,0.0,0.0,0.0
0.0,0.0,0.0,0.0,0.0,0.0,0.0,0.0
0.0,0.0,0.0,0.0,0.0,0.0,0.0,0.0
0.0,0.0,0.0,0.0,0.0,0.0,0.0,0.0
0.0,0.0,0.0,0.0,0.0,0.0,0.0,0.0
0.0,0.0,0.0,0.0,0.0,0.0,0.0,0.0
0.0,0.0,0.0,0.0,0.0,0.0,0.0,0.0
0.0,0.0,0.0,0.0,0.0,0.0,0.0,0.0
0.0,0.0,0.0,0.0,0.0,0.0,0.0,0.0
17.5,17.5,17.5,17.5,17.5,17.5,17.5,17.5
17.5,17.5,17.5,17.5,17.5,17.5,17.5,17.5
17.5,17.5,17.5,17.5,17.5,17.5,17.5,17.5
17.5,17.5,17.5,17.5,17.5,17.5,17.5,17.5
29.0,29.0,29.0,29.0,29.0,29.0,29.0,29.0
29.0,29.0,29.0,29.0,29.0,29.0,29.0,29.0
29.0,29.0,29.0,29.0,29.0,29.0,29.0,29.0
29.0,29.0,29.0,29.0,29.0,29.0,29.0,29.0
41.2,41.2,41.2,41.2,41.2,41.2,41.2,41.2
41.2,41.2,41.2,41.2,41.2,41.2,41.2,41.2
41.2,41.2,41.2,41.2,41.2,41.2,41.2,41.2
41.2,41.2,41.2,41.2,41.2,41.2,41.2,41.2
49.2,49.2,49.2,49.2,49.2,49.2,49.2,49.2
49.2,49.2,49.2,49.2,49.2,49.2,49.2,49.2
49.2,49.2,49.2,49.2,49.2,49.2,49.2,49.2
49.2,49.2,49.2,49.2,49.2,49.2,49.2,49.2
93.5,69.3,185.7,66.6,98.6,99.8,134.9,78.2
93.5,69.3,185.7,66.6,98.6,99.8,134.9,78.2
93.5,69.3,185.7,66.6,98.6,99.8,134.9,78.2
93.5,69.3,185.7,66.6,98.6,99.8,134.9,78.2
96.6,71.8,142.3,69.4,403.8,102.3,138.4,81.8
96.6,71.8,140.7,167.3,300.4,102.3,145.4,81.8
96.6,71.8,152.8,316.6,103.9,102.3,180.6,81.8
96.6,71.8,153.2,315.1,103.9,102.3,181.7,81.8
98.5,73.4,157.7,348.6,107.1,103.8,140.2,84.0
98.5,73.4,196.3,71.1,107.1,131.7,142.3,84.0
98.5,73.4,196.3,71.1,107.1,131.7,142.3,84.0
98.5,73.4,196.3,71.1,107.1,103.8,142.3,84.0
247.1,71.8,192.3,69.4,103.9,102.3,139.5,81.8
247.1,71.8,192.3,69.4,103.9,102.3,139.5,81.8
247.1,71.8,192.3,69.4,103.9,102.3,139.5,81.8
247.1,71.8,192.3,69.4,103.9,102.3,139.5,81.8
247.8,72.3,193.6,70.0,105.0,102.8,140.4,82.6
247.8,72.3,193.6,70.0,105.0,102.8,140.4,82.6
247.8,72.3,193.6,70.0,105.0,102.8,140.4,82.6
247.8,72.3,193.6,70.0,105.0,102.8,140.4,82.6
99.1,73.9,197.6,71.7,108.1,104.4,143.2,84.7
99.1,73.9,197.6,71.7,108.1,104.4,143.2,84.7
99.1,73.9,197.6,71.7,108.1,104.4,143.2,84.7
99.1,73.9,197.6,71.7,108.1,104.4,143.2,84.7
106.0,79.4,212.2,77.9,119.8,110.0,153.3,92.7
106.0,79.4,212.2,77.9,119.8,110.0,153.3,92.7
106.0,79.4,212.2,77.9,119.8,110.0,153.3,92.7
106.0,79.4,212.2,77.9,119.8,110.0,153.3,92.7
9.9,9.9,9.9,9.9,9.9,9.9,9.9,9.9
9.9,9.9,9.9,9.9,9.9,9.9,9.9,9.9
9.9,9.9,9.9,9.9,9.9,9.9,9.9,9.9
9.9,9.9,9.9,9.9,9.9,9.9,9.9,9.9
5.0,5.0,5.0,5.0,5.0,5.0,5.0,5.0
5.0,5.0,5.0,5.0,5.0,5.0,5.0,5.0
5.0,5.0,5.0,5.0,5.0,5.0,5.0,5.0
5.0,5.0,5.0,5.0,5.0,5.0,5.0,5.0
0.0,0.0,0.0,0.0,0.0,0.0,0.0,0.0
0.0,0.0,0.0,0.0,0.0,0.0,0.0,0.0
0.0,0.0,0.0,0.0,0.0,0.0,0.0,0.0
0.0,0.0,0.0,0.0,0.0,0.0,0.0,0.0
0.0,0.0,0.0,0.0,0.0,0.0,0.0,0.0
0.0,0.0,0.0,0.0,0.0,0.0,0.0,0.0
0.0,0.0,0.0,0.0,0.0,0.0,0.0,0.0
0.0,0.0,0.0,0.0,0.0,0.0,0.0,0.0
0.0,0.0,0.0,0.0,0.0,0.0,0.0,0.0
0.0,0.0,0.0,0.0,0.0,0.0,0.0,0.0
0.0,0.0,0.0,0.0,0.0,0.0,0.0,0.0
0.0,0.0,0.0,0.0,0.0,0.0,0.0,0.0
0.0,0.0,0.0,0.0,0.0,0.0,0.0,0.0
0.0,0.0,0.0,0.0,0.0,0.0,0.0,0.0
0.0,0.0,0.0,0.0,0.0,0.0,0.0,0.0
0.0,0.0,0.0,0.0,0.0,0.0,0.0,0.0
0.0,0.0,0.0,0.0,0.0,0.0,0.0,0.0
0.0,0.0,0.0,0.0,0.0,0.0,0.0,0.0
0.0,0.0,0.0,0.0,0.0,0.0,0.0,0.0
0.0,0.0,0.0,0.0,0.0,0.0,0.0,0.0
0.0,0.0,0.0,0.0,0.0,0.0,0.0,0.0
0.0,0.0,0.0,0.0,0.0,0.0,0.0,0.0
0.0,0.0,0.0,0.0,0.0,0.0,0.0,0.0
0.0,0.0,0.0,0.0,0.0,0.0,0.0,0.0
0.0,0.0,0.0,0.0,0.0,0.0,0.0,0.0
0.0,0.0,0.0,0.0,0.0,0.0,0.0,0.0
0.0,0.0,0.0,0.0,0.0,0.0,0.0,0.0
0.0,0.0,0.0,0.0,0.0,0.0,0.0,0.0
0.0,0.0,0.0,0.0,0.0,0.0,0.0,0.0
0.0,0.0,0.0,0.0,0.0,0.0,0.0,0.0
0.0,0.0,0.0,0.0,0.0,0.0,0.0,0.0
0.0,0.0,0.0,0.0,0.0,0.0,0.0,0.0
0.0,0.0,0.0,0.0,0.0,0.0,0.0,0.0
0.0,0.0,0.0,0.0,0.0,0.0,0.0,0.0
0.0,0.0,0.0,0.0,0.0,0.0,0.0,0.0
0.0,0.0,0.0,0.0,0.0,0.0,0.0,0.0
0.0,0.0,0.0,0.0,0.0,0.0,0.0,0.0
0.0,0.0,0.0,0.0,0.0,0.0,0.0,0.0
0.0,0.0,0.0,0.0,0.0,0.0,0.0,0.0
0.0,0.0,0.0,0.0,0.0,0.0,0.0,0.0
0.0,0.0,0.0,0.0,0.0,0.0,0.0,0.0
0.0,0.0,0.0,0.0,0.0,0.0,0.0,0.0
0.0,0.0,0.0,0.0,0.0,0.0,0.0,0.0
0.0,0.0,0.0,0.0,0.0,0.0,0.0,0.0
0.0,0.0,0.0,0.0,0.0,0.0,0.0,0.0
0.0,0.0,0.0,0.0,0.0,0.0,0.0,0.0
0.0,0.0,0.0,0.0,0.0,0.0,0.0,0.0
0.0,0.0,0.0,0.0,0.0,0.0,0.0,0.0
17.3,17.3,17.3,17.3,17.3,17.3,17.3,17.3
17.3,17.3,17.3,17.3,17.3,17.3,17.3,17.3
17.3,17.3,17.3,17.3,17.3,17.3,17.3,17.3
17.3,17.3,17.3,17.3,17.3,17.3,17.3,17.3
50.5,50.5,50.5,50.5,50.5,50.5,50.5,50.5
50.5,50.5,50.5,50.5,50.5,50.5,50.5,50.5
50.5,50.5,50.5,50.5,50.5,50.5,50.5,50.5
50.5,50.5,50.5,50.5,50.5,50.5,50.5,50.5
92.3,68.3,183.0,65.5,96.5,98.7,133.1,76.8
92.3,68.3,183.0,65.5,96.5,98.7,133.1,76.8
92.3,68.3,183.0,65.5,96.5,98.7,133.1,76.8
92.3,68.3,183.0,65.5,96.5,98.7,133.1,76.8
93.5,69.3,185.7,66.6,98.6,99.8,134.9,78.2
93.5,69.3,185.7,66.6,98.6,99.8,134.9,78.2
93.5,69.3,185.7,66.6,98.6,127.6,134.9,78.2
93.5,69.3,185.7,66.6,98.6,127.6,134.9,78.2
96.6,71.8,192.3,69.4,103.9,102.3,139.5,81.8
432.0,71.8,242.2,69.4,103.9,102.3,139.5,81.8
432.0,71.8,192.3,69.4,103.9,102.3,139.5,81.8
96.6,71.8,192.3,77.1,103.9,102.3,139.5,81.8
98.5,73.4,196.3,78.8,107.1,103.8,142.3,84.0
98.5,73.4,196.3,78.8,107.1,103.8,142.3,84.0
98.5,73.4,196.3,71.1,107.1,103.8,142.3,357.4
98.5,73.4,196.3,71.1,279.9,103.8,142.3,84.0
96.6,3368.0,192.3,69.4,276.8,102.3,139.5,81.8
96.6,3368.0,192.3,69.4,103.9,102.3,139.5,81.8
96.6,71.8,192.3,69.4,103.9,102.3,139.5,81.8
96.6,71.8,192.3,69.4,103.9,102.3,139.5,81.8
97.3,72.3,193.6,70.0,105.0,102.8,140.4,82.6
97.3,72.3,193.6,70.0,105.0,102.8,140.4,82.6
97.3,72.3,193.6,70.0,105.0,102.8,140.4,82.6
97.3,72.3,193.6,70.0,105.0,102.8,140.4,82.6
99.1,73.9,197.6,71.7,108.1,104.4,143.2,84.7
99.1,73.9,197.6,71.7,108.1,104.4,143.2,84.7
99.1,73.9,197.6,71.7,108.1,104.4,143.2,84.7
99.1,73.9,197.6,71.7,108.1,104.4,143.2,84.7
37.4,37.4,37.4,37.4,37.4,37.4,37.4,37.4
37.4,37.4,37.4,37.4,37.4,37.4,37.4,37.4
37.4,37.4,37.4,37.4,37.4,37.4,37.4,37.4
37.4,37.4,37.4,37.4,37.4,37.4,37.4,37.4
9.0,9.0,9.0,9.0,9.0,9.0,9.0,9.0
9.0,9.0,9.0,9.0,9.0,9.0,9.0,9.0
9.0,9.0,9.0,9.0,9.0,9.0,9.0,9.0
9.0,9.0,9.0,9.0,9.0,9.0,9.0,9.0
4.9,4.9,4.9,4.9,4.9,4.9,4.9,4.9
4.9,4.9,4.9,4.9,4.9,4.9,4.9,4.9
4.9,4.9,4.9,4.9,4.9,4.9,4.9,4.9
4.9,4.9,4.9,4.9,4.9,4.9,4.9,4.9
0.0,0.0,0.0,0.0,0.0,0.0,0.0,0.0
0.0,0.0,0.0,0.0,0.0,0.0,0.0,0.0
0.0,0.0,0.0,0.0,0.0,0.0,0.0,0.0
0.0,0.0,0.0,0.0,0.0,0.0,0.0,0.0
0.0,0.0,0.0,0.0,0.0,0.0,0.0,0.0
0.0,0.0,0.0,0.0,0.0,0.0,0.0,0.0
0.0,0.0,0.0,0.0,0.0,0.0,0.0,0.0
0.0,0.0,0.0,0.0,0.0,0.0,0.0,0.0
0.0,0.0,0.0,0.0,0.0,0.0,0.0,0.0
0.0,0.0,0.0,0.0,0.0,0.0,0.0,0.0
0.0,0.0,0.0,0.0,0.0,0.0,0.0,0.0
0.0,0.0,0.0,0.0,0.0,0.0,0.0,0.0
0.0,0.0,0.0,0.0,0.0,0.0,0.0,0.0
0.0,0.0,0.0,0.0,0.0,0.0,0.0,0.0
0.0,0.0,0.0,0.0,0.0,0.0,0.0,0.0
0.0,0.0,0.0,0.0,0.0,0.0,0.0,0.0
0.0,0.0,0.0,0.0,0.0,0.0,0.0,0.0
0.0,0.0,0.0,0.0,0.0,0.0,0.0,0.0
0.0,0.0,0.0,0.0,0.0,0.0,0.0,0.0
0.0,0.0,0.0,0.0,0.0,0.0,0.0,0.0
0.0,0.0,0.0,0.0,0.0,0.0,0.0,0.0
0.0,0.0,0.0,0.0,0.0,0.0,0.0,0.0
0.0,0.0,0.0,0.0,0.0,0.0,0.0,0.0
0.0,0.0,0.0,0.0,0.0,0.0,0.0,0.0
0.0,0.0,0.0,0.0,0.0,0.0,0.0,0.0
0.0,0.0,0.0,0.0,0.0,0.0,0.0,0.0
0.0,0.0,0.0,0.0,0.0,0.0,0.0,0.0
0.0,0.0,0.0,0.0,0.0,0.0,0.0,0.0
0.0,0.0,0.0,0.0,0.0,0.0,0.0,0.0
0.0,0.0,0.0,0.0,0.0,0.0,0.0,0.0
0.0,0.0,0.0,0.0,0.0,0.0,0.0,0.0
0.0,0.0,0.0,0.0,0.0,0.0,0.0,0.0
0.0,0.0,0.0,0.0,0.0,0.0,0.0,0.0
0.0,0.0,0.0,0.0,0.0,0.0,0.0,0.0
0.0,0.0,0.0,0.0,0.0,0.0,0.0,0.0
0.0,0.0,0.0,0.0,0.0,0.0,0.0,0.0
0.0,0.0,0.0,0.0,0.0,0.0,0.0,0.0
0.0,0.0,0.0,0.0,0.0,0.0,0.0,0.0
0.0,0.0,0.0,0.0,0.0,0.0,0.0,0.0
0.0,0.0,0.0,0.0,0.0,0.0,0.0,0.0
0.0,0.0,0.0,0.0,0.0,0.0,0.0,0.0
0.0,0.0,0.0,0.0,0.0,0.0,0.0,0.0
0.0,0.0,0.0,0.0,0.0,0.0,0.0,0.0
0.0,0.0,0.0,0.0,0.0,0.0,0.0,0.0
51.3,51.3,51.3,51.3,51.3,51.3,51.3,51.3
51.3,51.3,51.3,51.3,51.3,51.3,51.3,51.3
51.3,51.3,51.3,51.3,51.3,51.3,51.3,51.3
51.3,51.3,51.3,51.3,51.3,51.3,51.3,51.3
89.2,65.8,136.3,62.6,91.2,138.8,283.7,73.2
297.9,65.8,133.5,62.6,91.2,96.2,120.6,73.2
157.2,134.1,121.1,74.6,91.2,96.2,118.3,148.2
89.2,212.6,137.7,62.6,148.2,96.2,121.3,73.2
90.4,66.8,179.0,63.8,93.3,97.2,130.4,74.6
90.4,66.8,179.0,63.8,93.3,97.2,130.4,74.6
90.4,66.8,179.0,63.8,93.3,97.2,130.4,74.6
90.4,66.8,179.0,63.8,93.3,97.2,130.4,74.6
92.3,68.3,183.0,65.5,96.5,98.7,133.1,76.8
92.3,68.3,183.0,65.5,96.5,98.7,133.1,76.8
92.3,68.3,183.0,65.5,96.5,98.7,133.1,76.8
92.3,68.3,183.0,65.5,96.5,98.7,133.1,76.8
93.5,69.3,185.7,66.6,98.6,99.8,134.9,78.2
93.5,69.3,185.7,66.6,98.6,99.8,134.9,78.2
93.5,69.3,185.7,66.6,98.6,99.8,134.9,78.2
93.5,69.3,185.7,66.6,98.6,99.8,134.9,78.2
96.6,71.8,192.3,69.4,103.9,102.3,139.5,81.8
96.6,71.8,192.3,69.4,103.9,158.0,139.5,81.8
96.6,71.8,192.3,69.4,103.9,102.3,139.5,355.3
96.6,71.8,192.3,69.4,103.9,102.3,139.5,81.8
98.5,73.4,196.3,71.1,107.1,103.8,142.3,84.0
98.5,73.4,196.3,71.1,107.1,103.8,142.3,84.0
98.5,73.4,196.3,71.1,107.1,103.8,142.3,84.0
98.5,73.4,196.3,71.1,107.1,103.8,142.3,84.0
96.6,71.8,192.3,77.1,103.9,341.7,139.5,81.8
96.6,71.8,192.3,77.1,103.9,341.7,139.5,81.8
96.6,71.8,192.3,77.1,103.9,341.7,139.5,81.8
96.6,71.8,192.3,69.4,103.9,341.7,139.5,81.8
97.3,72.3,193.6,70.0,105.0,342.2,140.4,82.6
97.3,72.3,193.6,70.0,105.0,342.2,140.4,82.6
97.3,72.3,193.6,70.0,105.0,102.8,140.4,82.6
97.3,72.3,193.6,70.0,105.0,102.8,140.4,82.6
99.1,73.9,197.6,71.7,108.1,104.4,143.2,84.7
99.1,73.9,197.6,71.7,108.1,104.4,143.2,84.7
99.1,73.9,197.6,71.7,108.1,104.4,143.2,84.7
99.1,73.9,197.6,71.7,108.1,104.4,143.2,84.7
106.0,79.4,212.2,77.9,119.8,110.0,153.3,92.7
106.0,79.4,212.2,77.9,119.8,110.0,153.3,92.7
106.0,79.4,212.2,77.9,119.8,110.0,153.3,92.7
106.0,79.4,212.2,77.9,119.8,110.0,153.3,92.7
7.4,7.4,7.4,7.4,7.4,7.4,7.4,7.4
7.4,7.4,7.4,7.4,7.4,7.4,7.4,7.4
7.4,7.4,7.4,7.4,7.4,7.4,7.4,7.4
7.4,7.4,7.4,7.4,7.4,7.4,7.4,7.4
4.1,4.1,4.1,4.1,4.1,4.1,4.1,4.1
4.1,4.1,4.1,4.1,4.1,4.1,4.1,4.1
4.1,4.1,4.1,4.1,4.1,4.1,4.1,4.1
4.1,4.1,4.1,4.1,4.1,4.1,4.1,4.1
0.0,0.0,0.0,0.0,0.0,0.0,0.0,0.0
0.0,0.0,0.0,0.0,0.0,0.0,0.0,0.0
0.0,0.0,0.0,0.0,0.0,0.0,0.0,0.0
0.0,0.0,0.0,0.0,0.0,0.0,0.0,0.0
0.0,0.0,0.0,0.0,0.0,0.0,0.0,0.0
0.0,0.0,0.0,0.0,0.0,0.0,0.0,0.0
0.0,0.0,0.0,0.0,0.0,0.0,0.0,0.0
0.0,0.0,0.0,0.0,0.0,0.0,0.0,0.0
0.0,0.0,0.0,0.0,0.0,0.0,0.0,0.0
0.0,0.0,0.0,0.0,0.0,0.0,0.0,0.0
0.0,0.0,0.0,0.0,0.0,0.0,0.0,0.0
0.0,0.0,0.0,0.0,0.0,0.0,0.0,0.0
0.0,0.0,0.0,0.0,0.0,0.0,0.0,0.0
0.0,0.0,0.0,0.0,0.0,0.0,0.0,0.0
0.0,0.0,0.0,0.0,0.0,0.0,0.0,0.0
0.0,0.0,0.0,0.0,0.0,0.0,0.0,0.0
0.0,0.0,0.0,0.0,0.0,0.0,0.0,0.0
0.0,0.0,0.0,0.0,0.0,0.0,0.0,0.0
0.0,0.0,0.0,0.0,0.0,0.0,0.0,0.0
0.0,0.0,0.0,0.0,0.0,0.0,0.0,0.0
0.0,0.0,0.0,0.0,0.0,0.0,0.0,0.0
0.0,0.0,0.0,0.0,0.0,0.0,0.0,0.0
0.0,0.0,0.0,0.0,0.0,0.0,0.0,0.0
0.0,0.0,0.0,0.0,0.0,0.0,0.0,0.0
0.0,0.0,0.0,0.0,0.0,0.0,0.0,0.0
0.0,0.0,0.0,0.0,0.0,0.0,0.0,0.0
0.0,0.0,0.0,0.0,0.0,0.0,0.0,0.0
0.0,0.0,0.0,0.0,0.0,0.0,0.0,0.0
0.0,0.0,0.0,0.0,0.0,0.0,0.0,0.0
0.0,0.0,0.0,0.0,0.0,0.0,0.0,0.0
0.0,0.0,0.0,0.0,0.0,0.0,0.0,0.0
0.0,0.0,0.0,0.0,0.0,0.0,0.0,0.0
0.0,0.0,0.0,0.0,0.0,0.0,0.0,0.0
0.0,0.0,0.0,0.0,0.0,0.0,0.0,0.0
0.0,0.0,0.0,0.0,0.0,0.0,0.0,0.0
0.0,0.0,0.0,0.0,0.0,0.0,0.0,0.0
0.0,0.0,0.0,0.0,0.0,0.0,0.0,0.0
0.0,0.0,0.0,0.0,0.0,0.0,0.0,0.0
0.0,0.0,0.0,0.0,0.0,0.0,0.0,0.0
0.0,0.0,0.0,0.0,0.0,0.0,0.0,0.0
0.0,0.0,0.0,0.0,0.0,0.0,0.0,0.0
0.0,0.0,0.0,0.0,0.0,0.0,0.0,0.0
0.0,0.0,0.0,0.0,0.0,0.0,0.0,0.0
0.0,0.0,0.0,0.0,0.0,0.0,0.0,0.0
0.0,0.0,0.0,0.0,0.0,0.0,0.0,0.0
0.0,0.0,0.0,0.0,0.0,0.0,0.0,0.0
0.0,0.0,0.0,0.0,0.0,0.0,0.0,0.0
0.0,0.0,0.0,0.0,0.0,0.0,0.0,0.0
0.0,0.0,0.0,0.0,0.0,0.0,0.0,0.0
0.0,0.0,0.0,0.0,0.0,0.0,0.0,0.0
0.0,0.0,0.0,0.0,0.0,0.0,0.0,0.0
0.0,0.0,0.0,0.0,0.0,0.0,0.0,0.0
90.4,66.8,179.0,63.8,93.3,97.2,130.4,74.6
90.4,66.8,179.0,63.8,93.3,97.2,130.4,74.6
90.4,66.8,179.0,63.8,423.0,97.2,130.4,74.6
90.4,66.8,179.0,63.8,423.0,97.2,130.4,74.6
92.3,68.3,183.0,65.5,426.2,98.7,133.1,76.8
92.3,68.3,183.0,65.5,426.2,98.7,133.1,76.8
396.3,68.3,183.0,65.5,426.2,98.7,133.1,76.8
396.3,68.3,183.0,65.5,426.2,98.7,133.1,76.8
397.5,69.3,185.7,66.6,428.3,99.8,134.9,78.2
93.5,69.3,185.7,66.6,98.6,99.8,134.9,78.2
93.5,383.2,185.7,66.6,98.6,99.8,134.9,78.2
93.5,69.3,202.3,66.6,444.3,99.8,134.9,2717.0
96.6,71.8,208.9,69.4,103.9,102.3,139.5,81.8
1184.6,71.8,208.9,69.4,103.9,102.3,139.5,81.8
906.5,71.8,192.3,69.4,103.9,102.3,3034.3,81.8
1206.9,71.8,192.3,69.4,103.9,102.3,2733.8,81.8
1303.5,73.4,196.3,71.1,107.1,103.8,142.3,84.0
809.0,73.4,196.3,71.1,107.1,103.8,142.3,84.0
809.0,73.4,196.3,71.1,107.1,103.8,142.3,84.0
1144.4,73.4,196.3,78.8,107.1,103.8,142.3,84.0
1142.5,71.8,192.3,77.1,103.9,120.9,139.5,81.8
807.1,71.8,192.3,77.1,103.9,120.9,139.5,81.8
807.1,71.8,192.3,69.4,103.9,120.9,139.5,81.8
96.6,71.8,192.3,69.4,103.9,102.3,139.5,81.8
97.3,72.3,193.6,70.0,105.0,102.8,140.4,82.6
97.3,72.3,193.6,70.0,105.0,102.8,140.4,82.6
97.3,72.3,193.6,70.0,105.0,102.8,140.4,82.6
97.3,72.3,193.6,70.0,105.0,102.8,522.4,82.6
99.1,73.9,126.9,71.7,108.1,104.4,195.7,84.7
99.1,73.9,184.5,71.7,108.1,104.4,138.0,84.7
99.1,113.3,156.1,71.7,108.1,104.4,126.9,84.7
99.1,113.3,156.1,71.7,108.1,104.4,126.9,84.7
106.0,123.4,212.2,77.9,119.8,110.0,153.3,92.7
106.0,123.4,212.2,77.9,119.8,110.0,153.3,92.7
106.0,79.4,212.2,77.9,119.8,110.0,153.3,92.7
106.0,79.4,212.2,77.9,119.8,110.0,153.3,92.7
49.3,49.3,49.3,49.3,49.3,49.3,49.3,49.3
49.3,49.3,49.3,49.3,49.3,49.3,49.3,49.3
49.3,49.3,49.3,49.3,49.3,49.3,49.3,49.3
49.3,49.3,49.3,49.3,49.3,49.3,49.3,49.3
14.9,14.9,14.9,14.9,14.9,14.9,14.9,14.9
14.9,14.9,14.9,14.9,14.9,14.9,14.9,14.9
14.9,14.9,14.9,14.9,14.9,14.9,14.9,14.9
14.9,14.9,14.9,14.9,14.9,14.9,14.9,14.9
0.0,0.0,0.0,0.0,0.0,0.0,0.0,0.0
0.0,0.0,0.0,0.0,0.0,0.0,0.0,0.0
0.0,0.0,0.0,0.0,0.0,0.0,0.0,0.0
0.0,0.0,0.0,0.0,0.0,0.0,0.0,0.0
0.0,0.0,0.0,0.0,0.0,0.0,0.0,0.0
0.0,0.0,0.0,0.0,0.0,0.0,0.0,0.0
0.0,0.0,0.0,0.0,0.0,0.0,0.0,0.0
0.0,0.0,0.0,0.0,0.0,0.0,0.0,0.0
0.0,0.0,0.0,0.0,0.0,0.0,0.0,0.0
0.0,0.0,0.0,0.0,0.0,0.0,0.0,0.0
0.0,0.0,0.0,0.0,0.0,0.0,0.0,0.0
0.0,0.0,0.0,0.0,0.0,0.0,0.0,0.0
0.0,0.0,0.0,0.0,0.0,0.0,0.0,0.0
0.0,0.0,0.0,0.0,0.0,0.0,0.0,0.0
0.0,0.0,0.0,0.0,0.0,0.0,0.0,0.0
0.0,0.0,0.0,0.0,0.0,0.0,0.0,0.0
0.0,0.0,0.0,0.0,0.0,0.0,0.0,0.0
0.0,0.0,0.0,0.0,0.0,0.0,0.0,0.0
0.0,0.0,0.0,0.0,0.0,0.0,0.0,0.0
0.0,0.0,0.0,0.0,0.0,0.0,0.0,0.0
0.0,0.0,0.0,0.0,0.0,0.0,0.0,0.0
0.0,0.0,0.0,0.0,0.0,0.0,0.0,0.0
0.0,0.0,0.0,0.0,0.0,0.0,0.0,0.0
0.0,0.0,0.0,0.0,0.0,0.0,0.0,0.0
0.0,0.0,0.0,0.0,0.0,0.0,0.0,0.0
0.0,0.0,0.0,0.0,0.0,0.0,0.0,0.0
0.0,0.0,0.0,0.0,0.0,0.0,0.0,0.0
0.0,0.0,0.0,0.0,0.0,0.0,0.0,0.0
0.0,0.0,0.0,0.0,0.0,0.0,0.0,0.0
0.0,0.0,0.0,0.0,0.0,0.0,0.0,0.0
0.0,0.0,0.0,0.0,0.0,0.0,0.0,0.0
0.0,0.0,0.0,0.0,0.0,0.0,0.0,0.0
0.0,0.0,0.0,0.0,0.0,0.0,0.0,0.0
0.0,0.0,0.0,0.0,0.0,0.0,0.0,0.0
0.0,0.0,0.0,0.0,0.0,0.0,0.0,0.0
0.0,0.0,0.0,0.0,0.0,0.0,0.0,0.0
0.0,0.0,0.0,0.0,0.0,0.0,0.0,0.0
0.0,0.0,0.0,0.0,0.0,0.0,0.0,0.0
0.0,0.0,0.0,0.0,0.0,0.0,0.0,0.0
0.0,0.0,0.0,0.0,0.0,0.0,0.0,0.0
0.0,0.0,0.0,0.0,0.0,0.0,0.0,0.0
0.0,0.0,0.0,0.0,0.0,0.0,0.0,0.0
0.0,0.0,0.0,0.0,0.0,0.0,0.0,0.0
0.0,0.0,0.0,0.0,0.0,0.0,0.0,0.0
0.0,0.0,0.0,0.0,0.0,0.0,0.0,0.0
0.0,0.0,0.0,0.0,0.0,0.0,0.0,0.0
0.0,0.0,0.0,0.0,0.0,0.0,0.0,0.0
0.0,0.0,0.0,0.0,0.0,0.0,0.0,0.0
5.1,5.1,5.1,5.1,5.1,5.1,5.1,5.1
5.1,5.1,5.1,5.1,5.1,5.1,5.1,5.1
5.1,5.1,5.1,5.1,5.1,5.1,5.1,5.1
5.1,5.1,5.1,5.1,5.1,5.1,5.1,5.1
90.4,94.8,221.0,63.8,93.3,97.2,130.4,74.6
90.4,94.8,221.0,63.8,93.3,97.2,130.4,74.6
90.4,66.8,179.0,63.8,93.3,97.2,130.4,74.6
90.4,66.8,179.0,63.8,93.3,97.2,130.4,74.6
92.3,68.3,183.0,65.5,96.5,98.7,133.1,76.8
92.3,68.3,183.0,65.5,96.5,98.7,133.1,76.8
92.3,68.3,183.0,65.5,96.5,98.7,133.1,76.8
92.3,68.3,183.0,65.5,96.5,98.7,133.1,76.8
93.5,69.3,185.7,66.6,98.6,99.8,134.9,78.2
93.5,69.3,185.7,66.6,98.6,99.8,134.9,78.2
93.5,69.3,185.7,66.6,98.6,99.8,134.9,78.2
93.5,69.3,185.7,66.6,98.6,99.8,134.9,78.2
2864.8,71.8,192.3,506.6,103.9,102.3,139.5,81.8
2864.8,71.8,192.3,506.6,103.9,102.3,139.5,81.8
2691.5,71.8,208.9,506.6,103.9,102.3,296.1,81.8
96.6,385.8,208.9,506.6,103.9,102.3,296.1,81.8
57.8,57.8,57.8,57.8,57.8,57.8,57.8,57.8
57.8,57.8,57.8,57.8,57.8,57.8,57.8,57.8
57.8,57.8,57.8,57.8,57.8,57.8,57.8,57.8
57.8,57.8,57.8,57.8,57.8,57.8,57.8,57.8
96.6,71.8,192.3,69.4,219.1,120.9,139.5,173.0
96.6,71.8,192.3,69.4,219.1,102.3,139.5,81.8
96.6,71.8,192.3,69.4,103.9,102.3,139.5,81.8
96.6,71.8,192.3,69.4,103.9,102.3,139.5,81.8
97.3,72.3,193.6,70.0,105.0,102.8,140.4,82.6
97.3,72.3,193.6,70.0,105.0,102.8,140.4,82.6
97.3,72.3,193.6,70.0,105.0,102.8,140.4,82.6
97.3,72.3,193.6,70.0,105.0,102.8,140.4,82.6
99.1,73.9,197.6,71.7,108.1,104.4,143.2,84.7
99.1,73.9,197.6,71.7,108.1,104.4,143.2,84.7
99.1,314.5,516.3,71.7,108.1,104.4,143.2,84.7
99.1,314.5,516.3,71.7,108.1,104.4,143.2,84.7
106.0,320.1,530.9,77.9,119.8,110.0,153.3,92.7
106.0,320.1,212.2,77.9,119.8,110.0,153.3,92.7
106.0,320.1,212.2,77.9,119.8,110.0,153.3,92.7
106.0,320.1,212.2,77.9,119.8,110.0,153.3,92.7
1691.2,88.4,236.2,88.1,138.9,119.2,169.7,105.6
1691.2,88.4,236.2,88.1,138.9,119.2,169.7,105.6
117.2,88.4,236.2,88.1,138.9,119.2,169.7,105.6
117.2,88.4,236.2,88.1,138.9,119.2,169.7,105.6
127.8,97.0,258.8,97.7,156.9,127.8,185.3,117.9
127.8,97.0,375.8,97.7,156.9,127.8,185.3,117.9
127.8,97.0,375.8,97.7,156.9,127.8,185.3,117.9
127.8,97.0,375.8,97.7,156.9,127.8,185.3,117.9
0.0,0.0,0.0,0.0,0.0,0.0,0.0,0.0
0.0,0.0,0.0,0.0,0.0,0.0,0.0,0.0
0.0,0.0,0.0,0.0,0.0,0.0,0.0,0.0
0.0,0.0,0.0,0.0,0.0,0.0,0.0,0.0
0.0,0.0,0.0,0.0,0.0,0.0,0.0,0.0
0.0,0.0,0.0,0.0,0.0,0.0,0.0,0.0
0.0,0.0,0.0,0.0,0.0,0.0,0.0,0.0
0.0,0.0,0.0,0.0,0.0,0.0,0.0,0.0
0.0,0.0,0.0,0.0,0.0,0.0,0.0,0.0
0.0,0.0,0.0,0.0,0.0,0.0,0.0,0.0
0.0,0.0,0.0,0.0,0.0,0.0,0.0,0.0
0.0,0.0,0.0,0.0,0.0,0.0,0.0,0.0
0.0,0.0,0.0,0.0,0.0,0.0,0.0,0.0
0.0,0.0,0.0,0.0,0.0,0.0,0.0,0.0
0.0,0.0,0.0,0.0,0.0,0.0,0.0,0.0
0.0,0.0,0.0,0.0,0.0,0.0,0.0,0.0
0.0,0.0,0.0,0.0,0.0,0.0,0.0,0.0
0.0,0.0,0.0,0.0,0.0,0.0,0.0,0.0
0.0,0.0,0.0,0.0,0.0,0.0,0.0,0.0
0.0,0.0,0.0,0.0,0.0,0.0,0.0,0.0
0.0,0.0,0.0,0.0,0.0,0.0,0.0,0.0
0.0,0.0,0.0,0.0,0.0,0.0,0.0,0.0
0.0,0.0,0.0,0.0,0.0,0.0,0.0,0.0
0.0,0.0,0.0,0.0,0.0,0.0,0.0,0.0
0.0,0.0,0.0,0.0,0.0,0.0,0.0,0.0
0.0,0.0,0.0,0.0,0.0,0.0,0.0,0.0
0.0,0.0,0.0,0.0,0.0,0.0,0.0,0.0
0.0,0.0,0.0,0.0,0.0,0.0,0.0,0.0
0.0,0.0,0.0,0.0,0.0,0.0,0.0,0.0
0.0,0.0,0.0,0.0,0.0,0.0,0.0,0.0
0.0,0.0,0.0,0.0,0.0,0.0,0.0,0.0
0.0,0.0,0.0,0.0,0.0,0.0,0.0,0.0
0.0,0.0,0.0,0.0,0.0,0.0,0.0,0.0
0.0,0.0,0.0,0.0,0.0,0.0,0.0,0.0
0.0,0.0,0.0,0.0,0.0,0.0,0.0,0.0
0.0,0.0,0.0,0.0,0.0,0.0,0.0,0.0
0.0,0.0,0.0,0.0,0.0,0.0,0.0,0.0
0.0,0.0,0.0,0.0,0.0,0.0,0.0,0.0
0.0,0.0,0.0,0.0,0.0,0.0,0.0,0.0
0.0,0.0,0.0,0.0,0.0,0.0,0.0,0.0
0.0,0.0,0.0,0.0,0.0,0.0,0.0,0.0
0.0,0.0,0.0,0.0,0.0,0.0,0.0,0.0
0.0,0.0,0.0,0.0,0.0,0.0,0.0,0.0
0.0,0.0,0.0,0.0,0.0,0.0,0.0,0.0
0.0,0.0,0.0,0.0,0.0,0.0,0.0,0.0
0.0,0.0,0.0,0.0,0.0,0.0,0.0,0.0
0.0,0.0,0.0,0.0,0.0,0.0,0.0,0.0
0.0,0.0,0.0,0.0,0.0,0.0,0.0,0.0
35.2,35.2,35.2,35.2,35.2,35.2,35.2,35.2
35.2,35.2,35.2,35.2,35.2,35.2,35.2,35.2
35.2,35.2,35.2,35.2,35.2,35.2,35.2,35.2
35.2,35.2,35.2,35.2,35.2,35.2,35.2,35.2
90.4,66.8,179.0,63.8,93.3,97.2,130.4,74.6
90.4,66.8,179.0,63.8,93.3,97.2,130.4,74.6
90.4,66.8,179.0,63.8,93.3,97.2,130.4,74.6
90.4,66.8,179.0,63.8,93.3,97.2,130.4,74.6
401.6,68.3,183.0,65.5,96.5,98.7,133.1,76.8
401.6,68.3,183.0,65.5,96.5,98.7,133.1,76.8
401.6,68.3,183.0,65.5,96.5,98.7,133.1,76.8
92.3,68.3,183.0,65.5,96.5,98.7,133.1,76.8
93.5,69.3,185.7,66.6,98.6,99.8,134.9,78.2
93.5,69.3,185.7,66.6,98.6,99.8,134.9,78.2
93.5,2266.8,185.7,66.6,98.6,99.8,134.9,78.2
93.5,2266.8,185.7,66.6,98.6,99.8,134.9,78.2
96.6,2269.3,192.3,69.4,103.9,102.3,139.5,81.8
96.6,71.8,192.3,69.4,103.9,102.3,139.5,81.8
1156.6,71.8,192.3,69.4,103.9,102.3,296.1,81.8
1156.6,71.8,192.3,69.4,103.9,102.3,296.1,81.8
98.5,73.4,196.3,71.1,107.1,103.8,298.9,84.0
98.5,73.4,1245.0,71.1,452.8,103.8,142.3,84.0
98.5,73.4,196.3,71.1,107.1,103.8,142.3,175.1
98.5,73.4,196.3,71.1,107.1,103.8,142.3,175.1
767.4,71.8,192.3,310.1,103.9,130.2,139.5,173.0
96.6,71.8,192.3,310.1,103.9,130.2,139.5,81.8
96.6,71.8,192.3,69.4,103.9,102.3,139.5,81.8
96.6,71.8,192.3,69.4,103.9,102.3,139.5,81.8
97.3,72.3,193.6,70.0,105.0,102.8,140.4,82.6
97.3,72.3,193.6,70.0,105.0,102.8,140.4,82.6
97.3,72.3,193.6,70.0,105.0,102.8,140.4,82.6
97.3,72.3,193.6,70.0,105.0,102.8,140.4,82.6
99.1,73.9,197.6,71.7,108.1,104.4,143.2,84.7
99.1,73.9,197.6,71.7,108.1,104.4,143.2,84.7
99.1,73.9,197.6,71.7,108.1,104.4,143.2,84.7
99.1,73.9,197.6,71.7,108.1,104.4,143.2,84.7
91.8,79.4,101.7,77.9,93.1,92.2,96.2,90.6
91.8,79.4,101.7,77.9,93.1,92.2,96.2,90.6
91.8,79.4,101.7,77.9,93.1,92.2,96.2,90.6
91.8,79.4,101.7,77.9,93.1,92.2,96.2,90.6
117.2,88.4,236.2,722.1,138.9,119.2,169.7,105.6
117.2,88.4,236.2,722.1,138.9,119.2,169.7,105.6
117.2,88.4,236.2,722.1,138.9,119.2,169.7,105.6
117.2,88.4,236.2,722.1,138.9,119.2,169.7,105.6
127.8,97.0,258.8,731.7,156.9,127.8,185.3,117.9
127.8,97.0,258.8,686.4,156.9,127.8,185.3,431.3
127.8,97.0,258.8,686.4,156.9,127.8,185.3,431.3
127.8,97.0,537.5,487.7,156.9,127.8,185.3,351.2
0.0,0.0,0.0,0.0,0.0,0.0,0.0,0.0
0.0,0.0,0.0,0.0,0.0,0.0,0.0,0.0
0.0,0.0,0.0,0.0,0.0,0.0,0.0,0.0
0.0,0.0,0.0,0.0,0.0,0.0,0.0,0.0
0.0,0.0,0.0,0.0,0.0,0.0,0.0,0.0
0.0,0.0,0.0,0.0,0.0,0.0,0.0,0.0
0.0,0.0,0.0,0.0,0.0,0.0,0.0,0.0
0.0,0.0,0.0,0.0,0.0,0.0,0.0,0.0
0.0,0.0,0.0,0.0,0.0,0.0,0.0,0.0
0.0,0.0,0.0,0.0,0.0,0.0,0.0,0.0
0.0,0.0,0.0,0.0,0.0,0.0,0.0,0.0
0.0,0.0,0.0,0.0,0.0,0.0,0.0,0.0
0.0,0.0,0.0,0.0,0.0,0.0,0.0,0.0
0.0,0.0,0.0,0.0,0.0,0.0,0.0,0.0
0.0,0.0,0.0,0.0,0.0,0.0,0.0,0.0
0.0,0.0,0.0,0.0,0.0,0.0,0.0,0.0
0.0,0.0,0.0,0.0,0.0,0.0,0.0,0.0
0.0,0.0,0.0,0.0,0.0,0.0,0.0,0.0
0.0,0.0,0.0,0.0,0.0,0.0,0.0,0.0
0.0,0.0,0.0,0.0,0.0,0.0,0.0,0.0
0.0,0.0,0.0,0.0,0.0,0.0,0.0,0.0
0.0,0.0,0.0,0.0,0.0,0.0,0.0,0.0
0.0,0.0,0.0,0.0,0.0,0.0,0.0,0.0
0.0,0.0,0.0,0.0,0.0,0.0,0.0,0.0
0.0,0.0,0.0,0.0,0.0,0.0,0.0,0.0
0.0,0.0,0.0,0.0,0.0,0.0,0.0,0.0
0.0,0.0,0.0,0.0,0.0,0.0,0.0,0.0
0.0,0.0,0.0,0.0,0.0,0.0,0.0,0.0
0.0,0.0,0.0,0.0,0.0,0.0,0.0,0.0
0.0,0.0,0.0,0.0,0.0,0.0,0.0,0.0
0.0,0.0,0.0,0.0,0.0,0.0,0.0,0.0
0.0,0.0,0.0,0.0,0.0,0.0,0.0,0.0
0.0,0.0,0.0,0.0,0.0,0.0,0.0,0.0
0.0,0.0,0.0,0.0,0.0,0.0,0.0,0.0
0.0,0.0,0.0,0.0,0.0,0.0,0.0,0.0
0.0,0.0,0.0,0.0,0.0,0.0,0.0,0.0
0.0,0.0,0.0,0.0,0.0,0.0,0.0,0.0
0.0,0.0,0.0,0.0,0.0,0.0,0.0,0.0
0.0,0.0,0.0,0.0,0.0,0.0,0.0,0.0
0.0,0.0,0.0,0.0,0.0,0.0,0.0,0.0
0.0,0.0,0.0,0.0,0.0,0.0,0.0,0.0
0.0,0.0,0.0,0.0,0.0,0.0,0.0,0.0
0.0,0.0,0.0,0.0,0.0,0.0,0.0,0.0
0.0,0.0,0.0,0.0,0.0,0.0,0.0,0.0
10.7,10.7,10.7,10.7,10.7,10.7,10.7,10.7
10.7,10.7,10.7,10.7,10.7,10.7,10.7,10.7
10.7,10.7,10.7,10.7,10.7,10.7,10.7,10.7
10.7,10.7,10.7,10.7,10.7,10.7,10.7,10.7
14.7,14.7,14.7,14.7,14.7,14.7,14.7,14.7
14.7,14.7,14.7,14.7,14.7,14.7,14.7,14.7
14.7,14.7,14.7,14.7,14.7,14.7,14.7,14.7
14.7,14.7,14.7,14.7,14.7,14.7,14.7,14.7
22.6,22.6,22.6,22.6,22.6,22.6,22.6,22.6
22.6,22.6,22.6,22.6,22.6,22.6,22.6,22.6
22.6,22.6,22.6,22.6,22.6,22.6,22.6,22.6
22.6,22.6,22.6,22.6,22.6,22.6,22.6,22.6
78.6,68.3,87.4,65.5,79.0,79.3,82.6,76.8
78.6,68.3,87.4,65.5,79.0,79.3,82.6,76.8
78.6,68.3,87.4,65.5,79.0,79.3,82.6,76.8
78.6,68.3,87.4,65.5,79.0,79.3,82.6,76.8
93.5,69.3,185.7,66.6,98.6,99.8,134.9,78.2
93.5,69.3,386.5,66.6,98.6,99.8,132.4,78.2
93.5,69.3,270.0,66.6,98.6,99.8,184.7,142.4
93.5,69.3,270.0,66.6,98.6,99.8,184.7,142.4
96.6,71.8,544.7,69.4,103.9,102.3,296.1,173.0
96.6,71.8,544.7,69.4,103.9,102.3,139.5,81.8
96.6,71.8,544.7,69.4,103.9,102.3,139.5,81.8
96.6,71.8,544.7,69.4,103.9,102.3,139.5,81.8
98.5,73.4,548.7,71.1,107.1,159.5,142.3,84.0
98.5,73.4,548.7,71.1,107.1,103.8,142.3,84.0
98.5,73.4,548.7,71.1,107.1,103.8,142.3,84.0
98.5,73.4,196.3,71.1,107.1,103.8,142.3,84.0
96.6,71.8,192.3,69.4,103.9,102.3,139.5,81.8
96.6,71.8,192.3,69.4,103.9,102.3,139.5,81.8
96.6,71.8,192.3,69.4,103.9,102.3,139.5,81.8
96.6,71.8,192.3,69.4,103.9,102.3,639.5,81.8
97.3,72.3,172.3,70.0,105.0,102.8,434.0,82.6
97.3,72.3,172.3,70.0,105.0,102.8,434.0,82.6
97.3,72.3,172.3,70.0,105.0,102.8,434.0,82.6
97.3,72.3,172.3,70.0,105.0,102.8,434.0,82.6
99.1,73.9,173.8,71.7,108.1,104.4,426.0,84.7
393.4,73.9,162.6,71.7,108.1,104.4,142.9,84.7
99.1,73.9,197.6,71.7,108.1,104.4,143.2,84.7
99.1,73.9,197.6,71.7,108.1,104.4,143.2,84.7
106.0,79.4,212.2,77.9,119.8,110.0,153.3,92.7
106.0,79.4,212.2,77.9,119.8,110.0,153.3,92.7
106.0,79.4,212.2,77.9,119.8,110.0,153.3,92.7
106.0,79.4,212.2,77.9,119.8,110.0,153.3,92.7
8.2,8.2,8.2,8.2,8.2,8.2,8.2,8.2
8.2,8.2,8.2,8.2,8.2,8.2,8.2,8.2
8.2,8.2,8.2,8.2,8.2,8.2,8.2,8.2
8.2,8.2,8.2,8.2,8.2,8.2,8.2,8.2
4.1,4.1,4.1,4.1,4.1,4.1,4.1,4.1
4.1,4.1,4.1,4.1,4.1,4.1,4.1,4.1
4.1,4.1,4.1,4.1,4.1,4.1,4.1,4.1
4.1,4.1,4.1,4.1,4.1,4.1,4.1,4.1
0.0,0.0,0.0,0.0,0.0,0.0,0.0,0.0
0.0,0.0,0.0,0.0,0.0,0.0,0.0,0.0
0.0,0.0,0.0,0.0,0.0,0.0,0.0,0.0
0.0,0.0,0.0,0.0,0.0,0.0,0.0,0.0
0.0,0.0,0.0,0.0,0.0,0.0,0.0,0.0
0.0,0.0,0.0,0.0,0.0,0.0,0.0,0.0
0.0,0.0,0.0,0.0,0.0,0.0,0.0,0.0
0.0,0.0,0.0,0.0,0.0,0.0,0.0,0.0
0.0,0.0,0.0,0.0,0.0,0.0,0.0,0.0
0.0,0.0,0.0,0.0,0.0,0.0,0.0,0.0
0.0,0.0,0.0,0.0,0.0,0.0,0.0,0.0
0.0,0.0,0.0,0.0,0.0,0.0,0.0,0.0
0.0,0.0,0.0,0.0,0.0,0.0,0.0,0.0
0.0,0.0,0.0,0.0,0.0,0.0,0.0,0.0
0.0,0.0,0.0,0.0,0.0,0.0,0.0,0.0
0.0,0.0,0.0,0.0,0.0,0.0,0.0,0.0
0.0,0.0,0.0,0.0,0.0,0.0,0.0,0.0
0.0,0.0,0.0,0.0,0.0,0.0,0.0,0.0
0.0,0.0,0.0,0.0,0.0,0.0,0.0,0.0
0.0,0.0,0.0,0.0,0.0,0.0,0.0,0.0
0.0,0.0,0.0,0.0,0.0,0.0,0.0,0.0
0.0,0.0,0.0,0.0,0.0,0.0,0.0,0.0
0.0,0.0,0.0,0.0,0.0,0.0,0.0,0.0
0.0,0.0,0.0,0.0,0.0,0.0,0.0,0.0
0.0,0.0,0.0,0.0,0.0,0.0,0.0,0.0
0.0,0.0,0.0,0.0,0.0,0.0,0.0,0.0
0.0,0.0,0.0,0.0,0.0,0.0,0.0,0.0
0.0,0.0,0.0,0.0,0.0,0.0,0.0,0.0
0.0,0.0,0.0,0.0,0.0,0.0,0.0,0.0
0.0,0.0,0.0,0.0,0.0,0.0,0.0,0.0
0.0,0.0,0.0,0.0,0.0,0.0,0.0,0.0
0.0,0.0,0.0,0.0,0.0,0.0,0.0,0.0
0.0,0.0,0.0,0.0,0.0,0.0,0.0,0.0
0.0,0.0,0.0,0.0,0.0,0.0,0.0,0.0
0.0,0.0,0.0,0.0,0.0,0.0,0.0,0.0
0.0,0.0,0.0,0.0,0.0,0.0,0.0,0.0
0.0,0.0,0.0,0.0,0.0,0.0,0.0,0.0
0.0,0.0,0.0,0.0,0.0,0.0,0.0,0.0
0.0,0.0,0.0,0.0,0.0,0.0,0.0,0.0
0.0,0.0,0.0,0.0,0.0,0.0,0.0,0.0
0.0,0.0,0.0,0.0,0.0,0.0,0.0,0.0
0.0,0.0,0.0,0.0,0.0,0.0,0.0,0.0
0.0,0.0,0.0,0.0,0.0,0.0,0.0,0.0
0.0,0.0,0.0,0.0,0.0,0.0,0.0,0.0
15.8,15.8,15.8,15.8,15.8,15.8,15.8,15.8
15.8,15.8,15.8,15.8,15.8,15.8,15.8,15.8
15.8,15.8,15.8,15.8,15.8,15.8,15.8,15.8
15.8,15.8,15.8,15.8,15.8,15.8,15.8,15.8
89.2,65.8,390.1,72.6,91.2,96.2,126.8,73.2
89.2,65.8,390.1,72.6,91.2,96.2,126.8,73.2
136.9,65.8,352.5,62.6,91.2,96.2,126.6,73.2
136.9,65.8,352.5,62.6,91.2,96.2,126.6,73.2
90.4,252.1,633.7,63.8,93.3,115.2,130.4,74.6
90.4,252.1,633.7,63.8,93.3,115.2,130.4,74.6
90.4,66.8,805.4,63.8,93.3,97.2,130.4,74.6
90.4,66.8,805.4,63.8,93.3,97.2,130.4,74.6
92.3,68.3,809.4,65.5,96.5,98.7,133.1,76.8
92.3,68.3,183.0,65.5,96.5,98.7,133.1,76.8
92.3,68.3,183.0,65.5,96.5,98.7,133.1,76.8
92.3,68.3,183.0,65.5,96.5,98.7,133.1,76.8
54.6,54.6,54.6,54.6,54.6,54.6,54.6,54.6
54.6,54.6,54.6,54.6,54.6,54.6,54.6,54.6
54.6,54.6,54.6,54.6,54.6,54.6,54.6,54.6
54.6,54.6,54.6,54.6,54.6,54.6,54.6,54.6
96.6,71.8,217.3,69.4,103.9,102.3,139.5,81.8
96.6,71.8,217.3,69.4,103.9,102.3,139.5,81.8
96.6,71.8,192.3,69.4,103.9,102.3,139.5,81.8
96.6,71.8,192.3,69.4,103.9,102.3,296.1,81.8
433.9,73.4,196.3,71.1,107.1,103.8,298.9,84.0
433.9,371.9,196.3,71.1,107.1,103.8,298.9,84.0
98.5,371.9,196.3,71.1,107.1,103.8,142.3,84.0
98.5,371.9,196.3,71.1,107.1,103.8,142.3,84.0
96.6,475.0,192.3,69.4,103.9,102.3,139.5,81.8
96.6,475.0,192.3,69.4,103.9,406.7,139.5,81.8
96.6,475.0,192.3,69.4,103.9,406.7,139.5,81.8
1154.6,370.4,192.3,69.4,103.9,406.7,139.5,81.8
1139.4,369.8,193.6,70.0,105.0,405.5,140.4,82.6
1139.4,369.8,193.6,70.0,105.0,405.5,140.4,82.6
1139.4,369.8,193.6,70.0,105.0,405.5,140.4,82.6
97.3,370.9,193.6,70.0,105.0,407.2,140.4,82.6
99.1,73.9,197.6,71.7,108.1,408.8,143.2,84.7
99.1,73.9,197.6,71.7,108.1,408.8,143.2,84.7
99.1,73.9,197.6,71.7,108.1,408.8,143.2,84.7
99.1,73.9,197.6,71.7,108.1,104.4,143.2,84.7
106.0,79.4,212.2,77.9,119.8,110.0,153.3,92.7
106.0,79.4,212.2,77.9,119.8,110.0,153.3,92.7
106.0,79.4,212.2,77.9,119.8,110.0,153.3,92.7
106.0,79.4,212.2,77.9,119.8,110.0,153.3,92.7
117.2,88.4,236.2,88.1,138.9,119.2,169.7,105.6
117.2,88.4,236.2,88.1,138.9,119.2,169.7,105.6
117.2,88.4,236.2,88.1,138.9,119.2,169.7,105.6
117.2,88.4,236.2,88.1,138.9,119.2,169.7,668.6
127.8,97.0,193.0,97.7,156.9,127.8,169.6,327.8
127.8,97.0,177.9,97.7,156.9,228.1,166.0,246.4
127.8,97.0,193.0,97.7,156.9,127.8,169.6,327.8
127.8,295.2,206.2,97.7,156.9,127.8,168.1,117.9
0.0,0.0,0.0,0.0,0.0,0.0,0.0,0.0
0.0,0.0,0.0,0.0,0.0,0.0,0.0,0.0
0.0,0.0,0.0,0.0,0.0,0.0,0.0,0.0
0.0,0.0,0.0,0.0,0.0,0.0,0.0,0.0
0.0,0.0,0.0,0.0,0.0,0.0,0.0,0.0
0.0,0.0,0.0,0.0,0.0,0.0,0.0,0.0
0.0,0.0,0.0,0.0,0.0,0.0,0.0,0.0
0.0,0.0,0.0,0.0,0.0,0.0,0.0,0.0
0.0,0.0,0.0,0.0,0.0,0.0,0.0,0.0
0.0,0.0,0.0,0.0,0.0,0.0,0.0,0.0
0.0,0.0,0.0,0.0,0.0,0.0,0.0,0.0
0.0,0.0,0.0,0.0,0.0,0.0,0.0,0.0
0.0,0.0,0.0,0.0,0.0,0.0,0.0,0.0
0.0,0.0,0.0,0.0,0.0,0.0,0.0,0.0
0.0,0.0,0.0,0.0,0.0,0.0,0.0,0.0
0.0,0.0,0.0,0.0,0.0,0.0,0.0,0.0
0.0,0.0,0.0,0.0,0.0,0.0,0.0,0.0
0.0,0.0,0.0,0.0,0.0,0.0,0.0,0.0
0.0,0.0,0.0,0.0,0.0,0.0,0.0,0.0
0.0,0.0,0.0,0.0,0.0,0.0,0.0,0.0
0.0,0.0,0.0,0.0,0.0,0.0,0.0,0.0
0.0,0.0,0.0,0.0,0.0,0.0,0.0,0.0
0.0,0.0,0.0,0.0,0.0,0.0,0.0,0.0
0.0,0.0,0.0,0.0,0.0,0.0,0.0,0.0
0.0,0.0,0.0,0.0,0.0,0.0,0.0,0.0
0.0,0.0,0.0,0.0,0.0,0.0,0.0,0.0
0.0,0.0,0.0,0.0,0.0,0.0,0.0,0.0
0.0,0.0,0.0,0.0,0.0,0.0,0.0,0.0
0.0,0.0,0.0,0.0,0.0,0.0,0.0,0.0
0.0,0.0,0.0,0.0,0.0,0.0,0.0,0.0
0.0,0.0,0.0,0.0,0.0,0.0,0.0,0.0
0.0,0.0,0.0,0.0,0.0,0.0,0.0,0.0
0.0,0.0,0.0,0.0,0.0,0.0,0.0,0.0
0.0,0.0,0.0,0.0,0.0,0.0,0.0,0.0
0.0,0.0,0.0,0.0,0.0,0.0,0.0,0.0
0.0,0.0,0.0,0.0,0.0,0.0,0.0,0.0
0.0,0.0,0.0,0.0,0.0,0.0,0.0,0.0
0.0,0.0,0.0,0.0,0.0,0.0,0.0,0.0
0.0,0.0,0.0,0.0,0.0,0.0,0.0,0.0
0.0,0.0,0.0,0.0,0.0,0.0,0.0,0.0
0.0,0.0,0.0,0.0,0.0,0.0,0.0,0.0
0.0,0.0,0.0,0.0,0.0,0.0,0.0,0.0
0.0,0.0,0.0,0.0,0.0,0.0,0.0,0.0
0.0,0.0,0.0,0.0,0.0,0.0,0.0,0.0
81.5,64.8,101.4,61.5,81.8,83.2,90.5,71.7
81.5,64.8,101.4,61.5,81.8,83.2,90.5,71.7
81.5,64.8,101.4,61.5,81.8,83.2,90.5,71.7
81.5,64.8,101.4,61.5,81.8,83.2,90.5,71.7
22.5,22.5,22.5,22.5,22.5,22.5,22.5,22.5
22.5,22.5,22.5,22.5,22.5,22.5,22.5,22.5
22.5,22.5,22.5,22.5,22.5,22.5,22.5,22.5
22.5,22.5,22.5,22.5,22.5,22.5,22.5,22.5
129.0,66.8,104.0,97.1,106.5,96.9,99.8,74.6
164.4,66.8,111.9,63.8,93.3,96.9,103.0,74.6
164.4,66.8,111.9,63.8,93.3,96.9,103.0,74.6
90.4,66.8,164.3,63.8,93.3,97.1,124.4,74.6
92.3,68.3,183.0,65.5,96.5,98.7,133.1,76.8
92.3,68.3,183.0,65.5,96.5,98.7,133.1,76.8
92.3,68.3,183.0,65.5,96.5,98.7,133.1,76.8
92.3,68.3,183.0,65.5,96.5,98.7,133.1,76.8
93.5,69.3,185.7,66.6,98.6,99.8,134.9,78.2
93.5,69.3,185.7,66.6,98.6,99.8,134.9,78.2
93.5,174.0,185.7,66.6,98.6,99.8,134.9,78.2
93.5,174.0,202.3,66.6,98.6,99.8,134.9,214.9
96.6,176.5,208.9,80.9,103.9,102.3,139.5,218.6
96.6,71.8,208.9,80.9,103.9,102.3,139.5,81.8
96.6,71.8,192.3,69.4,103.9,102.3,139.5,81.8
96.6,363.8,192.3,69.4,103.9,102.3,139.5,81.8
98.5,365.4,196.3,71.1,107.1,103.8,142.3,84.0
98.5,73.4,196.3,71.1,107.1,159.5,142.3,84.0
98.5,73.4,196.3,71.1,107.1,103.8,142.3,84.0
98.5,73.4,196.3,71.1,107.1,103.8,142.3,84.0
68.2,68.2,68.2,68.2,68.2,68.2,68.2,68.2
68.2,68.2,68.2,68.2,68.2,68.2,68.2,68.2
68.2,68.2,68.2,68.2,68.2,68.2,68.2,68.2
68.2,68.2,68.2,68.2,68.2,68.2,68.2,68.2
97.3,72.3,155.2,70.0,103.2,102.0,124.0,82.6
97.3,72.3,176.6,70.0,101.3,101.1,105.5,82.6
97.3,72.3,176.6,70.0,101.3,101.1,105.5,82.6
97.3,72.3,176.6,70.0,101.3,101.1,105.5,82.6
99.1,73.9,743.9,71.7,108.1,104.4,143.2,84.7
99.1,73.9,743.9,71.7,108.1,104.4,143.2,84.7
99.1,73.9,743.9,71.7,108.1,104.4,143.2,84.7
99.1,73.9,743.9,71.7,108.1,104.4,143.2,84.7
53.6,53.6,53.6,53.6,53.6,53.6,53.6,53.6
53.6,53.6,53.6,53.6,53.6,53.6,53.6,53.6
53.6,53.6,53.6,53.6,53.6,53.6,53.6,53.6
53.6,53.6,53.6,53.6,53.6,53.6,53.6,53.6
26.5,26.5,26.5,26.5,26.5,26.5,26.5,26.5
26.5,26.5,26.5,26.5,26.5,26.5,26.5,26.5
26.5,26.5,26.5,26.5,26.5,26.5,26.5,26.5
26.5,26.5,26.5,26.5,26.5,26.5,26.5,26.5
7.5,7.5,7.5,7.5,7.5,7.5,7.5,7.5
7.5,7.5,7.5,7.5,7.5,7.5,7.5,7.5
7.5,7.5,7.5,7.5,7.5,7.5,7.5,7.5
7.5,7.5,7.5,7.5,7.5,7.5,7.5,7.5
0.0,0.0,0.0,0.0,0.0,0.0,0.0,0.0
0.0,0.0,0.0,0.0,0.0,0.0,0.0,0.0
0.0,0.0,0.0,0.0,0.0,0.0,0.0,0.0
0.0,0.0,0.0,0.0,0.0,0.0,0.0,0.0
0.0,0.0,0.0,0.0,0.0,0.0,0.0,0.0
0.0,0.0,0.0,0.0,0.0,0.0,0.0,0.0
0.0,0.0,0.0,0.0,0.0,0.0,0.0,0.0
0.0,0.0,0.0,0.0,0.0,0.0,0.0,0.0
0.0,0.0,0.0,0.0,0.0,0.0,0.0,0.0
0.0,0.0,0.0,0.0,0.0,0.0,0.0,0.0
0.0,0.0,0.0,0.0,0.0,0.0,0.0,0.0
0.0,0.0,0.0,0.0,0.0,0.0,0.0,0.0
0.0,0.0,0.0,0.0,0.0,0.0,0.0,0.0
0.0,0.0,0.0,0.0,0.0,0.0,0.0,0.0
0.0,0.0,0.0,0.0,0.0,0.0,0.0,0.0
0.0,0.0,0.0,0.0,0.0,0.0,0.0,0.0
0.0,0.0,0.0,0.0,0.0,0.0,0.0,0.0
0.0,0.0,0.0,0.0,0.0,0.0,0.0,0.0
0.0,0.0,0.0,0.0,0.0,0.0,0.0,0.0
0.0,0.0,0.0,0.0,0.0,0.0,0.0,0.0
0.0,0.0,0.0,0.0,0.0,0.0,0.0,0.0
0.0,0.0,0.0,0.0,0.0,0.0,0.0,0.0
0.0,0.0,0.0,0.0,0.0,0.0,0.0,0.0
0.0,0.0,0.0,0.0,0.0,0.0,0.0,0.0
0.0,0.0,0.0,0.0,0.0,0.0,0.0,0.0
0.0,0.0,0.0,0.0,0.0,0.0,0.0,0.0
0.0,0.0,0.0,0.0,0.0,0.0,0.0,0.0
0.0,0.0,0.0,0.0,0.0,0.0,0.0,0.0
0.0,0.0,0.0,0.0,0.0,0.0,0.0,0.0
0.0,0.0,0.0,0.0,0.0,0.0,0.0,0.0
0.0,0.0,0.0,0.0,0.0,0.0,0.0,0.0
0.0,0.0,0.0,0.0,0.0,0.0,0.0,0.0
0.0,0.0,0.0,0.0,0.0,0.0,0.0,0.0
0.0,0.0,0.0,0.0,0.0,0.0,0.0,0.0
0.0,0.0,0.0,0.0,0.0,0.0,0.0,0.0
0.0,0.0,0.0,0.0,0.0,0.0,0.0,0.0
0.0,0.0,0.0,0.0,0.0,0.0,0.0,0.0
0.0,0.0,0.0,0.0,0.0,0.0,0.0,0.0
0.0,0.0,0.0,0.0,0.0,0.0,0.0,0.0
0.0,0.0,0.0,0.0,0.0,0.0,0.0,0.0
0.0,0.0,0.0,0.0,0.0,0.0,0.0,0.0
0.0,0.0,0.0,0.0,0.0,0.0,0.0,0.0
0.0,0.0,0.0,0.0,0.0,0.0,0.0,0.0
0.0,0.0,0.0,0.0,0.0,0.0,0.0,0.0
0.0,0.0,0.0,0.0,0.0,0.0,0.0,0.0
0.0,0.0,0.0,0.0,0.0,0.0,0.0,0.0
0.0,0.0,0.0,0.0,0.0,0.0,0.0,0.0
0.0,0.0,0.0,0.0,0.0,0.0,0.0,0.0
0.0,0.0,0.0,0.0,0.0,0.0,0.0,0.0
0.0,0.0,0.0,0.0,0.0,0.0,0.0,0.0
0.0,0.0,0.0,0.0,0.0,0.0,0.0,0.0
0.0,0.0,0.0,0.0,0.0,0.0,0.0,0.0
24.9,24.9,24.9,24.9,24.9,24.9,24.9,24.9
24.9,24.9,24.9,24.9,24.9,24.9,24.9,24.9
24.9,24.9,24.9,24.9,24.9,24.9,24.9,24.9
24.9,24.9,24.9,24.9,24.9,24.9,24.9,24.9
92.3,68.3,183.0,65.5,96.5,98.7,133.1,76.8
92.3,68.3,183.0,65.5,96.5,98.7,133.1,76.8
92.3,68.3,183.0,65.5,96.5,98.7,133.1,76.8
92.3,68.3,183.0,65.5,96.5,98.7,133.1,76.8
93.5,69.3,185.7,66.6,98.6,99.8,134.9,78.2
93.5,69.3,185.7,66.6,98.6,99.8,134.9,78.2
317.1,69.3,185.7,66.6,98.6,99.8,134.9,78.2
317.1,69.3,185.7,66.6,98.6,99.8,134.9,78.2
320.2,71.8,192.3,69.4,103.9,102.3,139.5,81.8
96.6,71.8,192.3,69.4,103.9,102.3,139.5,81.8
96.6,71.8,192.3,69.4,103.9,102.3,139.5,81.8
96.6,71.8,192.3,69.4,103.9,102.3,139.5,81.8
98.5,73.4,196.3,71.1,107.1,103.8,142.3,175.1
98.5,73.4,196.3,71.1,107.1,103.8,142.3,175.1
98.5,73.4,196.3,71.1,107.1,103.8,142.3,175.1
98.5,73.4,196.3,71.1,107.1,103.8,612.1,84.0
40.5,40.5,40.5,40.5,40.5,40.5,40.5,40.5
40.5,40.5,40.5,40.5,40.5,40.5,40.5,40.5
40.5,40.5,40.5,40.5,40.5,40.5,40.5,40.5
40.5,40.5,40.5,40.5,40.5,40.5,40.5,40.5
59.6,59.6,59.6,59.6,59.6,59.6,59.6,59.6
59.6,59.6,59.6,59.6,59.6,59.6,59.6,59.6
59.6,59.6,59.6,59.6,59.6,59.6,59.6,59.6
59.6,59.6,59.6,59.6,59.6,59.6,59.6,59.6
99.1,73.9,197.6,71.7,108.1,104.4,143.2,84.7
99.1,73.9,197.6,71.7,108.1,104.4,143.2,84.7
99.1,73.9,197.6,71.7,108.1,104.4,143.2,84.7
99.1,73.9,197.6,71.7,108.1,104.4,143.2,84.7
106.0,79.4,212.2,77.9,119.8,110.0,153.3,92.7
106.0,79.4,212.2,77.9,119.8,110.0,153.3,92.7
106.0,79.4,212.2,77.9,119.8,110.0,153.3,92.7
106.0,79.4,212.2,77.9,119.8,110.0,153.3,92.7
7.5,7.5,7.5,7.5,7.5,7.5,7.5,7.5
7.5,7.5,7.5,7.5,7.5,7.5,7.5,7.5
7.5,7.5,7.5,7.5,7.5,7.5,7.5,7.5
7.5,7.5,7.5,7.5,7.5,7.5,7.5,7.5
4.2,4.2,4.2,4.2,4.2,4.2,4.2,4.2
4.2,4.2,4.2,4.2,4.2,4.2,4.2,4.2
4.2,4.2,4.2,4.2,4.2,4.2,4.2,4.2
4.2,4.2,4.2,4.2,4.2,4.2,4.2,4.2
0.0,0.0,0.0,0.0,0.0,0.0,0.0,0.0
0.0,0.0,0.0,0.0,0.0,0.0,0.0,0.0
0.0,0.0,0.0,0.0,0.0,0.0,0.0,0.0
0.0,0.0,0.0,0.0,0.0,0.0,0.0,0.0
0.0,0.0,0.0,0.0,0.0,0.0,0.0,0.0
0.0,0.0,0.0,0.0,0.0,0.0,0.0,0.0
0.0,0.0,0.0,0.0,0.0,0.0,0.0,0.0
0.0,0.0,0.0,0.0,0.0,0.0,0.0,0.0
0.0,0.0,0.0,0.0,0.0,0.0,0.0,0.0
0.0,0.0,0.0,0.0,0.0,0.0,0.0,0.0
0.0,0.0,0.0,0.0,0.0,0.0,0.0,0.0
0.0,0.0,0.0,0.0,0.0,0.0,0.0,0.0
0.0,0.0,0.0,0.0,0.0,0.0,0.0,0.0
0.0,0.0,0.0,0.0,0.0,0.0,0.0,0.0
0.0,0.0,0.0,0.0,0.0,0.0,0.0,0.0
0.0,0.0,0.0,0.0,0.0,0.0,0.0,0.0
0.0,0.0,0.0,0.0,0.0,0.0,0.0,0.0
0.0,0.0,0.0,0.0,0.0,0.0,0.0,0.0
0.0,0.0,0.0,0.0,0.0,0.0,0.0,0.0
0.0,0.0,0.0,0.0,0.0,0.0,0.0,0.0
0.0,0.0,0.0,0.0,0.0,0.0,0.0,0.0
0.0,0.0,0.0,0.0,0.0,0.0,0.0,0.0
0.0,0.0,0.0,0.0,0.0,0.0,0.0,0.0
0.0,0.0,0.0,0.0,0.0,0.0,0.0,0.0
0.0,0.0,0.0,0.0,0.0,0.0,0.0,0.0
0.0,0.0,0.0,0.0,0.0,0.0,0.0,0.0
0.0,0.0,0.0,0.0,0.0,0.0,0.0,0.0
0.0,0.0,0.0,0.0,0.0,0.0,0.0,0.0
0.0,0.0,0.0,0.0,0.0,0.0,0.0,0.0
0.0,0.0,0.0,0.0,0.0,0.0,0.0,0.0
0.0,0.0,0.0,0.0,0.0,0.0,0.0,0.0
0.0,0.0,0.0,0.0,0.0,0.0,0.0,0.0
0.0,0.0,0.0,0.0,0.0,0.0,0.0,0.0
0.0,0.0,0.0,0.0,0.0,0.0,0.0,0.0
0.0,0.0,0.0,0.0,0.0,0.0,0.0,0.0
0.0,0.0,0.0,0.0,0.0,0.0,0.0,0.0
0.0,0.0,0.0,0.0,0.0,0.0,0.0,0.0
0.0,0.0,0.0,0.0,0.0,0.0,0.0,0.0
0.0,0.0,0.0,0.0,0.0,0.0,0.0,0.0
0.0,0.0,0.0,0.0,0.0,0.0,0.0,0.0
0.0,0.0,0.0,0.0,0.0,0.0,0.0,0.0
0.0,0.0,0.0,0.0,0.0,0.0,0.0,0.0
0.0,0.0,0.0,0.0,0.0,0.0,0.0,0.0
0.0,0.0,0.0,0.0,0.0,0.0,0.0,0.0
0.0,0.0,0.0,0.0,0.0,0.0,0.0,0.0
0.0,0.0,0.0,0.0,0.0,0.0,0.0,0.0
0.0,0.0,0.0,0.0,0.0,0.0,0.0,0.0
0.0,0.0,0.0,0.0,0.0,0.0,0.0,0.0
0.0,0.0,0.0,0.0,0.0,0.0,0.0,0.0
0.0,0.0,0.0,0.0,0.0,0.0,0.0,0.0
0.0,0.0,0.0,0.0,0.0,0.0,0.0,0.0
0.0,0.0,0.0,0.0,0.0,0.0,0.0,0.0
28.9,28.9,28.9,28.9,28.9,28.9,28.9,28.9
28.9,28.9,28.9,28.9,28.9,28.9,28.9,28.9
28.9,28.9,28.9,28.9,28.9,28.9,28.9,28.9
28.9,28.9,28.9,28.9,28.9,28.9,28.9,28.9
92.3,68.3,183.0,65.5,96.5,98.7,133.1,76.8
92.3,68.3,183.0,65.5,96.5,98.7,133.1,76.8
92.3,68.3,183.0,65.5,96.5,98.7,133.1,76.8
92.3,68.3,183.0,65.5,96.5,98.7,133.1,76.8
93.5,69.3,185.7,66.6,98.6,99.8,134.9,78.2
93.5,69.3,185.7,66.6,98.6,99.8,134.9,78.2
93.5,69.3,185.7,66.6,98.6,99.8,134.9,78.2
93.5,69.3,185.7,66.6,98.6,99.8,134.9,78.2
93.5,71.8,122.7,69.4,95.7,95.2,106.6,81.8
92.6,71.8,102.3,69.4,128.7,93.1,96.9,81.8
93.5,71.8,122.7,69.4,95.7,95.2,106.6,81.8
92.5,71.8,101.9,69.4,93.3,93.1,96.7,117.9
98.5,178.0,196.3,71.1,107.1,103.8,142.3,84.0
98.5,178.0,196.3,94.0,291.6,103.8,142.3,84.0
98.5,178.0,196.3,71.1,291.6,103.8,142.3,84.0
98.5,73.4,196.3,71.1,291.6,103.8,142.3,84.0
96.6,71.8,242.2,69.4,288.4,102.3,139.5,81.8
96.6,71.8,192.3,69.4,288.4,102.3,625.5,81.8
96.6,71.8,192.3,69.4,288.4,102.3,625.5,81.8
96.6,71.8,192.3,69.4,288.4,102.3,625.5,81.8
97.3,72.3,193.6,70.0,289.5,102.8,626.4,82.6
97.3,72.3,193.6,70.0,105.0,102.8,140.4,82.6
97.3,72.3,193.6,70.0,105.0,102.8,140.4,82.6
97.3,72.3,193.6,70.0,105.0,102.8,140.4,82.6
99.1,73.9,197.6,71.7,108.1,104.4,143.2,84.7
99.1,73.9,197.6,71.7,108.1,104.4,143.2,84.7
99.1,73.9,197.6,71.7,108.1,104.4,143.2,84.7
99.1,73.9,197.6,71.7,108.1,104.4,143.2,84.7
106.0,79.4,212.2,77.9,119.8,110.0,153.3,92.7
106.0,79.4,212.2,77.9,119.8,110.0,153.3,92.7
106.0,79.4,212.2,77.9,119.8,110.0,153.3,92.7
106.0,79.4,212.2,77.9,119.8,110.0,153.3,92.7
117.2,88.4,236.2,88.1,138.9,469.8,169.7,105.6
117.2,88.4,564.2,88.1,138.9,469.8,1154.5,105.6
863.7,88.4,236.2,88.1,633.7,468.8,1118.2,105.6
622.1,302.4,236.2,623.9,526.5,458.0,727.9,105.6
144.2,140.8,140.5,144.3,142.9,141.8,145.9,117.9
144.2,140.8,140.5,144.3,142.9,141.8,145.9,117.9
147.9,141.6,141.0,139.9,145.4,144.2,140.3,117.9
150.6,142.2,141.5,139.9,140.0,145.7,140.4,117.9
0.0,0.0,0.0,0.0,0.0,0.0,0.0,0.0
0.0,0.0,0.0,0.0,0.0,0.0,0.0,0.0
0.0,0.0,0.0,0.0,0.0,0.0,0.0,0.0
0.0,0.0,0.0,0.0,0.0,0.0,0.0,0.0
0.0,0.0,0.0,0.0,0.0,0.0,0.0,0.0
0.0,0.0,0.0,0.0,0.0,0.0,0.0,0.0
0.0,0.0,0.0,0.0,0.0,0.0,0.0,0.0
0.0,0.0,0.0,0.0,0.0,0.0,0.0,0.0
0.0,0.0,0.0,0.0,0.0,0.0,0.0,0.0
0.0,0.0,0.0,0.0,0.0,0.0,0.0,0.0
0.0,0.0,0.0,0.0,0.0,0.0,0.0,0.0
0.0,0.0,0.0,0.0,0.0,0.0,0.0,0.0
0.0,0.0,0.0,0.0,0.0,0.0,0.0,0.0
0.0,0.0,0.0,0.0,0.0,0.0,0.0,0.0
0.0,0.0,0.0,0.0,0.0,0.0,0.0,0.0
0.0,0.0,0.0,0.0,0.0,0.0,0.0,0.0
0.0,0.0,0.0,0.0,0.0,0.0,0.0,0.0
0.0,0.0,0.0,0.0,0.0,0.0,0.0,0.0
0.0,0.0,0.0,0.0,0.0,0.0,0.0,0.0
0.0,0.0,0.0,0.0,0.0,0.0,0.0,0.0
0.0,0.0,0.0,0.0,0.0,0.0,0.0,0.0
0.0,0.0,0.0,0.0,0.0,0.0,0.0,0.0
0.0,0.0,0.0,0.0,0.0,0.0,0.0,0.0
0.0,0.0,0.0,0.0,0.0,0.0,0.0,0.0
0.0,0.0,0.0,0.0,0.0,0.0,0.0,0.0
0.0,0.0,0.0,0.0,0.0,0.0,0.0,0.0
0.0,0.0,0.0,0.0,0.0,0.0,0.0,0.0
0.0,0.0,0.0,0.0,0.0,0.0,0.0,0.0
0.0,0.0,0.0,0.0,0.0,0.0,0.0,0.0
0.0,0.0,0.0,0.0,0.0,0.0,0.0,0.0
0.0,0.0,0.0,0.0,0.0,0.0,0.0,0.0
0.0,0.0,0.0,0.0,0.0,0.0,0.0,0.0
0.0,0.0,0.0,0.0,0.0,0.0,0.0,0.0
0.0,0.0,0.0,0.0,0.0,0.0,0.0,0.0
0.0,0.0,0.0,0.0,0.0,0.0,0.0,0.0
0.0,0.0,0.0,0.0,0.0,0.0,0.0,0.0
0.0,0.0,0.0,0.0,0.0,0.0,0.0,0.0
0.0,0.0,0.0,0.0,0.0,0.0,0.0,0.0
0.0,0.0,0.0,0.0,0.0,0.0,0.0,0.0
0.0,0.0,0.0,0.0,0.0,0.0,0.0,0.0
0.0,0.0,0.0,0.0,0.0,0.0,0.0,0.0
0.0,0.0,0.0,0.0,0.0,0.0,0.0,0.0
0.0,0.0,0.0,0.0,0.0,0.0,0.0,0.0
0.0,0.0,0.0,0.0,0.0,0.0,0.0,0.0
0.0,0.0,0.0,0.0,0.0,0.0,0.0,0.0
0.0,0.0,0.0,0.0,0.0,0.0,0.0,0.0
0.0,0.0,0.0,0.0,0.0,0.0,0.0,0.0
0.0,0.0,0.0,0.0,0.0,0.0,0.0,0.0
0.0,0.0,0.0,0.0,0.0,0.0,0.0,0.0
0.0,0.0,0.0,0.0,0.0,0.0,0.0,0.0
0.0,0.0,0.0,0.0,0.0,0.0,0.0,0.0
0.0,0.0,0.0,0.0,0.0,0.0,0.0,0.0
90.4,66.8,179.0,79.8,93.3,97.2,130.4,74.6
434.4,66.8,179.0,63.8,93.3,97.2,130.4,74.6
434.4,66.8,179.0,63.8,93.3,97.2,130.4,74.6
434.4,66.8,179.0,63.8,93.3,97.2,130.4,74.6
436.3,68.3,183.0,65.5,96.5,98.7,133.1,76.8
436.3,68.3,183.0,65.5,96.5,98.7,133.1,76.8
436.3,68.3,183.0,65.5,96.5,98.7,133.1,76.8
436.3,68.3,183.0,65.5,96.5,98.7,133.1,76.8
437.5,69.3,185.7,66.6,98.6,99.8,134.9,78.2
437.5,69.3,185.7,66.6,98.6,99.8,134.9,78.2
93.5,69.3,185.7,66.6,98.6,99.8,134.9,78.2
93.5,69.3,185.7,66.6,98.6,99.8,134.9,78.2
3659.5,71.8,192.3,69.4,103.9,102.3,139.5,81.8
3659.5,71.8,192.3,69.4,103.9,102.3,139.5,81.8
96.6,71.8,192.3,69.4,103.9,102.3,139.5,81.8
96.6,71.8,192.3,69.4,103.9,102.3,139.5,81.8
98.5,73.4,196.3,71.1,107.1,103.8,142.3,84.0
98.5,387.3,196.3,71.1,107.1,103.8,142.3,84.0
300.5,73.4,196.3,71.1,107.1,103.8,4425.5,84.0
300.5,73.4,389.4,71.1,107.1,103.8,4232.4,84.0
53.0,53.0,53.0,53.0,53.0,53.0,53.0,53.0
53.0,53.0,53.0,53.0,53.0,53.0,53.0,53.0
53.0,53.0,53.0,53.0,53.0,53.0,53.0,53.0
53.0,53.0,53.0,53.0,53.0,53.0,53.0,53.0
97.3,72.3,386.8,70.0,105.0,102.8,140.4,82.6
97.3,72.3,386.8,70.0,105.0,102.8,140.4,82.6
97.3,72.3,193.6,70.0,105.0,102.8,140.4,82.6
97.3,72.3,193.6,70.0,105.0,102.8,140.4,82.6
99.1,73.9,197.6,71.7,108.1,104.4,143.2,84.7
99.1,73.9,197.6,71.7,108.1,104.4,143.2,84.7
99.1,73.9,190.1,71.7,507.5,104.4,143.2,84.7
99.1,73.9,190.1,71.7,507.5,104.4,143.2,84.7
43.9,43.9,43.9,43.9,43.9,43.9,43.9,43.9
43.9,43.9,43.9,43.9,43.9,43.9,43.9,43.9
43.9,43.9,43.9,43.9,43.9,43.9,43.9,43.9
43.9,43.9,43.9,43.9,43.9,43.9,43.9,43.9
9.2,9.2,9.2,9.2,9.2,9.2,9.2,9.2
9.2,9.2,9.2,9.2,9.2,9.2,9.2,9.2
9.2,9.2,9.2,9.2,9.2,9.2,9.2,9.2
9.2,9.2,9.2,9.2,9.2,9.2,9.2,9.2
56.5,56.5,56.5,56.5,56.5,56.5,56.5,56.5
56.5,56.5,56.5,56.5,56.5,56.5,56.5,56.5
56.5,56.5,56.5,56.5,56.5,56.5,56.5,56.5
56.5,56.5,56.5,56.5,56.5,56.5,56.5,56.5
0.0,0.0,0.0,0.0,0.0,0.0,0.0,0.0
0.0,0.0,0.0,0.0,0.0,0.0,0.0,0.0
0.0,0.0,0.0,0.0,0.0,0.0,0.0,0.0
0.0,0.0,0.0,0.0,0.0,0.0,0.0,0.0
0.0,0.0,0.0,0.0,0.0,0.0,0.0,0.0
0.0,0.0,0.0,0.0,0.0,0.0,0.0,0.0
0.0,0.0,0.0,0.0,0.0,0.0,0.0,0.0
0.0,0.0,0.0,0.0,0.0,0.0,0.0,0.0
0.0,0.0,0.0,0.0,0.0,0.0,0.0,0.0
0.0,0.0,0.0,0.0,0.0,0.0,0.0,0.0
0.0,0.0,0.0,0.0,0.0,0.0,0.0,0.0
0.0,0.0,0.0,0.0,0.0,0.0,0.0,0.0
0.0,0.0,0.0,0.0,0.0,0.0,0.0,0.0
0.0,0.0,0.0,0.0,0.0,0.0,0.0,0.0
0.0,0.0,0.0,0.0,0.0,0.0,0.0,0.0
0.0,0.0,0.0,0.0,0.0,0.0,0.0,0.0
0.0,0.0,0.0,0.0,0.0,0.0,0.0,0.0
0.0,0.0,0.0,0.0,0.0,0.0,0.0,0.0
0.0,0.0,0.0,0.0,0.0,0.0,0.0,0.0
0.0,0.0,0.0,0.0,0.0,0.0,0.0,0.0
0.0,0.0,0.0,0.0,0.0,0.0,0.0,0.0
0.0,0.0,0.0,0.0,0.0,0.0,0.0,0.0
0.0,0.0,0.0,0.0,0.0,0.0,0.0,0.0
0.0,0.0,0.0,0.0,0.0,0.0,0.0,0.0
0.0,0.0,0.0,0.0,0.0,0.0,0.0,0.0
0.0,0.0,0.0,0.0,0.0,0.0,0.0,0.0
0.0,0.0,0.0,0.0,0.0,0.0,0.0,0.0
0.0,0.0,0.0,0.0,0.0,0.0,0.0,0.0
0.0,0.0,0.0,0.0,0.0,0.0,0.0,0.0
0.0,0.0,0.0,0.0,0.0,0.0,0.0,0.0
0.0,0.0,0.0,0.0,0.0,0.0,0.0,0.0
0.0,0.0,0.0,0.0,0.0,0.0,0.0,0.0
0.0,0.0,0.0,0.0,0.0,0.0,0.0,0.0
0.0,0.0,0.0,0.0,0.0,0.0,0.0,0.0
0.0,0.0,0.0,0.0,0.0,0.0,0.0,0.0
0.0,0.0,0.0,0.0,0.0,0.0,0.0,0.0
0.0,0.0,0.0,0.0,0.0,0.0,0.0,0.0
0.0,0.0,0.0,0.0,0.0,0.0,0.0,0.0
0.0,0.0,0.0,0.0,0.0,0.0,0.0,0.0
0.0,0.0,0.0,0.0,0.0,0.0,0.0,0.0
0.0,0.0,0.0,0.0,0.0,0.0,0.0,0.0
0.0,0.0,0.0,0.0,0.0,0.0,0.0,0.0
0.0,0.0,0.0,0.0,0.0,0.0,0.0,0.0
0.0,0.0,0.0,0.0,0.0,0.0,0.0,0.0
10.0,10.0,10.0,10.0,10.0,10.0,10.0,10.0
10.0,10.0,10.0,10.0,10.0,10.0,10.0,10.0
10.0,10.0,10.0,10.0,10.0,10.0,10.0,10.0
10.0,10.0,10.0,10.0,10.0,10.0,10.0,10.0
26.6,26.6,26.6,26.6,26.6,26.6,26.6,26.6
26.6,26.6,26.6,26.6,26.6,26.6,26.6,26.6
26.6,26.6,26.6,26.6,26.6,26.6,26.6,26.6
26.6,26.6,26.6,26.6,26.6,26.6,26.6,26.6
83.6,66.8,103.0,63.8,84.2,85.1,92.4,74.6
83.6,66.8,103.0,63.8,84.2,85.1,92.4,74.6
83.6,66.8,103.0,63.8,84.2,85.1,92.4,74.6
83.6,66.8,103.0,63.8,84.2,85.1,92.4,74.6
92.3,68.3,183.0,65.5,96.5,98.7,133.1,76.8
92.3,68.3,183.0,65.5,96.5,98.7,133.1,76.8
92.3,68.3,183.0,65.5,96.5,98.7,133.1,76.8
92.3,68.3,183.0,65.5,96.5,98.7,133.1,76.8
93.5,69.3,185.7,66.6,98.6,99.8,134.9,78.2
93.5,69.3,185.7,66.6,98.6,99.8,134.9,78.2
93.5,69.3,185.7,66.6,98.6,99.8,134.9,78.2
93.5,69.3,185.7,66.6,98.6,99.8,134.9,78.2
96.6,71.8,188.0,69.4,103.9,102.3,784.9,81.8
96.6,71.8,187.9,69.4,103.9,120.9,766.4,81.8
96.6,71.8,192.3,69.4,103.9,120.9,139.5,81.8
96.6,71.8,192.3,69.4,103.9,120.9,139.5,81.8
769.3,73.4,196.3,71.1,107.1,103.8,142.3,84.0
98.5,73.4,196.3,71.1,107.1,103.8,142.3,84.0
98.5,73.4,196.3,71.1,107.1,103.8,142.3,357.4
98.5,73.4,196.3,71.1,107.1,103.8,142.3,84.0
78.0,71.8,83.5,69.4,78.3,78.2,79.9,77.3
78.0,71.8,83.5,69.4,78.3,78.2,79.9,77.3
78.1,71.8,82.9,69.4,78.4,78.3,80.2,77.3
78.1,71.8,82.9,69.4,78.4,78.3,80.2,77.3
97.3,72.3,171.3,70.0,104.7,102.8,131.4,82.6
97.3,72.3,192.1,70.0,104.2,102.8,111.1,82.6
97.3,72.3,192.1,70.0,104.2,102.8,111.1,82.6
97.3,72.3,192.1,70.0,104.2,102.8,111.1,82.6
728.7,73.9,563.8,71.7,108.1,104.4,143.2,84.7
728.7,73.9,563.8,71.7,108.1,104.4,143.2,84.7
728.7,73.9,563.8,71.7,108.1,104.4,143.2,84.7
728.7,73.9,563.8,71.7,108.1,104.4,143.2,84.7
119.3,79.4,113.9,77.9,98.0,97.7,99.2,92.7
119.3,79.4,113.9,77.9,98.0,97.7,99.2,92.7
128.8,79.4,102.9,77.9,98.4,97.9,100.0,92.7
128.8,79.4,102.9,77.9,98.4,97.9,100.0,92.7
48.1,48.1,48.1,48.1,48.1,48.1,48.1,48.1
48.1,48.1,48.1,48.1,48.1,48.1,48.1,48.1
48.1,48.1,48.1,48.1,48.1,48.1,48.1,48.1
48.1,48.1,48.1,48.1,48.1,48.1,48.1,48.1
10.9,10.9,10.9,10.9,10.9,10.9,10.9,10.9
10.9,10.9,10.9,10.9,10.9,10.9,10.9,10.9
10.9,10.9,10.9,10.9,10.9,10.9,10.9,10.9
10.9,10.9,10.9,10.9,10.9,10.9,10.9,10.9
0.0,0.0,0.0,0.0,0.0,0.0,0.0,0.0
0.0,0.0,0.0,0.0,0.0,0.0,0.0,0.0
0.0,0.0,0.0,0.0,0.0,0.0,0.0,0.0
0.0,0.0,0.0,0.0,0.0,0.0,0.0,0.0
0.0,0.0,0.0,0.0,0.0,0.0,0.0,0.0
0.0,0.0,0.0,0.0,0.0,0.0,0.0,0.0
0.0,0.0,0.0,0.0,0.0,0.0,0.0,0.0
0.0,0.0,0.0,0.0,0.0,0.0,0.0,0.0
0.0,0.0,0.0,0.0,0.0,0.0,0.0,0.0
0.0,0.0,0.0,0.0,0.0,0.0,0.0,0.0
0.0,0.0,0.0,0.0,0.0,0.0,0.0,0.0
0.0,0.0,0.0,0.0,0.0,0.0,0.0,0.0
0.0,0.0,0.0,0.0,0.0,0.0,0.0,0.0
0.0,0.0,0.0,0.0,0.0,0.0,0.0,0.0
0.0,0.0,0.0,0.0,0.0,0.0,0.0,0.0
0.0,0.0,0.0,0.0,0.0,0.0,0.0,0.0
0.0,0.0,0.0,0.0,0.0,0.0,0.0,0.0
0.0,0.0,0.0,0.0,0.0,0.0,0.0,0.0
0.0,0.0,0.0,0.0,0.0,0.0,0.0,0.0
0.0,0.0,0.0,0.0,0.0,0.0,0.0,0.0
0.0,0.0,0.0,0.0,0.0,0.0,0.0,0.0
0.0,0.0,0.0,0.0,0.0,0.0,0.0,0.0
0.0,0.0,0.0,0.0,0.0,0.0,0.0,0.0
0.0,0.0,0.0,0.0,0.0,0.0,0.0,0.0
0.0,0.0,0.0,0.0,0.0,0.0,0.0,0.0
0.0,0.0,0.0,0.0,0.0,0.0,0.0,0.0
0.0,0.0,0.0,0.0,0.0,0.0,0.0,0.0
0.0,0.0,0.0,0.0,0.0,0.0,0.0,0.0
0.0,0.0,0.0,0.0,0.0,0.0,0.0,0.0
0.0,0.0,0.0,0.0,0.0,0.0,0.0,0.0
0.0,0.0,0.0,0.0,0.0,0.0,0.0,0.0
0.0,0.0,0.0,0.0,0.0,0.0,0.0,0.0
0.0,0.0,0.0,0.0,0.0,0.0,0.0,0.0
0.0,0.0,0.0,0.0,0.0,0.0,0.0,0.0
0.0,0.0,0.0,0.0,0.0,0.0,0.0,0.0
0.0,0.0,0.0,0.0,0.0,0.0,0.0,0.0
0.0,0.0,0.0,0.0,0.0,0.0,0.0,0.0
0.0,0.0,0.0,0.0,0.0,0.0,0.0,0.0
0.0,0.0,0.0,0.0,0.0,0.0,0.0,0.0
0.0,0.0,0.0,0.0,0.0,0.0,0.0,0.0
0.0,0.0,0.0,0.0,0.0,0.0,0.0,0.0
0.0,0.0,0.0,0.0,0.0,0.0,0.0,0.0
0.0,0.0,0.0,0.0,0.0,0.0,0.0,0.0
0.0,0.0,0.0,0.0,0.0,0.0,0.0,0.0
14.3,14.3,14.3,14.3,14.3,14.3,14.3,14.3
14.3,14.3,14.3,14.3,14.3,14.3,14.3,14.3
14.3,14.3,14.3,14.3,14.3,14.3,14.3,14.3
14.3,14.3,14.3,14.3,14.3,14.3,14.3,14.3
89.2,65.8,159.9,62.6,91.2,144.8,114.8,123.3
89.2,65.8,176.4,62.6,91.2,96.2,128.5,73.2
89.2,65.8,176.4,62.6,91.2,96.2,128.5,73.2
89.2,65.8,176.4,62.6,91.2,96.2,128.5,73.2
90.4,66.8,179.0,63.8,621.3,97.2,130.4,74.6
90.4,66.8,179.0,63.8,93.3,97.2,130.4,74.6
90.4,66.8,179.0,63.8,93.3,97.2,130.4,74.6
90.4,66.8,179.0,63.8,93.3,97.2,130.4,74.6
92.3,68.3,183.0,65.5,96.5,98.7,133.1,76.8
92.3,68.3,183.0,65.5,96.5,98.7,133.1,76.8
92.3,68.3,183.0,65.5,96.5,98.7,133.1,76.8
92.3,68.3,183.0,65.5,96.5,98.7,133.1,76.8
93.5,69.3,185.7,66.6,98.6,99.8,134.9,78.2
93.5,69.3,185.7,66.6,98.6,99.8,134.9,78.2
93.5,69.3,185.7,66.6,98.6,99.8,134.9,78.2
93.5,69.3,185.7,66.6,98.6,99.8,134.9,78.2
96.6,385.8,192.3,69.4,103.9,102.3,139.5,81.8
96.6,71.8,192.3,69.4,103.9,102.3,139.5,81.8
96.6,71.8,192.3,69.4,103.9,102.3,139.5,81.8
96.6,71.8,192.3,69.4,103.9,102.3,374.4,81.8
98.5,73.4,196.3,71.1,279.9,103.8,377.2,84.0
98.5,73.4,196.3,71.1,279.9,103.8,142.3,84.0
98.5,73.4,196.3,78.8,107.1,103.8,142.3,84.0
98.5,73.4,196.3,78.8,107.1,103.8,142.3,84.0
96.6,71.8,192.3,77.1,103.9,102.3,139.5,81.8
96.6,71.8,192.3,69.4,103.9,102.3,139.5,81.8
96.6,71.8,192.3,69.4,103.9,102.3,139.5,81.8
96.6,71.8,192.3,69.4,103.9,102.3,139.5,81.8
97.3,72.3,193.6,70.0,105.0,102.8,140.4,82.6
97.3,72.3,193.6,70.0,105.0,102.8,140.4,82.6
97.3,72.3,193.6,70.0,105.0,102.8,140.4,82.6
97.3,72.3,564.3,70.0,105.0,102.8,140.4,82.6
99.1,73.9,568.3,71.7,108.1,104.4,143.2,84.7
99.1,73.9,568.3,71.7,108.1,104.4,143.2,84.7
99.1,73.9,197.6,71.7,108.1,104.4,143.2,84.7
99.1,73.9,197.6,71.7,108.1,104.4,143.2,84.7
76.7,76.7,76.7,76.7,76.7,76.7,76.7,76.7
76.7,76.7,76.7,76.7,76.7,76.7,76.7,76.7
76.7,76.7,76.7,76.7,76.7,76.7,76.7,76.7
76.7,76.7,76.7,76.7,76.7,76.7,76.7,76.7
101.6,88.4,103.8,109.1,102.0,101.7,102.6,101.4
101.6,88.4,103.8,109.1,102.0,101.7,102.6,101.4
101.6,88.4,103.8,109.1,102.0,101.7,102.6,101.4
101.4,88.4,102.0,103.4,111.0,101.4,101.7,101.3
3.3,3.3,3.3,3.3,3.3,3.3,3.3,3.3
3.3,3.3,3.3,3.3,3.3,3.3,3.3,3.3
3.3,3.3,3.3,3.3,3.3,3.3,3.3,3.3
3.3,3.3,3.3,3.3,3.3,3.3,3.3,3.3
0.0,0.0,0.0,0.0,0.0,0.0,0.0,0.0
0.0,0.0,0.0,0.0,0.0,0.0,0.0,0.0
0.0,0.0,0.0,0.0,0.0,0.0,0.0,0.0
0.0,0.0,0.0,0.0,0.0,0.0,0.0,0.0
0.0,0.0,0.0,0.0,0.0,0.0,0.0,0.0
0.0,0.0,0.0,0.0,0.0,0.0,0.0,0.0
0.0,0.0,0.0,0.0,0.0,0.0,0.0,0.0
0.0,0.0,0.0,0.0,0.0,0.0,0.0,0.0
0.0,0.0,0.0,0.0,0.0,0.0,0.0,0.0
0.0,0.0,0.0,0.0,0.0,0.0,0.0,0.0
0.0,0.0,0.0,0.0,0.0,0.0,0.0,0.0
0.0,0.0,0.0,0.0,0.0,0.0,0.0,0.0
0.0,0.0,0.0,0.0,0.0,0.0,0.0,0.0
0.0,0.0,0.0,0.0,0.0,0.0,0.0,0.0
0.0,0.0,0.0,0.0,0.0,0.0,0.0,0.0
0.0,0.0,0.0,0.0,0.0,0.0,0.0,0.0
0.0,0.0,0.0,0.0,0.0,0.0,0.0,0.0
0.0,0.0,0.0,0.0,0.0,0.0,0.0,0.0
0.0,0.0,0.0,0.0,0.0,0.0,0.0,0.0
0.0,0.0,0.0,0.0,0.0,0.0,0.0,0.0
0.0,0.0,0.0,0.0,0.0,0.0,0.0,0.0
0.0,0.0,0.0,0.0,0.0,0.0,0.0,0.0
0.0,0.0,0.0,0.0,0.0,0.0,0.0,0.0
0.0,0.0,0.0,0.0,0.0,0.0,0.0,0.0
0.0,0.0,0.0,0.0,0.0,0.0,0.0,0.0
0.0,0.0,0.0,0.0,0.0,0.0,0.0,0.0
0.0,0.0,0.0,0.0,0.0,0.0,0.0,0.0
0.0,0.0,0.0,0.0,0.0,0.0,0.0,0.0
0.0,0.0,0.0,0.0,0.0,0.0,0.0,0.0
0.0,0.0,0.0,0.0,0.0,0.0,0.0,0.0
0.0,0.0,0.0,0.0,0.0,0.0,0.0,0.0
0.0,0.0,0.0,0.0,0.0,0.0,0.0,0.0
0.0,0.0,0.0,0.0,0.0,0.0,0.0,0.0
0.0,0.0,0.0,0.0,0.0,0.0,0.0,0.0
0.0,0.0,0.0,0.0,0.0,0.0,0.0,0.0
0.0,0.0,0.0,0.0,0.0,0.0,0.0,0.0
0.0,0.0,0.0,0.0,0.0,0.0,0.0,0.0
0.0,0.0,0.0,0.0,0.0,0.0,0.0,0.0
0.0,0.0,0.0,0.0,0.0,0.0,0.0,0.0
0.0,0.0,0.0,0.0,0.0,0.0,0.0,0.0
0.0,0.0,0.0,0.0,0.0,0.0,0.0,0.0
0.0,0.0,0.0,0.0,0.0,0.0,0.0,0.0
0.0,0.0,0.0,0.0,0.0,0.0,0.0,0.0
0.0,0.0,0.0,0.0,0.0,0.0,0.0,0.0
13.4,13.4,13.4,13.4,13.4,13.4,13.4,13.4
13.4,13.4,13.4,13.4,13.4,13.4,13.4,13.4
13.4,13.4,13.4,13.4,13.4,13.4,13.4,13.4
13.4,13.4,13.4,13.4,13.4,13.4,13.4,13.4
14.2,14.2,14.2,14.2,14.2,14.2,14.2,14.2
14.2,14.2,14.2,14.2,14.2,14.2,14.2,14.2
14.2,14.2,14.2,14.2,14.2,14.2,14.2,14.2
14.2,14.2,14.2,14.2,14.2,14.2,14.2,14.2
39.9,39.9,39.9,39.9,39.9,39.9,39.9,39.9
39.9,39.9,39.9,39.9,39.9,39.9,39.9,39.9
39.9,39.9,39.9,39.9,39.9,39.9,39.9,39.9
39.9,39.9,39.9,39.9,39.9,39.9,39.9,39.9
92.3,68.3,149.5,65.5,96.5,98.7,282.8,76.8
92.3,68.3,149.5,65.5,96.5,98.7,282.8,76.8
92.3,68.3,149.5,65.5,96.5,98.7,282.8,76.8
92.3,68.3,149.5,65.5,96.5,98.7,282.8,76.8
93.5,69.3,130.7,66.6,98.6,99.8,213.0,78.2
93.5,69.3,185.7,66.6,98.6,99.8,134.9,78.2
93.5,69.3,110.1,66.6,224.5,99.8,107.6,78.2
93.5,69.3,110.1,66.6,224.5,99.8,107.6,78.2
58.5,58.5,58.5,58.5,58.5,58.5,58.5,58.5
58.5,58.5,58.5,58.5,58.5,58.5,58.5,58.5
58.5,58.5,58.5,58.5,58.5,58.5,58.5,58.5
58.5,58.5,58.5,58.5,58.5,58.5,58.5,58.5
52.6,52.6,52.6,52.6,52.6,52.6,52.6,52.6
52.6,52.6,52.6,52.6,52.6,52.6,52.6,52.6
52.6,52.6,52.6,52.6,52.6,52.6,52.6,52.6
52.6,52.6,52.6,52.6,52.6,52.6,52.6,52.6
49.4,49.4,49.4,49.4,49.4,49.4,49.4,49.4
49.4,49.4,49.4,49.4,49.4,49.4,49.4,49.4
49.4,49.4,49.4,49.4,49.4,49.4,49.4,49.4
49.4,49.4,49.4,49.4,49.4,49.4,49.4,49.4
97.3,72.3,193.6,70.0,105.0,102.8,140.4,82.6
97.3,72.3,193.6,70.0,105.0,102.8,140.4,82.6
97.3,227.0,193.6,70.0,105.0,102.8,140.4,82.6
97.3,227.0,193.6,70.0,105.0,102.8,140.4,82.6
59.3,59.3,59.3,59.3,59.3,59.3,59.3,59.3
59.3,59.3,59.3,59.3,59.3,59.3,59.3,59.3
59.3,59.3,59.3,59.3,59.3,59.3,59.3,59.3
59.3,59.3,59.3,59.3,59.3,59.3,59.3,59.3
25.7,25.7,25.7,25.7,25.7,25.7,25.7,25.7
25.7,25.7,25.7,25.7,25.7,25.7,25.7,25.7
25.7,25.7,25.7,25.7,25.7,25.7,25.7,25.7
25.7,25.7,25.7,25.7,25.7,25.7,25.7,25.7
10.0,10.0,10.0,10.0,10.0,10.0,10.0,10.0
10.0,10.0,10.0,10.0,10.0,10.0,10.0,10.0
10.0,10.0,10.0,10.0,10.0,10.0,10.0,10.0
10.0,10.0,10.0,10.0,10.0,10.0,10.0,10.0
4.2,4.2,4.2,4.2,4.2,4.2,4.2,4.2
4.2,4.2,4.2,4.2,4.2,4.2,4.2,4.2
4.2,4.2,4.2,4.2,4.2,4.2,4.2,4.2
4.2,4.2,4.2,4.2,4.2,4.2,4.2,4.2
0.0,0.0,0.0,0.0,0.0,0.0,0.0,0.0
0.0,0.0,0.0,0.0,0.0,0.0,0.0,0.0
0.0,0.0,0.0,0.0,0.0,0.0,0.0,0.0
0.0,0.0,0.0,0.0,0.0,0.0,0.0,0.0
0.0,0.0,0.0,0.0,0.0,0.0,0.0,0.0
0.0,0.0,0.0,0.0,0.0,0.0,0.0,0.0
0.0,0.0,0.0,0.0,0.0,0.0,0.0,0.0
0.0,0.0,0.0,0.0,0.0,0.0,0.0,0.0
0.0,0.0,0.0,0.0,0.0,0.0,0.0,0.0
0.0,0.0,0.0,0.0,0.0,0.0,0.0,0.0
0.0,0.0,0.0,0.0,0.0,0.0,0.0,0.0
0.0,0.0,0.0,0.0,0.0,0.0,0.0,0.0
0.0,0.0,0.0,0.0,0.0,0.0,0.0,0.0
0.0,0.0,0.0,0.0,0.0,0.0,0.0,0.0
0.0,0.0,0.0,0.0,0.0,0.0,0.0,0.0
0.0,0.0,0.0,0.0,0.0,0.0,0.0,0.0
0.0,0.0,0.0,0.0,0.0,0.0,0.0,0.0
0.0,0.0,0.0,0.0,0.0,0.0,0.0,0.0
0.0,0.0,0.0,0.0,0.0,0.0,0.0,0.0
0.0,0.0,0.0,0.0,0.0,0.0,0.0,0.0
0.0,0.0,0.0,0.0,0.0,0.0,0.0,0.0
0.0,0.0,0.0,0.0,0.0,0.0,0.0,0.0
0.0,0.0,0.0,0.0,0.0,0.0,0.0,0.0
0.0,0.0,0.0,0.0,0.0,0.0,0.0,0.0
0.0,0.0,0.0,0.0,0.0,0.0,0.0,0.0
0.0,0.0,0.0,0.0,0.0,0.0,0.0,0.0
0.0,0.0,0.0,0.0,0.0,0.0,0.0,0.0
0.0,0.0,0.0,0.0,0.0,0.0,0.0,0.0
0.0,0.0,0.0,0.0,0.0,0.0,0.0,0.0
0.0,0.0,0.0,0.0,0.0,0.0,0.0,0.0
0.0,0.0,0.0,0.0,0.0,0.0,0.0,0.0
0.0,0.0,0.0,0.0,0.0,0.0,0.0,0.0
0.0,0.0,0.0,0.0,0.0,0.0,0.0,0.0
0.0,0.0,0.0,0.0,0.0,0.0,0.0,0.0
0.0,0.0,0.0,0.0,0.0,0.0,0.0,0.0
0.0,0.0,0.0,0.0,0.0,0.0,0.0,0.0
0.0,0.0,0.0,0.0,0.0,0.0,0.0,0.0
0.0,0.0,0.0,0.0,0.0,0.0,0.0,0.0
0.0,0.0,0.0,0.0,0.0,0.0,0.0,0.0
0.0,0.0,0.0,0.0,0.0,0.0,0.0,0.0
0.0,0.0,0.0,0.0,0.0,0.0,0.0,0.0
0.0,0.0,0.0,0.0,0.0,0.0,0.0,0.0
0.0,0.0,0.0,0.0,0.0,0.0,0.0,0.0
0.0,0.0,0.0,0.0,0.0,0.0,0.0,0.0
9.2,9.2,9.2,9.2,9.2,9.2,9.2,9.2
9.2,9.2,9.2,9.2,9.2,9.2,9.2,9.2
9.2,9.2,9.2,9.2,9.2,9.2,9.2,9.2
9.2,9.2,9.2,9.2,9.2,9.2,9.2,9.2
25.1,25.1,25.1,25.1,25.1,25.1,25.1,25.1
25.1,25.1,25.1,25.1,25.1,25.1,25.1,25.1
25.1,25.1,25.1,25.1,25.1,25.1,25.1,25.1
25.1,25.1,25.1,25.1,25.1,25.1,25.1,25.1
21.7,21.7,21.7,21.7,21.7,21.7,21.7,21.7
21.7,21.7,21.7,21.7,21.7,21.7,21.7,21.7
21.7,21.7,21.7,21.7,21.7,21.7,21.7,21.7
21.7,21.7,21.7,21.7,21.7,21.7,21.7,21.7
56.6,56.6,56.6,56.6,56.6,56.6,56.6,56.6
56.6,56.6,56.6,56.6,56.6,56.6,56.6,56.6
56.6,56.6,56.6,56.6,56.6,56.6,56.6,56.6
56.6,56.6,56.6,56.6,56.6,56.6,56.6,56.6
50.7,50.7,50.7,50.7,50.7,50.7,50.7,50.7
50.7,50.7,50.7,50.7,50.7,50.7,50.7,50.7
50.7,50.7,50.7,50.7,50.7,50.7,50.7,50.7
50.7,50.7,50.7,50.7,50.7,50.7,50.7,50.7
78.9,71.8,84.4,69.4,79.3,79.2,81.3,78.0
78.1,71.8,79.5,69.4,78.2,78.2,85.5,81.8
78.9,71.8,84.4,69.4,79.3,79.2,81.3,78.0
81.1,79.8,79.3,69.4,78.1,78.1,78.6,77.9
322.1,230.3,196.3,71.1,107.1,103.8,142.3,84.0
322.1,73.4,196.3,71.1,279.9,103.8,142.3,84.0
98.5,73.4,196.3,71.1,279.9,103.8,142.3,84.0
98.5,276.0,196.3,71.1,107.1,103.8,142.3,84.0
96.6,274.5,192.3,92.3,103.9,130.2,139.5,81.8
96.6,274.5,192.3,69.4,103.9,130.2,139.5,81.8
96.6,71.8,192.3,69.4,103.9,102.3,139.5,81.8
96.6,71.8,192.3,69.4,103.9,102.3,139.5,81.8
97.3,72.3,193.6,70.0,105.0,102.8,140.4,82.6
97.3,72.3,193.6,70.0,105.0,102.8,140.4,82.6
97.3,72.3,193.6,70.0,105.0,102.8,140.4,82.6
97.3,72.3,193.6,70.0,105.0,102.8,140.4,82.6
99.1,73.9,197.6,71.7,108.1,104.4,143.2,84.7
99.1,73.9,197.6,71.7,108.1,104.4,143.2,84.7
99.1,73.9,197.6,71.7,108.1,104.4,143.2,84.7
99.1,73.9,197.6,71.7,108.1,104.4,143.2,84.7
106.0,79.4,212.2,77.9,119.8,110.0,153.3,92.7
106.0,79.4,212.2,77.9,119.8,110.0,153.3,92.7
106.0,79.4,212.2,77.9,119.8,110.0,153.3,92.7
106.0,79.4,212.2,77.9,119.8,110.0,153.3,92.7
117.2,88.4,236.2,88.1,138.9,119.2,169.7,105.6
117.2,88.4,236.2,88.1,138.9,119.2,169.7,105.6
117.2,88.4,1057.5,88.1,138.9,119.2,2297.7,105.6
117.2,88.4,1057.5,88.1,138.9,119.2,3490.7,105.6
127.8,97.0,365.1,97.7,260.8,127.8,420.6,117.9
127.8,97.0,214.9,97.7,274.3,214.2,470.9,117.9
127.8,97.0,214.9,97.7,274.3,214.2,470.9,117.9
127.8,97.0,246.6,144.3,451.4,244.3,185.3,117.9
0.0,0.0,0.0,0.0,0.0,0.0,0.0,0.0
0.0,0.0,0.0,0.0,0.0,0.0,0.0,0.0
0.0,0.0,0.0,0.0,0.0,0.0,0.0,0.0
0.0,0.0,0.0,0.0,0.0,0.0,0.0,0.0
0.0,0.0,0.0,0.0,0.0,0.0,0.0,0.0
0.0,0.0,0.0,0.0,0.0,0.0,0.0,0.0
0.0,0.0,0.0,0.0,0.0,0.0,0.0,0.0
0.0,0.0,0.0,0.0,0.0,0.0,0.0,0.0
0.0,0.0,0.0,0.0,0.0,0.0,0.0,0.0
0.0,0.0,0.0,0.0,0.0,0.0,0.0,0.0
0.0,0.0,0.0,0.0,0.0,0.0,0.0,0.0
0.0,0.0,0.0,0.0,0.0,0.0,0.0,0.0
0.0,0.0,0.0,0.0,0.0,0.0,0.0,0.0
0.0,0.0,0.0,0.0,0.0,0.0,0.0,0.0
0.0,0.0,0.0,0.0,0.0,0.0,0.0,0.0
0.0,0.0,0.0,0.0,0.0,0.0,0.0,0.0
0.0,0.0,0.0,0.0,0.0,0.0,0.0,0.0
0.0,0.0,0.0,0.0,0.0,0.0,0.0,0.0
0.0,0.0,0.0,0.0,0.0,0.0,0.0,0.0
0.0,0.0,0.0,0.0,0.0,0.0,0.0,0.0
0.0,0.0,0.0,0.0,0.0,0.0,0.0,0.0
0.0,0.0,0.0,0.0,0.0,0.0,0.0,0.0
0.0,0.0,0.0,0.0,0.0,0.0,0.0,0.0
0.0,0.0,0.0,0.0,0.0,0.0,0.0,0.0
0.0,0.0,0.0,0.0,0.0,0.0,0.0,0.0
0.0,0.0,0.0,0.0,0.0,0.0,0.0,0.0
0.0,0.0,0.0,0.0,0.0,0.0,0.0,0.0
0.0,0.0,0.0,0.0,0.0,0.0,0.0,0.0
0.0,0.0,0.0,0.0,0.0,0.0,0.0,0.0
0.0,0.0,0.0,0.0,0.0,0.0,0.0,0.0
0.0,0.0,0.0,0.0,0.0,0.0,0.0,0.0
0.0,0.0,0.0,0.0,0.0,0.0,0.0,0.0
0.0,0.0,0.0,0.0,0.0,0.0,0.0,0.0
0.0,0.0,0.0,0.0,0.0,0.0,0.0,0.0
0.0,0.0,0.0,0.0,0.0,0.0,0.0,0.0
0.0,0.0,0.0,0.0,0.0,0.0,0.0,0.0
0.0,0.0,0.0,0.0,0.0,0.0,0.0,0.0
0.0,0.0,0.0,0.0,0.0,0.0,0.0,0.0
0.0,0.0,0.0,0.0,0.0,0.0,0.0,0.0
0.0,0.0,0.0,0.0,0.0,0.0,0.0,0.0
0.0,0.0,0.0,0.0,0.0,0.0,0.0,0.0
0.0,0.0,0.0,0.0,0.0,0.0,0.0,0.0
0.0,0.0,0.0,0.0,0.0,0.0,0.0,0.0
0.0,0.0,0.0,0.0,0.0,0.0,0.0,0.0
38.6,38.6,38.6,38.6,38.6,38.6,38.6,38.6
38.6,38.6,38.6,38.6,38.6,38.6,38.6,38.6
38.6,38.6,38.6,38.6,38.6,38.6,38.6,38.6
38.6,38.6,38.6,38.6,38.6,38.6,38.6,38.6
73.7,65.8,80.2,62.6,73.8,74.2,76.6,72.5
73.7,65.8,80.2,62.6,73.8,74.2,76.6,72.5
73.0,65.8,76.3,62.6,73.1,73.2,74.4,80.9
73.5,65.8,76.2,62.6,73.1,73.2,74.3,80.7
7.3,7.3,7.3,7.3,7.3,7.3,7.3,7.3
7.3,7.3,7.3,7.3,7.3,7.3,7.3,7.3
7.3,7.3,7.3,7.3,7.3,7.3,7.3,7.3
7.3,7.3,7.3,7.3,7.3,7.3,7.3,7.3
92.3,68.3,183.0,65.5,96.5,98.7,133.1,76.8
92.3,68.3,183.0,65.5,96.5,98.7,133.1,76.8
92.3,68.3,183.0,65.5,96.5,98.7,133.1,76.8
92.3,68.3,183.0,65.5,96.5,98.7,133.1,76.8
93.5,69.3,185.7,66.6,98.6,99.8,134.9,78.2
93.5,69.3,185.7,66.6,98.6,99.8,134.9,78.2
93.5,69.3,210.6,66.6,98.6,99.8,134.9,78.2
93.5,69.3,210.6,89.5,98.6,99.8,134.9,78.2
96.3,71.8,136.4,69.4,99.3,98.7,114.3,81.8
140.4,71.8,102.4,69.4,96.5,96.4,109.2,81.8
96.1,71.8,140.4,69.4,96.8,96.6,115.1,81.8
96.1,71.8,140.4,69.4,96.8,96.6,115.1,81.8
98.5,178.0,565.3,71.1,107.1,103.8,142.3,84.0
98.5,178.0,565.3,71.1,107.1,103.8,142.3,84.0
98.5,178.0,565.3,71.1,107.1,103.8,142.3,84.0
98.5,73.4,565.3,71.1,107.1,103.8,142.3,84.0
96.6,71.8,561.3,69.4,103.9,102.3,139.5,81.8
96.6,71.8,561.3,69.4,103.9,102.3,139.5,81.8
96.6,71.8,192.3,69.4,103.9,102.3,139.5,81.8
96.6,71.8,192.3,69.4,103.9,102.3,139.5,81.8
97.3,72.3,193.6,70.0,105.0,102.8,140.4,82.6
97.3,72.3,193.6,70.0,105.0,102.8,140.4,82.6
97.3,72.3,193.6,70.0,105.0,102.8,140.4,82.6
97.3,72.3,193.6,70.0,105.0,102.8,140.4,82.6
99.1,73.9,197.6,71.7,108.1,104.4,143.2,84.7
99.1,73.9,197.6,71.7,108.1,104.4,143.2,84.7
99.1,73.9,197.6,71.7,108.1,104.4,143.2,84.7
99.1,73.9,197.6,71.7,108.1,104.4,143.2,84.7
106.0,79.4,212.2,77.9,119.8,110.0,153.3,92.7
106.0,79.4,212.2,77.9,119.8,110.0,153.3,92.7
106.0,79.4,212.2,77.9,119.8,110.0,153.3,92.7
106.0,79.4,212.2,77.9,119.8,110.0,153.3,292.7
117.2,88.4,236.2,88.1,138.9,119.2,169.7,305.6
1169.0,88.4,236.2,88.1,138.9,119.2,169.7,105.6
1169.0,88.4,236.2,88.1,138.9,119.2,169.7,105.6
1169.0,88.4,236.2,88.1,138.9,119.2,169.7,105.6
173.3,97.0,126.7,97.7,123.9,123.2,124.7,117.9
131.4,97.0,125.7,97.7,123.7,123.1,124.3,161.5
159.4,97.0,134.6,97.7,125.9,123.5,128.4,117.9
159.4,97.0,134.6,97.7,125.9,123.5,128.4,117.9
0.0,0.0,0.0,0.0,0.0,0.0,0.0,0.0
0.0,0.0,0.0,0.0,0.0,0.0,0.0,0.0
0.0,0.0,0.0,0.0,0.0,0.0,0.0,0.0
0.0,0.0,0.0,0.0,0.0,0.0,0.0,0.0
0.0,0.0,0.0,0.0,0.0,0.0,0.0,0.0
0.0,0.0,0.0,0.0,0.0,0.0,0.0,0.0
0.0,0.0,0.0,0.0,0.0,0.0,0.0,0.0
0.0,0.0,0.0,0.0,0.0,0.0,0.0,0.0
0.0,0.0,0.0,0.0,0.0,0.0,0.0,0.0
0.0,0.0,0.0,0.0,0.0,0.0,0.0,0.0
0.0,0.0,0.0,0.0,0.0,0.0,0.0,0.0
0.0,0.0,0.0,0.0,0.0,0.0,0.0,0.0
0.0,0.0,0.0,0.0,0.0,0.0,0.0,0.0
0.0,0.0,0.0,0.0,0.0,0.0,0.0,0.0
0.0,0.0,0.0,0.0,0.0,0.0,0.0,0.0
0.0,0.0,0.0,0.0,0.0,0.0,0.0,0.0
0.0,0.0,0.0,0.0,0.0,0.0,0.0,0.0
0.0,0.0,0.0,0.0,0.0,0.0,0.0,0.0
0.0,0.0,0.0,0.0,0.0,0.0,0.0,0.0
0.0,0.0,0.0,0.0,0.0,0.0,0.0,0.0
0.0,0.0,0.0,0.0,0.0,0.0,0.0,0.0
0.0,0.0,0.0,0.0,0.0,0.0,0.0,0.0
0.0,0.0,0.0,0.0,0.0,0.0,0.0,0.0
0.0,0.0,0.0,0.0,0.0,0.0,0.0,0.0
0.0,0.0,0.0,0.0,0.0,0.0,0.0,0.0
0.0,0.0,0.0,0.0,0.0,0.0,0.0,0.0
0.0,0.0,0.0,0.0,0.0,0.0,0.0,0.0
0.0,0.0,0.0,0.0,0.0,0.0,0.0,0.0
0.0,0.0,0.0,0.0,0.0,0.0,0.0,0.0
0.0,0.0,0.0,0.0,0.0,0.0,0.0,0.0
0.0,0.0,0.0,0.0,0.0,0.0,0.0,0.0
0.0,0.0,0.0,0.0,0.0,0.0,0.0,0.0
0.0,0.0,0.0,0.0,0.0,0.0,0.0,0.0
0.0,0.0,0.0,0.0,0.0,0.0,0.0,0.0
0.0,0.0,0.0,0.0,0.0,0.0,0.0,0.0
0.0,0.0,0.0,0.0,0.0,0.0,0.0,0.0
0.0,0.0,0.0,0.0,0.0,0.0,0.0,0.0
0.0,0.0,0.0,0.0,0.0,0.0,0.0,0.0
0.0,0.0,0.0,0.0,0.0,0.0,0.0,0.0
0.0,0.0,0.0,0.0,0.0,0.0,0.0,0.0
0.0,0.0,0.0,0.0,0.0,0.0,0.0,0.0
0.0,0.0,0.0,0.0,0.0,0.0,0.0,0.0
0.0,0.0,0.0,0.0,0.0,0.0,0.0,0.0
0.0,0.0,0.0,0.0,0.0,0.0,0.0,0.0
0.0,0.0,0.0,0.0,0.0,0.0,0.0,0.0
0.0,0.0,0.0,0.0,0.0,0.0,0.0,0.0
0.0,0.0,0.0,0.0,0.0,0.0,0.0,0.0
0.0,0.0,0.0,0.0,0.0,0.0,0.0,0.0
0.0,0.0,0.0,0.0,0.0,0.0,0.0,0.0
0.0,0.0,0.0,0.0,0.0,0.0,0.0,0.0
0.0,0.0,0.0,0.0,0.0,0.0,0.0,0.0
0.0,0.0,0.0,0.0,0.0,0.0,0.0,0.0
8.4,8.4,8.4,8.4,8.4,8.4,8.4,8.4
8.4,8.4,8.4,8.4,8.4,8.4,8.4,8.4
8.4,8.4,8.4,8.4,8.4,8.4,8.4,8.4
8.4,8.4,8.4,8.4,8.4,8.4,8.4,8.4
92.3,68.3,183.0,65.5,96.5,98.7,133.1,76.8
92.3,68.3,183.0,65.5,96.5,98.7,133.1,76.8
92.3,68.3,183.0,65.5,96.5,98.7,133.1,76.8
92.3,68.3,183.0,65.5,96.5,98.7,133.1,76.8
93.5,69.3,185.7,66.6,98.6,99.8,134.9,78.2
93.5,69.3,185.7,66.6,98.6,99.8,134.9,78.2
93.5,69.3,185.7,66.6,98.6,99.8,134.9,78.2
93.5,69.3,185.7,66.6,98.6,99.8,134.9,78.2
96.6,71.8,192.3,69.4,103.9,158.0,139.5,173.0
96.6,71.8,192.3,69.4,103.9,102.3,139.5,173.0
96.6,71.8,192.3,69.4,103.9,102.3,139.5,173.0
96.6,71.8,192.3,69.4,103.9,102.3,139.5,81.8
98.5,73.4,196.3,71.1,107.1,103.8,142.3,84.0
98.5,230.3,196.3,71.1,107.1,103.8,377.2,84.0
98.5,230.3,545.9,71.1,107.1,103.8,377.2,84.0
98.5,73.4,545.9,71.1,107.1,103.8,142.3,84.0
96.6,71.8,541.9,69.4,103.9,102.3,139.5,81.8
96.6,71.8,192.3,69.4,103.9,102.3,139.5,81.8
96.6,71.8,192.3,69.4,103.9,102.3,139.5,81.8
96.6,71.8,192.3,69.4,103.9,102.3,139.5,81.8
97.3,72.3,193.6,70.0,105.0,102.8,140.4,82.6
97.3,72.3,193.6,70.0,105.0,102.8,140.4,82.6
97.3,72.3,193.6,70.0,105.0,102.8,140.4,82.6
97.3,72.3,193.6,70.0,105.0,102.8,140.4,82.6
99.1,73.9,197.6,71.7,108.1,104.4,143.2,84.7
99.1,73.9,197.6,71.7,108.1,104.4,143.2,84.7
99.1,73.9,197.6,71.7,108.1,104.4,143.2,84.7
99.1,73.9,197.6,71.7,108.1,104.4,143.2,84.7
106.0,79.4,212.2,77.9,119.8,110.0,153.3,92.7
106.0,330.4,212.2,77.9,119.8,110.0,153.3,92.7
106.0,330.4,212.2,77.9,119.8,110.0,153.3,92.7
106.0,330.4,212.2,77.9,119.8,110.0,153.3,92.7
117.2,339.4,236.2,88.1,138.9,119.2,169.7,105.6
117.2,339.4,236.2,88.1,138.9,119.2,169.7,1670.0
117.2,339.4,236.2,110.5,138.9,119.2,169.7,105.6
117.2,339.4,236.2,110.5,138.9,119.2,169.7,105.6
172.2,140.8,139.0,120.1,137.0,127.8,137.5,117.9
211.8,97.0,141.7,120.1,137.4,127.8,138.6,117.9
211.8,97.0,141.7,120.1,137.4,127.8,138.6,117.9
232.0,97.0,143.1,97.7,137.6,127.8,139.2,117.9
0.0,0.0,0.0,0.0,0.0,0.0,0.0,0.0
0.0,0.0,0.0,0.0,0.0,0.0,0.0,0.0
0.0,0.0,0.0,0.0,0.0,0.0,0.0,0.0
0.0,0.0,0.0,0.0,0.0,0.0,0.0,0.0
0.0,0.0,0.0,0.0,0.0,0.0,0.0,0.0
0.0,0.0,0.0,0.0,0.0,0.0,0.0,0.0
0.0,0.0,0.0,0.0,0.0,0.0,0.0,0.0
0.0,0.0,0.0,0.0,0.0,0.0,0.0,0.0
0.0,0.0,0.0,0.0,0.0,0.0,0.0,0.0
0.0,0.0,0.0,0.0,0.0,0.0,0.0,0.0
0.0,0.0,0.0,0.0,0.0,0.0,0.0,0.0
0.0,0.0,0.0,0.0,0.0,0.0,0.0,0.0
0.0,0.0,0.0,0.0,0.0,0.0,0.0,0.0
0.0,0.0,0.0,0.0,0.0,0.0,0.0,0.0
0.0,0.0,0.0,0.0,0.0,0.0,0.0,0.0
0.0,0.0,0.0,0.0,0.0,0.0,0.0,0.0
0.0,0.0,0.0,0.0,0.0,0.0,0.0,0.0
0.0,0.0,0.0,0.0,0.0,0.0,0.0,0.0
0.0,0.0,0.0,0.0,0.0,0.0,0.0,0.0
0.0,0.0,0.0,0.0,0.0,0.0,0.0,0.0
0.0,0.0,0.0,0.0,0.0,0.0,0.0,0.0
0.0,0.0,0.0,0.0,0.0,0.0,0.0,0.0
0.0,0.0,0.0,0.0,0.0,0.0,0.0,0.0
0.0,0.0,0.0,0.0,0.0,0.0,0.0,0.0
0.0,0.0,0.0,0.0,0.0,0.0,0.0,0.0
0.0,0.0,0.0,0.0,0.0,0.0,0.0,0.0
0.0,0.0,0.0,0.0,0.0,0.0,0.0,0.0
0.0,0.0,0.0,0.0,0.0,0.0,0.0,0.0
0.0,0.0,0.0,0.0,0.0,0.0,0.0,0.0
0.0,0.0,0.0,0.0,0.0,0.0,0.0,0.0
0.0,0.0,0.0,0.0,0.0,0.0,0.0,0.0
0.0,0.0,0.0,0.0,0.0,0.0,0.0,0.0
0.0,0.0,0.0,0.0,0.0,0.0,0.0,0.0
0.0,0.0,0.0,0.0,0.0,0.0,0.0,0.0
0.0,0.0,0.0,0.0,0.0,0.0,0.0,0.0
0.0,0.0,0.0,0.0,0.0,0.0,0.0,0.0
0.0,0.0,0.0,0.0,0.0,0.0,0.0,0.0
0.0,0.0,0.0,0.0,0.0,0.0,0.0,0.0
0.0,0.0,0.0,0.0,0.0,0.0,0.0,0.0
0.0,0.0,0.0,0.0,0.0,0.0,0.0,0.0
0.0,0.0,0.0,0.0,0.0,0.0,0.0,0.0
0.0,0.0,0.0,0.0,0.0,0.0,0.0,0.0
0.0,0.0,0.0,0.0,0.0,0.0,0.0,0.0
0.0,0.0,0.0,0.0,0.0,0.0,0.0,0.0
0.0,0.0,0.0,0.0,0.0,0.0,0.0,0.0
0.0,0.0,0.0,0.0,0.0,0.0,0.0,0.0
0.0,0.0,0.0,0.0,0.0,0.0,0.0,0.0
0.0,0.0,0.0,0.0,0.0,0.0,0.0,0.0
0.0,0.0,0.0,0.0,0.0,0.0,0.0,0.0
0.0,0.0,0.0,0.0,0.0,0.0,0.0,0.0
0.0,0.0,0.0,0.0,0.0,0.0,0.0,0.0
0.0,0.0,0.0,0.0,0.0,0.0,0.0,0.0
6.9,6.9,6.9,6.9,6.9,6.9,6.9,6.9
6.9,6.9,6.9,6.9,6.9,6.9,6.9,6.9
6.9,6.9,6.9,6.9,6.9,6.9,6.9,6.9
6.9,6.9,6.9,6.9,6.9,6.9,6.9,6.9
92.3,68.3,183.0,65.5,96.5,98.7,133.1,76.8
92.3,68.3,183.0,65.5,96.5,98.7,133.1,76.8
92.3,68.3,183.0,65.5,96.5,98.7,133.1,76.8
92.3,68.3,183.0,65.5,96.5,98.7,133.1,76.8
93.5,69.3,185.7,66.6,98.6,99.8,134.9,78.2
93.5,69.3,185.7,66.6,98.6,99.8,134.9,78.2
764.3,69.3,210.6,66.6,98.6,99.8,134.9,78.2
93.5,69.3,210.6,66.6,98.6,99.8,134.9,78.2
96.6,71.8,192.3,69.4,103.9,102.3,139.5,81.8
96.6,71.8,192.3,69.4,103.9,102.3,139.5,81.8
96.6,71.8,192.3,69.4,103.9,102.3,139.5,81.8
96.6,71.8,192.3,69.4,103.9,102.3,139.5,81.8
98.5,73.4,196.3,71.1,452.8,103.8,142.3,84.0
98.5,73.4,196.3,71.1,107.1,122.4,142.3,84.0
98.5,73.4,343.3,71.1,107.1,122.4,142.3,84.0
98.5,73.4,343.3,71.1,107.1,122.4,142.3,357.4
96.6,385.8,339.3,69.4,103.9,102.3,139.5,81.8
96.6,71.8,339.3,69.4,103.9,102.3,139.5,81.8
96.6,71.8,192.3,69.4,103.9,102.3,139.5,81.8
96.6,71.8,192.3,69.4,103.9,102.3,139.5,81.8
97.3,72.3,193.6,70.0,105.0,102.8,140.4,82.6
97.3,72.3,193.6,70.0,105.0,102.8,140.4,82.6
97.3,72.3,193.6,70.0,105.0,102.8,140.4,82.6
97.3,72.3,193.6,70.0,105.0,102.8,140.4,82.6
99.1,73.9,197.6,71.7,108.1,104.4,143.2,84.7
99.1,73.9,197.6,71.7,108.1,104.4,143.2,84.7
99.1,73.9,197.6,71.7,108.1,104.4,143.2,84.7
99.1,73.9,197.6,71.7,108.1,104.4,143.2,84.7
106.0,79.4,212.2,77.9,119.8,110.0,153.3,92.7
106.0,79.4,212.2,77.9,119.8,110.0,153.3,92.7
106.0,79.4,212.2,77.9,119.8,110.0,153.3,92.7
106.0,441.4,212.2,77.9,119.8,110.0,153.3,92.7
117.2,450.4,236.2,88.1,138.9,119.2,169.7,105.6
117.2,450.4,236.2,88.1,138.9,119.2,169.7,105.6
117.2,450.4,236.2,88.1,138.9,119.2,169.7,105.6
117.2,450.4,236.2,88.1,138.9,335.2,169.7,105.6
182.8,173.6,160.1,97.7,156.9,161.0,159.4,181.8
249.5,200.3,163.0,97.7,156.9,127.8,160.1,117.9
347.6,97.0,167.1,97.7,156.9,127.8,161.2,117.9
320.2,97.0,188.8,97.7,156.9,127.8,166.9,117.9
0.0,0.0,0.0,0.0,0.0,0.0,0.0,0.0
0.0,0.0,0.0,0.0,0.0,0.0,0.0,0.0
0.0,0.0,0.0,0.0,0.0,0.0,0.0,0.0
0.0,0.0,0.0,0.0,0.0,0.0,0.0,0.0
0.0,0.0,0.0,0.0,0.0,0.0,0.0,0.0
0.0,0.0,0.0,0.0,0.0,0.0,0.0,0.0
0.0,0.0,0.0,0.0,0.0,0.0,0.0,0.0
0.0,0.0,0.0,0.0,0.0,0.0,0.0,0.0
0.0,0.0,0.0,0.0,0.0,0.0,0.0,0.0
0.0,0.0,0.0,0.0,0.0,0.0,0.0,0.0
0.0,0.0,0.0,0.0,0.0,0.0,0.0,0.0
0.0,0.0,0.0,0.0,0.0,0.0,0.0,0.0
0.0,0.0,0.0,0.0,0.0,0.0,0.0,0.0
0.0,0.0,0.0,0.0,0.0,0.0,0.0,0.0
0.0,0.0,0.0,0.0,0.0,0.0,0.0,0.0
0.0,0.0,0.0,0.0,0.0,0.0,0.0,0.0
0.0,0.0,0.0,0.0,0.0,0.0,0.0,0.0
0.0,0.0,0.0,0.0,0.0,0.0,0.0,0.0
0.0,0.0,0.0,0.0,0.0,0.0,0.0,0.0
0.0,0.0,0.0,0.0,0.0,0.0,0.0,0.0
0.0,0.0,0.0,0.0,0.0,0.0,0.0,0.0
0.0,0.0,0.0,0.0,0.0,0.0,0.0,0.0
0.0,0.0,0.0,0.0,0.0,0.0,0.0,0.0
0.0,0.0,0.0,0.0,0.0,0.0,0.0,0.0
0.0,0.0,0.0,0.0,0.0,0.0,0.0,0.0
0.0,0.0,0.0,0.0,0.0,0.0,0.0,0.0
0.0,0.0,0.0,0.0,0.0,0.0,0.0,0.0
0.0,0.0,0.0,0.0,0.0,0.0,0.0,0.0
0.0,0.0,0.0,0.0,0.0,0.0,0.0,0.0
0.0,0.0,0.0,0.0,0.0,0.0,0.0,0.0
0.0,0.0,0.0,0.0,0.0,0.0,0.0,0.0
0.0,0.0,0.0,0.0,0.0,0.0,0.0,0.0
0.0,0.0,0.0,0.0,0.0,0.0,0.0,0.0
0.0,0.0,0.0,0.0,0.0,0.0,0.0,0.0
0.0,0.0,0.0,0.0,0.0,0.0,0.0,0.0
0.0,0.0,0.0,0.0,0.0,0.0,0.0,0.0
0.0,0.0,0.0,0.0,0.0,0.0,0.0,0.0
0.0,0.0,0.0,0.0,0.0,0.0,0.0,0.0
0.0,0.0,0.0,0.0,0.0,0.0,0.0,0.0
0.0,0.0,0.0,0.0,0.0,0.0,0.0,0.0
0.0,0.0,0.0,0.0,0.0,0.0,0.0,0.0
0.0,0.0,0.0,0.0,0.0,0.0,0.0,0.0
0.0,0.0,0.0,0.0,0.0,0.0,0.0,0.0
0.0,0.0,0.0,0.0,0.0,0.0,0.0,0.0
0.0,0.0,0.0,0.0,0.0,0.0,0.0,0.0
0.0,0.0,0.0,0.0,0.0,0.0,0.0,0.0
0.0,0.0,0.0,0.0,0.0,0.0,0.0,0.0
0.0,0.0,0.0,0.0,0.0,0.0,0.0,0.0
0.0,0.0,0.0,0.0,0.0,0.0,0.0,0.0
0.0,0.0,0.0,0.0,0.0,0.0,0.0,0.0
0.0,0.0,0.0,0.0,0.0,0.0,0.0,0.0
0.0,0.0,0.0,0.0,0.0,0.0,0.0,0.0
186.4,66.8,179.0,63.8,93.3,129.2,130.4,74.6
90.4,66.8,179.0,63.8,93.3,97.2,130.4,74.6
90.4,66.8,179.0,63.8,93.3,97.2,130.4,74.6
90.4,66.8,179.0,63.8,93.3,97.2,130.4,74.6
92.3,68.3,183.0,65.5,96.5,98.7,133.1,76.8
92.3,68.3,183.0,65.5,96.5,98.7,133.1,76.8
92.3,68.3,183.0,65.5,96.5,98.7,133.1,76.8
306.3,68.3,183.0,65.5,96.5,98.7,133.1,76.8
307.5,69.3,185.7,66.6,98.6,99.8,134.9,78.2
307.5,69.3,185.7,66.6,98.6,99.8,134.9,78.2
307.5,69.3,185.7,66.6,98.6,99.8,134.9,78.2
93.5,69.3,185.7,66.6,98.6,99.8,134.9,78.2
96.6,71.8,192.3,69.4,276.8,120.9,139.5,81.8
96.6,71.8,217.3,69.4,276.8,120.9,139.5,81.8
96.6,71.8,217.3,69.4,103.9,120.9,139.5,81.8
96.6,71.8,192.3,69.4,103.9,102.3,139.5,81.8
98.5,73.4,196.3,71.1,107.1,103.8,612.1,84.0
98.5,73.4,196.3,71.1,107.1,103.8,142.3,84.0
98.5,73.4,196.3,71.1,107.1,103.8,142.3,84.0
98.5,73.4,196.3,71.1,107.1,103.8,142.3,84.0
96.6,71.8,192.3,69.4,103.9,102.3,139.5,81.8
96.6,71.8,192.3,69.4,103.9,102.3,139.5,81.8
96.6,71.8,192.3,69.4,103.9,102.3,139.5,81.8
96.6,71.8,192.3,69.4,103.9,102.3,139.5,81.8
97.3,72.3,193.6,70.0,105.0,102.8,140.4,82.6
97.3,72.3,193.6,70.0,105.0,102.8,140.4,82.6
97.3,72.3,193.6,70.0,105.0,102.8,140.4,82.6
97.3,72.3,193.6,70.0,105.0,102.8,140.4,82.6
99.1,73.9,197.6,71.7,108.1,104.4,143.2,84.7
99.1,73.9,197.6,71.7,108.1,104.4,143.2,84.7
99.1,73.9,197.6,71.7,108.1,104.4,143.2,84.7
99.1,73.9,197.6,71.7,108.1,104.4,143.2,84.7
106.0,79.4,212.2,77.9,119.8,110.0,153.3,92.7
106.0,79.4,212.2,77.9,119.8,110.0,153.3,92.7
106.0,79.4,212.2,77.9,119.8,110.0,153.3,92.7
106.0,79.4,212.2,77.9,119.8,110.0,153.3,92.7
117.2,88.4,236.2,88.1,138.9,119.2,169.7,105.6
117.2,88.4,236.2,88.1,138.9,119.2,169.7,105.6
117.2,88.4,236.2,88.1,138.9,119.2,169.7,105.6
117.2,88.4,236.2,88.1,138.9,119.2,169.7,105.6
127.8,97.0,437.7,97.7,156.9,127.8,176.2,117.9
399.3,97.0,173.8,97.7,156.9,127.8,168.6,117.9
277.3,172.6,170.4,97.7,207.3,127.8,168.0,117.9
127.8,188.7,179.7,97.7,329.6,127.8,169.8,117.9
0.0,0.0,0.0,0.0,0.0,0.0,0.0,0.0
0.0,0.0,0.0,0.0,0.0,0.0,0.0,0.0
0.0,0.0,0.0,0.0,0.0,0.0,0.0,0.0
0.0,0.0,0.0,0.0,0.0,0.0,0.0,0.0
0.0,0.0,0.0,0.0,0.0,0.0,0.0,0.0
0.0,0.0,0.0,0.0,0.0,0.0,0.0,0.0
0.0,0.0,0.0,0.0,0.0,0.0,0.0,0.0
0.0,0.0,0.0,0.0,0.0,0.0,0.0,0.0
0.0,0.0,0.0,0.0,0.0,0.0,0.0,0.0
0.0,0.0,0.0,0.0,0.0,0.0,0.0,0.0
0.0,0.0,0.0,0.0,0.0,0.0,0.0,0.0
0.0,0.0,0.0,0.0,0.0,0.0,0.0,0.0
0.0,0.0,0.0,0.0,0.0,0.0,0.0,0.0
0.0,0.0,0.0,0.0,0.0,0.0,0.0,0.0
0.0,0.0,0.0,0.0,0.0,0.0,0.0,0.0
0.0,0.0,0.0,0.0,0.0,0.0,0.0,0.0
0.0,0.0,0.0,0.0,0.0,0.0,0.0,0.0
0.0,0.0,0.0,0.0,0.0,0.0,0.0,0.0
0.0,0.0,0.0,0.0,0.0,0.0,0.0,0.0
0.0,0.0,0.0,0.0,0.0,0.0,0.0,0.0
0.0,0.0,0.0,0.0,0.0,0.0,0.0,0.0
0.0,0.0,0.0,0.0,0.0,0.0,0.0,0.0
0.0,0.0,0.0,0.0,0.0,0.0,0.0,0.0
0.0,0.0,0.0,0.0,0.0,0.0,0.0,0.0
0.0,0.0,0.0,0.0,0.0,0.0,0.0,0.0
0.0,0.0,0.0,0.0,0.0,0.0,0.0,0.0
0.0,0.0,0.0,0.0,0.0,0.0,0.0,0.0
0.0,0.0,0.0,0.0,0.0,0.0,0.0,0.0
0.0,0.0,0.0,0.0,0.0,0.0,0.0,0.0
0.0,0.0,0.0,0.0,0.0,0.0,0.0,0.0
0.0,0.0,0.0,0.0,0.0,0.0,0.0,0.0
0.0,0.0,0.0,0.0,0.0,0.0,0.0,0.0
0.0,0.0,0.0,0.0,0.0,0.0,0.0,0.0
0.0,0.0,0.0,0.0,0.0,0.0,0.0,0.0
0.0,0.0,0.0,0.0,0.0,0.0,0.0,0.0
0.0,0.0,0.0,0.0,0.0,0.0,0.0,0.0
0.0,0.0,0.0,0.0,0.0,0.0,0.0,0.0
0.0,0.0,0.0,0.0,0.0,0.0,0.0,0.0
0.0,0.0,0.0,0.0,0.0,0.0,0.0,0.0
0.0,0.0,0.0,0.0,0.0,0.0,0.0,0.0
0.0,0.0,0.0,0.0,0.0,0.0,0.0,0.0
0.0,0.0,0.0,0.0,0.0,0.0,0.0,0.0
0.0,0.0,0.0,0.0,0.0,0.0,0.0,0.0
0.0,0.0,0.0,0.0,0.0,0.0,0.0,0.0
0.0,0.0,0.0,0.0,0.0,0.0,0.0,0.0
0.0,0.0,0.0,0.0,0.0,0.0,0.0,0.0
0.0,0.0,0.0,0.0,0.0,0.0,0.0,0.0
0.0,0.0,0.0,0.0,0.0,0.0,0.0,0.0
0.0,0.0,0.0,0.0,0.0,0.0,0.0,0.0
0.0,0.0,0.0,0.0,0.0,0.0,0.0,0.0
0.0,0.0,0.0,0.0,0.0,0.0,0.0,0.0
0.0,0.0,0.0,0.0,0.0,0.0,0.0,0.0
338.4,192.9,165.8,63.8,93.3,97.2,130.4,74.6
90.4,222.8,179.0,63.8,93.3,97.2,130.4,74.6
90.4,66.8,179.0,63.8,93.3,97.2,130.4,74.6
90.4,66.8,179.0,63.8,93.3,97.2,130.4,74.6
92.3,68.3,183.0,65.5,96.5,98.7,133.1,76.8
92.3,68.3,183.0,65.5,96.5,98.7,133.1,76.8
92.3,68.3,183.0,65.5,96.5,98.7,133.1,76.8
92.3,68.3,183.0,65.5,96.5,98.7,133.1,76.8
93.5,69.3,185.7,66.6,98.6,99.8,134.9,78.2
93.5,69.3,185.7,66.6,98.6,99.8,134.9,78.2
93.5,69.3,185.7,66.6,98.6,99.8,134.9,78.2
93.5,647.2,185.7,66.6,98.6,99.8,134.9,78.2
96.6,335.8,192.3,69.4,103.9,102.3,139.5,81.8
96.6,335.8,192.3,69.4,103.9,102.3,139.5,81.8
96.6,335.8,192.3,69.4,103.9,102.3,139.5,2952.9
96.6,335.8,192.3,69.4,103.9,102.3,139.5,2952.9
98.5,337.4,631.1,71.1,107.1,103.8,142.3,84.0
98.5,73.4,631.1,71.1,107.1,103.8,142.3,84.0
98.5,73.4,631.1,71.1,107.1,103.8,142.3,84.0
98.5,73.4,631.1,71.1,107.1,103.8,142.3,84.0
96.6,71.8,1282.4,69.4,103.9,102.3,139.5,81.8
96.6,71.8,1282.4,69.4,103.9,102.3,139.5,81.8
96.6,71.8,1282.4,69.4,103.9,102.3,139.5,81.8
96.6,71.8,1282.4,69.4,103.9,102.3,139.5,81.8
97.3,72.3,1283.8,620.3,105.0,102.8,140.4,82.6
97.3,72.3,1283.8,620.3,105.0,102.8,140.4,82.6
97.3,72.3,193.6,620.3,105.0,102.8,140.4,82.6
97.3,72.3,193.6,620.3,105.0,102.8,140.4,82.6
99.1,73.9,197.6,622.0,108.1,104.4,143.2,84.7
99.1,73.9,197.6,622.0,108.1,104.4,143.2,84.7
99.1,73.9,197.6,622.0,108.1,104.4,143.2,84.7
99.1,73.9,197.6,71.7,108.1,104.4,143.2,84.7
106.0,79.4,212.2,77.9,119.8,110.0,153.3,92.7
106.0,79.4,212.2,77.9,119.8,110.0,153.3,92.7
106.0,79.4,212.2,77.9,119.8,110.0,153.3,92.7
106.0,79.4,212.2,77.9,119.8,110.0,153.3,92.7
117.2,88.4,236.2,110.5,138.9,119.2,169.7,105.6
117.2,88.4,236.2,110.5,138.9,119.2,169.7,105.6
117.2,103.4,236.2,110.5,138.9,119.2,169.7,105.6
117.2,454.1,321.5,110.5,138.9,119.2,169.7,105.6
7.5,7.5,7.5,7.5,7.5,7.5,7.5,7.5
7.5,7.5,7.5,7.5,7.5,7.5,7.5,7.5
7.5,7.5,7.5,7.5,7.5,7.5,7.5,7.5
7.5,7.5,7.5,7.5,7.5,7.5,7.5,7.5
0.0,0.0,0.0,0.0,0.0,0.0,0.0,0.0
0.0,0.0,0.0,0.0,0.0,0.0,0.0,0.0
0.0,0.0,0.0,0.0,0.0,0.0,0.0,0.0
0.0,0.0,0.0,0.0,0.0,0.0,0.0,0.0
0.0,0.0,0.0,0.0,0.0,0.0,0.0,0.0
0.0,0.0,0.0,0.0,0.0,0.0,0.0,0.0
0.0,0.0,0.0,0.0,0.0,0.0,0.0,0.0
0.0,0.0,0.0,0.0,0.0,0.0,0.0,0.0
0.0,0.0,0.0,0.0,0.0,0.0,0.0,0.0
0.0,0.0,0.0,0.0,0.0,0.0,0.0,0.0
0.0,0.0,0.0,0.0,0.0,0.0,0.0,0.0
0.0,0.0,0.0,0.0,0.0,0.0,0.0,0.0
0.0,0.0,0.0,0.0,0.0,0.0,0.0,0.0
0.0,0.0,0.0,0.0,0.0,0.0,0.0,0.0
0.0,0.0,0.0,0.0,0.0,0.0,0.0,0.0
0.0,0.0,0.0,0.0,0.0,0.0,0.0,0.0
0.0,0.0,0.0,0.0,0.0,0.0,0.0,0.0
0.0,0.0,0.0,0.0,0.0,0.0,0.0,0.0
0.0,0.0,0.0,0.0,0.0,0.0,0.0,0.0
0.0,0.0,0.0,0.0,0.0,0.0,0.0,0.0
0.0,0.0,0.0,0.0,0.0,0.0,0.0,0.0
0.0,0.0,0.0,0.0,0.0,0.0,0.0,0.0
0.0,0.0,0.0,0.0,0.0,0.0,0.0,0.0
0.0,0.0,0.0,0.0,0.0,0.0,0.0,0.0
0.0,0.0,0.0,0.0,0.0,0.0,0.0,0.0
0.0,0.0,0.0,0.0,0.0,0.0,0.0,0.0
0.0,0.0,0.0,0.0,0.0,0.0,0.0,0.0
0.0,0.0,0.0,0.0,0.0,0.0,0.0,0.0
0.0,0.0,0.0,0.0,0.0,0.0,0.0,0.0
0.0,0.0,0.0,0.0,0.0,0.0,0.0,0.0
0.0,0.0,0.0,0.0,0.0,0.0,0.0,0.0
0.0,0.0,0.0,0.0,0.0,0.0,0.0,0.0
0.0,0.0,0.0,0.0,0.0,0.0,0.0,0.0
0.0,0.0,0.0,0.0,0.0,0.0,0.0,0.0
0.0,0.0,0.0,0.0,0.0,0.0,0.0,0.0
0.0,0.0,0.0,0.0,0.0,0.0,0.0,0.0
0.0,0.0,0.0,0.0,0.0,0.0,0.0,0.0
0.0,0.0,0.0,0.0,0.0,0.0,0.0,0.0
0.0,0.0,0.0,0.0,0.0,0.0,0.0,0.0
0.0,0.0,0.0,0.0,0.0,0.0,0.0,0.0
0.0,0.0,0.0,0.0,0.0,0.0,0.0,0.0
0.0,0.0,0.0,0.0,0.0,0.0,0.0,0.0
0.0,0.0,0.0,0.0,0.0,0.0,0.0,0.0
0.0,0.0,0.0,0.0,0.0,0.0,0.0,0.0
0.0,0.0,0.0,0.0,0.0,0.0,0.0,0.0
0.0,0.0,0.0,0.0,0.0,0.0,0.0,0.0
0.0,0.0,0.0,0.0,0.0,0.0,0.0,0.0
0.0,0.0,0.0,0.0,0.0,0.0,0.0,0.0
0.0,0.0,0.0,0.0,0.0,0.0,0.0,0.0
0.0,0.0,0.0,0.0,0.0,0.0,0.0,0.0
0.0,0.0,0.0,0.0,0.0,0.0,0.0,0.0
0.0,0.0,0.0,0.0,0.0,0.0,0.0,0.0
0.0,0.0,0.0,0.0,0.0,0.0,0.0,0.0
0.0,0.0,0.0,0.0,0.0,0.0,0.0,0.0
0.0,0.0,0.0,0.0,0.0,0.0,0.0,0.0
0.0,0.0,0.0,0.0,0.0,0.0,0.0,0.0
92.3,68.3,183.0,65.5,96.5,98.7,133.1,76.8
92.3,68.3,183.0,65.5,96.5,98.7,133.1,76.8
92.3,68.3,183.0,65.5,96.5,98.7,133.1,76.8
92.3,68.3,183.0,65.5,96.5,98.7,133.1,76.8
93.5,69.3,185.7,66.6,98.6,99.8,134.9,78.2
93.5,69.3,185.7,66.6,98.6,99.8,134.9,78.2
93.5,174.0,185.7,66.6,98.6,99.8,134.9,78.2
93.5,174.0,185.7,66.6,98.6,99.8,134.9,78.2
96.6,176.5,192.3,69.4,103.9,102.3,139.5,81.8
96.6,71.8,192.3,69.4,103.9,102.3,139.5,81.8
96.6,71.8,192.3,69.4,103.9,102.3,139.5,81.8
96.6,71.8,217.3,69.4,103.9,102.3,139.5,81.8
433.9,73.4,221.3,71.1,107.1,103.8,377.2,84.0
433.9,73.4,196.3,71.1,107.1,159.5,377.2,84.0
98.5,73.4,196.3,71.1,107.1,103.8,142.3,84.0
98.5,73.4,196.3,82.6,107.1,103.8,142.3,84.0
1012.6,71.8,192.3,80.9,103.9,102.3,139.5,81.8
1012.6,71.8,192.3,69.4,103.9,102.3,139.5,81.8
1012.6,71.8,192.3,69.4,103.9,102.3,139.5,81.8
1012.6,71.8,192.3,69.4,103.9,102.3,139.5,81.8
97.3,72.3,193.6,70.0,105.0,102.8,140.4,82.6
97.3,72.3,193.6,70.0,105.0,102.8,140.4,82.6
97.3,72.3,193.6,70.0,105.0,102.8,140.4,82.6
97.3,72.3,193.6,70.0,105.0,102.8,140.4,82.6
99.1,73.9,197.6,71.7,108.1,104.4,143.2,84.7
99.1,73.9,197.6,71.7,108.1,104.4,143.2,84.7
99.1,73.9,197.6,71.7,108.1,104.4,143.2,84.7
99.1,73.9,197.6,71.7,108.1,104.4,143.2,84.7
106.0,79.4,212.2,77.9,119.8,110.0,153.3,92.7
106.0,79.4,212.2,77.9,119.8,110.0,153.3,92.7
106.0,79.4,212.2,77.9,119.8,110.0,153.3,92.7
106.0,79.4,212.2,77.9,119.8,110.0,153.3,92.7
117.2,88.4,236.2,88.1,603.9,119.2,169.7,105.6
117.2,88.4,236.2,88.1,603.9,119.2,169.7,105.6
117.2,88.4,236.2,88.1,603.9,119.2,169.7,105.6
117.2,88.4,236.2,88.1,603.9,119.2,1925.7,105.6
98.7,97.0,98.9,97.7,98.8,98.7,101.1,98.7
98.7,97.0,98.9,97.7,98.8,98.7,101.1,98.7
98.9,97.0,99.9,97.7,99.1,98.9,99.3,98.8
98.8,97.0,99.5,97.7,99.0,99.6,99.1,98.8
0.0,0.0,0.0,0.0,0.0,0.0,0.0,0.0
0.0,0.0,0.0,0.0,0.0,0.0,0.0,0.0
0.0,0.0,0.0,0.0,0.0,0.0,0.0,0.0
0.0,0.0,0.0,0.0,0.0,0.0,0.0,0.0
0.0,0.0,0.0,0.0,0.0,0.0,0.0,0.0
0.0,0.0,0.0,0.0,0.0,0.0,0.0,0.0
0.0,0.0,0.0,0.0,0.0,0.0,0.0,0.0
0.0,0.0,0.0,0.0,0.0,0.0,0.0,0.0
0.0,0.0,0.0,0.0,0.0,0.0,0.0,0.0
0.0,0.0,0.0,0.0,0.0,0.0,0.0,0.0
0.0,0.0,0.0,0.0,0.0,0.0,0.0,0.0
0.0,0.0,0.0,0.0,0.0,0.0,0.0,0.0
0.0,0.0,0.0,0.0,0.0,0.0,0.0,0.0
0.0,0.0,0.0,0.0,0.0,0.0,0.0,0.0
0.0,0.0,0.0,0.0,0.0,0.0,0.0,0.0
0.0,0.0,0.0,0.0,0.0,0.0,0.0,0.0
0.0,0.0,0.0,0.0,0.0,0.0,0.0,0.0
0.0,0.0,0.0,0.0,0.0,0.0,0.0,0.0
0.0,0.0,0.0,0.0,0.0,0.0,0.0,0.0
0.0,0.0,0.0,0.0,0.0,0.0,0.0,0.0
0.0,0.0,0.0,0.0,0.0,0.0,0.0,0.0
0.0,0.0,0.0,0.0,0.0,0.0,0.0,0.0
0.0,0.0,0.0,0.0,0.0,0.0,0.0,0.0
0.0,0.0,0.0,0.0,0.0,0.0,0.0,0.0
0.0,0.0,0.0,0.0,0.0,0.0,0.0,0.0
0.0,0.0,0.0,0.0,0.0,0.0,0.0,0.0
0.0,0.0,0.0,0.0,0.0,0.0,0.0,0.0
0.0,0.0,0.0,0.0,0.0,0.0,0.0,0.0
0.0,0.0,0.0,0.0,0.0,0.0,0.0,0.0
0.0,0.0,0.0,0.0,0.0,0.0,0.0,0.0
0.0,0.0,0.0,0.0,0.0,0.0,0.0,0.0
0.0,0.0,0.0,0.0,0.0,0.0,0.0,0.0
0.0,0.0,0.0,0.0,0.0,0.0,0.0,0.0
0.0,0.0,0.0,0.0,0.0,0.0,0.0,0.0
0.0,0.0,0.0,0.0,0.0,0.0,0.0,0.0
0.0,0.0,0.0,0.0,0.0,0.0,0.0,0.0
0.0,0.0,0.0,0.0,0.0,0.0,0.0,0.0
0.0,0.0,0.0,0.0,0.0,0.0,0.0,0.0
0.0,0.0,0.0,0.0,0.0,0.0,0.0,0.0
0.0,0.0,0.0,0.0,0.0,0.0,0.0,0.0
0.0,0.0,0.0,0.0,0.0,0.0,0.0,0.0
0.0,0.0,0.0,0.0,0.0,0.0,0.0,0.0
0.0,0.0,0.0,0.0,0.0,0.0,0.0,0.0
0.0,0.0,0.0,0.0,0.0,0.0,0.0,0.0
0.0,0.0,0.0,0.0,0.0,0.0,0.0,0.0
0.0,0.0,0.0,0.0,0.0,0.0,0.0,0.0
0.0,0.0,0.0,0.0,0.0,0.0,0.0,0.0
0.0,0.0,0.0,0.0,0.0,0.0,0.0,0.0
0.0,0.0,0.0,0.0,0.0,0.0,0.0,0.0
0.0,0.0,0.0,0.0,0.0,0.0,0.0,0.0
0.0,0.0,0.0,0.0,0.0,0.0,0.0,0.0
0.0,0.0,0.0,0.0,0.0,0.0,0.0,0.0
90.4,66.8,179.0,63.8,93.3,97.2,130.4,74.6
90.4,66.8,179.0,63.8,93.3,97.2,130.4,74.6
90.4,66.8,179.0,63.8,93.3,97.2,130.4,74.6
90.4,66.8,179.0,63.8,93.3,97.2,130.4,74.6
92.3,68.3,183.0,65.5,96.5,98.7,133.1,76.8
92.3,68.3,183.0,65.5,96.5,98.7,133.1,76.8
92.3,68.3,183.0,65.5,96.5,98.7,133.1,76.8
92.3,68.3,183.0,65.5,96.5,98.7,133.1,76.8
93.5,69.3,185.7,66.6,98.6,99.8,134.9,78.2
93.5,69.3,185.7,66.6,98.6,99.8,134.9,78.2
93.5,69.3,535.2,66.6,98.6,99.8,134.9,78.2
93.5,69.3,535.2,66.6,98.6,99.8,134.9,78.2
5535.3,71.8,541.9,69.4,103.9,102.3,139.5,81.8
5884.9,71.8,192.3,69.4,103.9,102.3,139.5,81.8
96.6,71.8,192.3,69.4,103.9,102.3,139.5,81.8
96.6,71.8,192.3,69.4,103.9,102.3,139.5,81.8
98.5,73.4,196.3,78.8,107.1,131.7,142.3,265.7
98.5,73.4,196.3,78.8,266.6,131.7,142.3,265.7
98.5,73.4,196.3,78.8,266.6,103.8,142.3,265.7
98.5,73.4,196.3,71.1,612.3,103.8,377.2,265.7
96.6,71.8,192.3,69.4,263.4,102.3,374.4,400.3
96.6,71.8,192.3,69.4,263.4,102.3,139.5,400.3
96.6,71.8,192.3,69.4,263.4,102.3,139.5,263.6
96.6,71.8,192.3,69.4,263.4,102.3,139.5,81.8
97.3,72.3,193.6,70.0,264.5,102.8,140.4,82.6
97.3,72.3,193.6,70.0,105.0,102.8,140.4,82.6
97.3,72.3,612.6,70.0,105.0,102.8,140.4,82.6
97.3,72.3,612.6,70.0,105.0,102.8,140.4,82.6
99.1,73.9,616.6,71.7,108.1,104.4,143.2,84.7
99.1,73.9,616.6,71.7,108.1,104.4,143.2,84.7
99.1,73.9,616.6,71.7,108.1,104.4,143.2,84.7
99.1,73.9,616.6,71.7,108.1,104.4,143.2,84.7
106.0,79.4,631.2,77.9,119.8,110.0,153.3,92.7
106.0,79.4,631.2,77.9,119.8,110.0,153.3,92.7
106.0,79.4,212.2,77.9,119.8,110.0,153.3,92.7
106.0,79.4,212.2,77.9,119.8,110.0,153.3,92.7
117.2,88.4,236.2,88.1,138.9,119.2,169.7,105.6
117.2,88.4,236.2,88.1,138.9,371.2,169.7,105.6
117.2,88.4,236.2,88.1,138.9,119.2,169.7,105.6
117.2,88.4,236.2,88.1,138.9,119.2,997.7,105.6
82.0,82.0,82.0,82.0,82.0,82.0,82.0,82.0
82.0,82.0,82.0,82.0,82.0,82.0,82.0,82.0
82.0,82.0,82.0,82.0,82.0,82.0,82.0,82.0
82.0,82.0,82.0,82.0,82.0,82.0,82.0,82.0
0.0,0.0,0.0,0.0,0.0,0.0,0.0,0.0
0.0,0.0,0.0,0.0,0.0,0.0,0.0,0.0
0.0,0.0,0.0,0.0,0.0,0.0,0.0,0.0
0.0,0.0,0.0,0.0,0.0,0.0,0.0,0.0
0.0,0.0,0.0,0.0,0.0,0.0,0.0,0.0
0.0,0.0,0.0,0.0,0.0,0.0,0.0,0.0
0.0,0.0,0.0,0.0,0.0,0.0,0.0,0.0
0.0,0.0,0.0,0.0,0.0,0.0,0.0,0.0
0.0,0.0,0.0,0.0,0.0,0.0,0.0,0.0
0.0,0.0,0.0,0.0,0.0,0.0,0.0,0.0
0.0,0.0,0.0,0.0,0.0,0.0,0.0,0.0
0.0,0.0,0.0,0.0,0.0,0.0,0.0,0.0
0.0,0.0,0.0,0.0,0.0,0.0,0.0,0.0
0.0,0.0,0.0,0.0,0.0,0.0,0.0,0.0
0.0,0.0,0.0,0.0,0.0,0.0,0.0,0.0
0.0,0.0,0.0,0.0,0.0,0.0,0.0,0.0
0.0,0.0,0.0,0.0,0.0,0.0,0.0,0.0
0.0,0.0,0.0,0.0,0.0,0.0,0.0,0.0
0.0,0.0,0.0,0.0,0.0,0.0,0.0,0.0
0.0,0.0,0.0,0.0,0.0,0.0,0.0,0.0
0.0,0.0,0.0,0.0,0.0,0.0,0.0,0.0
0.0,0.0,0.0,0.0,0.0,0.0,0.0,0.0
0.0,0.0,0.0,0.0,0.0,0.0,0.0,0.0
0.0,0.0,0.0,0.0,0.0,0.0,0.0,0.0
0.0,0.0,0.0,0.0,0.0,0.0,0.0,0.0
0.0,0.0,0.0,0.0,0.0,0.0,0.0,0.0
0.0,0.0,0.0,0.0,0.0,0.0,0.0,0.0
0.0,0.0,0.0,0.0,0.0,0.0,0.0,0.0
0.0,0.0,0.0,0.0,0.0,0.0,0.0,0.0
0.0,0.0,0.0,0.0,0.0,0.0,0.0,0.0
0.0,0.0,0.0,0.0,0.0,0.0,0.0,0.0
0.0,0.0,0.0,0.0,0.0,0.0,0.0,0.0
0.0,0.0,0.0,0.0,0.0,0.0,0.0,0.0
0.0,0.0,0.0,0.0,0.0,0.0,0.0,0.0
0.0,0.0,0.0,0.0,0.0,0.0,0.0,0.0
0.0,0.0,0.0,0.0,0.0,0.0,0.0,0.0
0.0,0.0,0.0,0.0,0.0,0.0,0.0,0.0
0.0,0.0,0.0,0.0,0.0,0.0,0.0,0.0
0.0,0.0,0.0,0.0,0.0,0.0,0.0,0.0
0.0,0.0,0.0,0.0,0.0,0.0,0.0,0.0
0.0,0.0,0.0,0.0,0.0,0.0,0.0,0.0
0.0,0.0,0.0,0.0,0.0,0.0,0.0,0.0
0.0,0.0,0.0,0.0,0.0,0.0,0.0,0.0
0.0,0.0,0.0,0.0,0.0,0.0,0.0,0.0
56.7,56.7,56.7,56.7,56.7,56.7,56.7,56.7
56.7,56.7,56.7,56.7,56.7,56.7,56.7,56.7
56.7,56.7,56.7,56.7,56.7,56.7,56.7,56.7
56.7,56.7,56.7,56.7,56.7,56.7,56.7,56.7
0.0,0.0,0.0,0.0,0.0,0.0,0.0,0.0
0.0,0.0,0.0,0.0,0.0,0.0,0.0,0.0
0.0,0.0,0.0,0.0,0.0,0.0,0.0,0.0
0.0,0.0,0.0,0.0,0.0,0.0,0.0,0.0
90.4,66.8,169.9,91.8,279.8,135.4,130.2,74.6
90.4,66.8,179.0,63.8,93.3,97.2,130.4,74.6
90.4,66.8,179.0,63.8,93.3,97.2,130.4,74.6
90.4,66.8,179.0,63.8,93.3,97.2,130.4,74.6
92.3,68.3,183.0,65.5,96.5,98.7,133.1,76.8
92.3,68.3,183.0,65.5,96.5,98.7,133.1,76.8
92.3,68.3,183.0,65.5,96.5,98.7,133.1,76.8
92.3,68.3,183.0,65.5,96.5,98.7,133.1,76.8
93.5,69.3,185.7,66.6,98.6,99.8,134.9,78.2
93.5,69.3,185.7,66.6,98.6,99.8,134.9,78.2
93.5,69.3,185.7,66.6,98.6,99.8,134.9,78.2
93.5,69.3,185.7,66.6,98.6,99.8,134.9,214.9
96.6,71.8,192.3,69.4,103.9,102.3,139.5,218.6
96.6,71.8,192.3,69.4,103.9,102.3,139.5,81.8
96.6,71.8,192.3,663.4,103.9,102.3,139.5,81.8
96.6,71.8,192.3,663.4,103.9,102.3,139.5,81.8
322.1,73.4,196.3,665.1,107.1,103.8,142.3,84.0
322.1,73.4,196.3,665.1,107.1,103.8,142.3,84.0
322.1,73.4,196.3,665.1,107.1,103.8,142.3,84.0
98.5,73.4,196.3,672.8,107.1,103.8,142.3,84.0
96.6,71.8,707.7,77.1,103.9,102.3,609.3,81.8
96.6,71.8,707.7,77.1,103.9,102.3,139.5,81.8
96.6,71.8,707.7,69.4,103.9,102.3,139.5,81.8
96.6,71.8,707.7,69.4,103.9,102.3,139.5,81.8
97.3,72.3,709.1,70.0,105.0,102.8,140.4,82.6
97.3,72.3,709.1,70.0,105.0,102.8,140.4,82.6
97.3,72.3,709.1,70.0,105.0,102.8,623.3,82.6
97.3,72.3,193.6,70.0,105.0,102.8,623.3,82.6
99.1,73.9,197.6,71.7,108.1,104.4,626.1,84.7
99.1,73.9,197.6,71.7,108.1,104.4,626.1,84.7
99.1,73.9,197.6,71.7,108.1,104.4,626.1,84.7
99.1,73.9,197.6,71.7,108.1,104.4,626.1,84.7
106.0,79.4,212.2,77.9,119.8,110.0,636.2,92.7
106.0,79.4,212.2,77.9,119.8,110.0,636.2,92.7
106.0,79.4,212.2,77.9,119.8,110.0,636.2,92.7
106.0,79.4,212.2,77.9,119.8,110.0,636.2,92.7
117.2,88.4,236.2,88.1,138.9,119.2,652.6,105.6
117.2,88.4,236.2,88.1,138.9,119.2,169.7,105.6
117.2,88.4,236.2,88.1,138.9,119.2,169.7,105.6
117.2,443.4,236.2,88.1,138.9,119.2,169.7,105.6
24.1,24.1,24.1,24.1,24.1,24.1,24.1,24.1
24.1,24.1,24.1,24.1,24.1,24.1,24.1,24.1
24.1,24.1,24.1,24.1,24.1,24.1,24.1,24.1
24.1,24.1,24.1,24.1,24.1,24.1,24.1,24.1
0.0,0.0,0.0,0.0,0.0,0.0,0.0,0.0
0.0,0.0,0.0,0.0,0.0,0.0,0.0,0.0
0.0,0.0,0.0,0.0,0.0,0.0,0.0,0.0
0.0,0.0,0.0,0.0,0.0,0.0,0.0,0.0
0.0,0.0,0.0,0.0,0.0,0.0,0.0,0.0
0.0,0.0,0.0,0.0,0.0,0.0,0.0,0.0
0.0,0.0,0.0,0.0,0.0,0.0,0.0,0.0
0.0,0.0,0.0,0.0,0.0,0.0,0.0,0.0
0.0,0.0,0.0,0.0,0.0,0.0,0.0,0.0
0.0,0.0,0.0,0.0,0.0,0.0,0.0,0.0
0.0,0.0,0.0,0.0,0.0,0.0,0.0,0.0
0.0,0.0,0.0,0.0,0.0,0.0,0.0,0.0
0.0,0.0,0.0,0.0,0.0,0.0,0.0,0.0
0.0,0.0,0.0,0.0,0.0,0.0,0.0,0.0
0.0,0.0,0.0,0.0,0.0,0.0,0.0,0.0
0.0,0.0,0.0,0.0,0.0,0.0,0.0,0.0
0.0,0.0,0.0,0.0,0.0,0.0,0.0,0.0
0.0,0.0,0.0,0.0,0.0,0.0,0.0,0.0
0.0,0.0,0.0,0.0,0.0,0.0,0.0,0.0
0.0,0.0,0.0,0.0,0.0,0.0,0.0,0.0
0.0,0.0,0.0,0.0,0.0,0.0,0.0,0.0
0.0,0.0,0.0,0.0,0.0,0.0,0.0,0.0
0.0,0.0,0.0,0.0,0.0,0.0,0.0,0.0
0.0,0.0,0.0,0.0,0.0,0.0,0.0,0.0
0.0,0.0,0.0,0.0,0.0,0.0,0.0,0.0
0.0,0.0,0.0,0.0,0.0,0.0,0.0,0.0
0.0,0.0,0.0,0.0,0.0,0.0,0.0,0.0
0.0,0.0,0.0,0.0,0.0,0.0,0.0,0.0
0.0,0.0,0.0,0.0,0.0,0.0,0.0,0.0
0.0,0.0,0.0,0.0,0.0,0.0,0.0,0.0
0.0,0.0,0.0,0.0,0.0,0.0,0.0,0.0
0.0,0.0,0.0,0.0,0.0,0.0,0.0,0.0
0.0,0.0,0.0,0.0,0.0,0.0,0.0,0.0
0.0,0.0,0.0,0.0,0.0,0.0,0.0,0.0
0.0,0.0,0.0,0.0,0.0,0.0,0.0,0.0
0.0,0.0,0.0,0.0,0.0,0.0,0.0,0.0
0.0,0.0,0.0,0.0,0.0,0.0,0.0,0.0
0.0,0.0,0.0,0.0,0.0,0.0,0.0,0.0
0.0,0.0,0.0,0.0,0.0,0.0,0.0,0.0
0.0,0.0,0.0,0.0,0.0,0.0,0.0,0.0
0.0,0.0,0.0,0.0,0.0,0.0,0.0,0.0
0.0,0.0,0.0,0.0,0.0,0.0,0.0,0.0
0.0,0.0,0.0,0.0,0.0,0.0,0.0,0.0
0.0,0.0,0.0,0.0,0.0,0.0,0.0,0.0
11.5,11.5,11.5,11.5,11.5,11.5,11.5,11.5
11.5,11.5,11.5,11.5,11.5,11.5,11.5,11.5
11.5,11.5,11.5,11.5,11.5,11.5,11.5,11.5
11.5,11.5,11.5,11.5,11.5,11.5,11.5,11.5
89.2,65.8,169.4,62.6,91.2,96.2,126.6,179.1
89.2,65.8,169.4,62.6,91.2,96.2,126.6,179.1
89.2,65.8,176.4,62.6,91.2,96.2,128.5,73.2
89.2,65.8,131.4,217.2,91.2,96.2,116.0,73.2
90.4,66.8,179.0,443.8,93.3,97.2,130.4,74.6
90.4,66.8,179.0,63.8,93.3,97.2,130.4,74.6
90.4,66.8,179.0,63.8,93.3,97.2,130.4,74.6
90.4,66.8,179.0,63.8,93.3,97.2,130.4,74.6
92.3,68.3,183.0,65.5,96.5,98.7,133.1,76.8
92.3,68.3,183.0,65.5,96.5,98.7,133.1,76.8
92.3,68.3,183.0,65.5,96.5,98.7,133.1,76.8
92.3,68.3,183.0,65.5,96.5,98.7,133.1,76.8
93.5,69.3,185.7,66.6,98.6,99.8,134.9,78.2
93.5,69.3,185.7,66.6,98.6,99.8,134.9,78.2
93.5,69.3,185.7,66.6,98.6,99.8,134.9,214.9
317.1,174.0,185.7,66.6,98.6,99.8,134.9,214.9
320.2,176.5,192.3,69.4,103.9,102.3,139.5,81.8
320.2,176.5,192.3,69.4,103.9,102.3,139.5,81.8
96.6,71.8,242.2,69.4,103.9,102.3,139.5,81.8
96.6,71.8,192.3,69.4,103.9,102.3,139.5,81.8
376.5,73.4,196.3,71.1,107.1,103.8,142.3,84.0
376.5,73.4,196.3,552.4,107.1,103.8,142.3,84.0
1186.5,73.4,196.3,71.1,107.1,131.7,142.3,84.0
1186.5,73.4,196.3,71.1,107.1,131.7,142.3,84.0
1184.6,71.8,192.3,69.4,103.9,102.3,139.5,81.8
1184.6,71.8,192.3,69.4,103.9,102.3,139.5,81.8
2272.6,71.8,192.3,69.4,103.9,102.3,139.5,81.8
2272.6,71.8,192.3,679.0,103.9,102.3,139.5,81.8
2273.3,72.3,193.6,679.6,105.0,102.8,140.4,82.6
2273.3,72.3,193.6,679.6,105.0,102.8,140.4,82.6
1185.3,72.3,193.6,679.6,105.0,102.8,140.4,82.6
1185.3,72.3,193.6,679.6,105.0,102.8,140.4,82.6
99.1,73.9,197.6,71.7,108.1,104.4,143.2,84.7
99.1,73.9,197.6,71.7,108.1,104.4,143.2,84.7
99.1,73.9,197.6,71.7,108.1,104.4,143.2,84.7
99.1,73.9,197.6,71.7,108.1,104.4,143.2,84.7
106.0,79.4,212.2,77.9,119.8,110.0,153.3,92.7
106.0,79.4,212.2,77.9,119.8,110.0,153.3,92.7
106.0,79.4,212.2,77.9,119.8,110.0,153.3,92.7
106.0,79.4,212.2,77.9,119.8,110.0,153.3,92.7
503.7,88.4,236.2,88.1,138.9,119.2,169.7,105.6
503.7,88.4,236.2,316.1,138.9,119.2,169.7,105.6
503.7,88.4,236.2,88.1,138.9,119.2,169.7,105.6
503.7,88.4,236.2,88.1,138.9,119.2,169.7,105.6
0.0,0.0,0.0,0.0,0.0,0.0,0.0,0.0
0.0,0.0,0.0,0.0,0.0,0.0,0.0,0.0
0.0,0.0,0.0,0.0,0.0,0.0,0.0,0.0
0.0,0.0,0.0,0.0,0.0,0.0,0.0,0.0
0.0,0.0,0.0,0.0,0.0,0.0,0.0,0.0
0.0,0.0,0.0,0.0,0.0,0.0,0.0,0.0
0.0,0.0,0.0,0.0,0.0,0.0,0.0,0.0
0.0,0.0,0.0,0.0,0.0,0.0,0.0,0.0
0.0,0.0,0.0,0.0,0.0,0.0,0.0,0.0
0.0,0.0,0.0,0.0,0.0,0.0,0.0,0.0
0.0,0.0,0.0,0.0,0.0,0.0,0.0,0.0
0.0,0.0,0.0,0.0,0.0,0.0,0.0,0.0
0.0,0.0,0.0,0.0,0.0,0.0,0.0,0.0
0.0,0.0,0.0,0.0,0.0,0.0,0.0,0.0
0.0,0.0,0.0,0.0,0.0,0.0,0.0,0.0
0.0,0.0,0.0,0.0,0.0,0.0,0.0,0.0
0.0,0.0,0.0,0.0,0.0,0.0,0.0,0.0
0.0,0.0,0.0,0.0,0.0,0.0,0.0,0.0
0.0,0.0,0.0,0.0,0.0,0.0,0.0,0.0
0.0,0.0,0.0,0.0,0.0,0.0,0.0,0.0
0.0,0.0,0.0,0.0,0.0,0.0,0.0,0.0
0.0,0.0,0.0,0.0,0.0,0.0,0.0,0.0
0.0,0.0,0.0,0.0,0.0,0.0,0.0,0.0
0.0,0.0,0.0,0.0,0.0,0.0,0.0,0.0
0.0,0.0,0.0,0.0,0.0,0.0,0.0,0.0
0.0,0.0,0.0,0.0,0.0,0.0,0.0,0.0
0.0,0.0,0.0,0.0,0.0,0.0,0.0,0.0
0.0,0.0,0.0,0.0,0.0,0.0,0.0,0.0
0.0,0.0,0.0,0.0,0.0,0.0,0.0,0.0
0.0,0.0,0.0,0.0,0.0,0.0,0.0,0.0
0.0,0.0,0.0,0.0,0.0,0.0,0.0,0.0
0.0,0.0,0.0,0.0,0.0,0.0,0.0,0.0
0.0,0.0,0.0,0.0,0.0,0.0,0.0,0.0
0.0,0.0,0.0,0.0,0.0,0.0,0.0,0.0
0.0,0.0,0.0,0.0,0.0,0.0,0.0,0.0
0.0,0.0,0.0,0.0,0.0,0.0,0.0,0.0
0.0,0.0,0.0,0.0,0.0,0.0,0.0,0.0
0.0,0.0,0.0,0.0,0.0,0.0,0.0,0.0
0.0,0.0,0.0,0.0,0.0,0.0,0.0,0.0
0.0,0.0,0.0,0.0,0.0,0.0,0.0,0.0
0.0,0.0,0.0,0.0,0.0,0.0,0.0,0.0
0.0,0.0,0.0,0.0,0.0,0.0,0.0,0.0
0.0,0.0,0.0,0.0,0.0,0.0,0.0,0.0
0.0,0.0,0.0,0.0,0.0,0.0,0.0,0.0
0.0,0.0,0.0,0.0,0.0,0.0,0.0,0.0
0.0,0.0,0.0,0.0,0.0,0.0,0.0,0.0
0.0,0.0,0.0,0.0,0.0,0.0,0.0,0.0
0.0,0.0,0.0,0.0,0.0,0.0,0.0,0.0
56.5,56.5,56.5,56.5,56.5,56.5,56.5,56.5
56.5,56.5,56.5,56.5,56.5,56.5,56.5,56.5
56.5,56.5,56.5,56.5,56.5,56.5,56.5,56.5
56.5,56.5,56.5,56.5,56.5,56.5,56.5,56.5
6.3,6.3,6.3,6.3,6.3,6.3,6.3,6.3
6.3,6.3,6.3,6.3,6.3,6.3,6.3,6.3
6.3,6.3,6.3,6.3,6.3,6.3,6.3,6.3
6.3,6.3,6.3,6.3,6.3,6.3,6.3,6.3
90.4,66.8,179.0,63.8,93.3,97.2,130.4,74.6
90.4,66.8,179.0,63.8,93.3,97.2,130.4,74.6
90.4,66.8,179.0,63.8,93.3,97.2,130.4,74.6
90.4,66.8,179.0,63.8,93.3,97.2,130.4,74.6
92.3,68.3,390.0,65.5,96.5,98.7,133.1,76.8
92.3,68.3,390.0,65.5,96.5,98.7,133.1,76.8
92.3,68.3,390.0,65.5,96.5,98.7,133.1,76.8
92.3,68.3,390.0,65.5,96.5,98.7,133.1,76.8
93.5,69.3,185.7,66.6,98.6,99.8,134.9,78.2
93.5,69.3,185.7,66.6,98.6,99.8,134.9,78.2
93.5,69.3,185.7,66.6,98.6,99.8,134.9,78.2
93.5,69.3,185.7,66.6,98.6,99.8,134.9,78.2
96.6,71.8,192.3,69.4,103.9,102.3,139.5,81.8
427.0,71.8,192.3,69.4,103.9,102.3,139.5,81.8
427.0,71.8,208.9,69.4,103.9,102.3,139.5,81.8
427.0,71.8,208.9,69.4,103.9,102.3,139.5,81.8
428.8,73.4,212.9,71.1,107.1,103.8,142.3,84.0
428.8,73.4,196.3,71.1,107.1,103.8,142.3,84.0
428.8,73.4,196.3,71.1,107.1,103.8,142.3,84.0
764.2,73.4,196.3,71.1,107.1,103.8,142.3,84.0
762.4,71.8,192.3,69.4,103.9,492.1,838.5,81.8
427.0,71.8,192.3,69.4,103.9,492.1,838.5,81.8
427.0,71.8,192.3,69.4,103.9,492.1,838.5,81.8
427.0,71.8,192.3,69.4,103.9,102.3,838.5,81.8
427.6,72.3,193.6,70.0,105.0,102.8,140.4,82.6
97.3,72.3,193.6,70.0,105.0,102.8,140.4,82.6
97.3,72.3,193.6,70.0,105.0,102.8,140.4,82.6
97.3,72.3,709.6,70.0,105.0,102.8,140.4,82.6
87.4,73.9,113.0,71.7,87.8,87.7,89.3,84.7
87.4,73.9,113.0,71.7,87.8,87.7,89.3,84.7
87.4,73.9,113.0,71.7,87.8,87.7,89.3,84.7
87.4,73.9,113.0,71.7,87.8,87.7,89.3,84.7
106.0,79.4,604.7,77.9,119.8,110.0,153.3,92.7
106.0,79.4,604.7,77.9,119.8,110.0,153.3,92.7
106.0,79.4,212.2,77.9,119.8,110.0,153.3,92.7
106.0,79.4,212.2,77.9,119.8,110.0,153.3,92.7
44.3,44.3,44.3,44.3,44.3,44.3,44.3,44.3
44.3,44.3,44.3,44.3,44.3,44.3,44.3,44.3
44.3,44.3,44.3,44.3,44.3,44.3,44.3,44.3
44.3,44.3,44.3,44.3,44.3,44.3,44.3,44.3
0.0,0.0,0.0,0.0,0.0,0.0,0.0,0.0
0.0,0.0,0.0,0.0,0.0,0.0,0.0,0.0
0.0,0.0,0.0,0.0,0.0,0.0,0.0,0.0
0.0,0.0,0.0,0.0,0.0,0.0,0.0,0.0
0.0,0.0,0.0,0.0,0.0,0.0,0.0,0.0
0.0,0.0,0.0,0.0,0.0,0.0,0.0,0.0
0.0,0.0,0.0,0.0,0.0,0.0,0.0,0.0
0.0,0.0,0.0,0.0,0.0,0.0,0.0,0.0
0.0,0.0,0.0,0.0,0.0,0.0,0.0,0.0
0.0,0.0,0.0,0.0,0.0,0.0,0.0,0.0
0.0,0.0,0.0,0.0,0.0,0.0,0.0,0.0
0.0,0.0,0.0,0.0,0.0,0.0,0.0,0.0
0.0,0.0,0.0,0.0,0.0,0.0,0.0,0.0
0.0,0.0,0.0,0.0,0.0,0.0,0.0,0.0
0.0,0.0,0.0,0.0,0.0,0.0,0.0,0.0
0.0,0.0,0.0,0.0,0.0,0.0,0.0,0.0
0.0,0.0,0.0,0.0,0.0,0.0,0.0,0.0
0.0,0.0,0.0,0.0,0.0,0.0,0.0,0.0
0.0,0.0,0.0,0.0,0.0,0.0,0.0,0.0
0.0,0.0,0.0,0.0,0.0,0.0,0.0,0.0
0.0,0.0,0.0,0.0,0.0,0.0,0.0,0.0
0.0,0.0,0.0,0.0,0.0,0.0,0.0,0.0
0.0,0.0,0.0,0.0,0.0,0.0,0.0,0.0
0.0,0.0,0.0,0.0,0.0,0.0,0.0,0.0
0.0,0.0,0.0,0.0,0.0,0.0,0.0,0.0
0.0,0.0,0.0,0.0,0.0,0.0,0.0,0.0
0.0,0.0,0.0,0.0,0.0,0.0,0.0,0.0
0.0,0.0,0.0,0.0,0.0,0.0,0.0,0.0
0.0,0.0,0.0,0.0,0.0,0.0,0.0,0.0
0.0,0.0,0.0,0.0,0.0,0.0,0.0,0.0
0.0,0.0,0.0,0.0,0.0,0.0,0.0,0.0
0.0,0.0,0.0,0.0,0.0,0.0,0.0,0.0
0.0,0.0,0.0,0.0,0.0,0.0,0.0,0.0
0.0,0.0,0.0,0.0,0.0,0.0,0.0,0.0
0.0,0.0,0.0,0.0,0.0,0.0,0.0,0.0
0.0,0.0,0.0,0.0,0.0,0.0,0.0,0.0
0.0,0.0,0.0,0.0,0.0,0.0,0.0,0.0
0.0,0.0,0.0,0.0,0.0,0.0,0.0,0.0
0.0,0.0,0.0,0.0,0.0,0.0,0.0,0.0
0.0,0.0,0.0,0.0,0.0,0.0,0.0,0.0
0.0,0.0,0.0,0.0,0.0,0.0,0.0,0.0
0.0,0.0,0.0,0.0,0.0,0.0,0.0,0.0
0.0,0.0,0.0,0.0,0.0,0.0,0.0,0.0
0.0,0.0,0.0,0.0,0.0,0.0,0.0,0.0
0.0,0.0,0.0,0.0,0.0,0.0,0.0,0.0
0.0,0.0,0.0,0.0,0.0,0.0,0.0,0.0
0.0,0.0,0.0,0.0,0.0,0.0,0.0,0.0
0.0,0.0,0.0,0.0,0.0,0.0,0.0,0.0
0.0,0.0,0.0,0.0,0.0,0.0,0.0,0.0
0.0,0.0,0.0,0.0,0.0,0.0,0.0,0.0
0.0,0.0,0.0,0.0,0.0,0.0,0.0,0.0
0.0,0.0,0.0,0.0,0.0,0.0,0.0,0.0
22.4,22.4,22.4,22.4,22.4,22.4,22.4,22.4
22.4,22.4,22.4,22.4,22.4,22.4,22.4,22.4
22.4,22.4,22.4,22.4,22.4,22.4,22.4,22.4
22.4,22.4,22.4,22.4,22.4,22.4,22.4,22.4
35.5,35.5,35.5,35.5,35.5,35.5,35.5,35.5
35.5,35.5,35.5,35.5,35.5,35.5,35.5,35.5
35.5,35.5,35.5,35.5,35.5,35.5,35.5,35.5
35.5,35.5,35.5,35.5,35.5,35.5,35.5,35.5
92.3,225.8,134.0,65.5,96.5,98.7,119.3,76.8
92.3,225.8,134.0,65.5,96.5,98.7,119.3,76.8
92.3,225.8,134.0,65.5,96.5,98.7,119.3,76.8
92.3,225.8,134.0,65.5,96.5,98.7,119.3,76.8
93.5,69.3,185.7,66.6,98.6,99.8,134.9,78.2
93.5,69.3,185.7,66.6,98.6,99.8,134.9,78.2
93.5,69.3,185.7,66.6,271.5,99.8,134.9,78.2
93.5,69.3,185.7,66.6,271.5,99.8,134.9,78.2
96.6,71.8,192.3,69.4,103.9,102.3,139.5,81.8
96.6,71.8,192.3,69.4,103.9,102.3,139.5,81.8
96.6,71.8,192.3,69.4,103.9,102.3,139.5,81.8
96.6,71.8,192.3,69.4,103.9,102.3,139.5,81.8
98.5,73.4,196.3,71.1,107.1,103.8,142.3,84.0
769.3,73.4,196.3,71.1,107.1,103.8,142.3,84.0
98.5,73.4,1245.0,71.1,107.1,103.8,142.3,84.0
98.5,73.4,196.3,78.8,107.1,103.8,142.3,84.0
96.6,71.8,192.3,77.1,103.9,102.3,139.5,81.8
96.6,71.8,192.3,77.1,103.9,102.3,139.5,81.8
96.6,71.8,192.3,69.4,103.9,102.3,139.5,81.8
96.6,71.8,192.3,69.4,103.9,102.3,139.5,81.8
97.3,72.3,193.6,70.0,105.0,102.8,140.4,82.6
97.3,72.3,193.6,70.0,105.0,102.8,140.4,82.6
97.3,72.3,193.6,70.0,105.0,102.8,140.4,82.6
97.3,72.3,193.6,70.0,105.0,102.8,140.4,82.6
99.1,73.9,197.6,71.7,108.1,104.4,143.2,84.7
99.1,73.9,197.6,71.7,108.1,104.4,143.2,84.7
99.1,73.9,197.6,71.7,108.1,104.4,143.2,84.7
99.1,73.9,197.6,71.7,108.1,104.4,143.2,84.7
106.0,79.4,212.2,77.9,119.8,110.0,153.3,92.7
106.0,79.4,212.2,77.9,119.8,110.0,153.3,92.7
106.0,79.4,212.2,77.9,119.8,110.0,153.3,92.7
106.0,79.4,212.2,77.9,119.8,110.0,153.3,92.7
117.2,88.4,236.2,88.1,138.9,119.2,169.7,105.6
117.2,88.4,236.2,88.1,138.9,119.2,169.7,105.6
117.2,88.4,236.2,88.1,138.9,119.2,169.7,105.6
117.2,594.4,236.2,164.1,138.9,119.2,169.7,105.6
0.0,0.0,0.0,0.0,0.0,0.0,0.0,0.0
0.0,0.0,0.0,0.0,0.0,0.0,0.0,0.0
0.0,0.0,0.0,0.0,0.0,0.0,0.0,0.0
0.0,0.0,0.0,0.0,0.0,0.0,0.0,0.0
0.0,0.0,0.0,0.0,0.0,0.0,0.0,0.0
0.0,0.0,0.0,0.0,0.0,0.0,0.0,0.0
0.0,0.0,0.0,0.0,0.0,0.0,0.0,0.0
0.0,0.0,0.0,0.0,0.0,0.0,0.0,0.0
0.0,0.0,0.0,0.0,0.0,0.0,0.0,0.0
0.0,0.0,0.0,0.0,0.0,0.0,0.0,0.0
0.0,0.0,0.0,0.0,0.0,0.0,0.0,0.0
0.0,0.0,0.0,0.0,0.0,0.0,0.0,0.0
0.0,0.0,0.0,0.0,0.0,0.0,0.0,0.0
0.0,0.0,0.0,0.0,0.0,0.0,0.0,0.0
0.0,0.0,0.0,0.0,0.0,0.0,0.0,0.0
0.0,0.0,0.0,0.0,0.0,0.0,0.0,0.0
0.0,0.0,0.0,0.0,0.0,0.0,0.0,0.0
0.0,0.0,0.0,0.0,0.0,0.0,0.0,0.0
0.0,0.0,0.0,0.0,0.0,0.0,0.0,0.0
0.0,0.0,0.0,0.0,0.0,0.0,0.0,0.0
0.0,0.0,0.0,0.0,0.0,0.0,0.0,0.0
0.0,0.0,0.0,0.0,0.0,0.0,0.0,0.0
0.0,0.0,0.0,0.0,0.0,0.0,0.0,0.0
0.0,0.0,0.0,0.0,0.0,0.0,0.0,0.0
0.0,0.0,0.0,0.0,0.0,0.0,0.0,0.0
0.0,0.0,0.0,0.0,0.0,0.0,0.0,0.0
0.0,0.0,0.0,0.0,0.0,0.0,0.0,0.0
0.0,0.0,0.0,0.0,0.0,0.0,0.0,0.0
0.0,0.0,0.0,0.0,0.0,0.0,0.0,0.0
0.0,0.0,0.0,0.0,0.0,0.0,0.0,0.0
0.0,0.0,0.0,0.0,0.0,0.0,0.0,0.0
0.0,0.0,0.0,0.0,0.0,0.0,0.0,0.0
0.0,0.0,0.0,0.0,0.0,0.0,0.0,0.0
0.0,0.0,0.0,0.0,0.0,0.0,0.0,0.0
0.0,0.0,0.0,0.0,0.0,0.0,0.0,0.0
0.0,0.0,0.0,0.0,0.0,0.0,0.0,0.0
0.0,0.0,0.0,0.0,0.0,0.0,0.0,0.0
0.0,0.0,0.0,0.0,0.0,0.0,0.0,0.0
0.0,0.0,0.0,0.0,0.0,0.0,0.0,0.0
0.0,0.0,0.0,0.0,0.0,0.0,0.0,0.0
0.0,0.0,0.0,0.0,0.0,0.0,0.0,0.0
0.0,0.0,0.0,0.0,0.0,0.0,0.0,0.0
0.0,0.0,0.0,0.0,0.0,0.0,0.0,0.0
0.0,0.0,0.0,0.0,0.0,0.0,0.0,0.0
0.0,0.0,0.0,0.0,0.0,0.0,0.0,0.0
0.0,0.0,0.0,0.0,0.0,0.0,0.0,0.0
0.0,0.0,0.0,0.0,0.0,0.0,0.0,0.0
0.0,0.0,0.0,0.0,0.0,0.0,0.0,0.0
0.0,0.0,0.0,0.0,0.0,0.0,0.0,0.0
0.0,0.0,0.0,0.0,0.0,0.0,0.0,0.0
0.0,0.0,0.0,0.0,0.0,0.0,0.0,0.0
0.0,0.0,0.0,0.0,0.0,0.0,0.0,0.0
0.0,0.0,0.0,0.0,0.0,0.0,0.0,0.0
0.0,0.0,0.0,0.0,0.0,0.0,0.0,0.0
0.0,0.0,0.0,0.0,0.0,0.0,0.0,0.0
0.0,0.0,0.0,0.0,0.0,0.0,0.0,0.0
0.0,0.0,0.0,0.0,0.0,0.0,0.0,0.0
0.0,0.0,0.0,0.0,0.0,0.0,0.0,0.0
0.0,0.0,0.0,0.0,0.0,0.0,0.0,0.0
0.0,0.0,0.0,0.0,0.0,0.0,0.0,0.0
92.3,68.3,621.7,65.5,96.5,98.7,133.1,76.8
92.3,68.3,621.7,65.5,96.5,98.7,133.1,76.8
92.3,68.3,621.7,65.5,96.5,98.7,133.1,76.8
92.3,68.3,621.7,65.5,96.5,98.7,133.1,76.8
93.5,69.3,624.3,66.6,98.6,99.8,134.9,78.2
93.5,69.3,624.3,66.6,98.6,99.8,134.9,78.2
93.5,69.3,624.3,66.6,98.6,155.4,134.9,78.2
93.5,69.3,624.3,66.6,98.6,99.8,134.9,78.2
96.6,71.8,192.3,69.4,103.9,102.3,139.5,81.8
96.6,71.8,192.3,69.4,103.9,102.3,139.5,81.8
96.6,71.8,1241.0,69.4,103.9,102.3,139.5,81.8
96.6,71.8,192.3,550.7,219.1,102.3,139.5,81.8
98.5,73.4,196.3,71.1,222.3,103.8,142.3,84.0
98.5,73.4,196.3,71.1,222.3,103.8,142.3,84.0
98.5,73.4,196.3,71.1,107.1,103.8,142.3,84.0
322.1,73.4,196.3,71.1,107.1,103.8,142.3,220.7
320.2,71.8,192.3,69.4,103.9,102.3,139.5,218.6
320.2,71.8,192.3,69.4,103.9,102.3,139.5,81.8
96.6,71.8,192.3,69.4,103.9,102.3,139.5,81.8
96.6,71.8,192.3,69.4,103.9,102.3,139.5,81.8
97.3,72.3,193.6,70.0,105.0,102.8,140.4,82.6
97.3,72.3,193.6,70.0,105.0,102.8,140.4,82.6
97.3,72.3,193.6,70.0,105.0,102.8,140.4,82.6
97.3,72.3,193.6,70.0,105.0,102.8,140.4,82.6
99.1,73.9,197.6,71.7,108.1,104.4,143.2,84.7
99.1,73.9,197.6,71.7,108.1,104.4,143.2,84.7
99.1,73.9,197.6,71.7,108.1,104.4,143.2,84.7
99.1,73.9,197.6,71.7,108.1,104.4,143.2,84.7
106.0,79.4,212.2,77.9,119.8,110.0,153.3,92.7
106.0,79.4,212.2,77.9,119.8,110.0,153.3,92.7
106.0,79.4,212.2,77.9,119.8,110.0,153.3,92.7
106.0,79.4,212.2,77.9,119.8,110.0,153.3,92.7
117.2,88.4,236.2,88.1,138.9,119.2,169.7,105.6
117.2,88.4,236.2,88.1,138.9,119.2,169.7,105.6
117.2,88.4,236.2,88.1,138.9,119.2,169.7,105.6
117.2,88.4,236.2,88.1,138.9,119.2,169.7,105.6
0.0,0.0,0.0,0.0,0.0,0.0,0.0,0.0
0.0,0.0,0.0,0.0,0.0,0.0,0.0,0.0
0.0,0.0,0.0,0.0,0.0,0.0,0.0,0.0
0.0,0.0,0.0,0.0,0.0,0.0,0.0,0.0
0.0,0.0,0.0,0.0,0.0,0.0,0.0,0.0
0.0,0.0,0.0,0.0,0.0,0.0,0.0,0.0
0.0,0.0,0.0,0.0,0.0,0.0,0.0,0.0
0.0,0.0,0.0,0.0,0.0,0.0,0.0,0.0
0.0,0.0,0.0,0.0,0.0,0.0,0.0,0.0
0.0,0.0,0.0,0.0,0.0,0.0,0.0,0.0
0.0,0.0,0.0,0.0,0.0,0.0,0.0,0.0
0.0,0.0,0.0,0.0,0.0,0.0,0.0,0.0
0.0,0.0,0.0,0.0,0.0,0.0,0.0,0.0
0.0,0.0,0.0,0.0,0.0,0.0,0.0,0.0
0.0,0.0,0.0,0.0,0.0,0.0,0.0,0.0
0.0,0.0,0.0,0.0,0.0,0.0,0.0,0.0
0.0,0.0,0.0,0.0,0.0,0.0,0.0,0.0
0.0,0.0,0.0,0.0,0.0,0.0,0.0,0.0
0.0,0.0,0.0,0.0,0.0,0.0,0.0,0.0
0.0,0.0,0.0,0.0,0.0,0.0,0.0,0.0
0.0,0.0,0.0,0.0,0.0,0.0,0.0,0.0
0.0,0.0,0.0,0.0,0.0,0.0,0.0,0.0
0.0,0.0,0.0,0.0,0.0,0.0,0.0,0.0
0.0,0.0,0.0,0.0,0.0,0.0,0.0,0.0
0.0,0.0,0.0,0.0,0.0,0.0,0.0,0.0
0.0,0.0,0.0,0.0,0.0,0.0,0.0,0.0
0.0,0.0,0.0,0.0,0.0,0.0,0.0,0.0
0.0,0.0,0.0,0.0,0.0,0.0,0.0,0.0
0.0,0.0,0.0,0.0,0.0,0.0,0.0,0.0
0.0,0.0,0.0,0.0,0.0,0.0,0.0,0.0
0.0,0.0,0.0,0.0,0.0,0.0,0.0,0.0
0.0,0.0,0.0,0.0,0.0,0.0,0.0,0.0
0.0,0.0,0.0,0.0,0.0,0.0,0.0,0.0
0.0,0.0,0.0,0.0,0.0,0.0,0.0,0.0
0.0,0.0,0.0,0.0,0.0,0.0,0.0,0.0
0.0,0.0,0.0,0.0,0.0,0.0,0.0,0.0
0.0,0.0,0.0,0.0,0.0,0.0,0.0,0.0
0.0,0.0,0.0,0.0,0.0,0.0,0.0,0.0
0.0,0.0,0.0,0.0,0.0,0.0,0.0,0.0
0.0,0.0,0.0,0.0,0.0,0.0,0.0,0.0
0.0,0.0,0.0,0.0,0.0,0.0,0.0,0.0
0.0,0.0,0.0,0.0,0.0,0.0,0.0,0.0
0.0,0.0,0.0,0.0,0.0,0.0,0.0,0.0
0.0,0.0,0.0,0.0,0.0,0.0,0.0,0.0
0.0,0.0,0.0,0.0,0.0,0.0,0.0,0.0
0.0,0.0,0.0,0.0,0.0,0.0,0.0,0.0
0.0,0.0,0.0,0.0,0.0,0.0,0.0,0.0
0.0,0.0,0.0,0.0,0.0,0.0,0.0,0.0
18.1,18.1,18.1,18.1,18.1,18.1,18.1,18.1
18.1,18.1,18.1,18.1,18.1,18.1,18.1,18.1
18.1,18.1,18.1,18.1,18.1,18.1,18.1,18.1
18.1,18.1,18.1,18.1,18.1,18.1,18.1,18.1
65.7,65.7,65.9,62.6,67.2,65.7,66.7,65.7
65.7,65.7,66.1,62.6,65.8,65.8,67.8,65.7
65.6,65.6,65.6,65.6,65.6,65.6,65.6,65.6
65.9,65.6,66.8,62.6,65.9,66.2,66.3,65.7
90.4,66.8,179.0,63.8,93.3,113.2,130.4,74.6
90.4,66.8,179.0,63.8,93.3,97.2,130.4,74.6
90.4,66.8,179.0,63.8,93.3,97.2,130.4,74.6
90.4,66.8,179.0,63.8,93.3,97.2,130.4,74.6
92.3,68.3,183.0,65.5,96.5,98.7,133.1,76.8
92.3,68.3,183.0,65.5,96.5,98.7,133.1,76.8
92.3,68.3,183.0,65.5,96.5,98.7,133.1,76.8
92.3,68.3,183.0,65.5,96.5,98.7,133.1,76.8
93.5,69.3,185.7,66.6,98.6,99.8,134.9,78.2
93.5,69.3,185.7,66.6,98.6,99.8,134.9,78.2
93.5,69.3,185.7,227.0,271.5,99.8,134.9,78.2
93.5,69.3,185.7,227.0,271.5,99.8,134.9,78.2
96.6,71.8,192.3,229.9,103.9,102.3,139.5,81.8
96.6,71.8,1426.3,69.4,103.9,102.3,139.5,81.8
96.6,71.8,1426.3,69.4,103.9,102.3,139.5,81.8
96.6,71.8,192.3,69.4,103.9,102.3,522.9,81.8
98.5,73.4,196.3,71.1,107.1,103.8,525.6,84.0
98.5,73.4,196.3,71.1,107.1,103.8,525.6,84.0
98.5,73.4,196.3,71.1,107.1,103.8,525.6,84.0
98.5,73.4,196.3,71.1,107.1,103.8,995.4,84.0
96.6,71.8,198.6,69.4,103.9,102.3,253.1,675.3
96.6,71.8,199.1,69.4,103.9,102.3,139.5,788.4
96.6,71.8,208.9,69.4,103.9,102.3,139.5,81.8
96.6,71.8,192.3,69.4,103.9,102.3,139.5,81.8
97.3,72.3,193.6,70.0,105.0,102.8,140.4,82.6
97.3,72.3,193.6,942.0,105.0,102.8,140.4,82.6
97.3,72.3,193.6,942.0,105.0,102.8,140.4,82.6
97.3,72.3,193.6,942.0,105.0,102.8,140.4,82.6
99.1,73.9,197.6,943.7,108.1,104.4,143.2,84.7
99.1,73.9,197.6,71.7,108.1,104.4,143.2,84.7
99.1,73.9,197.6,71.7,108.1,104.4,143.2,84.7
99.1,73.9,197.6,71.7,108.1,104.4,143.2,84.7
106.0,79.4,212.2,77.9,119.8,110.0,153.3,92.7
106.0,79.4,212.2,77.9,119.8,110.0,153.3,92.7
106.0,79.4,212.2,77.9,119.8,110.0,153.3,92.7
106.0,437.7,212.2,77.9,119.8,110.0,153.3,92.7
9.9,9.9,9.9,9.9,9.9,9.9,9.9,9.9
9.9,9.9,9.9,9.9,9.9,9.9,9.9,9.9
9.9,9.9,9.9,9.9,9.9,9.9,9.9,9.9
9.9,9.9,9.9,9.9,9.9,9.9,9.9,9.9
0.0,0.0,0.0,0.0,0.0,0.0,0.0,0.0
0.0,0.0,0.0,0.0,0.0,0.0,0.0,0.0
0.0,0.0,0.0,0.0,0.0,0.0,0.0,0.0
0.0,0.0,0.0,0.0,0.0,0.0,0.0,0.0
0.0,0.0,0.0,0.0,0.0,0.0,0.0,0.0
0.0,0.0,0.0,0.0,0.0,0.0,0.0,0.0
0.0,0.0,0.0,0.0,0.0,0.0,0.0,0.0
0.0,0.0,0.0,0.0,0.0,0.0,0.0,0.0
0.0,0.0,0.0,0.0,0.0,0.0,0.0,0.0
0.0,0.0,0.0,0.0,0.0,0.0,0.0,0.0
0.0,0.0,0.0,0.0,0.0,0.0,0.0,0.0
0.0,0.0,0.0,0.0,0.0,0.0,0.0,0.0
0.0,0.0,0.0,0.0,0.0,0.0,0.0,0.0
0.0,0.0,0.0,0.0,0.0,0.0,0.0,0.0
0.0,0.0,0.0,0.0,0.0,0.0,0.0,0.0
0.0,0.0,0.0,0.0,0.0,0.0,0.0,0.0
0.0,0.0,0.0,0.0,0.0,0.0,0.0,0.0
0.0,0.0,0.0,0.0,0.0,0.0,0.0,0.0
0.0,0.0,0.0,0.0,0.0,0.0,0.0,0.0
0.0,0.0,0.0,0.0,0.0,0.0,0.0,0.0
0.0,0.0,0.0,0.0,0.0,0.0,0.0,0.0
0.0,0.0,0.0,0.0,0.0,0.0,0.0,0.0
0.0,0.0,0.0,0.0,0.0,0.0,0.0,0.0
0.0,0.0,0.0,0.0,0.0,0.0,0.0,0.0
0.0,0.0,0.0,0.0,0.0,0.0,0.0,0.0
0.0,0.0,0.0,0.0,0.0,0.0,0.0,0.0
0.0,0.0,0.0,0.0,0.0,0.0,0.0,0.0
0.0,0.0,0.0,0.0,0.0,0.0,0.0,0.0
0.0,0.0,0.0,0.0,0.0,0.0,0.0,0.0
0.0,0.0,0.0,0.0,0.0,0.0,0.0,0.0
0.0,0.0,0.0,0.0,0.0,0.0,0.0,0.0
0.0,0.0,0.0,0.0,0.0,0.0,0.0,0.0
0.0,0.0,0.0,0.0,0.0,0.0,0.0,0.0
0.0,0.0,0.0,0.0,0.0,0.0,0.0,0.0
0.0,0.0,0.0,0.0,0.0,0.0,0.0,0.0
0.0,0.0,0.0,0.0,0.0,0.0,0.0,0.0
0.0,0.0,0.0,0.0,0.0,0.0,0.0,0.0
0.0,0.0,0.0,0.0,0.0,0.0,0.0,0.0
0.0,0.0,0.0,0.0,0.0,0.0,0.0,0.0
0.0,0.0,0.0,0.0,0.0,0.0,0.0,0.0
0.0,0.0,0.0,0.0,0.0,0.0,0.0,0.0
0.0,0.0,0.0,0.0,0.0,0.0,0.0,0.0
0.0,0.0,0.0,0.0,0.0,0.0,0.0,0.0
0.0,0.0,0.0,0.0,0.0,0.0,0.0,0.0
0.0,0.0,0.0,0.0,0.0,0.0,0.0,0.0
0.0,0.0,0.0,0.0,0.0,0.0,0.0,0.0
0.0,0.0,0.0,0.0,0.0,0.0,0.0,0.0
0.0,0.0,0.0,0.0,0.0,0.0,0.0,0.0
29.3,29.3,29.3,29.3,29.3,29.3,29.3,29.3
29.3,29.3,29.3,29.3,29.3,29.3,29.3,29.3
29.3,29.3,29.3,29.3,29.3,29.3,29.3,29.3
29.3,29.3,29.3,29.3,29.3,29.3,29.3,29.3
32.2,32.2,32.2,32.2,32.2,32.2,32.2,32.2
32.2,32.2,32.2,32.2,32.2,32.2,32.2,32.2
32.2,32.2,32.2,32.2,32.2,32.2,32.2,32.2
32.2,32.2,32.2,32.2,32.2,32.2,32.2,32.2
84.0,66.8,88.9,63.8,84.2,84.4,98.6,98.5
84.0,66.8,88.9,63.8,84.2,84.4,98.6,98.5
84.4,66.8,94.6,63.8,84.8,85.2,114.9,74.6
84.4,66.8,94.6,63.8,84.8,85.2,114.9,74.6
92.3,68.3,183.0,65.5,96.5,98.7,357.6,76.8
92.3,68.3,183.0,65.5,96.5,98.7,357.6,76.8
92.3,68.3,183.0,65.5,96.5,98.7,133.1,76.8
92.3,68.3,183.0,65.5,96.5,98.7,133.1,76.8
93.5,69.3,185.7,66.6,98.6,99.8,134.9,78.2
93.5,69.3,185.7,66.6,98.6,99.8,134.9,78.2
93.5,69.3,185.7,66.6,2181.9,99.8,134.9,78.2
93.5,69.3,185.7,66.6,2181.9,99.8,134.9,78.2
96.6,71.8,192.3,69.4,103.9,102.3,374.4,81.8
96.6,71.8,192.3,69.4,103.9,102.3,374.4,81.8
495.1,71.8,192.3,69.4,103.9,102.3,139.5,81.8
495.1,71.8,192.3,69.4,103.9,102.3,139.5,81.8
497.0,73.4,196.3,71.1,107.1,131.7,142.3,84.0
497.0,73.4,196.3,71.1,107.1,131.7,142.3,84.0
497.0,681.4,212.9,71.1,107.1,103.8,142.3,84.0
497.0,681.4,212.9,71.1,107.1,103.8,142.3,84.0
495.1,679.8,208.9,69.4,103.9,102.3,139.5,218.6
495.1,71.8,192.3,69.4,103.9,102.3,139.5,218.6
96.6,71.8,192.3,69.4,103.9,102.3,139.5,81.8
96.6,71.8,192.3,69.4,103.9,102.3,139.5,81.8
97.3,72.3,193.6,70.0,105.0,102.8,140.4,82.6
97.3,72.3,193.6,70.0,105.0,102.8,140.4,82.6
97.3,72.3,193.6,70.0,105.0,102.8,140.4,82.6
97.3,72.3,193.6,70.0,105.0,102.8,140.4,82.6
99.1,73.9,197.6,71.7,108.1,104.4,143.2,84.7
99.1,73.9,197.6,71.7,108.1,104.4,143.2,84.7
99.1,73.9,197.6,71.7,108.1,104.4,143.2,84.7
99.1,73.9,197.6,71.7,108.1,104.4,143.2,84.7
106.0,79.4,212.2,77.9,119.8,110.0,153.3,92.7
106.0,79.4,212.2,77.9,119.8,110.0,153.3,92.7
106.0,79.4,212.2,77.9,119.8,110.0,153.3,92.7
106.0,79.4,212.2,77.9,119.8,110.0,153.3,92.7
117.2,88.4,236.2,88.1,138.9,119.2,169.7,105.6
117.2,88.4,236.2,88.1,138.9,119.2,169.7,105.6
117.2,88.4,564.2,88.1,138.9,119.2,169.7,105.6
117.2,88.4,236.2,88.1,756.2,119.2,169.7,105.6
0.0,0.0,0.0,0.0,0.0,0.0,0.0,0.0
0.0,0.0,0.0,0.0,0.0,0.0,0.0,0.0
0.0,0.0,0.0,0.0,0.0,0.0,0.0,0.0
0.0,0.0,0.0,0.0,0.0,0.0,0.0,0.0
0.0,0.0,0.0,0.0,0.0,0.0,0.0,0.0
0.0,0.0,0.0,0.0,0.0,0.0,0.0,0.0
0.0,0.0,0.0,0.0,0.0,0.0,0.0,0.0
0.0,0.0,0.0,0.0,0.0,0.0,0.0,0.0
0.0,0.0,0.0,0.0,0.0,0.0,0.0,0.0
0.0,0.0,0.0,0.0,0.0,0.0,0.0,0.0
0.0,0.0,0.0,0.0,0.0,0.0,0.0,0.0
0.0,0.0,0.0,0.0,0.0,0.0,0.0,0.0
0.0,0.0,0.0,0.0,0.0,0.0,0.0,0.0
0.0,0.0,0.0,0.0,0.0,0.0,0.0,0.0
0.0,0.0,0.0,0.0,0.0,0.0,0.0,0.0
0.0,0.0,0.0,0.0,0.0,0.0,0.0,0.0
0.0,0.0,0.0,0.0,0.0,0.0,0.0,0.0
0.0,0.0,0.0,0.0,0.0,0.0,0.0,0.0
0.0,0.0,0.0,0.0,0.0,0.0,0.0,0.0
0.0,0.0,0.0,0.0,0.0,0.0,0.0,0.0
0.0,0.0,0.0,0.0,0.0,0.0,0.0,0.0
0.0,0.0,0.0,0.0,0.0,0.0,0.0,0.0
0.0,0.0,0.0,0.0,0.0,0.0,0.0,0.0
0.0,0.0,0.0,0.0,0.0,0.0,0.0,0.0
0.0,0.0,0.0,0.0,0.0,0.0,0.0,0.0
0.0,0.0,0.0,0.0,0.0,0.0,0.0,0.0
0.0,0.0,0.0,0.0,0.0,0.0,0.0,0.0
0.0,0.0,0.0,0.0,0.0,0.0,0.0,0.0
0.0,0.0,0.0,0.0,0.0,0.0,0.0,0.0
0.0,0.0,0.0,0.0,0.0,0.0,0.0,0.0
0.0,0.0,0.0,0.0,0.0,0.0,0.0,0.0
0.0,0.0,0.0,0.0,0.0,0.0,0.0,0.0
0.0,0.0,0.0,0.0,0.0,0.0,0.0,0.0
0.0,0.0,0.0,0.0,0.0,0.0,0.0,0.0
0.0,0.0,0.0,0.0,0.0,0.0,0.0,0.0
0.0,0.0,0.0,0.0,0.0,0.0,0.0,0.0
0.0,0.0,0.0,0.0,0.0,0.0,0.0,0.0
0.0,0.0,0.0,0.0,0.0,0.0,0.0,0.0
0.0,0.0,0.0,0.0,0.0,0.0,0.0,0.0
0.0,0.0,0.0,0.0,0.0,0.0,0.0,0.0
0.0,0.0,0.0,0.0,0.0,0.0,0.0,0.0
0.0,0.0,0.0,0.0,0.0,0.0,0.0,0.0
0.0,0.0,0.0,0.0,0.0,0.0,0.0,0.0
0.0,0.0,0.0,0.0,0.0,0.0,0.0,0.0
0.0,0.0,0.0,0.0,0.0,0.0,0.0,0.0
0.0,0.0,0.0,0.0,0.0,0.0,0.0,0.0
0.0,0.0,0.0,0.0,0.0,0.0,0.0,0.0
0.0,0.0,0.0,0.0,0.0,0.0,0.0,0.0
0.0,0.0,0.0,0.0,0.0,0.0,0.0,0.0
0.0,0.0,0.0,0.0,0.0,0.0,0.0,0.0
0.0,0.0,0.0,0.0,0.0,0.0,0.0,0.0
0.0,0.0,0.0,0.0,0.0,0.0,0.0,0.0
0.0,0.0,0.0,0.0,0.0,0.0,0.0,0.0
0.0,0.0,0.0,0.0,0.0,0.0,0.0,0.0
0.0,0.0,0.0,0.0,0.0,0.0,0.0,0.0
0.0,0.0,0.0,0.0,0.0,0.0,0.0,0.0
0.0,0.0,0.0,0.0,0.0,0.0,0.0,0.0
0.0,0.0,0.0,0.0,0.0,0.0,0.0,0.0
0.0,0.0,0.0,0.0,0.0,0.0,0.0,0.0
0.0,0.0,0.0,0.0,0.0,0.0,0.0,0.0
92.3,68.3,183.0,65.5,96.5,98.7,133.1,76.8
92.3,68.3,183.0,65.5,96.5,98.7,133.1,76.8
92.3,68.3,183.0,65.5,96.5,98.7,133.1,76.8
92.3,68.3,183.0,65.5,96.5,98.7,133.1,76.8
93.5,69.3,185.7,66.6,98.6,99.8,134.9,78.2
93.5,69.3,185.7,66.6,98.6,99.8,134.9,78.2
93.5,69.3,185.7,66.6,98.6,99.8,134.9,78.2
93.5,69.3,185.7,66.6,98.6,99.8,134.9,78.2
767.4,71.8,192.3,69.4,103.9,102.3,139.5,81.8
96.6,71.8,192.3,69.4,103.9,102.3,139.5,81.8
96.6,71.8,1241.0,69.4,103.9,102.3,139.5,81.8
96.6,71.8,192.3,69.4,103.9,102.3,374.4,81.8
98.5,73.4,196.3,71.1,107.1,103.8,377.2,84.0
98.5,73.4,196.3,71.1,222.3,103.8,142.3,220.7
98.5,387.3,196.3,71.1,222.3,103.8,142.3,220.7
98.5,73.4,196.3,71.1,222.3,103.8,142.3,84.0
96.6,71.8,192.3,69.4,103.9,102.3,139.5,81.8
96.6,71.8,192.3,69.4,103.9,102.3,139.5,81.8
96.6,71.8,726.8,69.4,103.9,102.3,139.5,81.8
96.6,71.8,726.8,69.4,103.9,102.3,139.5,81.8
97.3,72.3,728.1,70.0,105.0,102.8,140.4,82.6
97.3,72.3,728.1,70.0,105.0,102.8,140.4,82.6
97.3,72.3,728.1,70.0,105.0,102.8,140.4,82.6
97.3,72.3,728.1,70.0,105.0,102.8,140.4,82.6
99.1,73.9,732.1,71.7,108.1,104.4,143.2,84.7
99.1,73.9,732.1,71.7,108.1,104.4,143.2,84.7
99.1,73.9,197.6,71.7,108.1,104.4,143.2,84.7
99.1,73.9,197.6,71.7,108.1,104.4,143.2,84.7
71.1,71.1,71.1,71.1,71.1,71.1,71.1,71.1
71.1,71.1,71.1,71.1,71.1,71.1,71.1,71.1
71.1,71.1,71.1,71.1,71.1,71.1,71.1,71.1
71.1,71.1,71.1,71.1,71.1,71.1,71.1,71.1
22.6,22.6,22.6,22.6,22.6,22.6,22.6,22.6
22.6,22.6,22.6,22.6,22.6,22.6,22.6,22.6
22.6,22.6,22.6,22.6,22.6,22.6,22.6,22.6
22.6,22.6,22.6,22.6,22.6,22.6,22.6,22.6
0.0,0.0,0.0,0.0,0.0,0.0,0.0,0.0
0.0,0.0,0.0,0.0,0.0,0.0,0.0,0.0
0.0,0.0,0.0,0.0,0.0,0.0,0.0,0.0
0.0,0.0,0.0,0.0,0.0,0.0,0.0,0.0
0.0,0.0,0.0,0.0,0.0,0.0,0.0,0.0
0.0,0.0,0.0,0.0,0.0,0.0,0.0,0.0
0.0,0.0,0.0,0.0,0.0,0.0,0.0,0.0
0.0,0.0,0.0,0.0,0.0,0.0,0.0,0.0
0.0,0.0,0.0,0.0,0.0,0.0,0.0,0.0
0.0,0.0,0.0,0.0,0.0,0.0,0.0,0.0
0.0,0.0,0.0,0.0,0.0,0.0,0.0,0.0
0.0,0.0,0.0,0.0,0.0,0.0,0.0,0.0
0.0,0.0,0.0,0.0,0.0,0.0,0.0,0.0
0.0,0.0,0.0,0.0,0.0,0.0,0.0,0.0
0.0,0.0,0.0,0.0,0.0,0.0,0.0,0.0
0.0,0.0,0.0,0.0,0.0,0.0,0.0,0.0
0.0,0.0,0.0,0.0,0.0,0.0,0.0,0.0
0.0,0.0,0.0,0.0,0.0,0.0,0.0,0.0
0.0,0.0,0.0,0.0,0.0,0.0,0.0,0.0
0.0,0.0,0.0,0.0,0.0,0.0,0.0,0.0
0.0,0.0,0.0,0.0,0.0,0.0,0.0,0.0
0.0,0.0,0.0,0.0,0.0,0.0,0.0,0.0
0.0,0.0,0.0,0.0,0.0,0.0,0.0,0.0
0.0,0.0,0.0,0.0,0.0,0.0,0.0,0.0
0.0,0.0,0.0,0.0,0.0,0.0,0.0,0.0
0.0,0.0,0.0,0.0,0.0,0.0,0.0,0.0
0.0,0.0,0.0,0.0,0.0,0.0,0.0,0.0
0.0,0.0,0.0,0.0,0.0,0.0,0.0,0.0
0.0,0.0,0.0,0.0,0.0,0.0,0.0,0.0
0.0,0.0,0.0,0.0,0.0,0.0,0.0,0.0
0.0,0.0,0.0,0.0,0.0,0.0,0.0,0.0
0.0,0.0,0.0,0.0,0.0,0.0,0.0,0.0
0.0,0.0,0.0,0.0,0.0,0.0,0.0,0.0
0.0,0.0,0.0,0.0,0.0,0.0,0.0,0.0
0.0,0.0,0.0,0.0,0.0,0.0,0.0,0.0
0.0,0.0,0.0,0.0,0.0,0.0,0.0,0.0
0.0,0.0,0.0,0.0,0.0,0.0,0.0,0.0
0.0,0.0,0.0,0.0,0.0,0.0,0.0,0.0
0.0,0.0,0.0,0.0,0.0,0.0,0.0,0.0
0.0,0.0,0.0,0.0,0.0,0.0,0.0,0.0
0.0,0.0,0.0,0.0,0.0,0.0,0.0,0.0
0.0,0.0,0.0,0.0,0.0,0.0,0.0,0.0
0.0,0.0,0.0,0.0,0.0,0.0,0.0,0.0
0.0,0.0,0.0,0.0,0.0,0.0,0.0,0.0
0.0,0.0,0.0,0.0,0.0,0.0,0.0,0.0
0.0,0.0,0.0,0.0,0.0,0.0,0.0,0.0
0.0,0.0,0.0,0.0,0.0,0.0,0.0,0.0
0.0,0.0,0.0,0.0,0.0,0.0,0.0,0.0
0.0,0.0,0.0,0.0,0.0,0.0,0.0,0.0
0.0,0.0,0.0,0.0,0.0,0.0,0.0,0.0
0.0,0.0,0.0,0.0,0.0,0.0,0.0,0.0
0.0,0.0,0.0,0.0,0.0,0.0,0.0,0.0
20.8,20.8,20.8,20.8,20.8,20.8,20.8,20.8
20.8,20.8,20.8,20.8,20.8,20.8,20.8,20.8
20.8,20.8,20.8,20.8,20.8,20.8,20.8,20.8
20.8,20.8,20.8,20.8,20.8,20.8,20.8,20.8
32.3,32.3,32.3,32.3,32.3,32.3,32.3,32.3
32.3,32.3,32.3,32.3,32.3,32.3,32.3,32.3
32.3,32.3,32.3,32.3,32.3,32.3,32.3,32.3
32.3,32.3,32.3,32.3,32.3,32.3,32.3,32.3
42.1,42.1,42.1,42.1,42.1,42.1,42.1,42.1
42.1,42.1,42.1,42.1,42.1,42.1,42.1,42.1
42.1,42.1,42.1,42.1,42.1,42.1,42.1,42.1
42.1,42.1,42.1,42.1,42.1,42.1,42.1,42.1
83.9,69.3,98.7,66.6,84.8,84.9,90.6,78.2
83.9,69.3,98.7,66.6,84.8,84.9,90.6,78.2
83.9,69.3,98.7,66.6,84.8,84.9,90.6,78.2
83.9,69.3,98.7,66.6,84.8,84.9,90.6,78.2
50.9,50.9,50.9,50.9,50.9,50.9,50.9,50.9
50.9,50.9,50.9,50.9,50.9,50.9,50.9,50.9
50.9,50.9,50.9,50.9,50.9,50.9,50.9,50.9
50.9,50.9,50.9,50.9,50.9,50.9,50.9,50.9
57.4,57.4,57.4,57.4,57.4,57.4,57.4,57.4
57.4,57.4,57.4,57.4,57.4,57.4,57.4,57.4
57.4,57.4,57.4,57.4,57.4,57.4,57.4,57.4
57.4,57.4,57.4,57.4,57.4,57.4,57.4,57.4
96.6,71.8,189.9,69.4,215.8,102.3,138.9,81.8
96.6,71.8,189.9,69.4,215.8,102.3,138.9,81.8
96.6,71.8,192.3,69.4,103.9,102.3,139.5,81.8
96.6,71.8,192.3,69.4,103.9,102.3,139.5,81.8
50.1,50.1,50.1,50.1,50.1,50.1,50.1,50.1
50.1,50.1,50.1,50.1,50.1,50.1,50.1,50.1
50.1,50.1,50.1,50.1,50.1,50.1,50.1,50.1
50.1,50.1,50.1,50.1,50.1,50.1,50.1,50.1
28.0,28.0,28.0,28.0,28.0,28.0,28.0,28.0
28.0,28.0,28.0,28.0,28.0,28.0,28.0,28.0
28.0,28.0,28.0,28.0,28.0,28.0,28.0,28.0
28.0,28.0,28.0,28.0,28.0,28.0,28.0,28.0
8.3,8.3,8.3,8.3,8.3,8.3,8.3,8.3
8.3,8.3,8.3,8.3,8.3,8.3,8.3,8.3
8.3,8.3,8.3,8.3,8.3,8.3,8.3,8.3
8.3,8.3,8.3,8.3,8.3,8.3,8.3,8.3
5.0,5.0,5.0,5.0,5.0,5.0,5.0,5.0
5.0,5.0,5.0,5.0,5.0,5.0,5.0,5.0
5.0,5.0,5.0,5.0,5.0,5.0,5.0,5.0
5.0,5.0,5.0,5.0,5.0,5.0,5.0,5.0
0.0,0.0,0.0,0.0,0.0,0.0,0.0,0.0
0.0,0.0,0.0,0.0,0.0,0.0,0.0,0.0
0.0,0.0,0.0,0.0,0.0,0.0,0.0,0.0
0.0,0.0,0.0,0.0,0.0,0.0,0.0,0.0
0.0,0.0,0.0,0.0,0.0,0.0,0.0,0.0
0.0,0.0,0.0,0.0,0.0,0.0,0.0,0.0
0.0,0.0,0.0,0.0,0.0,0.0,0.0,0.0
0.0,0.0,0.0,0.0,0.0,0.0,0.0,0.0
0.0,0.0,0.0,0.0,0.0,0.0,0.0,0.0
0.0,0.0,0.0,0.0,0.0,0.0,0.0,0.0
0.0,0.0,0.0,0.0,0.0,0.0,0.0,0.0
0.0,0.0,0.0,0.0,0.0,0.0,0.0,0.0
0.0,0.0,0.0,0.0,0.0,0.0,0.0,0.0
0.0,0.0,0.0,0.0,0.0,0.0,0.0,0.0
0.0,0.0,0.0,0.0,0.0,0.0,0.0,0.0
0.0,0.0,0.0,0.0,0.0,0.0,0.0,0.0
0.0,0.0,0.0,0.0,0.0,0.0,0.0,0.0
0.0,0.0,0.0,0.0,0.0,0.0,0.0,0.0
0.0,0.0,0.0,0.0,0.0,0.0,0.0,0.0
0.0,0.0,0.0,0.0,0.0,0.0,0.0,0.0
0.0,0.0,0.0,0.0,0.0,0.0,0.0,0.0
0.0,0.0,0.0,0.0,0.0,0.0,0.0,0.0
0.0,0.0,0.0,0.0,0.0,0.0,0.0,0.0
0.0,0.0,0.0,0.0,0.0,0.0,0.0,0.0
0.0,0.0,0.0,0.0,0.0,0.0,0.0,0.0
0.0,0.0,0.0,0.0,0.0,0.0,0.0,0.0
0.0,0.0,0.0,0.0,0.0,0.0,0.0,0.0
0.0,0.0,0.0,0.0,0.0,0.0,0.0,0.0
0.0,0.0,0.0,0.0,0.0,0.0,0.0,0.0
0.0,0.0,0.0,0.0,0.0,0.0,0.0,0.0
0.0,0.0,0.0,0.0,0.0,0.0,0.0,0.0
0.0,0.0,0.0,0.0,0.0,0.0,0.0,0.0
0.0,0.0,0.0,0.0,0.0,0.0,0.0,0.0
0.0,0.0,0.0,0.0,0.0,0.0,0.0,0.0
0.0,0.0,0.0,0.0,0.0,0.0,0.0,0.0
0.0,0.0,0.0,0.0,0.0,0.0,0.0,0.0
0.0,0.0,0.0,0.0,0.0,0.0,0.0,0.0
0.0,0.0,0.0,0.0,0.0,0.0,0.0,0.0
0.0,0.0,0.0,0.0,0.0,0.0,0.0,0.0
0.0,0.0,0.0,0.0,0.0,0.0,0.0,0.0
0.0,0.0,0.0,0.0,0.0,0.0,0.0,0.0
0.0,0.0,0.0,0.0,0.0,0.0,0.0,0.0
0.0,0.0,0.0,0.0,0.0,0.0,0.0,0.0
0.0,0.0,0.0,0.0,0.0,0.0,0.0,0.0
0.0,0.0,0.0,0.0,0.0,0.0,0.0,0.0
0.0,0.0,0.0,0.0,0.0,0.0,0.0,0.0
0.0,0.0,0.0,0.0,0.0,0.0,0.0,0.0
0.0,0.0,0.0,0.0,0.0,0.0,0.0,0.0
0.0,0.0,0.0,0.0,0.0,0.0,0.0,0.0
0.0,0.0,0.0,0.0,0.0,0.0,0.0,0.0
0.0,0.0,0.0,0.0,0.0,0.0,0.0,0.0
0.0,0.0,0.0,0.0,0.0,0.0,0.0,0.0
32.5,32.5,32.5,32.5,32.5,32.5,32.5,32.5
32.5,32.5,32.5,32.5,32.5,32.5,32.5,32.5
32.5,32.5,32.5,32.5,32.5,32.5,32.5,32.5
32.5,32.5,32.5,32.5,32.5,32.5,32.5,32.5
90.4,324.8,231.0,63.8,93.3,97.2,130.4,74.6
90.4,66.8,179.0,63.8,93.3,97.2,130.4,74.6
90.4,66.8,179.0,63.8,93.3,97.2,130.4,74.6
90.4,66.8,179.0,63.8,93.3,97.2,130.4,74.6
92.3,68.3,183.0,65.5,96.5,98.7,133.1,76.8
92.3,68.3,183.0,65.5,96.5,98.7,133.1,76.8
92.3,68.3,183.0,65.5,96.5,98.7,133.1,76.8
92.3,68.3,183.0,65.5,96.5,98.7,133.1,76.8
93.5,69.3,185.7,66.6,98.6,99.8,134.9,78.2
93.5,69.3,185.7,66.6,98.6,99.8,134.9,78.2
93.5,69.3,235.6,66.6,98.6,99.8,134.9,351.7
93.5,69.3,185.7,66.6,98.6,99.8,134.9,78.2
96.6,71.8,192.3,69.4,103.9,120.9,139.5,81.8
96.6,863.8,192.3,69.4,103.9,120.9,139.5,81.8
96.6,385.8,192.3,69.4,103.9,120.9,139.5,81.8
96.6,71.8,192.3,69.4,103.9,102.3,139.5,81.8
48.7,48.7,48.7,48.7,48.7,48.7,48.7,48.7
48.7,48.7,48.7,48.7,48.7,48.7,48.7,48.7
48.7,48.7,48.7,48.7,48.7,48.7,48.7,48.7
48.7,48.7,48.7,48.7,48.7,48.7,48.7,48.7
44.7,44.7,44.7,44.7,44.7,44.7,44.7,44.7
44.7,44.7,44.7,44.7,44.7,44.7,44.7,44.7
44.7,44.7,44.7,44.7,44.7,44.7,44.7,44.7
44.7,44.7,44.7,44.7,44.7,44.7,44.7,44.7
35.6,35.6,35.6,35.6,35.6,35.6,35.6,35.6
35.6,35.6,35.6,35.6,35.6,35.6,35.6,35.6
35.6,35.6,35.6,35.6,35.6,35.6,35.6,35.6
35.6,35.6,35.6,35.6,35.6,35.6,35.6,35.6
99.1,73.9,166.0,71.7,100.3,100.1,102.5,84.7
99.1,73.9,166.0,71.7,100.3,100.1,102.5,84.7
99.1,73.9,166.0,71.7,100.3,100.1,102.5,84.7
99.1,73.9,166.0,71.7,100.3,100.1,102.5,84.7
106.0,79.4,212.2,77.9,119.8,110.0,153.3,92.7
106.0,79.4,212.2,77.9,119.8,110.0,153.3,92.7
106.0,79.4,591.7,77.9,119.8,110.0,153.3,92.7
106.0,79.4,591.7,77.9,119.8,110.0,153.3,92.7
117.2,88.4,615.6,88.1,138.9,119.2,169.7,105.6
117.2,88.4,615.6,88.1,138.9,119.2,169.7,105.6
117.2,88.4,699.6,88.1,138.9,119.2,169.7,105.6
117.2,88.4,699.6,111.4,138.9,119.2,169.7,105.6
0.0,0.0,0.0,0.0,0.0,0.0,0.0,0.0
0.0,0.0,0.0,0.0,0.0,0.0,0.0,0.0
0.0,0.0,0.0,0.0,0.0,0.0,0.0,0.0
0.0,0.0,0.0,0.0,0.0,0.0,0.0,0.0
0.0,0.0,0.0,0.0,0.0,0.0,0.0,0.0
0.0,0.0,0.0,0.0,0.0,0.0,0.0,0.0
0.0,0.0,0.0,0.0,0.0,0.0,0.0,0.0
0.0,0.0,0.0,0.0,0.0,0.0,0.0,0.0
0.0,0.0,0.0,0.0,0.0,0.0,0.0,0.0
0.0,0.0,0.0,0.0,0.0,0.0,0.0,0.0
0.0,0.0,0.0,0.0,0.0,0.0,0.0,0.0
0.0,0.0,0.0,0.0,0.0,0.0,0.0,0.0
0.0,0.0,0.0,0.0,0.0,0.0,0.0,0.0
0.0,0.0,0.0,0.0,0.0,0.0,0.0,0.0
0.0,0.0,0.0,0.0,0.0,0.0,0.0,0.0
0.0,0.0,0.0,0.0,0.0,0.0,0.0,0.0
0.0,0.0,0.0,0.0,0.0,0.0,0.0,0.0
0.0,0.0,0.0,0.0,0.0,0.0,0.0,0.0
0.0,0.0,0.0,0.0,0.0,0.0,0.0,0.0
0.0,0.0,0.0,0.0,0.0,0.0,0.0,0.0
0.0,0.0,0.0,0.0,0.0,0.0,0.0,0.0
0.0,0.0,0.0,0.0,0.0,0.0,0.0,0.0
0.0,0.0,0.0,0.0,0.0,0.0,0.0,0.0
0.0,0.0,0.0,0.0,0.0,0.0,0.0,0.0
0.0,0.0,0.0,0.0,0.0,0.0,0.0,0.0
0.0,0.0,0.0,0.0,0.0,0.0,0.0,0.0
0.0,0.0,0.0,0.0,0.0,0.0,0.0,0.0
0.0,0.0,0.0,0.0,0.0,0.0,0.0,0.0
0.0,0.0,0.0,0.0,0.0,0.0,0.0,0.0
0.0,0.0,0.0,0.0,0.0,0.0,0.0,0.0
0.0,0.0,0.0,0.0,0.0,0.0,0.0,0.0
0.0,0.0,0.0,0.0,0.0,0.0,0.0,0.0
0.0,0.0,0.0,0.0,0.0,0.0,0.0,0.0
0.0,0.0,0.0,0.0,0.0,0.0,0.0,0.0
0.0,0.0,0.0,0.0,0.0,0.0,0.0,0.0
0.0,0.0,0.0,0.0,0.0,0.0,0.0,0.0
0.0,0.0,0.0,0.0,0.0,0.0,0.0,0.0
0.0,0.0,0.0,0.0,0.0,0.0,0.0,0.0
0.0,0.0,0.0,0.0,0.0,0.0,0.0,0.0
0.0,0.0,0.0,0.0,0.0,0.0,0.0,0.0
0.0,0.0,0.0,0.0,0.0,0.0,0.0,0.0
0.0,0.0,0.0,0.0,0.0,0.0,0.0,0.0
0.0,0.0,0.0,0.0,0.0,0.0,0.0,0.0
0.0,0.0,0.0,0.0,0.0,0.0,0.0,0.0
0.0,0.0,0.0,0.0,0.0,0.0,0.0,0.0
0.0,0.0,0.0,0.0,0.0,0.0,0.0,0.0
0.0,0.0,0.0,0.0,0.0,0.0,0.0,0.0
0.0,0.0,0.0,0.0,0.0,0.0,0.0,0.0
10.1,10.1,10.1,10.1,10.1,10.1,10.1,10.1
10.1,10.1,10.1,10.1,10.1,10.1,10.1,10.1
10.1,10.1,10.1,10.1,10.1,10.1,10.1,10.1
10.1,10.1,10.1,10.1,10.1,10.1,10.1,10.1
89.2,65.8,114.6,62.6,207.2,96.2,106.5,73.2
89.2,65.8,176.4,62.6,91.2,116.2,128.5,73.2
89.2,65.8,176.4,62.6,91.2,116.2,128.5,73.2
89.2,65.8,176.4,62.6,91.2,96.2,128.5,73.2
36.0,36.0,36.0,36.0,36.0,36.0,36.0,36.0
36.0,36.0,36.0,36.0,36.0,36.0,36.0,36.0
36.0,36.0,36.0,36.0,36.0,36.0,36.0,36.0
36.0,36.0,36.0,36.0,36.0,36.0,36.0,36.0
92.3,68.3,183.0,65.5,96.5,98.7,133.1,76.8
92.3,68.3,183.0,65.5,96.5,98.7,133.1,76.8
92.3,68.3,183.0,65.5,96.5,98.7,133.1,76.8
92.3,68.3,183.0,65.5,96.5,98.7,133.1,76.8
49.2,49.2,49.2,49.2,49.2,49.2,49.2,49.2
49.2,49.2,49.2,49.2,49.2,49.2,49.2,49.2
49.2,49.2,49.2,49.2,49.2,49.2,49.2,49.2
49.2,49.2,49.2,49.2,49.2,49.2,49.2,49.2
52.5,52.5,52.5,52.5,52.5,52.5,52.5,52.5
52.5,52.5,52.5,52.5,52.5,52.5,52.5,52.5
52.5,52.5,52.5,52.5,52.5,52.5,52.5,52.5
52.5,52.5,52.5,52.5,52.5,52.5,52.5,52.5
98.5,73.4,874.3,71.1,279.9,103.8,142.3,316.6
98.5,73.4,874.3,71.1,107.1,103.8,142.3,84.0
98.5,1481.4,535.1,71.1,107.1,103.8,142.3,84.0
98.5,1481.4,535.1,71.1,107.1,103.8,142.3,84.0
96.6,71.8,192.3,69.4,103.9,102.3,139.5,81.8
96.6,71.8,192.3,69.4,103.9,102.3,139.5,81.8
96.6,71.8,192.3,69.4,103.9,102.3,139.5,81.8
96.6,71.8,192.3,69.4,103.9,102.3,139.5,81.8
97.3,72.3,166.5,70.0,105.0,356.8,138.4,82.6
276.0,72.3,145.0,70.0,105.0,201.1,136.8,82.6
276.0,72.3,145.0,70.0,105.0,201.1,136.8,82.6
97.3,72.3,152.2,70.0,105.0,253.1,256.3,82.6
99.1,73.9,197.6,71.7,108.1,555.7,568.5,84.7
99.1,73.9,197.6,71.7,108.1,555.7,568.5,84.7
99.1,73.9,197.6,71.7,108.1,104.4,568.5,84.7
99.1,73.9,197.6,71.7,108.1,104.4,568.5,84.7
106.0,79.4,212.2,77.9,119.8,110.0,578.6,92.7
106.0,79.4,212.2,77.9,119.8,110.0,153.3,92.7
106.0,79.4,212.2,77.9,119.8,110.0,153.3,92.7
106.0,79.4,212.2,77.9,119.8,110.0,153.3,92.7
63.0,63.0,63.0,63.0,63.0,63.0,63.0,63.0
63.0,63.0,63.0,63.0,63.0,63.0,63.0,63.0
63.0,63.0,63.0,63.0,63.0,63.0,63.0,63.0
63.0,63.0,63.0,63.0,63.0,63.0,63.0,63.0
0.0,0.0,0.0,0.0,0.0,0.0,0.0,0.0
0.0,0.0,0.0,0.0,0.0,0.0,0.0,0.0
0.0,0.0,0.0,0.0,0.0,0.0,0.0,0.0
0.0,0.0,0.0,0.0,0.0,0.0,0.0,0.0
0.0,0.0,0.0,0.0,0.0,0.0,0.0,0.0
0.0,0.0,0.0,0.0,0.0,0.0,0.0,0.0
0.0,0.0,0.0,0.0,0.0,0.0,0.0,0.0
0.0,0.0,0.0,0.0,0.0,0.0,0.0,0.0
0.0,0.0,0.0,0.0,0.0,0.0,0.0,0.0
0.0,0.0,0.0,0.0,0.0,0.0,0.0,0.0
0.0,0.0,0.0,0.0,0.0,0.0,0.0,0.0
0.0,0.0,0.0,0.0,0.0,0.0,0.0,0.0
0.0,0.0,0.0,0.0,0.0,0.0,0.0,0.0
0.0,0.0,0.0,0.0,0.0,0.0,0.0,0.0
0.0,0.0,0.0,0.0,0.0,0.0,0.0,0.0
0.0,0.0,0.0,0.0,0.0,0.0,0.0,0.0
0.0,0.0,0.0,0.0,0.0,0.0,0.0,0.0
0.0,0.0,0.0,0.0,0.0,0.0,0.0,0.0
0.0,0.0,0.0,0.0,0.0,0.0,0.0,0.0
0.0,0.0,0.0,0.0,0.0,0.0,0.0,0.0
0.0,0.0,0.0,0.0,0.0,0.0,0.0,0.0
0.0,0.0,0.0,0.0,0.0,0.0,0.0,0.0
0.0,0.0,0.0,0.0,0.0,0.0,0.0,0.0
0.0,0.0,0.0,0.0,0.0,0.0,0.0,0.0
0.0,0.0,0.0,0.0,0.0,0.0,0.0,0.0
0.0,0.0,0.0,0.0,0.0,0.0,0.0,0.0
0.0,0.0,0.0,0.0,0.0,0.0,0.0,0.0
0.0,0.0,0.0,0.0,0.0,0.0,0.0,0.0
0.0,0.0,0.0,0.0,0.0,0.0,0.0,0.0
0.0,0.0,0.0,0.0,0.0,0.0,0.0,0.0
0.0,0.0,0.0,0.0,0.0,0.0,0.0,0.0
0.0,0.0,0.0,0.0,0.0,0.0,0.0,0.0
0.0,0.0,0.0,0.0,0.0,0.0,0.0,0.0
0.0,0.0,0.0,0.0,0.0,0.0,0.0,0.0
0.0,0.0,0.0,0.0,0.0,0.0,0.0,0.0
0.0,0.0,0.0,0.0,0.0,0.0,0.0,0.0
0.0,0.0,0.0,0.0,0.0,0.0,0.0,0.0
0.0,0.0,0.0,0.0,0.0,0.0,0.0,0.0
0.0,0.0,0.0,0.0,0.0,0.0,0.0,0.0
0.0,0.0,0.0,0.0,0.0,0.0,0.0,0.0
0.0,0.0,0.0,0.0,0.0,0.0,0.0,0.0
0.0,0.0,0.0,0.0,0.0,0.0,0.0,0.0
0.0,0.0,0.0,0.0,0.0,0.0,0.0,0.0
0.0,0.0,0.0,0.0,0.0,0.0,0.0,0.0
0.0,0.0,0.0,0.0,0.0,0.0,0.0,0.0
0.0,0.0,0.0,0.0,0.0,0.0,0.0,0.0
0.0,0.0,0.0,0.0,0.0,0.0,0.0,0.0
0.0,0.0,0.0,0.0,0.0,0.0,0.0,0.0
29.8,29.8,29.8,29.8,29.8,29.8,29.8,29.8
29.8,29.8,29.8,29.8,29.8,29.8,29.8,29.8
29.8,29.8,29.8,29.8,29.8,29.8,29.8,29.8
29.8,29.8,29.8,29.8,29.8,29.8,29.8,29.8
0.0,0.0,0.0,0.0,0.0,0.0,0.0,0.0
0.0,0.0,0.0,0.0,0.0,0.0,0.0,0.0
0.0,0.0,0.0,0.0,0.0,0.0,0.0,0.0
0.0,0.0,0.0,0.0,0.0,0.0,0.0,0.0
90.4,66.8,179.0,63.8,93.3,97.2,130.4,214.6
90.4,66.8,179.0,63.8,93.3,97.2,130.4,74.6
90.4,66.8,179.0,63.8,93.3,97.2,130.4,74.6
90.4,66.8,137.8,329.6,93.3,97.2,127.8,74.6
92.3,68.3,183.0,65.5,96.5,98.7,133.1,76.8
92.3,68.3,183.0,65.5,96.5,98.7,133.1,76.8
92.3,68.3,183.0,65.5,96.5,98.7,133.1,76.8
92.3,68.3,183.0,65.5,96.5,98.7,133.1,76.8
93.5,69.3,185.7,66.6,98.6,99.8,134.9,78.2
93.5,69.3,185.7,66.6,98.6,99.8,134.9,78.2
93.5,69.3,185.7,66.6,271.5,99.8,134.9,78.2
93.5,69.3,185.7,66.6,271.5,99.8,134.9,78.2
320.2,71.8,845.9,69.4,103.9,102.3,139.5,81.8
320.2,71.8,845.9,69.4,103.9,102.3,139.5,81.8
320.2,71.8,1086.5,69.4,103.9,102.3,139.5,81.8
796.1,71.8,1086.5,69.4,103.9,102.3,139.5,81.8
798.0,73.4,1090.5,71.1,107.1,159.5,142.3,84.0
798.0,230.3,1090.5,71.1,107.1,103.8,142.3,84.0
798.0,230.3,1090.5,71.1,107.1,103.8,142.3,84.0
798.0,73.4,1090.5,71.1,107.1,103.8,142.3,84.0
796.1,71.8,1086.5,69.4,103.9,102.3,139.5,81.8
796.1,71.8,845.9,433.4,103.9,102.3,139.5,81.8
796.1,71.8,192.3,433.4,103.9,102.3,139.5,81.8
96.6,71.8,192.3,433.4,103.9,102.3,139.5,81.8
97.3,72.3,193.6,434.0,105.0,102.8,140.4,82.6
97.3,72.3,193.6,434.0,105.0,102.8,140.4,82.6
97.3,72.3,193.6,434.0,105.0,102.8,140.4,82.6
97.3,72.3,193.6,434.0,105.0,102.8,140.4,82.6
38.3,38.3,38.3,38.3,38.3,38.3,38.3,38.3
38.3,38.3,38.3,38.3,38.3,38.3,38.3,38.3
38.3,38.3,38.3,38.3,38.3,38.3,38.3,38.3
38.3,38.3,38.3,38.3,38.3,38.3,38.3,38.3
52.6,52.6,52.6,52.6,52.6,52.6,52.6,52.6
52.6,52.6,52.6,52.6,52.6,52.6,52.6,52.6
52.6,52.6,52.6,52.6,52.6,52.6,52.6,52.6
52.6,52.6,52.6,52.6,52.6,52.6,52.6,52.6
19.3,19.3,19.3,19.3,19.3,19.3,19.3,19.3
19.3,19.3,19.3,19.3,19.3,19.3,19.3,19.3
19.3,19.3,19.3,19.3,19.3,19.3,19.3,19.3
19.3,19.3,19.3,19.3,19.3,19.3,19.3,19.3
0.0,0.0,0.0,0.0,0.0,0.0,0.0,0.0
0.0,0.0,0.0,0.0,0.0,0.0,0.0,0.0
0.0,0.0,0.0,0.0,0.0,0.0,0.0,0.0
0.0,0.0,0.0,0.0,0.0,0.0,0.0,0.0
0.0,0.0,0.0,0.0,0.0,0.0,0.0,0.0
0.0,0.0,0.0,0.0,0.0,0.0,0.0,0.0
0.0,0.0,0.0,0.0,0.0,0.0,0.0,0.0
0.0,0.0,0.0,0.0,0.0,0.0,0.0,0.0
0.0,0.0,0.0,0.0,0.0,0.0,0.0,0.0
0.0,0.0,0.0,0.0,0.0,0.0,0.0,0.0
0.0,0.0,0.0,0.0,0.0,0.0,0.0,0.0
0.0,0.0,0.0,0.0,0.0,0.0,0.0,0.0
0.0,0.0,0.0,0.0,0.0,0.0,0.0,0.0
0.0,0.0,0.0,0.0,0.0,0.0,0.0,0.0
0.0,0.0,0.0,0.0,0.0,0.0,0.0,0.0
0.0,0.0,0.0,0.0,0.0,0.0,0.0,0.0
0.0,0.0,0.0,0.0,0.0,0.0,0.0,0.0
0.0,0.0,0.0,0.0,0.0,0.0,0.0,0.0
0.0,0.0,0.0,0.0,0.0,0.0,0.0,0.0
0.0,0.0,0.0,0.0,0.0,0.0,0.0,0.0
0.0,0.0,0.0,0.0,0.0,0.0,0.0,0.0
0.0,0.0,0.0,0.0,0.0,0.0,0.0,0.0
0.0,0.0,0.0,0.0,0.0,0.0,0.0,0.0
0.0,0.0,0.0,0.0,0.0,0.0,0.0,0.0
0.0,0.0,0.0,0.0,0.0,0.0,0.0,0.0
0.0,0.0,0.0,0.0,0.0,0.0,0.0,0.0
0.0,0.0,0.0,0.0,0.0,0.0,0.0,0.0
0.0,0.0,0.0,0.0,0.0,0.0,0.0,0.0
0.0,0.0,0.0,0.0,0.0,0.0,0.0,0.0
0.0,0.0,0.0,0.0,0.0,0.0,0.0,0.0
0.0,0.0,0.0,0.0,0.0,0.0,0.0,0.0
0.0,0.0,0.0,0.0,0.0,0.0,0.0,0.0
0.0,0.0,0.0,0.0,0.0,0.0,0.0,0.0
0.0,0.0,0.0,0.0,0.0,0.0,0.0,0.0
0.0,0.0,0.0,0.0,0.0,0.0,0.0,0.0
0.0,0.0,0.0,0.0,0.0,0.0,0.0,0.0
0.0,0.0,0.0,0.0,0.0,0.0,0.0,0.0
0.0,0.0,0.0,0.0,0.0,0.0,0.0,0.0
0.0,0.0,0.0,0.0,0.0,0.0,0.0,0.0
0.0,0.0,0.0,0.0,0.0,0.0,0.0,0.0
0.0,0.0,0.0,0.0,0.0,0.0,0.0,0.0
0.0,0.0,0.0,0.0,0.0,0.0,0.0,0.0
0.0,0.0,0.0,0.0,0.0,0.0,0.0,0.0
0.0,0.0,0.0,0.0,0.0,0.0,0.0,0.0
0.0,0.0,0.0,0.0,0.0,0.0,0.0,0.0
0.0,0.0,0.0,0.0,0.0,0.0,0.0,0.0
0.0,0.0,0.0,0.0,0.0,0.0,0.0,0.0
0.0,0.0,0.0,0.0,0.0,0.0,0.0,0.0
0.0,0.0,0.0,0.0,0.0,0.0,0.0,0.0
0.0,0.0,0.0,0.0,0.0,0.0,0.0,0.0
0.0,0.0,0.0,0.0,0.0,0.0,0.0,0.0
0.0,0.0,0.0,0.0,0.0,0.0,0.0,0.0
93.0,65.8,95.3,62.6,82.0,82.8,87.9,73.2
93.0,65.8,95.3,62.6,82.0,82.8,87.9,73.2
80.8,65.8,86.0,62.6,81.0,81.3,111.8,73.2
80.4,83.3,80.9,80.5,80.4,80.4,83.6,73.2
90.4,66.8,401.0,63.8,93.3,97.2,129.2,74.6
215.1,66.8,277.3,63.8,93.3,97.2,128.2,74.6
215.1,66.8,277.3,63.8,93.3,97.2,128.2,74.6
215.1,66.8,277.3,63.8,93.3,97.2,128.2,74.6
327.1,68.3,462.5,65.5,96.5,98.7,133.1,76.8
327.1,68.3,462.5,65.5,96.5,98.7,133.1,76.8
376.3,68.3,183.0,65.5,96.5,98.7,133.1,76.8
376.3,68.3,183.0,65.5,96.5,98.7,133.1,76.8
198.1,69.3,133.8,66.6,98.6,99.8,116.8,78.2
198.1,69.3,133.8,66.6,98.6,99.8,116.8,78.2
198.1,69.3,133.8,66.6,98.6,99.8,116.8,78.2
198.1,69.3,133.8,66.6,98.6,99.8,116.8,78.2
49.1,49.1,49.1,49.1,49.1,49.1,49.1,49.1
49.1,49.1,49.1,49.1,49.1,49.1,49.1,49.1
49.1,49.1,49.1,49.1,49.1,49.1,49.1,49.1
49.1,49.1,49.1,49.1,49.1,49.1,49.1,49.1
49.1,49.1,49.1,49.1,49.1,49.1,49.1,49.1
49.1,49.1,49.1,49.1,49.1,49.1,49.1,49.1
49.1,49.1,49.1,49.1,49.1,49.1,49.1,49.1
49.1,49.1,49.1,49.1,49.1,49.1,49.1,49.1
44.2,44.2,44.2,44.2,44.2,44.2,44.2,44.2
44.2,44.2,44.2,44.2,44.2,44.2,44.2,44.2
44.2,44.2,44.2,44.2,44.2,44.2,44.2,44.2
44.2,44.2,44.2,44.2,44.2,44.2,44.2,44.2
97.3,72.3,193.6,70.0,105.0,102.8,140.4,82.6
97.3,72.3,193.6,70.0,105.0,102.8,140.4,82.6
97.3,72.3,193.6,70.0,105.0,102.8,489.6,82.6
97.3,72.3,193.6,70.0,105.0,102.8,489.6,82.6
99.1,73.9,197.6,71.7,108.1,104.4,492.3,84.7
99.1,73.9,197.6,71.7,108.1,104.4,492.3,84.7
99.1,73.9,197.6,71.7,108.1,104.4,492.3,84.7
99.1,73.9,197.6,71.7,108.1,104.4,492.3,84.7
13.5,13.5,13.5,13.5,13.5,13.5,13.5,13.5
13.5,13.5,13.5,13.5,13.5,13.5,13.5,13.5
13.5,13.5,13.5,13.5,13.5,13.5,13.5,13.5
13.5,13.5,13.5,13.5,13.5,13.5,13.5,13.5
4.2,4.2,4.2,4.2,4.2,4.2,4.2,4.2
4.2,4.2,4.2,4.2,4.2,4.2,4.2,4.2
4.2,4.2,4.2,4.2,4.2,4.2,4.2,4.2
4.2,4.2,4.2,4.2,4.2,4.2,4.2,4.2
0.0,0.0,0.0,0.0,0.0,0.0,0.0,0.0
0.0,0.0,0.0,0.0,0.0,0.0,0.0,0.0
0.0,0.0,0.0,0.0,0.0,0.0,0.0,0.0
0.0,0.0,0.0,0.0,0.0,0.0,0.0,0.0
0.0,0.0,0.0,0.0,0.0,0.0,0.0,0.0
0.0,0.0,0.0,0.0,0.0,0.0,0.0,0.0
0.0,0.0,0.0,0.0,0.0,0.0,0.0,0.0
0.0,0.0,0.0,0.0,0.0,0.0,0.0,0.0
0.0,0.0,0.0,0.0,0.0,0.0,0.0,0.0
0.0,0.0,0.0,0.0,0.0,0.0,0.0,0.0
0.0,0.0,0.0,0.0,0.0,0.0,0.0,0.0
0.0,0.0,0.0,0.0,0.0,0.0,0.0,0.0
0.0,0.0,0.0,0.0,0.0,0.0,0.0,0.0
0.0,0.0,0.0,0.0,0.0,0.0,0.0,0.0
0.0,0.0,0.0,0.0,0.0,0.0,0.0,0.0
0.0,0.0,0.0,0.0,0.0,0.0,0.0,0.0
0.0,0.0,0.0,0.0,0.0,0.0,0.0,0.0
0.0,0.0,0.0,0.0,0.0,0.0,0.0,0.0
0.0,0.0,0.0,0.0,0.0,0.0,0.0,0.0
0.0,0.0,0.0,0.0,0.0,0.0,0.0,0.0
0.0,0.0,0.0,0.0,0.0,0.0,0.0,0.0
0.0,0.0,0.0,0.0,0.0,0.0,0.0,0.0
0.0,0.0,0.0,0.0,0.0,0.0,0.0,0.0
0.0,0.0,0.0,0.0,0.0,0.0,0.0,0.0
0.0,0.0,0.0,0.0,0.0,0.0,0.0,0.0
0.0,0.0,0.0,0.0,0.0,0.0,0.0,0.0
0.0,0.0,0.0,0.0,0.0,0.0,0.0,0.0
0.0,0.0,0.0,0.0,0.0,0.0,0.0,0.0
0.0,0.0,0.0,0.0,0.0,0.0,0.0,0.0
0.0,0.0,0.0,0.0,0.0,0.0,0.0,0.0
0.0,0.0,0.0,0.0,0.0,0.0,0.0,0.0
0.0,0.0,0.0,0.0,0.0,0.0,0.0,0.0
0.0,0.0,0.0,0.0,0.0,0.0,0.0,0.0
0.0,0.0,0.0,0.0,0.0,0.0,0.0,0.0
0.0,0.0,0.0,0.0,0.0,0.0,0.0,0.0
0.0,0.0,0.0,0.0,0.0,0.0,0.0,0.0
0.0,0.0,0.0,0.0,0.0,0.0,0.0,0.0
0.0,0.0,0.0,0.0,0.0,0.0,0.0,0.0
0.0,0.0,0.0,0.0,0.0,0.0,0.0,0.0
0.0,0.0,0.0,0.0,0.0,0.0,0.0,0.0
0.0,0.0,0.0,0.0,0.0,0.0,0.0,0.0
0.0,0.0,0.0,0.0,0.0,0.0,0.0,0.0
0.0,0.0,0.0,0.0,0.0,0.0,0.0,0.0
0.0,0.0,0.0,0.0,0.0,0.0,0.0,0.0
0.0,0.0,0.0,0.0,0.0,0.0,0.0,0.0
0.0,0.0,0.0,0.0,0.0,0.0,0.0,0.0
0.0,0.0,0.0,0.0,0.0,0.0,0.0,0.0
0.0,0.0,0.0,0.0,0.0,0.0,0.0,0.0
28.0,28.0,28.0,28.0,28.0,28.0,28.0,28.0
28.0,28.0,28.0,28.0,28.0,28.0,28.0,28.0
28.0,28.0,28.0,28.0,28.0,28.0,28.0,28.0
28.0,28.0,28.0,28.0,28.0,28.0,28.0,28.0
89.2,65.8,166.0,62.6,91.2,96.2,124.8,115.0
89.2,65.8,176.4,62.6,91.2,96.2,128.5,73.2
89.2,178.7,113.8,62.6,91.2,96.2,105.9,73.2
89.2,65.8,176.4,62.6,91.2,96.2,128.5,73.2
90.4,66.8,178.8,63.8,588.4,101.2,130.4,74.6
90.4,66.8,179.0,63.8,93.3,101.2,130.4,74.6
90.4,66.8,179.0,63.8,93.3,97.2,130.4,74.6
90.4,66.8,179.0,63.8,93.3,97.2,130.4,74.6
92.3,68.3,183.0,65.5,96.5,98.7,133.1,76.8
92.3,68.3,183.0,65.5,96.5,98.7,133.1,76.8
92.3,68.3,183.0,65.5,96.5,98.7,133.1,76.8
92.3,68.3,183.0,65.5,96.5,98.7,133.1,76.8
93.5,69.3,185.7,66.6,98.6,99.8,134.9,78.2
93.5,69.3,185.7,66.6,98.6,99.8,134.9,78.2
93.5,69.3,185.7,66.6,98.6,99.8,134.9,78.2
93.5,69.3,185.7,66.6,98.6,99.8,604.8,78.2
96.6,71.8,192.3,69.4,276.8,102.3,139.5,81.8
96.6,71.8,541.9,69.4,276.8,102.3,139.5,81.8
96.6,71.8,541.9,69.4,103.9,102.3,139.5,81.8
1749.5,71.8,404.1,69.4,103.9,102.3,139.5,81.8
4265.7,73.4,196.3,71.1,107.1,103.8,142.3,84.0
3432.7,894.9,196.3,82.6,107.1,103.8,142.3,84.0
98.5,1023.4,196.3,82.6,107.1,103.8,142.3,84.0
98.5,4240.6,196.3,71.1,107.1,103.8,142.3,84.0
96.6,4318.0,192.3,69.4,103.9,102.3,139.5,81.8
96.6,71.8,192.3,69.4,103.9,102.3,139.5,81.8
96.6,71.8,192.3,69.4,103.9,102.3,139.5,81.8
96.6,71.8,192.3,69.4,103.9,102.3,139.5,81.8
97.3,72.3,193.6,70.0,105.0,102.8,140.4,82.6
97.3,72.3,193.6,70.0,105.0,102.8,140.4,82.6
97.3,72.3,193.6,70.0,105.0,102.8,140.4,82.6
97.3,72.3,193.6,70.0,105.0,102.8,140.4,82.6
99.1,73.9,197.6,71.7,108.1,104.4,143.2,84.7
99.1,73.9,197.6,71.7,108.1,104.4,143.2,84.7
99.1,73.9,197.6,71.7,108.1,104.4,143.2,84.7
99.1,73.9,197.6,71.7,108.1,104.4,143.2,84.7
106.0,79.4,212.2,77.9,119.8,110.0,153.3,92.7
106.0,79.4,212.2,77.9,119.8,110.0,153.3,92.7
106.0,79.4,212.2,77.9,119.8,110.0,153.3,92.7
106.0,79.4,212.2,77.9,119.8,110.0,153.3,92.7
117.2,88.4,236.2,88.1,138.9,119.2,169.7,105.6
117.2,88.4,236.2,88.1,138.9,599.2,169.7,640.6
117.2,88.4,236.2,88.1,138.9,119.2,169.7,640.6
117.2,88.4,236.2,292.1,138.9,119.2,169.7,640.6
0.0,0.0,0.0,0.0,0.0,0.0,0.0,0.0
0.0,0.0,0.0,0.0,0.0,0.0,0.0,0.0
0.0,0.0,0.0,0.0,0.0,0.0,0.0,0.0
0.0,0.0,0.0,0.0,0.0,0.0,0.0,0.0
0.0,0.0,0.0,0.0,0.0,0.0,0.0,0.0
0.0,0.0,0.0,0.0,0.0,0.0,0.0,0.0
0.0,0.0,0.0,0.0,0.0,0.0,0.0,0.0
0.0,0.0,0.0,0.0,0.0,0.0,0.0,0.0
0.0,0.0,0.0,0.0,0.0,0.0,0.0,0.0
0.0,0.0,0.0,0.0,0.0,0.0,0.0,0.0
0.0,0.0,0.0,0.0,0.0,0.0,0.0,0.0
0.0,0.0,0.0,0.0,0.0,0.0,0.0,0.0
0.0,0.0,0.0,0.0,0.0,0.0,0.0,0.0
0.0,0.0,0.0,0.0,0.0,0.0,0.0,0.0
0.0,0.0,0.0,0.0,0.0,0.0,0.0,0.0
0.0,0.0,0.0,0.0,0.0,0.0,0.0,0.0
0.0,0.0,0.0,0.0,0.0,0.0,0.0,0.0
0.0,0.0,0.0,0.0,0.0,0.0,0.0,0.0
0.0,0.0,0.0,0.0,0.0,0.0,0.0,0.0
0.0,0.0,0.0,0.0,0.0,0.0,0.0,0.0
0.0,0.0,0.0,0.0,0.0,0.0,0.0,0.0
0.0,0.0,0.0,0.0,0.0,0.0,0.0,0.0
0.0,0.0,0.0,0.0,0.0,0.0,0.0,0.0
0.0,0.0,0.0,0.0,0.0,0.0,0.0,0.0
0.0,0.0,0.0,0.0,0.0,0.0,0.0,0.0
0.0,0.0,0.0,0.0,0.0,0.0,0.0,0.0
0.0,0.0,0.0,0.0,0.0,0.0,0.0,0.0
0.0,0.0,0.0,0.0,0.0,0.0,0.0,0.0
0.0,0.0,0.0,0.0,0.0,0.0,0.0,0.0
0.0,0.0,0.0,0.0,0.0,0.0,0.0,0.0
0.0,0.0,0.0,0.0,0.0,0.0,0.0,0.0
0.0,0.0,0.0,0.0,0.0,0.0,0.0,0.0
0.0,0.0,0.0,0.0,0.0,0.0,0.0,0.0
0.0,0.0,0.0,0.0,0.0,0.0,0.0,0.0
0.0,0.0,0.0,0.0,0.0,0.0,0.0,0.0
0.0,0.0,0.0,0.0,0.0,0.0,0.0,0.0
0.0,0.0,0.0,0.0,0.0,0.0,0.0,0.0
0.0,0.0,0.0,0.0,0.0,0.0,0.0,0.0
0.0,0.0,0.0,0.0,0.0,0.0,0.0,0.0
0.0,0.0,0.0,0.0,0.0,0.0,0.0,0.0
0.0,0.0,0.0,0.0,0.0,0.0,0.0,0.0
0.0,0.0,0.0,0.0,0.0,0.0,0.0,0.0
0.0,0.0,0.0,0.0,0.0,0.0,0.0,0.0
0.0,0.0,0.0,0.0,0.0,0.0,0.0,0.0
0.0,0.0,0.0,0.0,0.0,0.0,0.0,0.0
0.0,0.0,0.0,0.0,0.0,0.0,0.0,0.0
0.0,0.0,0.0,0.0,0.0,0.0,0.0,0.0
0.0,0.0,0.0,0.0,0.0,0.0,0.0,0.0
0.0,0.0,0.0,0.0,0.0,0.0,0.0,0.0
0.0,0.0,0.0,0.0,0.0,0.0,0.0,0.0
0.0,0.0,0.0,0.0,0.0,0.0,0.0,0.0
0.0,0.0,0.0,0.0,0.0,0.0,0.0,0.0
0.0,0.0,0.0,0.0,0.0,0.0,0.0,0.0
0.0,0.0,0.0,0.0,0.0,0.0,0.0,0.0
0.0,0.0,0.0,0.0,0.0,0.0,0.0,0.0
0.0,0.0,0.0,0.0,0.0,0.0,0.0,0.0
90.4,66.8,280.2,63.8,93.3,97.2,112.7,74.6
90.4,66.8,280.0,63.8,93.3,97.2,112.9,74.6
90.4,66.8,280.0,63.8,93.3,97.2,112.9,74.6
90.4,66.8,280.0,63.8,93.3,97.2,112.9,74.6
92.3,68.3,183.0,65.5,96.5,98.7,133.1,76.8
92.3,68.3,183.0,65.5,96.5,98.7,133.1,76.8
92.3,68.3,183.0,65.5,96.5,98.7,133.1,76.8
92.3,68.3,183.0,65.5,96.5,98.7,133.1,76.8
93.5,69.3,185.7,66.6,98.6,99.8,134.9,78.2
93.5,69.3,185.7,66.6,98.6,99.8,134.9,78.2
93.5,69.3,1165.7,74.2,98.6,1197.7,134.9,78.2
93.5,69.3,185.7,74.2,98.6,99.8,134.9,78.2
96.6,71.8,192.3,77.1,103.9,102.3,139.5,81.8
96.6,71.8,192.3,69.4,103.9,102.3,139.5,81.8
96.6,71.8,192.3,69.4,103.9,102.3,139.5,81.8
96.6,176.5,192.3,69.4,103.9,102.3,139.5,81.8
98.5,178.0,196.3,71.1,107.1,103.8,142.3,84.0
453.2,178.0,196.3,71.1,107.1,103.8,142.3,175.1
453.2,73.4,196.3,71.1,107.1,103.8,142.3,175.1
453.2,73.4,196.3,71.1,107.1,103.8,142.3,175.1
451.3,71.8,192.3,69.4,103.9,102.3,139.5,81.8
451.3,71.8,192.3,69.4,103.9,102.3,139.5,81.8
451.3,71.8,192.3,69.4,103.9,102.3,139.5,81.8
96.6,71.8,192.3,69.4,103.9,102.3,139.5,81.8
1185.3,72.3,193.6,70.0,105.0,102.8,140.4,82.6
1185.3,72.3,193.6,70.0,105.0,102.8,140.4,82.6
1185.3,72.3,193.6,70.0,105.0,102.8,140.4,82.6
1185.3,72.3,193.6,70.0,105.0,102.8,140.4,82.6
170.5,73.9,108.4,71.7,102.8,102.6,105.0,84.7
170.5,73.9,108.4,71.7,102.8,102.6,105.0,84.7
99.1,73.9,155.7,71.7,105.6,103.5,125.2,84.7
99.1,73.9,155.7,71.7,105.6,103.5,125.2,84.7
12.6,12.6,12.6,12.6,12.6,12.6,12.6,12.6
12.6,12.6,12.6,12.6,12.6,12.6,12.6,12.6
12.6,12.6,12.6,12.6,12.6,12.6,12.6,12.6
12.6,12.6,12.6,12.6,12.6,12.6,12.6,12.6
4.2,4.2,4.2,4.2,4.2,4.2,4.2,4.2
4.2,4.2,4.2,4.2,4.2,4.2,4.2,4.2
4.2,4.2,4.2,4.2,4.2,4.2,4.2,4.2
4.2,4.2,4.2,4.2,4.2,4.2,4.2,4.2
0.0,0.0,0.0,0.0,0.0,0.0,0.0,0.0
0.0,0.0,0.0,0.0,0.0,0.0,0.0,0.0
0.0,0.0,0.0,0.0,0.0,0.0,0.0,0.0
0.0,0.0,0.0,0.0,0.0,0.0,0.0,0.0
0.0,0.0,0.0,0.0,0.0,0.0,0.0,0.0
0.0,0.0,0.0,0.0,0.0,0.0,0.0,0.0
0.0,0.0,0.0,0.0,0.0,0.0,0.0,0.0
0.0,0.0,0.0,0.0,0.0,0.0,0.0,0.0
0.0,0.0,0.0,0.0,0.0,0.0,0.0,0.0
0.0,0.0,0.0,0.0,0.0,0.0,0.0,0.0
0.0,0.0,0.0,0.0,0.0,0.0,0.0,0.0
0.0,0.0,0.0,0.0,0.0,0.0,0.0,0.0
0.0,0.0,0.0,0.0,0.0,0.0,0.0,0.0
0.0,0.0,0.0,0.0,0.0,0.0,0.0,0.0
0.0,0.0,0.0,0.0,0.0,0.0,0.0,0.0
0.0,0.0,0.0,0.0,0.0,0.0,0.0,0.0
0.0,0.0,0.0,0.0,0.0,0.0,0.0,0.0
0.0,0.0,0.0,0.0,0.0,0.0,0.0,0.0
0.0,0.0,0.0,0.0,0.0,0.0,0.0,0.0
0.0,0.0,0.0,0.0,0.0,0.0,0.0,0.0
0.0,0.0,0.0,0.0,0.0,0.0,0.0,0.0
0.0,0.0,0.0,0.0,0.0,0.0,0.0,0.0
0.0,0.0,0.0,0.0,0.0,0.0,0.0,0.0
0.0,0.0,0.0,0.0,0.0,0.0,0.0,0.0
0.0,0.0,0.0,0.0,0.0,0.0,0.0,0.0
0.0,0.0,0.0,0.0,0.0,0.0,0.0,0.0
0.0,0.0,0.0,0.0,0.0,0.0,0.0,0.0
0.0,0.0,0.0,0.0,0.0,0.0,0.0,0.0
0.0,0.0,0.0,0.0,0.0,0.0,0.0,0.0
0.0,0.0,0.0,0.0,0.0,0.0,0.0,0.0
0.0,0.0,0.0,0.0,0.0,0.0,0.0,0.0
0.0,0.0,0.0,0.0,0.0,0.0,0.0,0.0
0.0,0.0,0.0,0.0,0.0,0.0,0.0,0.0
0.0,0.0,0.0,0.0,0.0,0.0,0.0,0.0
0.0,0.0,0.0,0.0,0.0,0.0,0.0,0.0
0.0,0.0,0.0,0.0,0.0,0.0,0.0,0.0
0.0,0.0,0.0,0.0,0.0,0.0,0.0,0.0
0.0,0.0,0.0,0.0,0.0,0.0,0.0,0.0
0.0,0.0,0.0,0.0,0.0,0.0,0.0,0.0
0.0,0.0,0.0,0.0,0.0,0.0,0.0,0.0
0.0,0.0,0.0,0.0,0.0,0.0,0.0,0.0
0.0,0.0,0.0,0.0,0.0,0.0,0.0,0.0
0.0,0.0,0.0,0.0,0.0,0.0,0.0,0.0
0.0,0.0,0.0,0.0,0.0,0.0,0.0,0.0
0.0,0.0,0.0,0.0,0.0,0.0,0.0,0.0
0.0,0.0,0.0,0.0,0.0,0.0,0.0,0.0
0.0,0.0,0.0,0.0,0.0,0.0,0.0,0.0
0.0,0.0,0.0,0.0,0.0,0.0,0.0,0.0
0.0,0.0,0.0,0.0,0.0,0.0,0.0,0.0
0.0,0.0,0.0,0.0,0.0,0.0,0.0,0.0
0.0,0.0,0.0,0.0,0.0,0.0,0.0,0.0
0.0,0.0,0.0,0.0,0.0,0.0,0.0,0.0
0.0,0.0,0.0,0.0,0.0,0.0,0.0,0.0
0.0,0.0,0.0,0.0,0.0,0.0,0.0,0.0
0.0,0.0,0.0,0.0,0.0,0.0,0.0,0.0
0.0,0.0,0.0,0.0,0.0,0.0,0.0,0.0
0.0,0.0,0.0,0.0,0.0,0.0,0.0,0.0
0.0,0.0,0.0,0.0,0.0,0.0,0.0,0.0
0.0,0.0,0.0,0.0,0.0,0.0,0.0,0.0
0.0,0.0,0.0,0.0,0.0,0.0,0.0,0.0
92.3,68.3,183.0,65.5,96.5,98.7,133.1,76.8
92.3,68.3,183.0,65.5,96.5,98.7,133.1,76.8
92.3,68.3,183.0,65.5,96.5,98.7,133.1,76.8
92.3,68.3,183.0,65.5,96.5,98.7,133.1,76.8
93.5,69.3,185.7,66.6,98.6,99.8,134.9,78.2
93.5,69.3,185.7,66.6,98.6,99.8,134.9,78.2
93.5,69.3,185.7,66.6,98.6,99.8,134.9,169.4
93.5,69.3,185.7,66.6,98.6,99.8,134.9,169.4
96.6,71.8,192.3,69.4,103.9,102.3,139.5,173.0
96.6,71.8,192.3,77.1,103.9,102.3,139.5,81.8
96.6,71.8,192.3,77.1,103.9,102.3,139.5,81.8
96.6,71.8,192.3,77.1,103.9,102.3,139.5,81.8
98.5,73.4,196.3,71.1,107.1,103.8,142.3,84.0
98.5,73.4,246.2,71.1,107.1,103.8,142.3,84.0
98.5,73.4,196.3,71.1,3737.2,103.8,142.3,84.0
98.5,230.3,196.3,71.1,3737.2,103.8,142.3,84.0
96.6,228.8,192.3,69.4,103.9,102.3,139.5,81.8
96.6,71.8,192.3,69.4,103.9,102.3,139.5,81.8
96.6,71.8,192.3,69.4,103.9,102.3,139.5,81.8
96.6,71.8,192.3,1160.4,103.9,102.3,139.5,81.8
97.3,72.3,193.6,1161.0,105.0,102.8,140.4,82.6
97.3,72.3,193.6,1161.0,105.0,102.8,140.4,82.6
97.3,72.3,193.6,1161.0,105.0,102.8,140.4,82.6
97.3,72.3,193.6,70.0,105.0,102.8,140.4,82.6
99.1,73.9,197.6,71.7,108.1,104.4,143.2,84.7
99.1,73.9,197.6,71.7,108.1,104.4,143.2,84.7
99.1,73.9,197.6,71.7,108.1,104.4,143.2,84.7
99.1,73.9,197.6,71.7,108.1,104.4,143.2,300.7
106.0,79.4,212.2,77.9,119.8,110.0,153.3,308.7
106.0,79.4,212.2,77.9,119.8,110.0,153.3,308.7
106.0,79.4,212.2,77.9,119.8,110.0,153.3,308.7
106.0,79.4,212.2,77.9,119.8,110.0,153.3,308.7
23.5,23.5,23.5,23.5,23.5,23.5,23.5,23.5
23.5,23.5,23.5,23.5,23.5,23.5,23.5,23.5
23.5,23.5,23.5,23.5,23.5,23.5,23.5,23.5
23.5,23.5,23.5,23.5,23.5,23.5,23.5,23.5
0.0,0.0,0.0,0.0,0.0,0.0,0.0,0.0
0.0,0.0,0.0,0.0,0.0,0.0,0.0,0.0
0.0,0.0,0.0,0.0,0.0,0.0,0.0,0.0
0.0,0.0,0.0,0.0,0.0,0.0,0.0,0.0
0.0,0.0,0.0,0.0,0.0,0.0,0.0,0.0
0.0,0.0,0.0,0.0,0.0,0.0,0.0,0.0
0.0,0.0,0.0,0.0,0.0,0.0,0.0,0.0
0.0,0.0,0.0,0.0,0.0,0.0,0.0,0.0
0.0,0.0,0.0,0.0,0.0,0.0,0.0,0.0
0.0,0.0,0.0,0.0,0.0,0.0,0.0,0.0
0.0,0.0,0.0,0.0,0.0,0.0,0.0,0.0
0.0,0.0,0.0,0.0,0.0,0.0,0.0,0.0
0.0,0.0,0.0,0.0,0.0,0.0,0.0,0.0
0.0,0.0,0.0,0.0,0.0,0.0,0.0,0.0
0.0,0.0,0.0,0.0,0.0,0.0,0.0,0.0
0.0,0.0,0.0,0.0,0.0,0.0,0.0,0.0
0.0,0.0,0.0,0.0,0.0,0.0,0.0,0.0
0.0,0.0,0.0,0.0,0.0,0.0,0.0,0.0
0.0,0.0,0.0,0.0,0.0,0.0,0.0,0.0
0.0,0.0,0.0,0.0,0.0,0.0,0.0,0.0
0.0,0.0,0.0,0.0,0.0,0.0,0.0,0.0
0.0,0.0,0.0,0.0,0.0,0.0,0.0,0.0
0.0,0.0,0.0,0.0,0.0,0.0,0.0,0.0
0.0,0.0,0.0,0.0,0.0,0.0,0.0,0.0
0.0,0.0,0.0,0.0,0.0,0.0,0.0,0.0
0.0,0.0,0.0,0.0,0.0,0.0,0.0,0.0
0.0,0.0,0.0,0.0,0.0,0.0,0.0,0.0
0.0,0.0,0.0,0.0,0.0,0.0,0.0,0.0
0.0,0.0,0.0,0.0,0.0,0.0,0.0,0.0
0.0,0.0,0.0,0.0,0.0,0.0,0.0,0.0
0.0,0.0,0.0,0.0,0.0,0.0,0.0,0.0
0.0,0.0,0.0,0.0,0.0,0.0,0.0,0.0
0.0,0.0,0.0,0.0,0.0,0.0,0.0,0.0
0.0,0.0,0.0,0.0,0.0,0.0,0.0,0.0
0.0,0.0,0.0,0.0,0.0,0.0,0.0,0.0
0.0,0.0,0.0,0.0,0.0,0.0,0.0,0.0
0.0,0.0,0.0,0.0,0.0,0.0,0.0,0.0
0.0,0.0,0.0,0.0,0.0,0.0,0.0,0.0
0.0,0.0,0.0,0.0,0.0,0.0,0.0,0.0
0.0,0.0,0.0,0.0,0.0,0.0,0.0,0.0
0.0,0.0,0.0,0.0,0.0,0.0,0.0,0.0
0.0,0.0,0.0,0.0,0.0,0.0,0.0,0.0
0.0,0.0,0.0,0.0,0.0,0.0,0.0,0.0
0.0,0.0,0.0,0.0,0.0,0.0,0.0,0.0
0.0,0.0,0.0,0.0,0.0,0.0,0.0,0.0
0.0,0.0,0.0,0.0,0.0,0.0,0.0,0.0
0.0,0.0,0.0,0.0,0.0,0.0,0.0,0.0
0.0,0.0,0.0,0.0,0.0,0.0,0.0,0.0
6.8,6.8,6.8,6.8,6.8,6.8,6.8,6.8
6.8,6.8,6.8,6.8,6.8,6.8,6.8,6.8
6.8,6.8,6.8,6.8,6.8,6.8,6.8,6.8
6.8,6.8,6.8,6.8,6.8,6.8,6.8,6.8
11.9,11.9,11.9,11.9,11.9,11.9,11.9,11.9
11.9,11.9,11.9,11.9,11.9,11.9,11.9,11.9
11.9,11.9,11.9,11.9,11.9,11.9,11.9,11.9
11.9,11.9,11.9,11.9,11.9,11.9,11.9,11.9
31.1,31.1,31.1,31.1,31.1,31.1,31.1,31.1
31.1,31.1,31.1,31.1,31.1,31.1,31.1,31.1
31.1,31.1,31.1,31.1,31.1,31.1,31.1,31.1
31.1,31.1,31.1,31.1,31.1,31.1,31.1,31.1
37.7,37.7,37.7,37.7,37.7,37.7,37.7,37.7
37.7,37.7,37.7,37.7,37.7,37.7,37.7,37.7
37.7,37.7,37.7,37.7,37.7,37.7,37.7,37.7
37.7,37.7,37.7,37.7,37.7,37.7,37.7,37.7
93.5,143.4,117.2,66.6,98.6,99.8,107.3,78.2
93.5,69.3,170.0,66.6,98.6,99.8,128.6,78.2
93.5,69.3,178.2,66.6,98.6,99.8,120.3,78.2
93.5,69.3,128.5,66.6,156.7,99.8,111.9,78.2
89.9,71.8,101.4,69.4,111.6,90.6,95.0,81.8
89.2,71.8,92.4,69.4,89.4,126.8,90.6,81.8
90.7,71.8,112.7,69.4,92.4,92.0,100.6,81.8
89.5,71.8,96.5,99.3,90.0,89.9,92.6,81.8
55.7,55.7,55.7,55.7,55.7,55.7,55.7,55.7
55.7,55.7,55.7,55.7,55.7,55.7,55.7,55.7
55.7,55.7,55.7,55.7,55.7,55.7,55.7,55.7
55.7,55.7,55.7,55.7,55.7,55.7,55.7,55.7
62.3,62.3,62.3,62.3,62.3,62.3,62.3,62.3
62.3,62.3,62.3,62.3,62.3,62.3,62.3,62.3
62.3,62.3,62.3,62.3,62.3,62.3,62.3,62.3
62.3,62.3,62.3,62.3,62.3,62.3,62.3,62.3
67.1,67.1,67.1,67.1,67.1,67.1,67.1,67.1
67.1,67.1,67.1,67.1,67.1,67.1,67.1,67.1
67.1,67.1,67.1,67.1,67.1,67.1,67.1,67.1
67.1,67.1,67.1,67.1,67.1,67.1,67.1,67.1
35.7,35.7,35.7,35.7,35.7,35.7,35.7,35.7
35.7,35.7,35.7,35.7,35.7,35.7,35.7,35.7
35.7,35.7,35.7,35.7,35.7,35.7,35.7,35.7
35.7,35.7,35.7,35.7,35.7,35.7,35.7,35.7
106.0,79.4,212.2,77.9,119.8,110.0,153.3,92.7
106.0,79.4,212.2,77.9,119.8,110.0,153.3,92.7
106.0,79.4,212.2,77.9,119.8,110.0,153.3,92.7
106.0,79.4,212.2,77.9,119.8,110.0,153.3,366.7
117.2,88.4,236.2,88.1,138.9,119.2,169.7,876.4
117.2,88.4,236.2,88.1,138.9,119.2,169.7,602.4
505.8,366.9,236.2,88.1,138.9,203.2,169.7,308.6
505.8,366.9,236.2,88.1,138.9,203.2,169.7,308.6
0.0,0.0,0.0,0.0,0.0,0.0,0.0,0.0
0.0,0.0,0.0,0.0,0.0,0.0,0.0,0.0
0.0,0.0,0.0,0.0,0.0,0.0,0.0,0.0
0.0,0.0,0.0,0.0,0.0,0.0,0.0,0.0
0.0,0.0,0.0,0.0,0.0,0.0,0.0,0.0
0.0,0.0,0.0,0.0,0.0,0.0,0.0,0.0
0.0,0.0,0.0,0.0,0.0,0.0,0.0,0.0
0.0,0.0,0.0,0.0,0.0,0.0,0.0,0.0
0.0,0.0,0.0,0.0,0.0,0.0,0.0,0.0
0.0,0.0,0.0,0.0,0.0,0.0,0.0,0.0
0.0,0.0,0.0,0.0,0.0,0.0,0.0,0.0
0.0,0.0,0.0,0.0,0.0,0.0,0.0,0.0
0.0,0.0,0.0,0.0,0.0,0.0,0.0,0.0
0.0,0.0,0.0,0.0,0.0,0.0,0.0,0.0
0.0,0.0,0.0,0.0,0.0,0.0,0.0,0.0
0.0,0.0,0.0,0.0,0.0,0.0,0.0,0.0
0.0,0.0,0.0,0.0,0.0,0.0,0.0,0.0
0.0,0.0,0.0,0.0,0.0,0.0,0.0,0.0
0.0,0.0,0.0,0.0,0.0,0.0,0.0,0.0
0.0,0.0,0.0,0.0,0.0,0.0,0.0,0.0
0.0,0.0,0.0,0.0,0.0,0.0,0.0,0.0
0.0,0.0,0.0,0.0,0.0,0.0,0.0,0.0
0.0,0.0,0.0,0.0,0.0,0.0,0.0,0.0
0.0,0.0,0.0,0.0,0.0,0.0,0.0,0.0
0.0,0.0,0.0,0.0,0.0,0.0,0.0,0.0
0.0,0.0,0.0,0.0,0.0,0.0,0.0,0.0
0.0,0.0,0.0,0.0,0.0,0.0,0.0,0.0
0.0,0.0,0.0,0.0,0.0,0.0,0.0,0.0
0.0,0.0,0.0,0.0,0.0,0.0,0.0,0.0
0.0,0.0,0.0,0.0,0.0,0.0,0.0,0.0
0.0,0.0,0.0,0.0,0.0,0.0,0.0,0.0
0.0,0.0,0.0,0.0,0.0,0.0,0.0,0.0
0.0,0.0,0.0,0.0,0.0,0.0,0.0,0.0
0.0,0.0,0.0,0.0,0.0,0.0,0.0,0.0
0.0,0.0,0.0,0.0,0.0,0.0,0.0,0.0
0.0,0.0,0.0,0.0,0.0,0.0,0.0,0.0
0.0,0.0,0.0,0.0,0.0,0.0,0.0,0.0
0.0,0.0,0.0,0.0,0.0,0.0,0.0,0.0
0.0,0.0,0.0,0.0,0.0,0.0,0.0,0.0
0.0,0.0,0.0,0.0,0.0,0.0,0.0,0.0
0.0,0.0,0.0,0.0,0.0,0.0,0.0,0.0
0.0,0.0,0.0,0.0,0.0,0.0,0.0,0.0
0.0,0.0,0.0,0.0,0.0,0.0,0.0,0.0
0.0,0.0,0.0,0.0,0.0,0.0,0.0,0.0
0.0,0.0,0.0,0.0,0.0,0.0,0.0,0.0
0.0,0.0,0.0,0.0,0.0,0.0,0.0,0.0
0.0,0.0,0.0,0.0,0.0,0.0,0.0,0.0
0.0,0.0,0.0,0.0,0.0,0.0,0.0,0.0
0.0,0.0,0.0,0.0,0.0,0.0,0.0,0.0
0.0,0.0,0.0,0.0,0.0,0.0,0.0,0.0
0.0,0.0,0.0,0.0,0.0,0.0,0.0,0.0
0.0,0.0,0.0,0.0,0.0,0.0,0.0,0.0
42.5,42.5,42.5,42.5,42.5,42.5,42.5,42.5
42.5,42.5,42.5,42.5,42.5,42.5,42.5,42.5
42.5,42.5,42.5,42.5,42.5,42.5,42.5,42.5
42.5,42.5,42.5,42.5,42.5,42.5,42.5,42.5
69.7,72.8,70.3,63.8,69.7,69.7,70.8,69.6
69.7,72.7,70.3,63.8,69.7,69.7,70.8,69.6
69.7,73.2,70.5,63.8,69.7,69.8,70.0,69.6
69.7,73.2,70.5,63.8,69.7,69.8,70.0,69.6
92.3,68.3,140.8,65.5,95.2,96.4,114.5,76.8
92.3,68.3,140.8,65.5,95.2,96.4,114.5,76.8
92.3,68.3,140.8,65.5,95.2,96.4,114.5,76.8
92.3,68.3,140.8,65.5,95.2,96.4,114.5,76.8
93.5,69.3,185.7,66.6,98.6,99.8,134.9,78.2
93.5,69.3,185.7,66.6,98.6,99.8,134.9,78.2
93.5,69.3,185.7,66.6,98.6,99.8,134.9,78.2
93.5,69.3,185.7,74.2,98.6,99.8,134.9,78.2
96.6,71.8,192.3,77.1,103.9,102.3,139.5,81.8
96.6,71.8,691.0,77.1,103.9,102.3,139.5,81.8
96.6,176.5,691.0,69.4,103.9,102.3,139.5,81.8
96.6,176.5,666.0,69.4,103.9,102.3,139.5,81.8
98.5,178.0,670.0,71.1,107.1,103.8,142.3,84.0
98.5,73.4,670.0,71.1,107.1,103.8,142.3,84.0
98.5,73.4,670.0,71.1,107.1,103.8,5075.4,84.0
98.5,73.4,670.0,71.1,107.1,103.8,5075.4,84.0
96.6,71.8,192.3,69.4,276.8,102.3,139.5,81.8
96.6,71.8,192.3,69.4,276.8,102.3,139.5,81.8
96.6,71.8,192.3,69.4,103.9,102.3,139.5,81.8
96.6,71.8,192.3,69.4,103.9,102.3,139.5,81.8
97.3,72.3,193.6,70.0,105.0,102.8,140.4,82.6
97.3,72.3,193.6,70.0,105.0,102.8,140.4,82.6
97.3,72.3,297.0,70.0,105.0,102.8,128.4,82.6
97.3,72.3,297.0,70.0,105.0,102.8,128.4,82.6
99.1,73.9,541.0,71.7,108.1,104.4,143.2,84.7
99.1,73.9,541.0,71.7,108.1,104.4,143.2,84.7
99.1,73.9,541.0,71.7,108.1,104.4,143.2,84.7
99.1,73.9,541.0,71.7,108.1,104.4,143.2,84.7
106.0,79.4,212.2,77.9,119.8,110.0,153.3,92.7
190.0,79.4,212.2,77.9,119.8,110.0,153.3,92.7
190.0,79.4,212.2,77.9,119.8,110.0,153.3,92.7
106.0,79.4,212.2,77.9,119.8,110.0,153.3,92.7
117.2,88.4,236.2,88.1,138.9,119.2,704.9,105.6
117.2,88.4,790.5,88.1,138.9,283.2,604.0,105.6
513.4,88.4,550.2,88.1,138.9,280.3,451.0,105.6
539.4,88.4,666.2,88.1,138.9,119.2,470.1,105.6
0.0,0.0,0.0,0.0,0.0,0.0,0.0,0.0
0.0,0.0,0.0,0.0,0.0,0.0,0.0,0.0
0.0,0.0,0.0,0.0,0.0,0.0,0.0,0.0
0.0,0.0,0.0,0.0,0.0,0.0,0.0,0.0
0.0,0.0,0.0,0.0,0.0,0.0,0.0,0.0
0.0,0.0,0.0,0.0,0.0,0.0,0.0,0.0
0.0,0.0,0.0,0.0,0.0,0.0,0.0,0.0
0.0,0.0,0.0,0.0,0.0,0.0,0.0,0.0
0.0,0.0,0.0,0.0,0.0,0.0,0.0,0.0
0.0,0.0,0.0,0.0,0.0,0.0,0.0,0.0
0.0,0.0,0.0,0.0,0.0,0.0,0.0,0.0
0.0,0.0,0.0,0.0,0.0,0.0,0.0,0.0
0.0,0.0,0.0,0.0,0.0,0.0,0.0,0.0
0.0,0.0,0.0,0.0,0.0,0.0,0.0,0.0
0.0,0.0,0.0,0.0,0.0,0.0,0.0,0.0
0.0,0.0,0.0,0.0,0.0,0.0,0.0,0.0
0.0,0.0,0.0,0.0,0.0,0.0,0.0,0.0
0.0,0.0,0.0,0.0,0.0,0.0,0.0,0.0
0.0,0.0,0.0,0.0,0.0,0.0,0.0,0.0
0.0,0.0,0.0,0.0,0.0,0.0,0.0,0.0
0.0,0.0,0.0,0.0,0.0,0.0,0.0,0.0
0.0,0.0,0.0,0.0,0.0,0.0,0.0,0.0
0.0,0.0,0.0,0.0,0.0,0.0,0.0,0.0
0.0,0.0,0.0,0.0,0.0,0.0,0.0,0.0
0.0,0.0,0.0,0.0,0.0,0.0,0.0,0.0
0.0,0.0,0.0,0.0,0.0,0.0,0.0,0.0
0.0,0.0,0.0,0.0,0.0,0.0,0.0,0.0
0.0,0.0,0.0,0.0,0.0,0.0,0.0,0.0
0.0,0.0,0.0,0.0,0.0,0.0,0.0,0.0
0.0,0.0,0.0,0.0,0.0,0.0,0.0,0.0
0.0,0.0,0.0,0.0,0.0,0.0,0.0,0.0
0.0,0.0,0.0,0.0,0.0,0.0,0.0,0.0
0.0,0.0,0.0,0.0,0.0,0.0,0.0,0.0
0.0,0.0,0.0,0.0,0.0,0.0,0.0,0.0
0.0,0.0,0.0,0.0,0.0,0.0,0.0,0.0
0.0,0.0,0.0,0.0,0.0,0.0,0.0,0.0
0.0,0.0,0.0,0.0,0.0,0.0,0.0,0.0
0.0,0.0,0.0,0.0,0.0,0.0,0.0,0.0
0.0,0.0,0.0,0.0,0.0,0.0,0.0,0.0
0.0,0.0,0.0,0.0,0.0,0.0,0.0,0.0
0.0,0.0,0.0,0.0,0.0,0.0,0.0,0.0
0.0,0.0,0.0,0.0,0.0,0.0,0.0,0.0
0.0,0.0,0.0,0.0,0.0,0.0,0.0,0.0
0.0,0.0,0.0,0.0,0.0,0.0,0.0,0.0
0.0,0.0,0.0,0.0,0.0,0.0,0.0,0.0
0.0,0.0,0.0,0.0,0.0,0.0,0.0,0.0
0.0,0.0,0.0,0.0,0.0,0.0,0.0,0.0
0.0,0.0,0.0,0.0,0.0,0.0,0.0,0.0
7.5,7.5,7.5,7.5,7.5,7.5,7.5,7.5
7.5,7.5,7.5,7.5,7.5,7.5,7.5,7.5
7.5,7.5,7.5,7.5,7.5,7.5,7.5,7.5
7.5,7.5,7.5,7.5,7.5,7.5,7.5,7.5
17.5,17.5,17.5,17.5,17.5,17.5,17.5,17.5
17.5,17.5,17.5,17.5,17.5,17.5,17.5,17.5
17.5,17.5,17.5,17.5,17.5,17.5,17.5,17.5
17.5,17.5,17.5,17.5,17.5,17.5,17.5,17.5
33.1,33.1,33.1,33.1,33.1,33.1,33.1,33.1
33.1,33.1,33.1,33.1,33.1,33.1,33.1,33.1
33.1,33.1,33.1,33.1,33.1,33.1,33.1,33.1
33.1,33.1,33.1,33.1,33.1,33.1,33.1,33.1
70.6,68.3,72.8,65.5,70.7,70.7,71.6,70.2
70.6,68.3,72.8,65.5,70.7,70.7,71.6,70.2
70.6,68.3,72.8,65.5,70.7,70.7,71.6,70.2
70.6,68.3,72.8,65.5,70.7,70.7,71.6,70.2
93.5,69.3,185.7,66.6,98.6,99.8,134.9,78.2
93.5,69.3,185.7,66.6,98.6,99.8,134.9,78.2
93.5,174.0,185.7,66.6,98.6,99.8,134.9,78.2
93.5,174.0,185.7,66.6,98.6,99.8,134.9,351.7
46.0,46.0,46.0,46.0,46.0,46.0,46.0,46.0
46.0,46.0,46.0,46.0,46.0,46.0,46.0,46.0
46.0,46.0,46.0,46.0,46.0,46.0,46.0,46.0
46.0,46.0,46.0,46.0,46.0,46.0,46.0,46.0
98.5,73.4,878.3,71.1,107.1,103.8,142.3,84.0
98.5,73.4,196.3,71.1,107.1,103.8,142.3,84.0
98.5,73.4,196.3,71.1,222.3,103.8,142.3,84.0
98.5,73.4,196.3,71.1,222.3,103.8,142.3,84.0
96.6,71.8,192.3,69.4,219.1,102.3,139.5,81.8
96.6,71.8,192.3,69.4,103.9,102.3,139.5,81.8
96.6,71.8,192.3,69.4,103.9,102.3,139.5,81.8
96.6,71.8,192.3,69.4,103.9,102.3,139.5,81.8
97.3,72.3,193.6,70.0,105.0,102.8,140.4,82.6
97.3,72.3,193.6,70.0,105.0,102.8,140.4,82.6
97.3,72.3,193.6,70.0,105.0,102.8,140.4,82.6
97.3,72.3,193.6,70.0,105.0,102.8,140.4,82.6
99.1,73.9,779.6,71.7,108.1,104.4,143.2,84.7
99.1,73.9,779.6,71.7,108.1,104.4,143.2,84.7
99.1,73.9,197.6,71.7,108.1,104.4,143.2,84.7
99.1,73.9,197.6,71.7,108.1,104.4,143.2,84.7
100.9,79.4,126.0,77.9,104.2,101.9,112.1,92.7
100.9,79.4,126.0,77.9,104.2,101.9,112.1,92.7
100.9,79.4,126.0,77.9,104.2,101.9,112.1,92.7
100.9,79.4,126.0,77.9,104.2,101.9,112.1,92.7
15.9,15.9,15.9,15.9,15.9,15.9,15.9,15.9
15.9,15.9,15.9,15.9,15.9,15.9,15.9,15.9
15.9,15.9,15.9,15.9,15.9,15.9,15.9,15.9
15.9,15.9,15.9,15.9,15.9,15.9,15.9,15.9
0.0,0.0,0.0,0.0,0.0,0.0,0.0,0.0
0.0,0.0,0.0,0.0,0.0,0.0,0.0,0.0
0.0,0.0,0.0,0.0,0.0,0.0,0.0,0.0
0.0,0.0,0.0,0.0,0.0,0.0,0.0,0.0
0.0,0.0,0.0,0.0,0.0,0.0,0.0,0.0
0.0,0.0,0.0,0.0,0.0,0.0,0.0,0.0
0.0,0.0,0.0,0.0,0.0,0.0,0.0,0.0
0.0,0.0,0.0,0.0,0.0,0.0,0.0,0.0
0.0,0.0,0.0,0.0,0.0,0.0,0.0,0.0
0.0,0.0,0.0,0.0,0.0,0.0,0.0,0.0
0.0,0.0,0.0,0.0,0.0,0.0,0.0,0.0
0.0,0.0,0.0,0.0,0.0,0.0,0.0,0.0
0.0,0.0,0.0,0.0,0.0,0.0,0.0,0.0
0.0,0.0,0.0,0.0,0.0,0.0,0.0,0.0
0.0,0.0,0.0,0.0,0.0,0.0,0.0,0.0
0.0,0.0,0.0,0.0,0.0,0.0,0.0,0.0
0.0,0.0,0.0,0.0,0.0,0.0,0.0,0.0
0.0,0.0,0.0,0.0,0.0,0.0,0.0,0.0
0.0,0.0,0.0,0.0,0.0,0.0,0.0,0.0
0.0,0.0,0.0,0.0,0.0,0.0,0.0,0.0
0.0,0.0,0.0,0.0,0.0,0.0,0.0,0.0
0.0,0.0,0.0,0.0,0.0,0.0,0.0,0.0
0.0,0.0,0.0,0.0,0.0,0.0,0.0,0.0
0.0,0.0,0.0,0.0,0.0,0.0,0.0,0.0
0.0,0.0,0.0,0.0,0.0,0.0,0.0,0.0
0.0,0.0,0.0,0.0,0.0,0.0,0.0,0.0
0.0,0.0,0.0,0.0,0.0,0.0,0.0,0.0
0.0,0.0,0.0,0.0,0.0,0.0,0.0,0.0
0.0,0.0,0.0,0.0,0.0,0.0,0.0,0.0
0.0,0.0,0.0,0.0,0.0,0.0,0.0,0.0
0.0,0.0,0.0,0.0,0.0,0.0,0.0,0.0
0.0,0.0,0.0,0.0,0.0,0.0,0.0,0.0
0.0,0.0,0.0,0.0,0.0,0.0,0.0,0.0
0.0,0.0,0.0,0.0,0.0,0.0,0.0,0.0
0.0,0.0,0.0,0.0,0.0,0.0,0.0,0.0
0.0,0.0,0.0,0.0,0.0,0.0,0.0,0.0
0.0,0.0,0.0,0.0,0.0,0.0,0.0,0.0
0.0,0.0,0.0,0.0,0.0,0.0,0.0,0.0
0.0,0.0,0.0,0.0,0.0,0.0,0.0,0.0
0.0,0.0,0.0,0.0,0.0,0.0,0.0,0.0
0.0,0.0,0.0,0.0,0.0,0.0,0.0,0.0
0.0,0.0,0.0,0.0,0.0,0.0,0.0,0.0
0.0,0.0,0.0,0.0,0.0,0.0,0.0,0.0
0.0,0.0,0.0,0.0,0.0,0.0,0.0,0.0
0.0,0.0,0.0,0.0,0.0,0.0,0.0,0.0
0.0,0.0,0.0,0.0,0.0,0.0,0.0,0.0
0.0,0.0,0.0,0.0,0.0,0.0,0.0,0.0
0.0,0.0,0.0,0.0,0.0,0.0,0.0,0.0
0.0,0.0,0.0,0.0,0.0,0.0,0.0,0.0
0.0,0.0,0.0,0.0,0.0,0.0,0.0,0.0
0.0,0.0,0.0,0.0,0.0,0.0,0.0,0.0
0.0,0.0,0.0,0.0,0.0,0.0,0.0,0.0
0.0,0.0,0.0,0.0,0.0,0.0,0.0,0.0
0.0,0.0,0.0,0.0,0.0,0.0,0.0,0.0
0.0,0.0,0.0,0.0,0.0,0.0,0.0,0.0
0.0,0.0,0.0,0.0,0.0,0.0,0.0,0.0
0.0,0.0,0.0,0.0,0.0,0.0,0.0,0.0
0.0,0.0,0.0,0.0,0.0,0.0,0.0,0.0
0.0,0.0,0.0,0.0,0.0,0.0,0.0,0.0
0.0,0.0,0.0,0.0,0.0,0.0,0.0,0.0
92.3,68.3,183.0,65.5,96.5,98.7,133.1,76.8
92.3,68.3,183.0,65.5,96.5,98.7,133.1,76.8
92.3,68.3,183.0,65.5,96.5,98.7,133.1,76.8
92.3,68.3,183.0,65.5,96.5,98.7,133.1,76.8
93.5,69.3,185.7,66.6,98.6,99.8,134.9,78.2
93.5,69.3,185.7,66.6,98.6,99.8,134.9,78.2
428.9,69.3,185.7,66.6,98.6,99.8,134.9,78.2
428.9,69.3,185.7,66.6,98.6,99.8,134.9,78.2
96.6,71.8,192.3,69.4,103.9,102.3,139.5,81.8
96.6,71.8,192.3,92.3,449.6,102.3,139.5,81.8
96.6,71.8,192.3,69.4,103.9,102.3,139.5,81.8
96.6,71.8,192.3,69.4,103.9,102.3,139.5,81.8
98.5,73.4,196.3,71.1,107.1,103.8,142.3,84.0
98.5,73.4,1245.0,71.1,107.1,103.8,142.3,84.0
98.5,73.4,196.3,71.1,107.1,103.8,142.3,1998.0
98.5,73.4,196.3,71.1,107.1,103.8,142.3,1998.0
403.6,71.8,192.3,69.4,103.9,102.3,139.5,1995.9
403.6,71.8,192.3,69.4,103.9,102.3,139.5,81.8
403.6,71.8,192.3,69.4,103.9,102.3,139.5,81.8
403.6,71.8,192.3,69.4,103.9,102.3,139.5,81.8
404.3,72.3,434.3,70.0,105.0,102.8,140.4,82.6
404.3,72.3,434.3,70.0,105.0,102.8,140.4,82.6
404.3,72.3,434.3,70.0,105.0,102.8,140.4,82.6
404.3,72.3,434.3,70.0,105.0,102.8,140.4,82.6
99.1,73.9,438.3,71.7,108.1,104.4,143.2,84.7
99.1,73.9,438.3,71.7,108.1,104.4,143.2,84.7
99.1,73.9,197.6,71.7,108.1,104.4,143.2,84.7
99.1,73.9,197.6,71.7,108.1,104.4,143.2,84.7
106.0,79.4,212.2,77.9,119.8,110.0,153.3,92.7
106.0,79.4,212.2,77.9,119.8,110.0,153.3,92.7
106.0,79.4,212.2,77.9,119.8,110.0,153.3,92.7
106.0,79.4,212.2,77.9,119.8,314.5,153.3,92.7
117.2,88.4,236.2,88.1,138.9,323.7,169.7,105.6
117.2,88.4,236.2,88.1,138.9,323.7,169.7,105.6
117.2,88.4,236.2,88.1,138.9,323.7,169.7,105.6
117.2,88.4,236.2,88.1,138.9,323.7,169.7,105.6
0.0,0.0,0.0,0.0,0.0,0.0,0.0,0.0
0.0,0.0,0.0,0.0,0.0,0.0,0.0,0.0
0.0,0.0,0.0,0.0,0.0,0.0,0.0,0.0
0.0,0.0,0.0,0.0,0.0,0.0,0.0,0.0
0.0,0.0,0.0,0.0,0.0,0.0,0.0,0.0
0.0,0.0,0.0,0.0,0.0,0.0,0.0,0.0
0.0,0.0,0.0,0.0,0.0,0.0,0.0,0.0
0.0,0.0,0.0,0.0,0.0,0.0,0.0,0.0
0.0,0.0,0.0,0.0,0.0,0.0,0.0,0.0
0.0,0.0,0.0,0.0,0.0,0.0,0.0,0.0
0.0,0.0,0.0,0.0,0.0,0.0,0.0,0.0
0.0,0.0,0.0,0.0,0.0,0.0,0.0,0.0
0.0,0.0,0.0,0.0,0.0,0.0,0.0,0.0
0.0,0.0,0.0,0.0,0.0,0.0,0.0,0.0
0.0,0.0,0.0,0.0,0.0,0.0,0.0,0.0
0.0,0.0,0.0,0.0,0.0,0.0,0.0,0.0
0.0,0.0,0.0,0.0,0.0,0.0,0.0,0.0
0.0,0.0,0.0,0.0,0.0,0.0,0.0,0.0
0.0,0.0,0.0,0.0,0.0,0.0,0.0,0.0
0.0,0.0,0.0,0.0,0.0,0.0,0.0,0.0
0.0,0.0,0.0,0.0,0.0,0.0,0.0,0.0
0.0,0.0,0.0,0.0,0.0,0.0,0.0,0.0
0.0,0.0,0.0,0.0,0.0,0.0,0.0,0.0
0.0,0.0,0.0,0.0,0.0,0.0,0.0,0.0
0.0,0.0,0.0,0.0,0.0,0.0,0.0,0.0
0.0,0.0,0.0,0.0,0.0,0.0,0.0,0.0
0.0,0.0,0.0,0.0,0.0,0.0,0.0,0.0
0.0,0.0,0.0,0.0,0.0,0.0,0.0,0.0
0.0,0.0,0.0,0.0,0.0,0.0,0.0,0.0
0.0,0.0,0.0,0.0,0.0,0.0,0.0,0.0
0.0,0.0,0.0,0.0,0.0,0.0,0.0,0.0
0.0,0.0,0.0,0.0,0.0,0.0,0.0,0.0
0.0,0.0,0.0,0.0,0.0,0.0,0.0,0.0
0.0,0.0,0.0,0.0,0.0,0.0,0.0,0.0
0.0,0.0,0.0,0.0,0.0,0.0,0.0,0.0
0.0,0.0,0.0,0.0,0.0,0.0,0.0,0.0
0.0,0.0,0.0,0.0,0.0,0.0,0.0,0.0
0.0,0.0,0.0,0.0,0.0,0.0,0.0,0.0
0.0,0.0,0.0,0.0,0.0,0.0,0.0,0.0
0.0,0.0,0.0,0.0,0.0,0.0,0.0,0.0
0.0,0.0,0.0,0.0,0.0,0.0,0.0,0.0
0.0,0.0,0.0,0.0,0.0,0.0,0.0,0.0
0.0,0.0,0.0,0.0,0.0,0.0,0.0,0.0
0.0,0.0,0.0,0.0,0.0,0.0,0.0,0.0
0.0,0.0,0.0,0.0,0.0,0.0,0.0,0.0
0.0,0.0,0.0,0.0,0.0,0.0,0.0,0.0
0.0,0.0,0.0,0.0,0.0,0.0,0.0,0.0
0.0,0.0,0.0,0.0,0.0,0.0,0.0,0.0
0.0,0.0,0.0,0.0,0.0,0.0,0.0,0.0
0.0,0.0,0.0,0.0,0.0,0.0,0.0,0.0
0.0,0.0,0.0,0.0,0.0,0.0,0.0,0.0
0.0,0.0,0.0,0.0,0.0,0.0,0.0,0.0
0.0,0.0,0.0,0.0,0.0,0.0,0.0,0.0
0.0,0.0,0.0,0.0,0.0,0.0,0.0,0.0
0.0,0.0,0.0,0.0,0.0,0.0,0.0,0.0
0.0,0.0,0.0,0.0,0.0,0.0,0.0,0.0
0.0,0.0,0.0,0.0,0.0,0.0,0.0,0.0
0.0,0.0,0.0,0.0,0.0,0.0,0.0,0.0
0.0,0.0,0.0,0.0,0.0,0.0,0.0,0.0
0.0,0.0,0.0,0.0,0.0,0.0,0.0,0.0
92.3,68.3,183.0,65.5,96.5,98.7,133.1,76.8
92.3,68.3,183.0,65.5,96.5,98.7,133.1,76.8
92.3,68.3,183.0,65.5,96.5,98.7,133.1,76.8
92.3,68.3,183.0,65.5,96.5,98.7,133.1,76.8
93.5,69.3,185.7,66.6,98.6,99.8,134.9,78.2
93.5,69.3,185.7,66.6,98.6,99.8,134.9,78.2
93.5,69.3,185.7,66.6,444.3,99.8,134.9,78.2
93.5,69.3,185.7,66.6,98.6,99.8,134.9,78.2
96.6,71.8,1073.2,69.4,103.9,102.3,139.5,81.8
96.6,71.8,1023.3,69.4,103.9,102.3,139.5,81.8
96.6,71.8,1023.3,310.1,103.9,102.3,139.5,81.8
96.6,71.8,1023.3,310.1,103.9,102.3,139.5,81.8
98.5,73.4,1027.3,71.1,107.1,103.8,142.3,84.0
98.5,73.4,1027.3,71.1,107.1,103.8,142.3,84.0
98.5,73.4,1027.3,71.1,107.1,103.8,612.1,84.0
98.5,73.4,1027.3,71.1,107.1,103.8,142.3,175.1
7139.6,71.8,192.3,69.4,103.9,102.3,139.5,173.0
7139.6,71.8,192.3,69.4,103.9,102.3,139.5,173.0
96.6,71.8,192.3,69.4,103.9,102.3,139.5,81.8
96.6,71.8,192.3,69.4,103.9,102.3,139.5,81.8
97.3,72.3,193.6,70.0,105.0,102.8,140.4,82.6
97.3,1155.3,193.6,70.0,105.0,102.8,140.4,82.6
97.3,1155.3,193.6,70.0,105.0,102.8,140.4,82.6
97.3,1155.3,193.6,70.0,105.0,102.8,140.4,82.6
10.7,10.7,10.7,10.7,10.7,10.7,10.7,10.7
10.7,10.7,10.7,10.7,10.7,10.7,10.7,10.7
10.7,10.7,10.7,10.7,10.7,10.7,10.7,10.7
10.7,10.7,10.7,10.7,10.7,10.7,10.7,10.7
5.8,5.8,5.8,5.8,5.8,5.8,5.8,5.8
5.8,5.8,5.8,5.8,5.8,5.8,5.8,5.8
5.8,5.8,5.8,5.8,5.8,5.8,5.8,5.8
5.8,5.8,5.8,5.8,5.8,5.8,5.8,5.8
3.3,3.3,3.3,3.3,3.3,3.3,3.3,3.3
3.3,3.3,3.3,3.3,3.3,3.3,3.3,3.3
3.3,3.3,3.3,3.3,3.3,3.3,3.3,3.3
3.3,3.3,3.3,3.3,3.3,3.3,3.3,3.3
0.0,0.0,0.0,0.0,0.0,0.0,0.0,0.0
0.0,0.0,0.0,0.0,0.0,0.0,0.0,0.0
0.0,0.0,0.0,0.0,0.0,0.0,0.0,0.0
0.0,0.0,0.0,0.0,0.0,0.0,0.0,0.0
0.0,0.0,0.0,0.0,0.0,0.0,0.0,0.0
0.0,0.0,0.0,0.0,0.0,0.0,0.0,0.0
0.0,0.0,0.0,0.0,0.0,0.0,0.0,0.0
0.0,0.0,0.0,0.0,0.0,0.0,0.0,0.0
0.0,0.0,0.0,0.0,0.0,0.0,0.0,0.0
0.0,0.0,0.0,0.0,0.0,0.0,0.0,0.0
0.0,0.0,0.0,0.0,0.0,0.0,0.0,0.0
0.0,0.0,0.0,0.0,0.0,0.0,0.0,0.0
0.0,0.0,0.0,0.0,0.0,0.0,0.0,0.0
0.0,0.0,0.0,0.0,0.0,0.0,0.0,0.0
0.0,0.0,0.0,0.0,0.0,0.0,0.0,0.0
0.0,0.0,0.0,0.0,0.0,0.0,0.0,0.0
0.0,0.0,0.0,0.0,0.0,0.0,0.0,0.0
0.0,0.0,0.0,0.0,0.0,0.0,0.0,0.0
0.0,0.0,0.0,0.0,0.0,0.0,0.0,0.0
0.0,0.0,0.0,0.0,0.0,0.0,0.0,0.0
0.0,0.0,0.0,0.0,0.0,0.0,0.0,0.0
0.0,0.0,0.0,0.0,0.0,0.0,0.0,0.0
0.0,0.0,0.0,0.0,0.0,0.0,0.0,0.0
0.0,0.0,0.0,0.0,0.0,0.0,0.0,0.0
0.0,0.0,0.0,0.0,0.0,0.0,0.0,0.0
0.0,0.0,0.0,0.0,0.0,0.0,0.0,0.0
0.0,0.0,0.0,0.0,0.0,0.0,0.0,0.0
0.0,0.0,0.0,0.0,0.0,0.0,0.0,0.0
0.0,0.0,0.0,0.0,0.0,0.0,0.0,0.0
0.0,0.0,0.0,0.0,0.0,0.0,0.0,0.0
0.0,0.0,0.0,0.0,0.0,0.0,0.0,0.0
0.0,0.0,0.0,0.0,0.0,0.0,0.0,0.0
0.0,0.0,0.0,0.0,0.0,0.0,0.0,0.0
0.0,0.0,0.0,0.0,0.0,0.0,0.0,0.0
0.0,0.0,0.0,0.0,0.0,0.0,0.0,0.0
0.0,0.0,0.0,0.0,0.0,0.0,0.0,0.0
0.0,0.0,0.0,0.0,0.0,0.0,0.0,0.0
0.0,0.0,0.0,0.0,0.0,0.0,0.0,0.0
0.0,0.0,0.0,0.0,0.0,0.0,0.0,0.0
0.0,0.0,0.0,0.0,0.0,0.0,0.0,0.0
0.0,0.0,0.0,0.0,0.0,0.0,0.0,0.0
0.0,0.0,0.0,0.0,0.0,0.0,0.0,0.0
0.0,0.0,0.0,0.0,0.0,0.0,0.0,0.0
0.0,0.0,0.0,0.0,0.0,0.0,0.0,0.0
0.0,0.0,0.0,0.0,0.0,0.0,0.0,0.0
0.0,0.0,0.0,0.0,0.0,0.0,0.0,0.0
0.0,0.0,0.0,0.0,0.0,0.0,0.0,0.0
0.0,0.0,0.0,0.0,0.0,0.0,0.0,0.0
5.1,5.1,5.1,5.1,5.1,5.1,5.1,5.1
5.1,5.1,5.1,5.1,5.1,5.1,5.1,5.1
5.1,5.1,5.1,5.1,5.1,5.1,5.1,5.1
5.1,5.1,5.1,5.1,5.1,5.1,5.1,5.1
9.2,9.2,9.2,9.2,9.2,9.2,9.2,9.2
9.2,9.2,9.2,9.2,9.2,9.2,9.2,9.2
9.2,9.2,9.2,9.2,9.2,9.2,9.2,9.2
9.2,9.2,9.2,9.2,9.2,9.2,9.2,9.2
27.4,27.4,27.4,27.4,27.4,27.4,27.4,27.4
27.4,27.4,27.4,27.4,27.4,27.4,27.4,27.4
27.4,27.4,27.4,27.4,27.4,27.4,27.4,27.4
27.4,27.4,27.4,27.4,27.4,27.4,27.4,27.4
92.3,68.3,183.0,65.5,96.5,98.7,133.1,76.8
92.3,68.3,183.0,65.5,96.5,98.7,133.1,76.8
92.3,68.3,183.0,65.5,96.5,98.7,133.1,76.8
92.3,68.3,183.0,65.5,96.5,98.7,133.1,76.8
93.5,69.3,185.7,66.6,98.6,99.8,134.9,78.2
93.5,69.3,185.7,66.6,98.6,99.8,134.9,78.2
93.5,69.3,185.7,66.6,98.6,99.8,134.9,78.2
93.5,69.3,185.7,66.6,98.6,99.8,134.9,78.2
96.6,71.8,192.3,69.4,103.9,102.3,374.4,81.8
96.6,71.8,189.4,261.7,103.9,102.3,356.0,81.8
96.6,71.8,192.3,271.4,103.9,102.3,139.5,81.8
534.0,71.8,160.7,69.4,103.9,102.3,139.5,81.8
400.5,73.4,143.6,71.1,107.1,103.8,140.6,84.0
400.5,73.4,143.6,71.1,107.1,103.8,140.6,84.0
98.5,333.5,184.1,71.1,107.1,103.8,141.9,84.0
98.5,73.4,196.3,71.1,107.1,103.8,142.3,84.0
62.6,62.6,62.6,62.6,62.6,62.6,62.6,62.6
62.6,62.6,62.6,62.6,62.6,62.6,62.6,62.6
62.6,62.6,62.6,62.6,62.6,62.6,62.6,62.6
62.6,62.6,62.6,62.6,62.6,62.6,62.6,62.6
24.8,24.8,24.8,24.8,24.8,24.8,24.8,24.8
24.8,24.8,24.8,24.8,24.8,24.8,24.8,24.8
24.8,24.8,24.8,24.8,24.8,24.8,24.8,24.8
24.8,24.8,24.8,24.8,24.8,24.8,24.8,24.8
12.5,12.5,12.5,12.5,12.5,12.5,12.5,12.5
12.5,12.5,12.5,12.5,12.5,12.5,12.5,12.5
12.5,12.5,12.5,12.5,12.5,12.5,12.5,12.5
12.5,12.5,12.5,12.5,12.5,12.5,12.5,12.5
23.3,23.3,23.3,23.3,23.3,23.3,23.3,23.3
23.3,23.3,23.3,23.3,23.3,23.3,23.3,23.3
23.3,23.3,23.3,23.3,23.3,23.3,23.3,23.3
23.3,23.3,23.3,23.3,23.3,23.3,23.3,23.3
6.7,6.7,6.7,6.7,6.7,6.7,6.7,6.7
6.7,6.7,6.7,6.7,6.7,6.7,6.7,6.7
6.7,6.7,6.7,6.7,6.7,6.7,6.7,6.7
6.7,6.7,6.7,6.7,6.7,6.7,6.7,6.7
0.0,0.0,0.0,0.0,0.0,0.0,0.0,0.0
0.0,0.0,0.0,0.0,0.0,0.0,0.0,0.0
0.0,0.0,0.0,0.0,0.0,0.0,0.0,0.0
0.0,0.0,0.0,0.0,0.0,0.0,0.0,0.0
0.0,0.0,0.0,0.0,0.0,0.0,0.0,0.0
0.0,0.0,0.0,0.0,0.0,0.0,0.0,0.0
0.0,0.0,0.0,0.0,0.0,0.0,0.0,0.0
0.0,0.0,0.0,0.0,0.0,0.0,0.0,0.0
0.0,0.0,0.0,0.0,0.0,0.0,0.0,0.0
0.0,0.0,0.0,0.0,0.0,0.0,0.0,0.0
0.0,0.0,0.0,0.0,0.0,0.0,0.0,0.0
0.0,0.0,0.0,0.0,0.0,0.0,0.0,0.0
0.0,0.0,0.0,0.0,0.0,0.0,0.0,0.0
0.0,0.0,0.0,0.0,0.0,0.0,0.0,0.0
0.0,0.0,0.0,0.0,0.0,0.0,0.0,0.0
0.0,0.0,0.0,0.0,0.0,0.0,0.0,0.0
0.0,0.0,0.0,0.0,0.0,0.0,0.0,0.0
0.0,0.0,0.0,0.0,0.0,0.0,0.0,0.0
0.0,0.0,0.0,0.0,0.0,0.0,0.0,0.0
0.0,0.0,0.0,0.0,0.0,0.0,0.0,0.0
0.0,0.0,0.0,0.0,0.0,0.0,0.0,0.0
0.0,0.0,0.0,0.0,0.0,0.0,0.0,0.0
0.0,0.0,0.0,0.0,0.0,0.0,0.0,0.0
0.0,0.0,0.0,0.0,0.0,0.0,0.0,0.0
0.0,0.0,0.0,0.0,0.0,0.0,0.0,0.0
0.0,0.0,0.0,0.0,0.0,0.0,0.0,0.0
0.0,0.0,0.0,0.0,0.0,0.0,0.0,0.0
0.0,0.0,0.0,0.0,0.0,0.0,0.0,0.0
0.0,0.0,0.0,0.0,0.0,0.0,0.0,0.0
0.0,0.0,0.0,0.0,0.0,0.0,0.0,0.0
0.0,0.0,0.0,0.0,0.0,0.0,0.0,0.0
0.0,0.0,0.0,0.0,0.0,0.0,0.0,0.0
0.0,0.0,0.0,0.0,0.0,0.0,0.0,0.0
0.0,0.0,0.0,0.0,0.0,0.0,0.0,0.0
0.0,0.0,0.0,0.0,0.0,0.0,0.0,0.0
0.0,0.0,0.0,0.0,0.0,0.0,0.0,0.0
0.0,0.0,0.0,0.0,0.0,0.0,0.0,0.0
0.0,0.0,0.0,0.0,0.0,0.0,0.0,0.0
0.0,0.0,0.0,0.0,0.0,0.0,0.0,0.0
0.0,0.0,0.0,0.0,0.0,0.0,0.0,0.0
0.0,0.0,0.0,0.0,0.0,0.0,0.0,0.0
0.0,0.0,0.0,0.0,0.0,0.0,0.0,0.0
0.0,0.0,0.0,0.0,0.0,0.0,0.0,0.0
0.0,0.0,0.0,0.0,0.0,0.0,0.0,0.0
0.0,0.0,0.0,0.0,0.0,0.0,0.0,0.0
0.0,0.0,0.0,0.0,0.0,0.0,0.0,0.0
0.0,0.0,0.0,0.0,0.0,0.0,0.0,0.0
0.0,0.0,0.0,0.0,0.0,0.0,0.0,0.0
0.0,0.0,0.0,0.0,0.0,0.0,0.0,0.0
0.0,0.0,0.0,0.0,0.0,0.0,0.0,0.0
0.0,0.0,0.0,0.0,0.0,0.0,0.0,0.0
0.0,0.0,0.0,0.0,0.0,0.0,0.0,0.0
79.4,65.8,93.2,62.6,79.7,80.5,85.6,73.2
78.4,65.8,84.7,79.3,78.5,78.9,81.2,73.2
79.4,65.8,93.2,62.6,79.7,80.5,85.6,73.2
78.0,88.7,81.6,62.6,78.1,78.3,79.6,73.2
90.4,66.8,179.0,63.8,93.3,97.2,130.4,74.6
90.4,66.8,179.0,63.8,93.3,97.2,130.4,74.6
90.4,66.8,179.0,63.8,93.3,97.2,130.4,74.6
90.4,66.8,179.0,63.8,93.3,97.2,130.4,74.6
92.3,68.3,183.0,278.6,96.5,98.7,133.1,76.8
92.3,68.3,183.0,278.6,96.5,98.7,133.1,76.8
92.3,68.3,183.0,278.6,96.5,98.7,133.1,76.8
92.3,68.3,183.0,278.6,96.5,98.7,133.1,76.8
93.5,69.3,185.7,279.7,98.6,99.8,134.9,78.2
93.5,69.3,185.7,279.7,98.6,99.8,134.9,78.2
764.3,69.3,185.7,279.7,98.6,99.8,134.9,78.2
93.5,69.3,185.7,66.6,98.6,99.8,134.9,78.2
96.6,71.8,192.3,69.4,103.9,102.3,139.5,81.8
96.6,71.8,192.3,69.4,103.9,102.3,139.5,81.8
96.6,71.8,192.3,69.4,103.9,102.3,139.5,81.8
96.6,71.8,192.3,69.4,103.9,102.3,139.5,81.8
98.5,73.4,196.3,71.1,107.1,103.8,142.3,84.0
98.5,73.4,196.3,71.1,107.1,103.8,142.3,84.0
98.5,175.3,159.6,71.1,107.1,129.8,134.7,149.9
98.5,175.3,159.6,71.1,107.1,129.8,134.7,149.9
96.6,71.8,192.3,69.4,103.9,102.3,139.5,173.0
96.6,71.8,192.3,69.4,103.9,102.3,139.5,81.8
96.6,71.8,192.3,69.4,103.9,102.3,139.5,81.8
96.6,71.8,192.3,69.4,103.9,102.3,139.5,81.8
97.3,72.3,193.6,70.0,105.0,102.8,140.4,82.6
97.3,72.3,193.6,70.0,105.0,102.8,140.4,82.6
97.3,72.3,193.6,70.0,105.0,102.8,140.4,82.6
97.3,72.3,193.6,70.0,105.0,102.8,140.4,82.6
99.1,73.9,197.6,71.7,108.1,104.4,143.2,84.7
99.1,73.9,197.6,71.7,108.1,104.4,143.2,84.7
99.1,73.9,197.6,71.7,108.1,104.4,143.2,84.7
99.1,73.9,197.6,71.7,108.1,104.4,143.2,84.7
106.0,79.4,212.2,77.9,119.8,110.0,153.3,92.7
106.0,79.4,212.2,77.9,119.8,110.0,153.3,92.7
106.0,79.4,212.2,77.9,119.8,110.0,153.3,92.7
106.0,79.4,212.2,77.9,119.8,110.0,153.3,92.7
11.8,11.8,11.8,11.8,11.8,11.8,11.8,11.8
11.8,11.8,11.8,11.8,11.8,11.8,11.8,11.8
11.8,11.8,11.8,11.8,11.8,11.8,11.8,11.8
11.8,11.8,11.8,11.8,11.8,11.8,11.8,11.8
0.0,0.0,0.0,0.0,0.0,0.0,0.0,0.0
0.0,0.0,0.0,0.0,0.0,0.0,0.0,0.0
0.0,0.0,0.0,0.0,0.0,0.0,0.0,0.0
0.0,0.0,0.0,0.0,0.0,0.0,0.0,0.0
0.0,0.0,0.0,0.0,0.0,0.0,0.0,0.0
0.0,0.0,0.0,0.0,0.0,0.0,0.0,0.0
0.0,0.0,0.0,0.0,0.0,0.0,0.0,0.0
0.0,0.0,0.0,0.0,0.0,0.0,0.0,0.0
0.0,0.0,0.0,0.0,0.0,0.0,0.0,0.0
0.0,0.0,0.0,0.0,0.0,0.0,0.0,0.0
0.0,0.0,0.0,0.0,0.0,0.0,0.0,0.0
0.0,0.0,0.0,0.0,0.0,0.0,0.0,0.0
0.0,0.0,0.0,0.0,0.0,0.0,0.0,0.0
0.0,0.0,0.0,0.0,0.0,0.0,0.0,0.0
0.0,0.0,0.0,0.0,0.0,0.0,0.0,0.0
0.0,0.0,0.0,0.0,0.0,0.0,0.0,0.0
0.0,0.0,0.0,0.0,0.0,0.0,0.0,0.0
0.0,0.0,0.0,0.0,0.0,0.0,0.0,0.0
0.0,0.0,0.0,0.0,0.0,0.0,0.0,0.0
0.0,0.0,0.0,0.0,0.0,0.0,0.0,0.0
0.0,0.0,0.0,0.0,0.0,0.0,0.0,0.0
0.0,0.0,0.0,0.0,0.0,0.0,0.0,0.0
0.0,0.0,0.0,0.0,0.0,0.0,0.0,0.0
0.0,0.0,0.0,0.0,0.0,0.0,0.0,0.0
0.0,0.0,0.0,0.0,0.0,0.0,0.0,0.0
0.0,0.0,0.0,0.0,0.0,0.0,0.0,0.0
0.0,0.0,0.0,0.0,0.0,0.0,0.0,0.0
0.0,0.0,0.0,0.0,0.0,0.0,0.0,0.0
0.0,0.0,0.0,0.0,0.0,0.0,0.0,0.0
0.0,0.0,0.0,0.0,0.0,0.0,0.0,0.0
0.0,0.0,0.0,0.0,0.0,0.0,0.0,0.0
0.0,0.0,0.0,0.0,0.0,0.0,0.0,0.0
0.0,0.0,0.0,0.0,0.0,0.0,0.0,0.0
0.0,0.0,0.0,0.0,0.0,0.0,0.0,0.0
0.0,0.0,0.0,0.0,0.0,0.0,0.0,0.0
0.0,0.0,0.0,0.0,0.0,0.0,0.0,0.0
0.0,0.0,0.0,0.0,0.0,0.0,0.0,0.0
0.0,0.0,0.0,0.0,0.0,0.0,0.0,0.0
0.0,0.0,0.0,0.0,0.0,0.0,0.0,0.0
0.0,0.0,0.0,0.0,0.0,0.0,0.0,0.0
0.0,0.0,0.0,0.0,0.0,0.0,0.0,0.0
0.0,0.0,0.0,0.0,0.0,0.0,0.0,0.0
0.0,0.0,0.0,0.0,0.0,0.0,0.0,0.0
0.0,0.0,0.0,0.0,0.0,0.0,0.0,0.0
0.0,0.0,0.0,0.0,0.0,0.0,0.0,0.0
0.0,0.0,0.0,0.0,0.0,0.0,0.0,0.0
0.0,0.0,0.0,0.0,0.0,0.0,0.0,0.0
0.0,0.0,0.0,0.0,0.0,0.0,0.0,0.0
0.0,0.0,0.0,0.0,0.0,0.0,0.0,0.0
0.0,0.0,0.0,0.0,0.0,0.0,0.0,0.0
0.0,0.0,0.0,0.0,0.0,0.0,0.0,0.0
0.0,0.0,0.0,0.0,0.0,0.0,0.0,0.0
0.0,0.0,0.0,0.0,0.0,0.0,0.0,0.0
0.0,0.0,0.0,0.0,0.0,0.0,0.0,0.0
0.0,0.0,0.0,0.0,0.0,0.0,0.0,0.0
0.0,0.0,0.0,0.0,0.0,0.0,0.0,0.0
0.0,0.0,0.0,0.0,0.0,0.0,0.0,0.0
0.0,0.0,0.0,0.0,0.0,0.0,0.0,0.0
0.0,0.0,0.0,0.0,0.0,0.0,0.0,0.0
0.0,0.0,0.0,0.0,0.0,0.0,0.0,0.0
92.3,68.3,183.0,65.5,96.5,98.7,133.1,76.8
92.3,68.3,183.0,65.5,96.5,98.7,133.1,76.8
92.3,68.3,183.0,65.5,96.5,98.7,133.1,76.8
92.3,68.3,183.0,65.5,96.5,98.7,133.1,76.8
93.5,69.3,185.7,66.6,98.6,99.8,134.9,78.2
93.5,69.3,185.7,66.6,98.6,99.8,134.9,78.2
93.5,69.3,185.7,66.6,98.6,99.8,134.9,78.2
317.1,69.3,185.7,66.6,98.6,99.8,134.9,78.2
320.2,71.8,192.3,69.4,103.9,102.3,139.5,81.8
320.2,71.8,192.3,69.4,219.1,102.3,139.5,81.8
96.6,71.8,217.3,69.4,219.1,102.3,139.5,81.8
96.6,71.8,217.3,69.4,219.1,102.3,139.5,81.8
98.5,230.3,196.3,71.1,107.1,103.8,142.3,84.0
663.6,230.3,196.3,71.1,107.1,103.8,142.3,84.0
663.6,73.4,196.3,71.1,107.1,103.8,142.3,84.0
663.6,73.4,196.3,71.1,107.1,103.8,142.3,84.0
661.8,71.8,192.3,69.4,103.9,102.3,139.5,81.8
661.8,71.8,192.3,69.4,103.9,102.3,139.5,81.8
661.8,71.8,192.3,69.4,103.9,102.3,139.5,81.8
661.8,71.8,192.3,69.4,103.9,102.3,139.5,81.8
97.3,72.3,193.6,70.0,105.0,102.8,140.4,82.6
97.3,72.3,193.6,70.0,105.0,102.8,140.4,82.6
97.3,72.3,193.6,70.0,105.0,102.8,140.4,82.6
97.3,72.3,193.6,70.0,105.0,102.8,140.4,82.6
18.3,18.3,18.3,18.3,18.3,18.3,18.3,18.3
18.3,18.3,18.3,18.3,18.3,18.3,18.3,18.3
18.3,18.3,18.3,18.3,18.3,18.3,18.3,18.3
18.3,18.3,18.3,18.3,18.3,18.3,18.3,18.3
106.0,79.4,212.2,356.9,119.8,110.0,153.3,92.7
106.0,79.4,212.2,356.9,119.8,110.0,153.3,92.7
106.0,79.4,212.2,356.9,119.8,110.0,153.3,92.7
106.0,79.4,212.2,356.9,119.8,110.0,153.3,92.7
117.2,88.4,236.2,367.1,138.9,119.2,169.7,105.6
117.2,88.4,236.0,366.5,138.9,260.9,169.7,105.6
117.2,88.4,227.0,229.1,342.6,203.6,169.7,105.6
238.2,88.4,207.7,208.8,269.6,195.2,169.7,105.6
0.0,0.0,0.0,0.0,0.0,0.0,0.0,0.0
0.0,0.0,0.0,0.0,0.0,0.0,0.0,0.0
0.0,0.0,0.0,0.0,0.0,0.0,0.0,0.0
0.0,0.0,0.0,0.0,0.0,0.0,0.0,0.0
0.0,0.0,0.0,0.0,0.0,0.0,0.0,0.0
0.0,0.0,0.0,0.0,0.0,0.0,0.0,0.0
0.0,0.0,0.0,0.0,0.0,0.0,0.0,0.0
0.0,0.0,0.0,0.0,0.0,0.0,0.0,0.0
0.0,0.0,0.0,0.0,0.0,0.0,0.0,0.0
0.0,0.0,0.0,0.0,0.0,0.0,0.0,0.0
0.0,0.0,0.0,0.0,0.0,0.0,0.0,0.0
0.0,0.0,0.0,0.0,0.0,0.0,0.0,0.0
0.0,0.0,0.0,0.0,0.0,0.0,0.0,0.0
0.0,0.0,0.0,0.0,0.0,0.0,0.0,0.0
0.0,0.0,0.0,0.0,0.0,0.0,0.0,0.0
0.0,0.0,0.0,0.0,0.0,0.0,0.0,0.0
0.0,0.0,0.0,0.0,0.0,0.0,0.0,0.0
0.0,0.0,0.0,0.0,0.0,0.0,0.0,0.0
0.0,0.0,0.0,0.0,0.0,0.0,0.0,0.0
0.0,0.0,0.0,0.0,0.0,0.0,0.0,0.0
0.0,0.0,0.0,0.0,0.0,0.0,0.0,0.0
0.0,0.0,0.0,0.0,0.0,0.0,0.0,0.0
0.0,0.0,0.0,0.0,0.0,0.0,0.0,0.0
0.0,0.0,0.0,0.0,0.0,0.0,0.0,0.0
0.0,0.0,0.0,0.0,0.0,0.0,0.0,0.0
0.0,0.0,0.0,0.0,0.0,0.0,0.0,0.0
0.0,0.0,0.0,0.0,0.0,0.0,0.0,0.0
0.0,0.0,0.0,0.0,0.0,0.0,0.0,0.0
0.0,0.0,0.0,0.0,0.0,0.0,0.0,0.0
0.0,0.0,0.0,0.0,0.0,0.0,0.0,0.0
0.0,0.0,0.0,0.0,0.0,0.0,0.0,0.0
0.0,0.0,0.0,0.0,0.0,0.0,0.0,0.0
0.0,0.0,0.0,0.0,0.0,0.0,0.0,0.0
0.0,0.0,0.0,0.0,0.0,0.0,0.0,0.0
0.0,0.0,0.0,0.0,0.0,0.0,0.0,0.0
0.0,0.0,0.0,0.0,0.0,0.0,0.0,0.0
0.0,0.0,0.0,0.0,0.0,0.0,0.0,0.0
0.0,0.0,0.0,0.0,0.0,0.0,0.0,0.0
0.0,0.0,0.0,0.0,0.0,0.0,0.0,0.0
0.0,0.0,0.0,0.0,0.0,0.0,0.0,0.0
0.0,0.0,0.0,0.0,0.0,0.0,0.0,0.0
0.0,0.0,0.0,0.0,0.0,0.0,0.0,0.0
0.0,0.0,0.0,0.0,0.0,0.0,0.0,0.0
0.0,0.0,0.0,0.0,0.0,0.0,0.0,0.0
0.0,0.0,0.0,0.0,0.0,0.0,0.0,0.0
0.0,0.0,0.0,0.0,0.0,0.0,0.0,0.0
0.0,0.0,0.0,0.0,0.0,0.0,0.0,0.0
0.0,0.0,0.0,0.0,0.0,0.0,0.0,0.0
0.0,0.0,0.0,0.0,0.0,0.0,0.0,0.0
0.0,0.0,0.0,0.0,0.0,0.0,0.0,0.0
0.0,0.0,0.0,0.0,0.0,0.0,0.0,0.0
0.0,0.0,0.0,0.0,0.0,0.0,0.0,0.0
0.0,0.0,0.0,0.0,0.0,0.0,0.0,0.0
0.0,0.0,0.0,0.0,0.0,0.0,0.0,0.0
0.0,0.0,0.0,0.0,0.0,0.0,0.0,0.0
0.0,0.0,0.0,0.0,0.0,0.0,0.0,0.0
0.0,0.0,0.0,0.0,0.0,0.0,0.0,0.0
0.0,0.0,0.0,0.0,0.0,0.0,0.0,0.0
0.0,0.0,0.0,0.0,0.0,0.0,0.0,0.0
0.0,0.0,0.0,0.0,0.0,0.0,0.0,0.0
92.3,68.3,183.0,65.5,96.5,98.7,133.1,76.8
92.3,68.3,183.0,65.5,96.5,98.7,133.1,76.8
92.3,68.3,183.0,65.5,96.5,98.7,133.1,76.8
92.3,68.3,183.0,65.5,96.5,98.7,133.1,76.8
93.5,69.3,185.7,66.6,98.6,99.8,134.9,78.2
93.5,69.3,185.7,66.6,98.6,99.8,134.9,78.2
93.5,69.3,185.7,66.6,98.6,99.8,134.9,78.2
93.5,69.3,185.7,66.6,98.6,99.8,134.9,78.2
96.6,71.8,190.9,69.4,103.9,102.3,568.3,214.6
96.6,71.8,192.3,69.4,103.9,102.3,139.5,218.6
96.6,71.8,192.3,80.9,449.6,102.3,139.5,81.8
648.4,71.8,189.3,80.9,103.9,102.3,139.5,81.8
98.5,73.4,196.3,71.1,107.1,159.5,142.3,84.0
98.5,73.4,212.9,71.1,107.1,103.8,142.3,84.0
98.5,73.4,212.9,71.1,107.1,103.8,142.3,84.0
98.5,230.3,212.9,71.1,107.1,103.8,142.3,84.0
96.6,228.8,192.3,69.4,103.9,102.3,139.5,81.8
96.6,71.8,192.3,69.4,103.9,102.3,690.1,81.8
96.6,71.8,192.3,69.4,103.9,102.3,690.1,81.8
96.6,71.8,192.3,69.4,103.9,102.3,690.1,81.8
97.3,72.3,193.6,70.0,105.0,102.8,691.0,82.6
97.3,72.3,193.6,70.0,105.0,102.8,691.0,82.6
97.3,72.3,193.6,70.0,105.0,102.8,691.0,82.6
97.3,72.3,193.6,70.0,105.0,102.8,691.0,82.6
99.1,73.9,197.6,71.7,108.1,104.4,693.7,84.7
99.1,73.9,197.6,71.7,108.1,104.4,693.7,84.7
99.1,73.9,197.6,71.7,108.1,104.4,693.7,84.7
99.1,73.9,197.6,71.7,108.1,104.4,693.7,84.7
106.0,79.4,212.2,77.9,119.8,110.0,153.3,92.7
106.0,79.4,212.2,77.9,119.8,110.0,153.3,92.7
106.0,79.4,212.2,77.9,119.8,110.0,153.3,92.7
106.0,79.4,212.2,77.9,119.8,110.0,153.3,92.7
9.3,9.3,9.3,9.3,9.3,9.3,9.3,9.3
9.3,9.3,9.3,9.3,9.3,9.3,9.3,9.3
9.3,9.3,9.3,9.3,9.3,9.3,9.3,9.3
9.3,9.3,9.3,9.3,9.3,9.3,9.3,9.3
0.0,0.0,0.0,0.0,0.0,0.0,0.0,0.0
0.0,0.0,0.0,0.0,0.0,0.0,0.0,0.0
0.0,0.0,0.0,0.0,0.0,0.0,0.0,0.0
0.0,0.0,0.0,0.0,0.0,0.0,0.0,0.0
0.0,0.0,0.0,0.0,0.0,0.0,0.0,0.0
0.0,0.0,0.0,0.0,0.0,0.0,0.0,0.0
0.0,0.0,0.0,0.0,0.0,0.0,0.0,0.0
0.0,0.0,0.0,0.0,0.0,0.0,0.0,0.0
0.0,0.0,0.0,0.0,0.0,0.0,0.0,0.0
0.0,0.0,0.0,0.0,0.0,0.0,0.0,0.0
0.0,0.0,0.0,0.0,0.0,0.0,0.0,0.0
0.0,0.0,0.0,0.0,0.0,0.0,0.0,0.0
0.0,0.0,0.0,0.0,0.0,0.0,0.0,0.0
0.0,0.0,0.0,0.0,0.0,0.0,0.0,0.0
0.0,0.0,0.0,0.0,0.0,0.0,0.0,0.0
0.0,0.0,0.0,0.0,0.0,0.0,0.0,0.0
0.0,0.0,0.0,0.0,0.0,0.0,0.0,0.0
0.0,0.0,0.0,0.0,0.0,0.0,0.0,0.0
0.0,0.0,0.0,0.0,0.0,0.0,0.0,0.0
0.0,0.0,0.0,0.0,0.0,0.0,0.0,0.0
0.0,0.0,0.0,0.0,0.0,0.0,0.0,0.0
0.0,0.0,0.0,0.0,0.0,0.0,0.0,0.0
0.0,0.0,0.0,0.0,0.0,0.0,0.0,0.0
0.0,0.0,0.0,0.0,0.0,0.0,0.0,0.0
0.0,0.0,0.0,0.0,0.0,0.0,0.0,0.0
0.0,0.0,0.0,0.0,0.0,0.0,0.0,0.0
0.0,0.0,0.0,0.0,0.0,0.0,0.0,0.0
0.0,0.0,0.0,0.0,0.0,0.0,0.0,0.0
0.0,0.0,0.0,0.0,0.0,0.0,0.0,0.0
0.0,0.0,0.0,0.0,0.0,0.0,0.0,0.0
0.0,0.0,0.0,0.0,0.0,0.0,0.0,0.0
0.0,0.0,0.0,0.0,0.0,0.0,0.0,0.0
0.0,0.0,0.0,0.0,0.0,0.0,0.0,0.0
0.0,0.0,0.0,0.0,0.0,0.0,0.0,0.0
0.0,0.0,0.0,0.0,0.0,0.0,0.0,0.0
0.0,0.0,0.0,0.0,0.0,0.0,0.0,0.0
0.0,0.0,0.0,0.0,0.0,0.0,0.0,0.0
0.0,0.0,0.0,0.0,0.0,0.0,0.0,0.0
0.0,0.0,0.0,0.0,0.0,0.0,0.0,0.0
0.0,0.0,0.0,0.0,0.0,0.0,0.0,0.0
0.0,0.0,0.0,0.0,0.0,0.0,0.0,0.0
0.0,0.0,0.0,0.0,0.0,0.0,0.0,0.0
0.0,0.0,0.0,0.0,0.0,0.0,0.0,0.0
0.0,0.0,0.0,0.0,0.0,0.0,0.0,0.0
0.0,0.0,0.0,0.0,0.0,0.0,0.0,0.0
0.0,0.0,0.0,0.0,0.0,0.0,0.0,0.0
0.0,0.0,0.0,0.0,0.0,0.0,0.0,0.0
0.0,0.0,0.0,0.0,0.0,0.0,0.0,0.0
0.0,0.0,0.0,0.0,0.0,0.0,0.0,0.0
0.0,0.0,0.0,0.0,0.0,0.0,0.0,0.0
0.0,0.0,0.0,0.0,0.0,0.0,0.0,0.0
0.0,0.0,0.0,0.0,0.0,0.0,0.0,0.0
42.9,42.9,42.9,42.9,42.9,42.9,42.9,42.9
42.9,42.9,42.9,42.9,42.9,42.9,42.9,42.9
42.9,42.9,42.9,42.9,42.9,42.9,42.9,42.9
42.9,42.9,42.9,42.9,42.9,42.9,42.9,42.9
90.4,66.8,221.0,63.8,93.3,97.2,130.4,74.6
90.4,66.8,179.0,63.8,93.3,97.2,130.4,74.6
90.4,66.8,179.0,63.8,93.3,97.2,130.4,74.6
90.4,66.8,179.0,63.8,93.3,97.2,130.4,74.6
92.3,68.3,183.0,65.5,96.5,98.7,133.1,76.8
92.3,68.3,183.0,65.5,96.5,98.7,133.1,76.8
92.3,68.3,183.0,65.5,96.5,98.7,133.1,76.8
92.3,68.3,183.0,65.5,96.5,98.7,133.1,76.8
93.5,69.3,185.7,66.6,98.6,99.8,134.9,78.2
93.5,69.3,185.7,66.6,98.6,99.8,134.9,78.2
93.5,69.3,185.7,66.6,98.6,99.8,134.9,78.2
93.5,69.3,185.7,66.6,98.6,99.8,134.9,78.2
96.6,71.8,217.3,69.4,103.9,102.3,139.5,81.8
96.6,71.8,217.3,69.4,103.9,102.3,139.5,81.8
96.6,71.8,192.3,69.4,103.9,102.3,139.5,81.8
96.6,71.8,192.3,69.4,103.9,102.3,139.5,81.8
98.5,73.4,196.3,71.1,107.1,103.8,142.3,84.0
98.5,73.4,196.3,71.1,279.9,103.8,142.3,84.0
4793.8,73.4,196.3,82.6,279.9,103.8,142.3,84.0
4793.8,73.4,196.3,82.6,107.1,103.8,142.3,84.0
4792.0,71.8,192.3,69.4,103.9,102.3,139.5,81.8
96.6,469.2,192.3,69.4,103.9,102.3,139.5,81.8
96.6,469.2,192.3,69.4,103.9,102.3,139.5,81.8
96.6,469.2,192.3,69.4,103.9,102.3,139.5,81.8
97.3,469.7,193.6,70.0,105.0,102.8,140.4,82.6
97.3,469.7,193.6,70.0,105.0,102.8,140.4,82.6
97.3,469.7,193.6,70.0,105.0,102.8,140.4,82.6
97.3,72.3,193.6,70.0,105.0,102.8,140.4,82.6
99.1,73.9,197.6,71.7,108.1,104.4,143.2,84.7
99.1,73.9,197.6,71.7,108.1,104.4,143.2,84.7
99.1,73.9,197.6,71.7,108.1,104.4,143.2,84.7
99.1,73.9,197.6,71.7,108.1,104.4,143.2,84.7
87.3,79.4,93.0,77.9,88.0,87.5,89.8,86.5
87.3,79.4,93.0,77.9,88.0,87.5,89.8,86.5
87.3,79.4,93.0,77.9,88.0,87.5,89.8,86.5
87.3,79.4,93.0,77.9,88.0,87.5,89.8,86.5
8.4,8.4,8.4,8.4,8.4,8.4,8.4,8.4
8.4,8.4,8.4,8.4,8.4,8.4,8.4,8.4
8.4,8.4,8.4,8.4,8.4,8.4,8.4,8.4
8.4,8.4,8.4,8.4,8.4,8.4,8.4,8.4
0.0,0.0,0.0,0.0,0.0,0.0,0.0,0.0
0.0,0.0,0.0,0.0,0.0,0.0,0.0,0.0
0.0,0.0,0.0,0.0,0.0,0.0,0.0,0.0
0.0,0.0,0.0,0.0,0.0,0.0,0.0,0.0
0.0,0.0,0.0,0.0,0.0,0.0,0.0,0.0
0.0,0.0,0.0,0.0,0.0,0.0,0.0,0.0
0.0,0.0,0.0,0.0,0.0,0.0,0.0,0.0
0.0,0.0,0.0,0.0,0.0,0.0,0.0,0.0
0.0,0.0,0.0,0.0,0.0,0.0,0.0,0.0
0.0,0.0,0.0,0.0,0.0,0.0,0.0,0.0
0.0,0.0,0.0,0.0,0.0,0.0,0.0,0.0
0.0,0.0,0.0,0.0,0.0,0.0,0.0,0.0
0.0,0.0,0.0,0.0,0.0,0.0,0.0,0.0
0.0,0.0,0.0,0.0,0.0,0.0,0.0,0.0
0.0,0.0,0.0,0.0,0.0,0.0,0.0,0.0
0.0,0.0,0.0,0.0,0.0,0.0,0.0,0.0
0.0,0.0,0.0,0.0,0.0,0.0,0.0,0.0
0.0,0.0,0.0,0.0,0.0,0.0,0.0,0.0
0.0,0.0,0.0,0.0,0.0,0.0,0.0,0.0
0.0,0.0,0.0,0.0,0.0,0.0,0.0,0.0
0.0,0.0,0.0,0.0,0.0,0.0,0.0,0.0
0.0,0.0,0.0,0.0,0.0,0.0,0.0,0.0
0.0,0.0,0.0,0.0,0.0,0.0,0.0,0.0
0.0,0.0,0.0,0.0,0.0,0.0,0.0,0.0
0.0,0.0,0.0,0.0,0.0,0.0,0.0,0.0
0.0,0.0,0.0,0.0,0.0,0.0,0.0,0.0
0.0,0.0,0.0,0.0,0.0,0.0,0.0,0.0
0.0,0.0,0.0,0.0,0.0,0.0,0.0,0.0
0.0,0.0,0.0,0.0,0.0,0.0,0.0,0.0
0.0,0.0,0.0,0.0,0.0,0.0,0.0,0.0
0.0,0.0,0.0,0.0,0.0,0.0,0.0,0.0
0.0,0.0,0.0,0.0,0.0,0.0,0.0,0.0
0.0,0.0,0.0,0.0,0.0,0.0,0.0,0.0
0.0,0.0,0.0,0.0,0.0,0.0,0.0,0.0
0.0,0.0,0.0,0.0,0.0,0.0,0.0,0.0
0.0,0.0,0.0,0.0,0.0,0.0,0.0,0.0
0.0,0.0,0.0,0.0,0.0,0.0,0.0,0.0
0.0,0.0,0.0,0.0,0.0,0.0,0.0,0.0
0.0,0.0,0.0,0.0,0.0,0.0,0.0,0.0
0.0,0.0,0.0,0.0,0.0,0.0,0.0,0.0
0.0,0.0,0.0,0.0,0.0,0.0,0.0,0.0
0.0,0.0,0.0,0.0,0.0,0.0,0.0,0.0
0.0,0.0,0.0,0.0,0.0,0.0,0.0,0.0
0.0,0.0,0.0,0.0,0.0,0.0,0.0,0.0
0.0,0.0,0.0,0.0,0.0,0.0,0.0,0.0
0.0,0.0,0.0,0.0,0.0,0.0,0.0,0.0
0.0,0.0,0.0,0.0,0.0,0.0,0.0,0.0
0.0,0.0,0.0,0.0,0.0,0.0,0.0,0.0
0.0,0.0,0.0,0.0,0.0,0.0,0.0,0.0
0.0,0.0,0.0,0.0,0.0,0.0,0.0,0.0
0.0,0.0,0.0,0.0,0.0,0.0,0.0,0.0
0.0,0.0,0.0,0.0,0.0,0.0,0.0,0.0
0.0,0.0,0.0,0.0,0.0,0.0,0.0,0.0
0.0,0.0,0.0,0.0,0.0,0.0,0.0,0.0
0.0,0.0,0.0,0.0,0.0,0.0,0.0,0.0
0.0,0.0,0.0,0.0,0.0,0.0,0.0,0.0
0.0,0.0,0.0,0.0,0.0,0.0,0.0,0.0
0.0,0.0,0.0,0.0,0.0,0.0,0.0,0.0
0.0,0.0,0.0,0.0,0.0,0.0,0.0,0.0
0.0,0.0,0.0,0.0,0.0,0.0,0.0,0.0
92.3,68.3,183.0,65.5,96.5,98.7,133.1,76.8
92.3,68.3,183.0,65.5,96.5,98.7,133.1,76.8
92.3,68.3,183.0,65.5,96.5,98.7,133.1,76.8
92.3,68.3,183.0,65.5,96.5,98.7,133.1,76.8
93.5,69.3,185.7,66.6,98.6,99.8,134.9,78.2
93.5,69.3,185.7,66.6,98.6,99.8,134.9,78.2
93.5,69.3,185.7,66.6,98.6,99.8,134.9,78.2
93.5,69.3,185.7,66.6,98.6,99.8,134.9,78.2
96.6,71.8,192.3,69.4,103.9,102.3,139.5,81.8
96.6,71.8,192.3,69.4,103.9,102.3,139.5,81.8
96.6,71.8,217.3,69.4,103.9,462.3,296.1,81.8
96.6,71.8,217.3,69.4,103.9,462.3,296.1,81.8
98.5,73.4,196.3,71.1,107.1,463.8,298.9,84.0
98.5,73.4,196.3,71.1,452.8,463.8,142.3,84.0
98.5,73.4,196.3,71.1,107.1,463.8,142.3,84.0
98.5,73.4,196.3,71.1,107.1,463.8,142.3,84.0
96.6,71.8,192.3,92.3,103.9,462.3,139.5,81.8
96.6,71.8,192.3,69.4,103.9,102.3,139.5,81.8
96.6,71.8,192.3,69.4,103.9,102.3,139.5,81.8
96.6,71.8,192.3,69.4,103.9,102.3,139.5,81.8
97.3,72.3,193.6,70.0,105.0,102.8,140.4,82.6
97.3,72.3,193.6,70.0,105.0,102.8,140.4,82.6
97.3,72.3,193.6,70.0,105.0,102.8,140.4,82.6
97.3,473.1,193.6,70.0,105.0,102.8,140.4,82.6
99.1,474.7,197.6,71.7,108.1,104.4,143.2,84.7
99.1,474.7,197.6,71.7,108.1,104.4,143.2,84.7
99.1,474.7,197.6,71.7,108.1,104.4,143.2,84.7
99.1,474.7,197.6,71.7,108.1,104.4,143.2,84.7
106.0,79.4,212.2,77.9,119.8,110.0,153.3,92.7
106.0,79.4,212.2,77.9,119.8,110.0,153.3,92.7
432.4,79.4,212.2,77.9,119.8,110.0,153.3,92.7
432.4,79.4,212.2,77.9,119.8,110.0,153.3,92.7
201.6,88.4,153.3,88.1,130.6,119.2,137.8,105.6
201.6,88.4,153.3,88.1,130.6,119.2,137.8,105.6
201.6,88.4,153.3,88.1,130.6,119.2,137.8,105.6
201.6,88.4,153.3,88.1,130.6,119.2,137.8,105.6
0.0,0.0,0.0,0.0,0.0,0.0,0.0,0.0
0.0,0.0,0.0,0.0,0.0,0.0,0.0,0.0
0.0,0.0,0.0,0.0,0.0,0.0,0.0,0.0
0.0,0.0,0.0,0.0,0.0,0.0,0.0,0.0
0.0,0.0,0.0,0.0,0.0,0.0,0.0,0.0
0.0,0.0,0.0,0.0,0.0,0.0,0.0,0.0
0.0,0.0,0.0,0.0,0.0,0.0,0.0,0.0
0.0,0.0,0.0,0.0,0.0,0.0,0.0,0.0
0.0,0.0,0.0,0.0,0.0,0.0,0.0,0.0
0.0,0.0,0.0,0.0,0.0,0.0,0.0,0.0
0.0,0.0,0.0,0.0,0.0,0.0,0.0,0.0
0.0,0.0,0.0,0.0,0.0,0.0,0.0,0.0
0.0,0.0,0.0,0.0,0.0,0.0,0.0,0.0
0.0,0.0,0.0,0.0,0.0,0.0,0.0,0.0
0.0,0.0,0.0,0.0,0.0,0.0,0.0,0.0
0.0,0.0,0.0,0.0,0.0,0.0,0.0,0.0
0.0,0.0,0.0,0.0,0.0,0.0,0.0,0.0
0.0,0.0,0.0,0.0,0.0,0.0,0.0,0.0
0.0,0.0,0.0,0.0,0.0,0.0,0.0,0.0
0.0,0.0,0.0,0.0,0.0,0.0,0.0,0.0
0.0,0.0,0.0,0.0,0.0,0.0,0.0,0.0
0.0,0.0,0.0,0.0,0.0,0.0,0.0,0.0
0.0,0.0,0.0,0.0,0.0,0.0,0.0,0.0
0.0,0.0,0.0,0.0,0.0,0.0,0.0,0.0
0.0,0.0,0.0,0.0,0.0,0.0,0.0,0.0
0.0,0.0,0.0,0.0,0.0,0.0,0.0,0.0
0.0,0.0,0.0,0.0,0.0,0.0,0.0,0.0
0.0,0.0,0.0,0.0,0.0,0.0,0.0,0.0
0.0,0.0,0.0,0.0,0.0,0.0,0.0,0.0
0.0,0.0,0.0,0.0,0.0,0.0,0.0,0.0
0.0,0.0,0.0,0.0,0.0,0.0,0.0,0.0
0.0,0.0,0.0,0.0,0.0,0.0,0.0,0.0
0.0,0.0,0.0,0.0,0.0,0.0,0.0,0.0
0.0,0.0,0.0,0.0,0.0,0.0,0.0,0.0
0.0,0.0,0.0,0.0,0.0,0.0,0.0,0.0
0.0,0.0,0.0,0.0,0.0,0.0,0.0,0.0
0.0,0.0,0.0,0.0,0.0,0.0,0.0,0.0
0.0,0.0,0.0,0.0,0.0,0.0,0.0,0.0
0.0,0.0,0.0,0.0,0.0,0.0,0.0,0.0
0.0,0.0,0.0,0.0,0.0,0.0,0.0,0.0
0.0,0.0,0.0,0.0,0.0,0.0,0.0,0.0
0.0,0.0,0.0,0.0,0.0,0.0,0.0,0.0
0.0,0.0,0.0,0.0,0.0,0.0,0.0,0.0
0.0,0.0,0.0,0.0,0.0,0.0,0.0,0.0
0.0,0.0,0.0,0.0,0.0,0.0,0.0,0.0
0.0,0.0,0.0,0.0,0.0,0.0,0.0,0.0
0.0,0.0,0.0,0.0,0.0,0.0,0.0,0.0
0.0,0.0,0.0,0.0,0.0,0.0,0.0,0.0
0.0,0.0,0.0,0.0,0.0,0.0,0.0,0.0
0.0,0.0,0.0,0.0,0.0,0.0,0.0,0.0
0.0,0.0,0.0,0.0,0.0,0.0,0.0,0.0
0.0,0.0,0.0,0.0,0.0,0.0,0.0,0.0
37.6,37.6,37.6,37.6,37.6,37.6,37.6,37.6
37.6,37.6,37.6,37.6,37.6,37.6,37.6,37.6
37.6,37.6,37.6,37.6,37.6,37.6,37.6,37.6
37.6,37.6,37.6,37.6,37.6,37.6,37.6,37.6
186.0,211.4,144.3,63.8,93.3,97.2,126.7,74.6
90.4,287.9,161.6,63.8,93.3,97.2,128.5,74.6
90.4,66.8,179.0,63.8,93.3,97.2,130.4,74.6
90.4,66.8,179.0,63.8,93.3,97.2,130.4,74.6
92.3,68.3,183.0,65.5,96.5,98.7,133.1,76.8
92.3,68.3,183.0,65.5,96.5,98.7,133.1,76.8
92.3,68.3,183.0,65.5,96.5,98.7,133.1,76.8
92.3,68.3,183.0,65.5,96.5,98.7,133.1,76.8
93.5,69.3,185.7,66.6,98.6,99.8,134.9,78.2
93.5,69.3,415.7,66.6,98.6,99.8,134.9,78.2
93.5,69.3,415.7,66.6,98.6,99.8,134.9,78.2
93.5,69.3,185.7,66.6,98.6,99.8,134.9,78.2
320.2,71.8,192.3,69.4,103.9,102.3,139.5,81.8
320.2,228.8,192.3,69.4,103.9,102.3,1064.5,81.8
320.2,228.8,192.3,69.4,103.9,102.3,1064.5,81.8
96.6,71.8,192.3,69.4,276.8,102.3,1064.5,81.8
98.5,73.4,196.3,71.1,279.9,103.8,1067.3,84.0
98.5,73.4,246.2,71.1,107.1,103.8,142.3,84.0
98.5,73.4,196.3,71.1,107.1,103.8,142.3,175.1
98.5,73.4,1144.3,82.6,107.1,103.8,142.3,175.1
96.6,71.8,991.3,80.9,103.9,102.3,139.5,173.0
96.6,71.8,192.3,69.4,103.9,102.3,139.5,81.8
96.6,71.8,192.3,69.4,103.9,102.3,139.5,81.8
96.6,71.8,192.3,69.4,103.9,102.3,139.5,81.8
97.3,72.3,193.6,70.0,105.0,102.8,140.4,82.6
97.3,72.3,193.6,70.0,105.0,102.8,140.4,82.6
97.3,72.3,193.6,70.0,105.0,102.8,140.4,82.6
97.3,72.3,193.6,70.0,105.0,102.8,140.4,82.6
36.9,36.9,36.9,36.9,36.9,36.9,36.9,36.9
36.9,36.9,36.9,36.9,36.9,36.9,36.9,36.9
36.9,36.9,36.9,36.9,36.9,36.9,36.9,36.9
36.9,36.9,36.9,36.9,36.9,36.9,36.9,36.9
5.8,5.8,5.8,5.8,5.8,5.8,5.8,5.8
5.8,5.8,5.8,5.8,5.8,5.8,5.8,5.8
5.8,5.8,5.8,5.8,5.8,5.8,5.8,5.8
5.8,5.8,5.8,5.8,5.8,5.8,5.8,5.8
13.4,13.4,13.4,13.4,13.4,13.4,13.4,13.4
13.4,13.4,13.4,13.4,13.4,13.4,13.4,13.4
13.4,13.4,13.4,13.4,13.4,13.4,13.4,13.4
13.4,13.4,13.4,13.4,13.4,13.4,13.4,13.4
0.0,0.0,0.0,0.0,0.0,0.0,0.0,0.0
0.0,0.0,0.0,0.0,0.0,0.0,0.0,0.0
0.0,0.0,0.0,0.0,0.0,0.0,0.0,0.0
0.0,0.0,0.0,0.0,0.0,0.0,0.0,0.0
0.0,0.0,0.0,0.0,0.0,0.0,0.0,0.0
0.0,0.0,0.0,0.0,0.0,0.0,0.0,0.0
0.0,0.0,0.0,0.0,0.0,0.0,0.0,0.0
0.0,0.0,0.0,0.0,0.0,0.0,0.0,0.0
0.0,0.0,0.0,0.0,0.0,0.0,0.0,0.0
0.0,0.0,0.0,0.0,0.0,0.0,0.0,0.0
0.0,0.0,0.0,0.0,0.0,0.0,0.0,0.0
0.0,0.0,0.0,0.0,0.0,0.0,0.0,0.0
0.0,0.0,0.0,0.0,0.0,0.0,0.0,0.0
0.0,0.0,0.0,0.0,0.0,0.0,0.0,0.0
0.0,0.0,0.0,0.0,0.0,0.0,0.0,0.0
0.0,0.0,0.0,0.0,0.0,0.0,0.0,0.0
0.0,0.0,0.0,0.0,0.0,0.0,0.0,0.0
0.0,0.0,0.0,0.0,0.0,0.0,0.0,0.0
0.0,0.0,0.0,0.0,0.0,0.0,0.0,0.0
0.0,0.0,0.0,0.0,0.0,0.0,0.0,0.0
0.0,0.0,0.0,0.0,0.0,0.0,0.0,0.0
0.0,0.0,0.0,0.0,0.0,0.0,0.0,0.0
0.0,0.0,0.0,0.0,0.0,0.0,0.0,0.0
0.0,0.0,0.0,0.0,0.0,0.0,0.0,0.0
0.0,0.0,0.0,0.0,0.0,0.0,0.0,0.0
0.0,0.0,0.0,0.0,0.0,0.0,0.0,0.0
0.0,0.0,0.0,0.0,0.0,0.0,0.0,0.0
0.0,0.0,0.0,0.0,0.0,0.0,0.0,0.0
0.0,0.0,0.0,0.0,0.0,0.0,0.0,0.0
0.0,0.0,0.0,0.0,0.0,0.0,0.0,0.0
0.0,0.0,0.0,0.0,0.0,0.0,0.0,0.0
0.0,0.0,0.0,0.0,0.0,0.0,0.0,0.0
0.0,0.0,0.0,0.0,0.0,0.0,0.0,0.0
0.0,0.0,0.0,0.0,0.0,0.0,0.0,0.0
0.0,0.0,0.0,0.0,0.0,0.0,0.0,0.0
0.0,0.0,0.0,0.0,0.0,0.0,0.0,0.0
0.0,0.0,0.0,0.0,0.0,0.0,0.0,0.0
0.0,0.0,0.0,0.0,0.0,0.0,0.0,0.0
0.0,0.0,0.0,0.0,0.0,0.0,0.0,0.0
0.0,0.0,0.0,0.0,0.0,0.0,0.0,0.0
0.0,0.0,0.0,0.0,0.0,0.0,0.0,0.0
0.0,0.0,0.0,0.0,0.0,0.0,0.0,0.0
0.0,0.0,0.0,0.0,0.0,0.0,0.0,0.0
0.0,0.0,0.0,0.0,0.0,0.0,0.0,0.0
0.0,0.0,0.0,0.0,0.0,0.0,0.0,0.0
0.0,0.0,0.0,0.0,0.0,0.0,0.0,0.0
0.0,0.0,0.0,0.0,0.0,0.0,0.0,0.0
0.0,0.0,0.0,0.0,0.0,0.0,0.0,0.0
32.2,32.2,32.2,32.2,32.2,32.2,32.2,32.2
32.2,32.2,32.2,32.2,32.2,32.2,32.2,32.2
32.2,32.2,32.2,32.2,32.2,32.2,32.2,32.2
32.2,32.2,32.2,32.2,32.2,32.2,32.2,32.2
85.4,93.9,88.7,82.6,85.5,85.6,86.9,73.2
85.4,93.9,88.7,82.6,85.5,85.6,86.9,73.2
86.3,65.8,111.2,62.6,86.9,98.1,97.6,73.2
86.3,65.8,111.2,62.6,86.9,98.1,97.6,73.2
90.4,224.8,179.0,63.8,93.3,97.2,130.4,74.6
90.4,224.8,179.0,63.8,93.3,97.2,130.4,74.6
90.4,66.8,179.0,63.8,93.3,97.2,130.4,74.6
90.4,66.8,179.0,63.8,93.3,97.2,130.4,74.6
92.3,68.3,183.0,65.5,96.5,98.7,133.1,76.8
92.3,68.3,183.0,65.5,96.5,98.7,133.1,76.8
92.3,68.3,183.0,65.5,96.5,98.7,133.1,76.8
92.3,68.3,183.0,65.5,96.5,98.7,133.1,76.8
93.5,69.3,185.7,66.6,98.6,99.8,134.9,78.2
93.5,69.3,185.7,66.6,98.6,99.8,134.9,78.2
93.5,69.3,124.0,66.6,98.6,99.8,122.4,301.7
93.5,69.3,185.7,66.6,98.6,99.8,134.9,78.2
96.6,385.8,192.3,69.4,103.9,102.3,139.5,81.8
96.6,71.8,192.3,69.4,103.9,102.3,139.5,81.8
96.6,71.8,192.3,69.4,271.1,102.3,900.8,81.8
96.6,71.8,192.3,69.4,103.9,102.3,1068.0,81.8
98.5,73.4,174.8,71.1,107.1,103.8,655.5,84.0
98.5,73.4,196.3,71.1,107.1,103.8,142.3,84.0
322.1,73.4,196.3,71.1,107.1,103.8,142.3,84.0
322.1,73.4,196.3,82.6,107.1,103.8,142.3,84.0
320.2,71.8,192.3,80.9,103.9,102.3,139.5,81.8
549.6,71.8,183.9,69.4,103.9,102.3,139.5,81.8
335.1,298.1,172.2,69.4,103.9,102.3,139.5,81.8
96.6,521.1,187.6,69.4,103.9,102.3,139.5,81.8
90.0,109.0,93.7,70.0,90.3,90.2,91.6,82.6
90.0,109.0,93.7,70.0,90.3,90.2,91.6,82.6
90.0,109.0,93.7,70.0,90.3,90.2,91.6,82.6
90.0,109.0,93.7,70.0,90.3,90.2,91.6,82.6
99.1,590.2,197.6,71.7,108.1,104.4,143.2,84.7
99.1,590.2,197.6,71.7,108.1,104.4,143.2,84.7
99.1,590.2,197.6,71.7,108.1,104.4,143.2,84.7
99.1,590.2,197.6,71.7,108.1,104.4,143.2,84.7
106.0,595.7,212.2,77.9,119.8,110.0,153.3,92.7
106.0,79.4,212.2,77.9,119.8,110.0,153.3,92.7
106.0,79.4,212.2,77.9,119.8,110.0,153.3,92.7
106.0,79.4,212.2,77.9,119.8,110.0,153.3,92.7
101.6,88.4,111.5,88.1,103.4,101.7,105.9,100.6
101.6,88.4,111.5,88.1,103.4,101.7,105.9,100.6
100.7,88.4,104.9,101.8,101.5,100.8,102.6,100.3
100.7,88.4,104.9,101.8,101.5,100.8,102.6,100.3
0.0,0.0,0.0,0.0,0.0,0.0,0.0,0.0
0.0,0.0,0.0,0.0,0.0,0.0,0.0,0.0
0.0,0.0,0.0,0.0,0.0,0.0,0.0,0.0
0.0,0.0,0.0,0.0,0.0,0.0,0.0,0.0
0.0,0.0,0.0,0.0,0.0,0.0,0.0,0.0
0.0,0.0,0.0,0.0,0.0,0.0,0.0,0.0
0.0,0.0,0.0,0.0,0.0,0.0,0.0,0.0
0.0,0.0,0.0,0.0,0.0,0.0,0.0,0.0
0.0,0.0,0.0,0.0,0.0,0.0,0.0,0.0
0.0,0.0,0.0,0.0,0.0,0.0,0.0,0.0
0.0,0.0,0.0,0.0,0.0,0.0,0.0,0.0
0.0,0.0,0.0,0.0,0.0,0.0,0.0,0.0
0.0,0.0,0.0,0.0,0.0,0.0,0.0,0.0
0.0,0.0,0.0,0.0,0.0,0.0,0.0,0.0
0.0,0.0,0.0,0.0,0.0,0.0,0.0,0.0
0.0,0.0,0.0,0.0,0.0,0.0,0.0,0.0
0.0,0.0,0.0,0.0,0.0,0.0,0.0,0.0
0.0,0.0,0.0,0.0,0.0,0.0,0.0,0.0
0.0,0.0,0.0,0.0,0.0,0.0,0.0,0.0
0.0,0.0,0.0,0.0,0.0,0.0,0.0,0.0
0.0,0.0,0.0,0.0,0.0,0.0,0.0,0.0
0.0,0.0,0.0,0.0,0.0,0.0,0.0,0.0
0.0,0.0,0.0,0.0,0.0,0.0,0.0,0.0
0.0,0.0,0.0,0.0,0.0,0.0,0.0,0.0
0.0,0.0,0.0,0.0,0.0,0.0,0.0,0.0
0.0,0.0,0.0,0.0,0.0,0.0,0.0,0.0
0.0,0.0,0.0,0.0,0.0,0.0,0.0,0.0
0.0,0.0,0.0,0.0,0.0,0.0,0.0,0.0
0.0,0.0,0.0,0.0,0.0,0.0,0.0,0.0
0.0,0.0,0.0,0.0,0.0,0.0,0.0,0.0
0.0,0.0,0.0,0.0,0.0,0.0,0.0,0.0
0.0,0.0,0.0,0.0,0.0,0.0,0.0,0.0
0.0,0.0,0.0,0.0,0.0,0.0,0.0,0.0
0.0,0.0,0.0,0.0,0.0,0.0,0.0,0.0
0.0,0.0,0.0,0.0,0.0,0.0,0.0,0.0
0.0,0.0,0.0,0.0,0.0,0.0,0.0,0.0
0.0,0.0,0.0,0.0,0.0,0.0,0.0,0.0
0.0,0.0,0.0,0.0,0.0,0.0,0.0,0.0
0.0,0.0,0.0,0.0,0.0,0.0,0.0,0.0
0.0,0.0,0.0,0.0,0.0,0.0,0.0,0.0
0.0,0.0,0.0,0.0,0.0,0.0,0.0,0.0
0.0,0.0,0.0,0.0,0.0,0.0,0.0,0.0
0.0,0.0,0.0,0.0,0.0,0.0,0.0,0.0
0.0,0.0,0.0,0.0,0.0,0.0,0.0,0.0
0.0,0.0,0.0,0.0,0.0,0.0,0.0,0.0
0.0,0.0,0.0,0.0,0.0,0.0,0.0,0.0
0.0,0.0,0.0,0.0,0.0,0.0,0.0,0.0
0.0,0.0,0.0,0.0,0.0,0.0,0.0,0.0
5.1,5.1,5.1,5.1,5.1,5.1,5.1,5.1
5.1,5.1,5.1,5.1,5.1,5.1,5.1,5.1
5.1,5.1,5.1,5.1,5.1,5.1,5.1,5.1
5.1,5.1,5.1,5.1,5.1,5.1,5.1,5.1
9.3,9.3,9.3,9.3,9.3,9.3,9.3,9.3
9.3,9.3,9.3,9.3,9.3,9.3,9.3,9.3
9.3,9.3,9.3,9.3,9.3,9.3,9.3,9.3
9.3,9.3,9.3,9.3,9.3,9.3,9.3,9.3
59.7,59.7,59.7,59.7,59.7,59.7,59.7,59.7
59.7,59.7,59.7,59.7,59.7,59.7,59.7,59.7
59.7,59.7,59.7,59.7,59.7,59.7,59.7,59.7
59.7,59.7,59.7,59.7,59.7,59.7,59.7,59.7
22.7,22.7,22.7,22.7,22.7,22.7,22.7,22.7
22.7,22.7,22.7,22.7,22.7,22.7,22.7,22.7
22.7,22.7,22.7,22.7,22.7,22.7,22.7,22.7
22.7,22.7,22.7,22.7,22.7,22.7,22.7,22.7
23.5,23.5,23.5,23.5,23.5,23.5,23.5,23.5
23.5,23.5,23.5,23.5,23.5,23.5,23.5,23.5
23.5,23.5,23.5,23.5,23.5,23.5,23.5,23.5
23.5,23.5,23.5,23.5,23.5,23.5,23.5,23.5
79.3,81.4,81.9,69.4,79.5,79.4,80.4,78.8
80.0,71.8,86.3,69.4,80.4,80.3,82.8,79.0
87.0,71.8,80.1,69.4,81.1,79.0,79.5,82.1
78.8,71.8,79.1,69.4,79.4,78.8,93.9,78.8
24.4,24.4,24.4,24.4,24.4,24.4,24.4,24.4
24.4,24.4,24.4,24.4,24.4,24.4,24.4,24.4
24.4,24.4,24.4,24.4,24.4,24.4,24.4,24.4
24.4,24.4,24.4,24.4,24.4,24.4,24.4,24.4
22.7,22.7,22.7,22.7,22.7,22.7,22.7,22.7
22.7,22.7,22.7,22.7,22.7,22.7,22.7,22.7
22.7,22.7,22.7,22.7,22.7,22.7,22.7,22.7
22.7,22.7,22.7,22.7,22.7,22.7,22.7,22.7
16.0,16.0,16.0,16.0,16.0,16.0,16.0,16.0
16.0,16.0,16.0,16.0,16.0,16.0,16.0,16.0
16.0,16.0,16.0,16.0,16.0,16.0,16.0,16.0
16.0,16.0,16.0,16.0,16.0,16.0,16.0,16.0
17.7,17.7,17.7,17.7,17.7,17.7,17.7,17.7
17.7,17.7,17.7,17.7,17.7,17.7,17.7,17.7
17.7,17.7,17.7,17.7,17.7,17.7,17.7,17.7
17.7,17.7,17.7,17.7,17.7,17.7,17.7,17.7
6.7,6.7,6.7,6.7,6.7,6.7,6.7,6.7
6.7,6.7,6.7,6.7,6.7,6.7,6.7,6.7
6.7,6.7,6.7,6.7,6.7,6.7,6.7,6.7
6.7,6.7,6.7,6.7,6.7,6.7,6.7,6.7
0.0,0.0,0.0,0.0,0.0,0.0,0.0,0.0
0.0,0.0,0.0,0.0,0.0,0.0,0.0,0.0
0.0,0.0,0.0,0.0,0.0,0.0,0.0,0.0
0.0,0.0,0.0,0.0,0.0,0.0,0.0,0.0
0.0,0.0,0.0,0.0,0.0,0.0,0.0,0.0
0.0,0.0,0.0,0.0,0.0,0.0,0.0,0.0
0.0,0.0,0.0,0.0,0.0,0.0,0.0,0.0
0.0,0.0,0.0,0.0,0.0,0.0,0.0,0.0
0.0,0.0,0.0,0.0,0.0,0.0,0.0,0.0
0.0,0.0,0.0,0.0,0.0,0.0,0.0,0.0
0.0,0.0,0.0,0.0,0.0,0.0,0.0,0.0
0.0,0.0,0.0,0.0,0.0,0.0,0.0,0.0
0.0,0.0,0.0,0.0,0.0,0.0,0.0,0.0
0.0,0.0,0.0,0.0,0.0,0.0,0.0,0.0
0.0,0.0,0.0,0.0,0.0,0.0,0.0,0.0
0.0,0.0,0.0,0.0,0.0,0.0,0.0,0.0
0.0,0.0,0.0,0.0,0.0,0.0,0.0,0.0
0.0,0.0,0.0,0.0,0.0,0.0,0.0,0.0
0.0,0.0,0.0,0.0,0.0,0.0,0.0,0.0
0.0,0.0,0.0,0.0,0.0,0.0,0.0,0.0
0.0,0.0,0.0,0.0,0.0,0.0,0.0,0.0
0.0,0.0,0.0,0.0,0.0,0.0,0.0,0.0
0.0,0.0,0.0,0.0,0.0,0.0,0.0,0.0
0.0,0.0,0.0,0.0,0.0,0.0,0.0,0.0
0.0,0.0,0.0,0.0,0.0,0.0,0.0,0.0
0.0,0.0,0.0,0.0,0.0,0.0,0.0,0.0
0.0,0.0,0.0,0.0,0.0,0.0,0.0,0.0
0.0,0.0,0.0,0.0,0.0,0.0,0.0,0.0
0.0,0.0,0.0,0.0,0.0,0.0,0.0,0.0
0.0,0.0,0.0,0.0,0.0,0.0,0.0,0.0
0.0,0.0,0.0,0.0,0.0,0.0,0.0,0.0
0.0,0.0,0.0,0.0,0.0,0.0,0.0,0.0
0.0,0.0,0.0,0.0,0.0,0.0,0.0,0.0
0.0,0.0,0.0,0.0,0.0,0.0,0.0,0.0
0.0,0.0,0.0,0.0,0.0,0.0,0.0,0.0
0.0,0.0,0.0,0.0,0.0,0.0,0.0,0.0
0.0,0.0,0.0,0.0,0.0,0.0,0.0,0.0
0.0,0.0,0.0,0.0,0.0,0.0,0.0,0.0
0.0,0.0,0.0,0.0,0.0,0.0,0.0,0.0
0.0,0.0,0.0,0.0,0.0,0.0,0.0,0.0
0.0,0.0,0.0,0.0,0.0,0.0,0.0,0.0
0.0,0.0,0.0,0.0,0.0,0.0,0.0,0.0
0.0,0.0,0.0,0.0,0.0,0.0,0.0,0.0
0.0,0.0,0.0,0.0,0.0,0.0,0.0,0.0
0.0,0.0,0.0,0.0,0.0,0.0,0.0,0.0
0.0,0.0,0.0,0.0,0.0,0.0,0.0,0.0
0.0,0.0,0.0,0.0,0.0,0.0,0.0,0.0
0.0,0.0,0.0,0.0,0.0,0.0,0.0,0.0
0.0,0.0,0.0,0.0,0.0,0.0,0.0,0.0
0.0,0.0,0.0,0.0,0.0,0.0,0.0,0.0
0.0,0.0,0.0,0.0,0.0,0.0,0.0,0.0
0.0,0.0,0.0,0.0,0.0,0.0,0.0,0.0
5.9,5.9,5.9,5.9,5.9,5.9,5.9,5.9
5.9,5.9,5.9,5.9,5.9,5.9,5.9,5.9
5.9,5.9,5.9,5.9,5.9,5.9,5.9,5.9
5.9,5.9,5.9,5.9,5.9,5.9,5.9,5.9
14.4,14.4,14.4,14.4,14.4,14.4,14.4,14.4
14.4,14.4,14.4,14.4,14.4,14.4,14.4,14.4
14.4,14.4,14.4,14.4,14.4,14.4,14.4,14.4
14.4,14.4,14.4,14.4,14.4,14.4,14.4,14.4
24.3,24.3,24.3,24.3,24.3,24.3,24.3,24.3
24.3,24.3,24.3,24.3,24.3,24.3,24.3,24.3
24.3,24.3,24.3,24.3,24.3,24.3,24.3,24.3
24.3,24.3,24.3,24.3,24.3,24.3,24.3,24.3
51.7,51.7,51.7,51.7,51.7,51.7,51.7,51.7
51.7,51.7,51.7,51.7,51.7,51.7,51.7,51.7
51.7,51.7,51.7,51.7,51.7,51.7,51.7,51.7
51.7,51.7,51.7,51.7,51.7,51.7,51.7,51.7
92.8,69.3,130.8,66.6,94.9,95.3,109.9,78.2
92.8,69.3,130.8,66.6,94.9,95.3,109.9,78.2
92.3,69.3,100.9,89.5,92.8,92.9,96.2,103.7
92.4,69.3,108.8,66.6,93.3,93.6,99.8,113.9
65.0,65.0,65.0,65.0,65.0,65.0,65.0,65.0
65.0,65.0,65.0,65.0,65.0,65.0,65.0,65.0
65.0,65.0,65.0,65.0,65.0,65.0,65.0,65.0
65.0,65.0,65.0,65.0,65.0,65.0,65.0,65.0
65.7,65.7,65.7,65.7,65.7,65.7,65.7,65.7
65.7,65.7,65.7,65.7,65.7,65.7,65.7,65.7
65.7,65.7,65.7,65.7,65.7,65.7,65.7,65.7
65.7,65.7,65.7,65.7,65.7,65.7,65.7,65.7
76.3,71.8,79.9,69.4,76.6,76.6,77.9,75.8
76.3,71.8,79.9,69.4,76.6,76.6,77.9,75.8
76.3,71.8,79.9,69.4,76.6,76.6,77.9,75.8
76.3,71.8,79.9,69.4,76.6,76.6,77.9,75.8
25.8,25.8,25.8,25.8,25.8,25.8,25.8,25.8
25.8,25.8,25.8,25.8,25.8,25.8,25.8,25.8
25.8,25.8,25.8,25.8,25.8,25.8,25.8,25.8
25.8,25.8,25.8,25.8,25.8,25.8,25.8,25.8
15.0,15.0,15.0,15.0,15.0,15.0,15.0,15.0
15.0,15.0,15.0,15.0,15.0,15.0,15.0,15.0
15.0,15.0,15.0,15.0,15.0,15.0,15.0,15.0
15.0,15.0,15.0,15.0,15.0,15.0,15.0,15.0
9.2,9.2,9.2,9.2,9.2,9.2,9.2,9.2
9.2,9.2,9.2,9.2,9.2,9.2,9.2,9.2
9.2,9.2,9.2,9.2,9.2,9.2,9.2,9.2
9.2,9.2,9.2,9.2,9.2,9.2,9.2,9.2
0.0,0.0,0.0,0.0,0.0,0.0,0.0,0.0
0.0,0.0,0.0,0.0,0.0,0.0,0.0,0.0
0.0,0.0,0.0,0.0,0.0,0.0,0.0,0.0
0.0,0.0,0.0,0.0,0.0,0.0,0.0,0.0
0.0,0.0,0.0,0.0,0.0,0.0,0.0,0.0
0.0,0.0,0.0,0.0,0.0,0.0,0.0,0.0
0.0,0.0,0.0,0.0,0.0,0.0,0.0,0.0
0.0,0.0,0.0,0.0,0.0,0.0,0.0,0.0
0.0,0.0,0.0,0.0,0.0,0.0,0.0,0.0
0.0,0.0,0.0,0.0,0.0,0.0,0.0,0.0
0.0,0.0,0.0,0.0,0.0,0.0,0.0,0.0
0.0,0.0,0.0,0.0,0.0,0.0,0.0,0.0
0.0,0.0,0.0,0.0,0.0,0.0,0.0,0.0
0.0,0.0,0.0,0.0,0.0,0.0,0.0,0.0
0.0,0.0,0.0,0.0,0.0,0.0,0.0,0.0
0.0,0.0,0.0,0.0,0.0,0.0,0.0,0.0
0.0,0.0,0.0,0.0,0.0,0.0,0.0,0.0
0.0,0.0,0.0,0.0,0.0,0.0,0.0,0.0
0.0,0.0,0.0,0.0,0.0,0.0,0.0,0.0
0.0,0.0,0.0,0.0,0.0,0.0,0.0,0.0
0.0,0.0,0.0,0.0,0.0,0.0,0.0,0.0
0.0,0.0,0.0,0.0,0.0,0.0,0.0,0.0
0.0,0.0,0.0,0.0,0.0,0.0,0.0,0.0
0.0,0.0,0.0,0.0,0.0,0.0,0.0,0.0
0.0,0.0,0.0,0.0,0.0,0.0,0.0,0.0
0.0,0.0,0.0,0.0,0.0,0.0,0.0,0.0
0.0,0.0,0.0,0.0,0.0,0.0,0.0,0.0
0.0,0.0,0.0,0.0,0.0,0.0,0.0,0.0
0.0,0.0,0.0,0.0,0.0,0.0,0.0,0.0
0.0,0.0,0.0,0.0,0.0,0.0,0.0,0.0
0.0,0.0,0.0,0.0,0.0,0.0,0.0,0.0
0.0,0.0,0.0,0.0,0.0,0.0,0.0,0.0
0.0,0.0,0.0,0.0,0.0,0.0,0.0,0.0
0.0,0.0,0.0,0.0,0.0,0.0,0.0,0.0
0.0,0.0,0.0,0.0,0.0,0.0,0.0,0.0
0.0,0.0,0.0,0.0,0.0,0.0,0.0,0.0
0.0,0.0,0.0,0.0,0.0,0.0,0.0,0.0
0.0,0.0,0.0,0.0,0.0,0.0,0.0,0.0
0.0,0.0,0.0,0.0,0.0,0.0,0.0,0.0
0.0,0.0,0.0,0.0,0.0,0.0,0.0,0.0
0.0,0.0,0.0,0.0,0.0,0.0,0.0,0.0
0.0,0.0,0.0,0.0,0.0,0.0,0.0,0.0
0.0,0.0,0.0,0.0,0.0,0.0,0.0,0.0
0.0,0.0,0.0,0.0,0.0,0.0,0.0,0.0
0.0,0.0,0.0,0.0,0.0,0.0,0.0,0.0
0.0,0.0,0.0,0.0,0.0,0.0,0.0,0.0
0.0,0.0,0.0,0.0,0.0,0.0,0.0,0.0
0.0,0.0,0.0,0.0,0.0,0.0,0.0,0.0
0.0,0.0,0.0,0.0,0.0,0.0,0.0,0.0
0.0,0.0,0.0,0.0,0.0,0.0,0.0,0.0
0.0,0.0,0.0,0.0,0.0,0.0,0.0,0.0
0.0,0.0,0.0,0.0,0.0,0.0,0.0,0.0
5.1,5.1,5.1,5.1,5.1,5.1,5.1,5.1
5.1,5.1,5.1,5.1,5.1,5.1,5.1,5.1
5.1,5.1,5.1,5.1,5.1,5.1,5.1,5.1
5.1,5.1,5.1,5.1,5.1,5.1,5.1,5.1
9.3,9.3,9.3,9.3,9.3,9.3,9.3,9.3
9.3,9.3,9.3,9.3,9.3,9.3,9.3,9.3
9.3,9.3,9.3,9.3,9.3,9.3,9.3,9.3
9.3,9.3,9.3,9.3,9.3,9.3,9.3,9.3
16.0,16.0,16.0,16.0,16.0,16.0,16.0,16.0
16.0,16.0,16.0,16.0,16.0,16.0,16.0,16.0
16.0,16.0,16.0,16.0,16.0,16.0,16.0,16.0
16.0,16.0,16.0,16.0,16.0,16.0,16.0,16.0
21.0,21.0,21.0,21.0,21.0,21.0,21.0,21.0
21.0,21.0,21.0,21.0,21.0,21.0,21.0,21.0
21.0,21.0,21.0,21.0,21.0,21.0,21.0,21.0
21.0,21.0,21.0,21.0,21.0,21.0,21.0,21.0
25.1,25.1,25.1,25.1,25.1,25.1,25.1,25.1
25.1,25.1,25.1,25.1,25.1,25.1,25.1,25.1
25.1,25.1,25.1,25.1,25.1,25.1,25.1,25.1
25.1,25.1,25.1,25.1,25.1,25.1,25.1,25.1
96.6,71.8,192.3,92.3,103.9,102.3,139.5,81.8
96.6,71.8,133.0,233.3,103.9,163.0,127.7,81.8
96.6,71.8,133.0,233.3,103.9,163.0,127.7,81.8
96.6,71.8,157.3,69.4,103.9,297.8,132.6,81.8
98.5,73.4,246.2,71.1,107.1,103.8,142.3,84.0
98.5,73.4,196.3,71.1,107.1,103.8,142.3,84.0
98.5,73.4,196.3,71.1,107.1,103.8,142.3,84.0
433.9,73.4,196.3,71.1,107.1,103.8,142.3,84.0
56.0,56.0,56.0,56.0,56.0,56.0,56.0,56.0
56.0,56.0,56.0,56.0,56.0,56.0,56.0,56.0
56.0,56.0,56.0,56.0,56.0,56.0,56.0,56.0
56.0,56.0,56.0,56.0,56.0,56.0,56.0,56.0
33.8,33.8,33.8,33.8,33.8,33.8,33.8,33.8
33.8,33.8,33.8,33.8,33.8,33.8,33.8,33.8
33.8,33.8,33.8,33.8,33.8,33.8,33.8,33.8
33.8,33.8,33.8,33.8,33.8,33.8,33.8,33.8
14.1,14.1,14.1,14.1,14.1,14.1,14.1,14.1
14.1,14.1,14.1,14.1,14.1,14.1,14.1,14.1
14.1,14.1,14.1,14.1,14.1,14.1,14.1,14.1
14.1,14.1,14.1,14.1,14.1,14.1,14.1,14.1
5.0,5.0,5.0,5.0,5.0,5.0,5.0,5.0
5.0,5.0,5.0,5.0,5.0,5.0,5.0,5.0
5.0,5.0,5.0,5.0,5.0,5.0,5.0,5.0
5.0,5.0,5.0,5.0,5.0,5.0,5.0,5.0
0.0,0.0,0.0,0.0,0.0,0.0,0.0,0.0
0.0,0.0,0.0,0.0,0.0,0.0,0.0,0.0
0.0,0.0,0.0,0.0,0.0,0.0,0.0,0.0
0.0,0.0,0.0,0.0,0.0,0.0,0.0,0.0
0.0,0.0,0.0,0.0,0.0,0.0,0.0,0.0
0.0,0.0,0.0,0.0,0.0,0.0,0.0,0.0
0.0,0.0,0.0,0.0,0.0,0.0,0.0,0.0
0.0,0.0,0.0,0.0,0.0,0.0,0.0,0.0
0.0,0.0,0.0,0.0,0.0,0.0,0.0,0.0
0.0,0.0,0.0,0.0,0.0,0.0,0.0,0.0
0.0,0.0,0.0,0.0,0.0,0.0,0.0,0.0
0.0,0.0,0.0,0.0,0.0,0.0,0.0,0.0
0.0,0.0,0.0,0.0,0.0,0.0,0.0,0.0
0.0,0.0,0.0,0.0,0.0,0.0,0.0,0.0
0.0,0.0,0.0,0.0,0.0,0.0,0.0,0.0
0.0,0.0,0.0,0.0,0.0,0.0,0.0,0.0
0.0,0.0,0.0,0.0,0.0,0.0,0.0,0.0
0.0,0.0,0.0,0.0,0.0,0.0,0.0,0.0
0.0,0.0,0.0,0.0,0.0,0.0,0.0,0.0
0.0,0.0,0.0,0.0,0.0,0.0,0.0,0.0
0.0,0.0,0.0,0.0,0.0,0.0,0.0,0.0
0.0,0.0,0.0,0.0,0.0,0.0,0.0,0.0
0.0,0.0,0.0,0.0,0.0,0.0,0.0,0.0
0.0,0.0,0.0,0.0,0.0,0.0,0.0,0.0
0.0,0.0,0.0,0.0,0.0,0.0,0.0,0.0
0.0,0.0,0.0,0.0,0.0,0.0,0.0,0.0
0.0,0.0,0.0,0.0,0.0,0.0,0.0,0.0
0.0,0.0,0.0,0.0,0.0,0.0,0.0,0.0
0.0,0.0,0.0,0.0,0.0,0.0,0.0,0.0
0.0,0.0,0.0,0.0,0.0,0.0,0.0,0.0
0.0,0.0,0.0,0.0,0.0,0.0,0.0,0.0
0.0,0.0,0.0,0.0,0.0,0.0,0.0,0.0
0.0,0.0,0.0,0.0,0.0,0.0,0.0,0.0
0.0,0.0,0.0,0.0,0.0,0.0,0.0,0.0
0.0,0.0,0.0,0.0,0.0,0.0,0.0,0.0
0.0,0.0,0.0,0.0,0.0,0.0,0.0,0.0
0.0,0.0,0.0,0.0,0.0,0.0,0.0,0.0
0.0,0.0,0.0,0.0,0.0,0.0,0.0,0.0
0.0,0.0,0.0,0.0,0.0,0.0,0.0,0.0
0.0,0.0,0.0,0.0,0.0,0.0,0.0,0.0
0.0,0.0,0.0,0.0,0.0,0.0,0.0,0.0
0.0,0.0,0.0,0.0,0.0,0.0,0.0,0.0
0.0,0.0,0.0,0.0,0.0,0.0,0.0,0.0
0.0,0.0,0.0,0.0,0.0,0.0,0.0,0.0
0.0,0.0,0.0,0.0,0.0,0.0,0.0,0.0
0.0,0.0,0.0,0.0,0.0,0.0,0.0,0.0
0.0,0.0,0.0,0.0,0.0,0.0,0.0,0.0
0.0,0.0,0.0,0.0,0.0,0.0,0.0,0.0
0.0,0.0,0.0,0.0,0.0,0.0,0.0,0.0
0.0,0.0,0.0,0.0,0.0,0.0,0.0,0.0
0.0,0.0,0.0,0.0,0.0,0.0,0.0,0.0
0.0,0.0,0.0,0.0,0.0,0.0,0.0,0.0
0.0,0.0,0.0,0.0,0.0,0.0,0.0,0.0
0.0,0.0,0.0,0.0,0.0,0.0,0.0,0.0
0.0,0.0,0.0,0.0,0.0,0.0,0.0,0.0
0.0,0.0,0.0,0.0,0.0,0.0,0.0,0.0
14.4,14.4,14.4,14.4,14.4,14.4,14.4,14.4
14.4,14.4,14.4,14.4,14.4,14.4,14.4,14.4
14.4,14.4,14.4,14.4,14.4,14.4,14.4,14.4
14.4,14.4,14.4,14.4,14.4,14.4,14.4,14.4
24.4,24.4,24.4,24.4,24.4,24.4,24.4,24.4
24.4,24.4,24.4,24.4,24.4,24.4,24.4,24.4
24.4,24.4,24.4,24.4,24.4,24.4,24.4,24.4
24.4,24.4,24.4,24.4,24.4,24.4,24.4,24.4
92.3,68.3,183.0,65.5,96.5,98.7,133.1,76.8
92.3,68.3,183.0,65.5,96.5,98.7,133.1,76.8
92.3,68.3,183.0,65.5,96.5,98.7,133.1,76.8
92.3,68.3,465.7,65.5,96.5,98.7,133.1,76.8
93.5,69.3,468.3,66.6,98.6,99.8,134.9,78.2
93.5,69.3,468.3,66.6,98.6,99.8,134.9,78.2
93.5,69.3,185.7,66.6,98.6,99.8,134.9,78.2
93.5,69.3,185.7,307.3,444.3,99.8,134.9,78.2
96.6,71.8,105.6,107.7,103.9,102.3,162.7,81.8
112.1,71.8,106.2,69.4,103.9,102.3,185.0,81.8
112.1,71.8,106.2,69.4,103.9,102.3,185.0,81.8
96.6,137.3,127.6,69.4,103.9,102.3,113.5,81.8
98.5,230.3,196.3,71.1,107.1,103.8,142.3,175.1
98.5,73.4,196.3,71.1,107.1,103.8,142.3,175.1
98.5,73.4,196.3,71.1,107.1,103.8,142.3,175.1
98.5,73.4,246.2,71.1,107.1,103.8,142.3,84.0
96.6,71.8,192.3,69.4,103.9,102.3,139.5,81.8
96.6,71.8,192.3,69.4,103.9,102.3,139.5,81.8
96.6,71.8,192.3,69.4,103.9,102.3,139.5,81.8
96.6,71.8,192.3,69.4,103.9,102.3,139.5,81.8
97.3,72.3,193.6,70.0,105.0,102.8,140.4,82.6
97.3,72.3,193.6,70.0,105.0,102.8,140.4,82.6
97.3,72.3,193.6,70.0,105.0,102.8,140.4,82.6
97.3,72.3,193.6,70.0,105.0,102.8,140.4,82.6
28.3,28.3,28.3,28.3,28.3,28.3,28.3,28.3
28.3,28.3,28.3,28.3,28.3,28.3,28.3,28.3
28.3,28.3,28.3,28.3,28.3,28.3,28.3,28.3
28.3,28.3,28.3,28.3,28.3,28.3,28.3,28.3
14.2,14.2,14.2,14.2,14.2,14.2,14.2,14.2
14.2,14.2,14.2,14.2,14.2,14.2,14.2,14.2
14.2,14.2,14.2,14.2,14.2,14.2,14.2,14.2
14.2,14.2,14.2,14.2,14.2,14.2,14.2,14.2
0.0,0.0,0.0,0.0,0.0,0.0,0.0,0.0
0.0,0.0,0.0,0.0,0.0,0.0,0.0,0.0
0.0,0.0,0.0,0.0,0.0,0.0,0.0,0.0
0.0,0.0,0.0,0.0,0.0,0.0,0.0,0.0
0.0,0.0,0.0,0.0,0.0,0.0,0.0,0.0
0.0,0.0,0.0,0.0,0.0,0.0,0.0,0.0
0.0,0.0,0.0,0.0,0.0,0.0,0.0,0.0
0.0,0.0,0.0,0.0,0.0,0.0,0.0,0.0
0.0,0.0,0.0,0.0,0.0,0.0,0.0,0.0
0.0,0.0,0.0,0.0,0.0,0.0,0.0,0.0
0.0,0.0,0.0,0.0,0.0,0.0,0.0,0.0
0.0,0.0,0.0,0.0,0.0,0.0,0.0,0.0
0.0,0.0,0.0,0.0,0.0,0.0,0.0,0.0
0.0,0.0,0.0,0.0,0.0,0.0,0.0,0.0
0.0,0.0,0.0,0.0,0.0,0.0,0.0,0.0
0.0,0.0,0.0,0.0,0.0,0.0,0.0,0.0
0.0,0.0,0.0,0.0,0.0,0.0,0.0,0.0
0.0,0.0,0.0,0.0,0.0,0.0,0.0,0.0
0.0,0.0,0.0,0.0,0.0,0.0,0.0,0.0
0.0,0.0,0.0,0.0,0.0,0.0,0.0,0.0
0.0,0.0,0.0,0.0,0.0,0.0,0.0,0.0
0.0,0.0,0.0,0.0,0.0,0.0,0.0,0.0
0.0,0.0,0.0,0.0,0.0,0.0,0.0,0.0
0.0,0.0,0.0,0.0,0.0,0.0,0.0,0.0
0.0,0.0,0.0,0.0,0.0,0.0,0.0,0.0
0.0,0.0,0.0,0.0,0.0,0.0,0.0,0.0
0.0,0.0,0.0,0.0,0.0,0.0,0.0,0.0
0.0,0.0,0.0,0.0,0.0,0.0,0.0,0.0
0.0,0.0,0.0,0.0,0.0,0.0,0.0,0.0
0.0,0.0,0.0,0.0,0.0,0.0,0.0,0.0
0.0,0.0,0.0,0.0,0.0,0.0,0.0,0.0
0.0,0.0,0.0,0.0,0.0,0.0,0.0,0.0
0.0,0.0,0.0,0.0,0.0,0.0,0.0,0.0
0.0,0.0,0.0,0.0,0.0,0.0,0.0,0.0
0.0,0.0,0.0,0.0,0.0,0.0,0.0,0.0
0.0,0.0,0.0,0.0,0.0,0.0,0.0,0.0
0.0,0.0,0.0,0.0,0.0,0.0,0.0,0.0
0.0,0.0,0.0,0.0,0.0,0.0,0.0,0.0
0.0,0.0,0.0,0.0,0.0,0.0,0.0,0.0
0.0,0.0,0.0,0.0,0.0,0.0,0.0,0.0
0.0,0.0,0.0,0.0,0.0,0.0,0.0,0.0
0.0,0.0,0.0,0.0,0.0,0.0,0.0,0.0
0.0,0.0,0.0,0.0,0.0,0.0,0.0,0.0
0.0,0.0,0.0,0.0,0.0,0.0,0.0,0.0
0.0,0.0,0.0,0.0,0.0,0.0,0.0,0.0
0.0,0.0,0.0,0.0,0.0,0.0,0.0,0.0
0.0,0.0,0.0,0.0,0.0,0.0,0.0,0.0
0.0,0.0,0.0,0.0,0.0,0.0,0.0,0.0
0.0,0.0,0.0,0.0,0.0,0.0,0.0,0.0
0.0,0.0,0.0,0.0,0.0,0.0,0.0,0.0
0.0,0.0,0.0,0.0,0.0,0.0,0.0,0.0
0.0,0.0,0.0,0.0,0.0,0.0,0.0,0.0
0.0,0.0,0.0,0.0,0.0,0.0,0.0,0.0
0.0,0.0,0.0,0.0,0.0,0.0,0.0,0.0
0.0,0.0,0.0,0.0,0.0,0.0,0.0,0.0
0.0,0.0,0.0,0.0,0.0,0.0,0.0,0.0
13.5,13.5,13.5,13.5,13.5,13.5,13.5,13.5
13.5,13.5,13.5,13.5,13.5,13.5,13.5,13.5
13.5,13.5,13.5,13.5,13.5,13.5,13.5,13.5
13.5,13.5,13.5,13.5,13.5,13.5,13.5,13.5
31.0,31.0,31.0,31.0,31.0,31.0,31.0,31.0
31.0,31.0,31.0,31.0,31.0,31.0,31.0,31.0
31.0,31.0,31.0,31.0,31.0,31.0,31.0,31.0
31.0,31.0,31.0,31.0,31.0,31.0,31.0,31.0
92.3,68.3,183.0,65.5,96.5,98.7,133.1,76.8
92.3,68.3,183.0,65.5,96.5,98.7,133.1,76.8
92.3,68.3,183.0,65.5,96.5,98.7,133.1,76.8
92.3,68.3,183.0,65.5,96.5,98.7,133.1,76.8
76.7,69.3,82.6,66.6,77.1,77.1,79.4,75.8
76.7,69.3,82.6,66.6,77.1,77.1,79.4,75.8
87.1,69.3,77.4,66.6,76.0,76.0,76.6,75.6
76.7,69.3,82.6,66.6,77.1,77.1,79.4,75.8
96.6,141.3,130.6,69.4,103.9,102.3,115.2,81.8
96.6,141.3,130.6,69.4,103.9,102.3,115.2,81.8
96.6,71.8,106.5,69.4,103.9,102.3,181.5,109.0
96.6,71.8,106.9,69.4,103.9,102.3,208.2,81.8
83.4,73.4,91.4,71.1,84.1,83.8,86.9,82.2
83.3,73.4,92.0,71.1,83.9,83.7,86.6,82.2
83.3,73.4,92.0,71.1,83.9,83.7,86.6,82.2
82.8,73.4,88.0,71.1,91.1,83.0,84.8,82.1
36.6,36.6,36.6,36.6,36.6,36.6,36.6,36.6
36.6,36.6,36.6,36.6,36.6,36.6,36.6,36.6
36.6,36.6,36.6,36.6,36.6,36.6,36.6,36.6
36.6,36.6,36.6,36.6,36.6,36.6,36.6,36.6
24.1,24.1,24.1,24.1,24.1,24.1,24.1,24.1
24.1,24.1,24.1,24.1,24.1,24.1,24.1,24.1
24.1,24.1,24.1,24.1,24.1,24.1,24.1,24.1
24.1,24.1,24.1,24.1,24.1,24.1,24.1,24.1
15.0,15.0,15.0,15.0,15.0,15.0,15.0,15.0
15.0,15.0,15.0,15.0,15.0,15.0,15.0,15.0
15.0,15.0,15.0,15.0,15.0,15.0,15.0,15.0
15.0,15.0,15.0,15.0,15.0,15.0,15.0,15.0
29.3,29.3,29.3,29.3,29.3,29.3,29.3,29.3
29.3,29.3,29.3,29.3,29.3,29.3,29.3,29.3
29.3,29.3,29.3,29.3,29.3,29.3,29.3,29.3
29.3,29.3,29.3,29.3,29.3,29.3,29.3,29.3
0.0,0.0,0.0,0.0,0.0,0.0,0.0,0.0
0.0,0.0,0.0,0.0,0.0,0.0,0.0,0.0
0.0,0.0,0.0,0.0,0.0,0.0,0.0,0.0
0.0,0.0,0.0,0.0,0.0,0.0,0.0,0.0
0.0,0.0,0.0,0.0,0.0,0.0,0.0,0.0
0.0,0.0,0.0,0.0,0.0,0.0,0.0,0.0
0.0,0.0,0.0,0.0,0.0,0.0,0.0,0.0
0.0,0.0,0.0,0.0,0.0,0.0,0.0,0.0
0.0,0.0,0.0,0.0,0.0,0.0,0.0,0.0
0.0,0.0,0.0,0.0,0.0,0.0,0.0,0.0
0.0,0.0,0.0,0.0,0.0,0.0,0.0,0.0
0.0,0.0,0.0,0.0,0.0,0.0,0.0,0.0
0.0,0.0,0.0,0.0,0.0,0.0,0.0,0.0
0.0,0.0,0.0,0.0,0.0,0.0,0.0,0.0
0.0,0.0,0.0,0.0,0.0,0.0,0.0,0.0
0.0,0.0,0.0,0.0,0.0,0.0,0.0,0.0
0.0,0.0,0.0,0.0,0.0,0.0,0.0,0.0
0.0,0.0,0.0,0.0,0.0,0.0,0.0,0.0
0.0,0.0,0.0,0.0,0.0,0.0,0.0,0.0
0.0,0.0,0.0,0.0,0.0,0.0,0.0,0.0
0.0,0.0,0.0,0.0,0.0,0.0,0.0,0.0
0.0,0.0,0.0,0.0,0.0,0.0,0.0,0.0
0.0,0.0,0.0,0.0,0.0,0.0,0.0,0.0
0.0,0.0,0.0,0.0,0.0,0.0,0.0,0.0
0.0,0.0,0.0,0.0,0.0,0.0,0.0,0.0
0.0,0.0,0.0,0.0,0.0,0.0,0.0,0.0
0.0,0.0,0.0,0.0,0.0,0.0,0.0,0.0
0.0,0.0,0.0,0.0,0.0,0.0,0.0,0.0
0.0,0.0,0.0,0.0,0.0,0.0,0.0,0.0
0.0,0.0,0.0,0.0,0.0,0.0,0.0,0.0
0.0,0.0,0.0,0.0,0.0,0.0,0.0,0.0
0.0,0.0,0.0,0.0,0.0,0.0,0.0,0.0
0.0,0.0,0.0,0.0,0.0,0.0,0.0,0.0
0.0,0.0,0.0,0.0,0.0,0.0,0.0,0.0
0.0,0.0,0.0,0.0,0.0,0.0,0.0,0.0
0.0,0.0,0.0,0.0,0.0,0.0,0.0,0.0
0.0,0.0,0.0,0.0,0.0,0.0,0.0,0.0
0.0,0.0,0.0,0.0,0.0,0.0,0.0,0.0
0.0,0.0,0.0,0.0,0.0,0.0,0.0,0.0
0.0,0.0,0.0,0.0,0.0,0.0,0.0,0.0
0.0,0.0,0.0,0.0,0.0,0.0,0.0,0.0
0.0,0.0,0.0,0.0,0.0,0.0,0.0,0.0
0.0,0.0,0.0,0.0,0.0,0.0,0.0,0.0
0.0,0.0,0.0,0.0,0.0,0.0,0.0,0.0
0.0,0.0,0.0,0.0,0.0,0.0,0.0,0.0
0.0,0.0,0.0,0.0,0.0,0.0,0.0,0.0
0.0,0.0,0.0,0.0,0.0,0.0,0.0,0.0
0.0,0.0,0.0,0.0,0.0,0.0,0.0,0.0
0.0,0.0,0.0,0.0,0.0,0.0,0.0,0.0
0.0,0.0,0.0,0.0,0.0,0.0,0.0,0.0
0.0,0.0,0.0,0.0,0.0,0.0,0.0,0.0
0.0,0.0,0.0,0.0,0.0,0.0,0.0,0.0
4.2,4.2,4.2,4.2,4.2,4.2,4.2,4.2
4.2,4.2,4.2,4.2,4.2,4.2,4.2,4.2
4.2,4.2,4.2,4.2,4.2,4.2,4.2,4.2
4.2,4.2,4.2,4.2,4.2,4.2,4.2,4.2
12.7,12.7,12.7,12.7,12.7,12.7,12.7,12.7
12.7,12.7,12.7,12.7,12.7,12.7,12.7,12.7
12.7,12.7,12.7,12.7,12.7,12.7,12.7,12.7
12.7,12.7,12.7,12.7,12.7,12.7,12.7,12.7
12.7,12.7,12.7,12.7,12.7,12.7,12.7,12.7
12.7,12.7,12.7,12.7,12.7,12.7,12.7,12.7
12.7,12.7,12.7,12.7,12.7,12.7,12.7,12.7
12.7,12.7,12.7,12.7,12.7,12.7,12.7,12.7
31.9,31.9,31.9,31.9,31.9,31.9,31.9,31.9
31.9,31.9,31.9,31.9,31.9,31.9,31.9,31.9
31.9,31.9,31.9,31.9,31.9,31.9,31.9,31.9
31.9,31.9,31.9,31.9,31.9,31.9,31.9,31.9
26.8,26.8,26.8,26.8,26.8,26.8,26.8,26.8
26.8,26.8,26.8,26.8,26.8,26.8,26.8,26.8
26.8,26.8,26.8,26.8,26.8,26.8,26.8,26.8
26.8,26.8,26.8,26.8,26.8,26.8,26.8,26.8
94.9,71.8,112.9,69.4,96.2,95.9,132.5,81.8
118.7,71.8,104.9,69.4,95.5,97.3,116.1,81.8
128.1,71.8,109.0,69.4,95.8,98.4,101.2,81.8
128.1,71.8,109.0,69.4,95.8,98.4,101.2,81.8
39.8,39.8,39.8,39.8,39.8,39.8,39.8,39.8
39.8,39.8,39.8,39.8,39.8,39.8,39.8,39.8
39.8,39.8,39.8,39.8,39.8,39.8,39.8,39.8
39.8,39.8,39.8,39.8,39.8,39.8,39.8,39.8
36.5,36.5,36.5,36.5,36.5,36.5,36.5,36.5
36.5,36.5,36.5,36.5,36.5,36.5,36.5,36.5
36.5,36.5,36.5,36.5,36.5,36.5,36.5,36.5
36.5,36.5,36.5,36.5,36.5,36.5,36.5,36.5
23.2,23.2,23.2,23.2,23.2,23.2,23.2,23.2
23.2,23.2,23.2,23.2,23.2,23.2,23.2,23.2
23.2,23.2,23.2,23.2,23.2,23.2,23.2,23.2
23.2,23.2,23.2,23.2,23.2,23.2,23.2,23.2
21.6,21.6,21.6,21.6,21.6,21.6,21.6,21.6
21.6,21.6,21.6,21.6,21.6,21.6,21.6,21.6
21.6,21.6,21.6,21.6,21.6,21.6,21.6,21.6
21.6,21.6,21.6,21.6,21.6,21.6,21.6,21.6
8.4,8.4,8.4,8.4,8.4,8.4,8.4,8.4
8.4,8.4,8.4,8.4,8.4,8.4,8.4,8.4
8.4,8.4,8.4,8.4,8.4,8.4,8.4,8.4
8.4,8.4,8.4,8.4,8.4,8.4,8.4,8.4
0.0,0.0,0.0,0.0,0.0,0.0,0.0,0.0
0.0,0.0,0.0,0.0,0.0,0.0,0.0,0.0
0.0,0.0,0.0,0.0,0.0,0.0,0.0,0.0
0.0,0.0,0.0,0.0,0.0,0.0,0.0,0.0
0.0,0.0,0.0,0.0,0.0,0.0,0.0,0.0
0.0,0.0,0.0,0.0,0.0,0.0,0.0,0.0
0.0,0.0,0.0,0.0,0.0,0.0,0.0,0.0
0.0,0.0,0.0,0.0,0.0,0.0,0.0,0.0
0.0,0.0,0.0,0.0,0.0,0.0,0.0,0.0
0.0,0.0,0.0,0.0,0.0,0.0,0.0,0.0
0.0,0.0,0.0,0.0,0.0,0.0,0.0,0.0
0.0,0.0,0.0,0.0,0.0,0.0,0.0,0.0
0.0,0.0,0.0,0.0,0.0,0.0,0.0,0.0
0.0,0.0,0.0,0.0,0.0,0.0,0.0,0.0
0.0,0.0,0.0,0.0,0.0,0.0,0.0,0.0
0.0,0.0,0.0,0.0,0.0,0.0,0.0,0.0
0.0,0.0,0.0,0.0,0.0,0.0,0.0,0.0
0.0,0.0,0.0,0.0,0.0,0.0,0.0,0.0
0.0,0.0,0.0,0.0,0.0,0.0,0.0,0.0
0.0,0.0,0.0,0.0,0.0,0.0,0.0,0.0
0.0,0.0,0.0,0.0,0.0,0.0,0.0,0.0
0.0,0.0,0.0,0.0,0.0,0.0,0.0,0.0
0.0,0.0,0.0,0.0,0.0,0.0,0.0,0.0
0.0,0.0,0.0,0.0,0.0,0.0,0.0,0.0
0.0,0.0,0.0,0.0,0.0,0.0,0.0,0.0
0.0,0.0,0.0,0.0,0.0,0.0,0.0,0.0
0.0,0.0,0.0,0.0,0.0,0.0,0.0,0.0
0.0,0.0,0.0,0.0,0.0,0.0,0.0,0.0
0.0,0.0,0.0,0.0,0.0,0.0,0.0,0.0
0.0,0.0,0.0,0.0,0.0,0.0,0.0,0.0
0.0,0.0,0.0,0.0,0.0,0.0,0.0,0.0
0.0,0.0,0.0,0.0,0.0,0.0,0.0,0.0
0.0,0.0,0.0,0.0,0.0,0.0,0.0,0.0
0.0,0.0,0.0,0.0,0.0,0.0,0.0,0.0
0.0,0.0,0.0,0.0,0.0,0.0,0.0,0.0
0.0,0.0,0.0,0.0,0.0,0.0,0.0,0.0
0.0,0.0,0.0,0.0,0.0,0.0,0.0,0.0
0.0,0.0,0.0,0.0,0.0,0.0,0.0,0.0
0.0,0.0,0.0,0.0,0.0,0.0,0.0,0.0
0.0,0.0,0.0,0.0,0.0,0.0,0.0,0.0
0.0,0.0,0.0,0.0,0.0,0.0,0.0,0.0
0.0,0.0,0.0,0.0,0.0,0.0,0.0,0.0
0.0,0.0,0.0,0.0,0.0,0.0,0.0,0.0
0.0,0.0,0.0,0.0,0.0,0.0,0.0,0.0
0.0,0.0,0.0,0.0,0.0,0.0,0.0,0.0
0.0,0.0,0.0,0.0,0.0,0.0,0.0,0.0
0.0,0.0,0.0,0.0,0.0,0.0,0.0,0.0
0.0,0.0,0.0,0.0,0.0,0.0,0.0,0.0
0.0,0.0,0.0,0.0,0.0,0.0,0.0,0.0
0.0,0.0,0.0,0.0,0.0,0.0,0.0,0.0
0.0,0.0,0.0,0.0,0.0,0.0,0.0,0.0
0.0,0.0,0.0,0.0,0.0,0.0,0.0,0.0
0.0,0.0,0.0,0.0,0.0,0.0,0.0,0.0
0.0,0.0,0.0,0.0,0.0,0.0,0.0,0.0
0.0,0.0,0.0,0.0,0.0,0.0,0.0,0.0
0.0,0.0,0.0,0.0,0.0,0.0,0.0,0.0
0.0,0.0,0.0,0.0,0.0,0.0,0.0,0.0
0.0,0.0,0.0,0.0,0.0,0.0,0.0,0.0
0.0,0.0,0.0,0.0,0.0,0.0,0.0,0.0
0.0,0.0,0.0,0.0,0.0,0.0,0.0,0.0
60.4,60.4,60.5,60.0,60.4,60.4,60.5,60.4
60.4,60.4,60.5,60.0,60.4,60.4,60.5,60.4
60.4,60.4,60.5,60.0,60.4,60.4,60.5,60.4
60.4,60.4,60.5,60.0,60.4,60.4,60.5,60.4
85.2,63.7,120.4,61.7,88.3,87.2,101.0,72.9
85.2,63.7,120.4,61.7,88.3,87.2,101.0,72.9
85.2,63.7,120.4,61.7,88.3,87.2,101.0,72.9
85.2,63.7,120.4,61.7,88.3,87.2,101.0,72.9
86.8,202.2,130.4,62.8,95.0,91.2,113.5,74.3
86.8,202.2,130.4,62.8,95.0,91.2,113.5,74.3
86.8,202.2,130.4,62.8,95.0,91.2,113.5,74.3
86.8,64.7,173.1,62.8,95.0,91.2,125.3,74.3
89.9,67.2,179.7,65.7,100.3,93.8,129.9,77.9
313.5,67.2,179.7,65.7,100.3,93.8,129.9,77.9
313.5,67.2,179.7,65.7,100.3,93.8,286.5,77.9
313.5,67.2,179.7,65.7,100.3,93.8,286.5,77.9
91.8,68.7,183.7,67.4,103.5,95.3,289.3,80.1
91.8,68.7,533.3,67.4,103.5,95.3,132.7,353.5
91.8,68.7,533.3,67.4,103.5,95.3,132.7,80.1
91.8,68.7,533.3,67.4,103.5,95.3,132.7,80.1
89.9,67.2,179.7,65.7,100.3,93.8,129.9,77.9
89.9,67.2,179.7,65.7,100.3,93.8,129.9,77.9
89.9,67.2,179.7,65.7,100.3,93.8,129.9,77.9
89.9,67.2,179.7,65.7,100.3,93.8,129.9,77.9
62.3,62.3,62.3,62.3,62.3,62.3,62.3,62.3
62.3,62.3,62.3,62.3,62.3,62.3,62.3,62.3
62.3,62.3,62.3,62.3,62.3,62.3,62.3,62.3
62.3,62.3,62.3,62.3,62.3,62.3,62.3,62.3
13.4,13.4,13.4,13.4,13.4,13.4,13.4,13.4
13.4,13.4,13.4,13.4,13.4,13.4,13.4,13.4
13.4,13.4,13.4,13.4,13.4,13.4,13.4,13.4
13.4,13.4,13.4,13.4,13.4,13.4,13.4,13.4
30.2,30.2,30.2,30.2,30.2,30.2,30.2,30.2
30.2,30.2,30.2,30.2,30.2,30.2,30.2,30.2
30.2,30.2,30.2,30.2,30.2,30.2,30.2,30.2
30.2,30.2,30.2,30.2,30.2,30.2,30.2,30.2
0.0,0.0,0.0,0.0,0.0,0.0,0.0,0.0
0.0,0.0,0.0,0.0,0.0,0.0,0.0,0.0
0.0,0.0,0.0,0.0,0.0,0.0,0.0,0.0
0.0,0.0,0.0,0.0,0.0,0.0,0.0,0.0
0.0,0.0,0.0,0.0,0.0,0.0,0.0,0.0
0.0,0.0,0.0,0.0,0.0,0.0,0.0,0.0
0.0,0.0,0.0,0.0,0.0,0.0,0.0,0.0
0.0,0.0,0.0,0.0,0.0,0.0,0.0,0.0
0.0,0.0,0.0,0.0,0.0,0.0,0.0,0.0
0.0,0.0,0.0,0.0,0.0,0.0,0.0,0.0
0.0,0.0,0.0,0.0,0.0,0.0,0.0,0.0
0.0,0.0,0.0,0.0,0.0,0.0,0.0,0.0
0.0,0.0,0.0,0.0,0.0,0.0,0.0,0.0
0.0,0.0,0.0,0.0,0.0,0.0,0.0,0.0
0.0,0.0,0.0,0.0,0.0,0.0,0.0,0.0
0.0,0.0,0.0,0.0,0.0,0.0,0.0,0.0
0.0,0.0,0.0,0.0,0.0,0.0,0.0,0.0
0.0,0.0,0.0,0.0,0.0,0.0,0.0,0.0
0.0,0.0,0.0,0.0,0.0,0.0,0.0,0.0
0.0,0.0,0.0,0.0,0.0,0.0,0.0,0.0
0.0,0.0,0.0,0.0,0.0,0.0,0.0,0.0
0.0,0.0,0.0,0.0,0.0,0.0,0.0,0.0
0.0,0.0,0.0,0.0,0.0,0.0,0.0,0.0
0.0,0.0,0.0,0.0,0.0,0.0,0.0,0.0
0.0,0.0,0.0,0.0,0.0,0.0,0.0,0.0
0.0,0.0,0.0,0.0,0.0,0.0,0.0,0.0
0.0,0.0,0.0,0.0,0.0,0.0,0.0,0.0
0.0,0.0,0.0,0.0,0.0,0.0,0.0,0.0
0.0,0.0,0.0,0.0,0.0,0.0,0.0,0.0
0.0,0.0,0.0,0.0,0.0,0.0,0.0,0.0
0.0,0.0,0.0,0.0,0.0,0.0,0.0,0.0
0.0,0.0,0.0,0.0,0.0,0.0,0.0,0.0
0.0,0.0,0.0,0.0,0.0,0.0,0.0,0.0
0.0,0.0,0.0,0.0,0.0,0.0,0.0,0.0
0.0,0.0,0.0,0.0,0.0,0.0,0.0,0.0
0.0,0.0,0.0,0.0,0.0,0.0,0.0,0.0
0.0,0.0,0.0,0.0,0.0,0.0,0.0,0.0
0.0,0.0,0.0,0.0,0.0,0.0,0.0,0.0
0.0,0.0,0.0,0.0,0.0,0.0,0.0,0.0
0.0,0.0,0.0,0.0,0.0,0.0,0.0,0.0
0.0,0.0,0.0,0.0,0.0,0.0,0.0,0.0
0.0,0.0,0.0,0.0,0.0,0.0,0.0,0.0
0.0,0.0,0.0,0.0,0.0,0.0,0.0,0.0
0.0,0.0,0.0,0.0,0.0,0.0,0.0,0.0
0.0,0.0,0.0,0.0,0.0,0.0,0.0,0.0
0.0,0.0,0.0,0.0,0.0,0.0,0.0,0.0
0.0,0.0,0.0,0.0,0.0,0.0,0.0,0.0
0.0,0.0,0.0,0.0,0.0,0.0,0.0,0.0
0.0,0.0,0.0,0.0,0.0,0.0,0.0,0.0
0.0,0.0,0.0,0.0,0.0,0.0,0.0,0.0
0.0,0.0,0.0,0.0,0.0,0.0,0.0,0.0
0.0,0.0,0.0,0.0,0.0,0.0,0.0,0.0
4.2,4.2,4.2,4.2,4.2,4.2,4.2,4.2
4.2,4.2,4.2,4.2,4.2,4.2,4.2,4.2
4.2,4.2,4.2,4.2,4.2,4.2,4.2,4.2
4.2,4.2,4.2,4.2,4.2,4.2,4.2,4.2
8.4,8.4,8.4,8.4,8.4,8.4,8.4,8.4
8.4,8.4,8.4,8.4,8.4,8.4,8.4,8.4
8.4,8.4,8.4,8.4,8.4,8.4,8.4,8.4
8.4,8.4,8.4,8.4,8.4,8.4,8.4,8.4
11.7,11.7,11.7,11.7,11.7,11.7,11.7,11.7
11.7,11.7,11.7,11.7,11.7,11.7,11.7,11.7
11.7,11.7,11.7,11.7,11.7,11.7,11.7,11.7
11.7,11.7,11.7,11.7,11.7,11.7,11.7,11.7
20.0,20.0,20.0,20.0,20.0,20.0,20.0,20.0
20.0,20.0,20.0,20.0,20.0,20.0,20.0,20.0
20.0,20.0,20.0,20.0,20.0,20.0,20.0,20.0
20.0,20.0,20.0,20.0,20.0,20.0,20.0,20.0
86.8,64.7,173.1,62.8,95.0,91.2,125.3,74.3
86.8,64.7,173.1,62.8,95.0,91.2,125.3,74.3
86.8,64.7,173.1,62.8,95.0,91.2,360.3,74.3
86.8,64.7,173.1,62.8,95.0,91.2,360.3,74.3
516.7,67.2,627.1,65.7,100.3,93.8,129.9,77.9
469.4,67.2,562.8,65.7,211.8,93.8,129.9,77.9
469.4,67.2,562.8,65.7,211.8,93.8,129.9,77.9
469.4,67.2,562.8,65.7,211.8,93.8,129.9,77.9
91.8,68.7,183.7,67.4,103.5,95.3,132.7,216.8
91.8,68.7,183.7,67.4,103.5,95.3,132.7,216.8
91.8,68.7,183.7,67.4,103.5,95.3,132.7,80.1
91.8,68.7,183.7,67.4,103.5,95.3,132.7,80.1
89.9,67.2,179.7,65.7,100.3,93.8,129.9,77.9
89.9,67.2,179.7,65.7,100.3,93.8,129.9,77.9
89.9,67.2,179.7,65.7,100.3,93.8,129.9,77.9
89.9,67.2,179.7,65.7,100.3,93.8,129.9,77.9
90.5,67.7,181.0,66.2,101.4,94.3,130.8,78.7
90.5,67.7,181.0,66.2,101.4,94.3,130.8,78.7
90.5,67.7,181.0,66.2,101.4,94.3,130.8,78.7
90.5,67.7,181.0,66.2,101.4,94.3,130.8,78.7
17.5,17.5,17.5,17.5,17.5,17.5,17.5,17.5
17.5,17.5,17.5,17.5,17.5,17.5,17.5,17.5
17.5,17.5,17.5,17.5,17.5,17.5,17.5,17.5
17.5,17.5,17.5,17.5,17.5,17.5,17.5,17.5
99.2,74.7,199.6,74.1,116.2,101.4,143.7,88.8
99.2,74.7,199.6,74.1,116.2,101.4,143.7,88.8
99.2,74.7,199.6,74.1,116.2,101.4,143.7,88.8
99.2,74.7,199.6,74.1,116.2,101.4,143.7,88.8
0.0,0.0,0.0,0.0,0.0,0.0,0.0,0.0
0.0,0.0,0.0,0.0,0.0,0.0,0.0,0.0
0.0,0.0,0.0,0.0,0.0,0.0,0.0,0.0
0.0,0.0,0.0,0.0,0.0,0.0,0.0,0.0
0.0,0.0,0.0,0.0,0.0,0.0,0.0,0.0
0.0,0.0,0.0,0.0,0.0,0.0,0.0,0.0
0.0,0.0,0.0,0.0,0.0,0.0,0.0,0.0
0.0,0.0,0.0,0.0,0.0,0.0,0.0,0.0
0.0,0.0,0.0,0.0,0.0,0.0,0.0,0.0
0.0,0.0,0.0,0.0,0.0,0.0,0.0,0.0
0.0,0.0,0.0,0.0,0.0,0.0,0.0,0.0
0.0,0.0,0.0,0.0,0.0,0.0,0.0,0.0
0.0,0.0,0.0,0.0,0.0,0.0,0.0,0.0
0.0,0.0,0.0,0.0,0.0,0.0,0.0,0.0
0.0,0.0,0.0,0.0,0.0,0.0,0.0,0.0
0.0,0.0,0.0,0.0,0.0,0.0,0.0,0.0
0.0,0.0,0.0,0.0,0.0,0.0,0.0,0.0
0.0,0.0,0.0,0.0,0.0,0.0,0.0,0.0
0.0,0.0,0.0,0.0,0.0,0.0,0.0,0.0
0.0,0.0,0.0,0.0,0.0,0.0,0.0,0.0
0.0,0.0,0.0,0.0,0.0,0.0,0.0,0.0
0.0,0.0,0.0,0.0,0.0,0.0,0.0,0.0
0.0,0.0,0.0,0.0,0.0,0.0,0.0,0.0
0.0,0.0,0.0,0.0,0.0,0.0,0.0,0.0
0.0,0.0,0.0,0.0,0.0,0.0,0.0,0.0
0.0,0.0,0.0,0.0,0.0,0.0,0.0,0.0
0.0,0.0,0.0,0.0,0.0,0.0,0.0,0.0
0.0,0.0,0.0,0.0,0.0,0.0,0.0,0.0
0.0,0.0,0.0,0.0,0.0,0.0,0.0,0.0
0.0,0.0,0.0,0.0,0.0,0.0,0.0,0.0
0.0,0.0,0.0,0.0,0.0,0.0,0.0,0.0
0.0,0.0,0.0,0.0,0.0,0.0,0.0,0.0
0.0,0.0,0.0,0.0,0.0,0.0,0.0,0.0
0.0,0.0,0.0,0.0,0.0,0.0,0.0,0.0
0.0,0.0,0.0,0.0,0.0,0.0,0.0,0.0
0.0,0.0,0.0,0.0,0.0,0.0,0.0,0.0
0.0,0.0,0.0,0.0,0.0,0.0,0.0,0.0
0.0,0.0,0.0,0.0,0.0,0.0,0.0,0.0
0.0,0.0,0.0,0.0,0.0,0.0,0.0,0.0
0.0,0.0,0.0,0.0,0.0,0.0,0.0,0.0
0.0,0.0,0.0,0.0,0.0,0.0,0.0,0.0
0.0,0.0,0.0,0.0,0.0,0.0,0.0,0.0
0.0,0.0,0.0,0.0,0.0,0.0,0.0,0.0
0.0,0.0,0.0,0.0,0.0,0.0,0.0,0.0
0.0,0.0,0.0,0.0,0.0,0.0,0.0,0.0
0.0,0.0,0.0,0.0,0.0,0.0,0.0,0.0
0.0,0.0,0.0,0.0,0.0,0.0,0.0,0.0
0.0,0.0,0.0,0.0,0.0,0.0,0.0,0.0
0.0,0.0,0.0,0.0,0.0,0.0,0.0,0.0
0.0,0.0,0.0,0.0,0.0,0.0,0.0,0.0
0.0,0.0,0.0,0.0,0.0,0.0,0.0,0.0
0.0,0.0,0.0,0.0,0.0,0.0,0.0,0.0
4.3,4.3,4.3,4.3,4.3,4.3,4.3,4.3
4.3,4.3,4.3,4.3,4.3,4.3,4.3,4.3
4.3,4.3,4.3,4.3,4.3,4.3,4.3,4.3
4.3,4.3,4.3,4.3,4.3,4.3,4.3,4.3
12.8,12.8,12.8,12.8,12.8,12.8,12.8,12.8
12.8,12.8,12.8,12.8,12.8,12.8,12.8,12.8
12.8,12.8,12.8,12.8,12.8,12.8,12.8,12.8
12.8,12.8,12.8,12.8,12.8,12.8,12.8,12.8
48.2,48.2,48.2,48.2,48.2,48.2,48.2,48.2
48.2,48.2,48.2,48.2,48.2,48.2,48.2,48.2
48.2,48.2,48.2,48.2,48.2,48.2,48.2,48.2
48.2,48.2,48.2,48.2,48.2,48.2,48.2,48.2
85.5,63.7,170.4,61.7,92.9,90.2,123.5,72.9
85.5,63.7,170.4,61.7,92.9,90.2,123.5,72.9
85.5,63.7,170.4,61.7,92.9,90.2,123.5,72.9
85.5,63.7,170.4,61.7,92.9,90.2,123.5,72.9
38.8,38.8,38.8,38.8,38.8,38.8,38.8,38.8
38.8,38.8,38.8,38.8,38.8,38.8,38.8,38.8
38.8,38.8,38.8,38.8,38.8,38.8,38.8,38.8
38.8,38.8,38.8,38.8,38.8,38.8,38.8,38.8
89.9,67.2,179.7,65.7,100.3,93.8,129.9,77.9
89.9,224.2,179.7,65.7,100.3,93.8,286.5,77.9
89.9,224.2,179.7,65.7,100.3,93.8,286.5,351.4
89.9,67.2,179.7,65.7,100.3,93.8,286.5,77.9
91.7,68.7,128.3,67.4,96.4,93.1,108.0,80.1
118.8,68.7,102.9,67.4,107.1,92.1,96.7,80.1
104.1,68.7,96.8,99.3,98.8,91.9,94.0,80.1
104.1,68.7,96.8,99.3,98.8,91.9,94.0,80.1
39.7,39.7,39.7,39.7,39.7,39.7,39.7,39.7
39.7,39.7,39.7,39.7,39.7,39.7,39.7,39.7
39.7,39.7,39.7,39.7,39.7,39.7,39.7,39.7
39.7,39.7,39.7,39.7,39.7,39.7,39.7,39.7
22.9,22.9,22.9,22.9,22.9,22.9,22.9,22.9
22.9,22.9,22.9,22.9,22.9,22.9,22.9,22.9
22.9,22.9,22.9,22.9,22.9,22.9,22.9,22.9
22.9,22.9,22.9,22.9,22.9,22.9,22.9,22.9
24.6,24.6,24.6,24.6,24.6,24.6,24.6,24.6
24.6,24.6,24.6,24.6,24.6,24.6,24.6,24.6
24.6,24.6,24.6,24.6,24.6,24.6,24.6,24.6
24.6,24.6,24.6,24.6,24.6,24.6,24.6,24.6
99.2,74.7,199.6,74.1,116.2,101.4,143.7,88.8
99.2,74.7,199.6,74.1,116.2,101.4,143.7,88.8
99.2,74.7,199.6,74.1,116.2,101.4,143.7,88.8
99.2,74.7,199.6,74.1,116.2,101.4,143.7,88.8
0.0,0.0,0.0,0.0,0.0,0.0,0.0,0.0
0.0,0.0,0.0,0.0,0.0,0.0,0.0,0.0
0.0,0.0,0.0,0.0,0.0,0.0,0.0,0.0
0.0,0.0,0.0,0.0,0.0,0.0,0.0,0.0
0.0,0.0,0.0,0.0,0.0,0.0,0.0,0.0
0.0,0.0,0.0,0.0,0.0,0.0,0.0,0.0
0.0,0.0,0.0,0.0,0.0,0.0,0.0,0.0
0.0,0.0,0.0,0.0,0.0,0.0,0.0,0.0
0.0,0.0,0.0,0.0,0.0,0.0,0.0,0.0
0.0,0.0,0.0,0.0,0.0,0.0,0.0,0.0
0.0,0.0,0.0,0.0,0.0,0.0,0.0,0.0
0.0,0.0,0.0,0.0,0.0,0.0,0.0,0.0
0.0,0.0,0.0,0.0,0.0,0.0,0.0,0.0
0.0,0.0,0.0,0.0,0.0,0.0,0.0,0.0
0.0,0.0,0.0,0.0,0.0,0.0,0.0,0.0
0.0,0.0,0.0,0.0,0.0,0.0,0.0,0.0
0.0,0.0,0.0,0.0,0.0,0.0,0.0,0.0
0.0,0.0,0.0,0.0,0.0,0.0,0.0,0.0
0.0,0.0,0.0,0.0,0.0,0.0,0.0,0.0
0.0,0.0,0.0,0.0,0.0,0.0,0.0,0.0
0.0,0.0,0.0,0.0,0.0,0.0,0.0,0.0
0.0,0.0,0.0,0.0,0.0,0.0,0.0,0.0
0.0,0.0,0.0,0.0,0.0,0.0,0.0,0.0
0.0,0.0,0.0,0.0,0.0,0.0,0.0,0.0
0.0,0.0,0.0,0.0,0.0,0.0,0.0,0.0
0.0,0.0,0.0,0.0,0.0,0.0,0.0,0.0
0.0,0.0,0.0,0.0,0.0,0.0,0.0,0.0
0.0,0.0,0.0,0.0,0.0,0.0,0.0,0.0
0.0,0.0,0.0,0.0,0.0,0.0,0.0,0.0
0.0,0.0,0.0,0.0,0.0,0.0,0.0,0.0
0.0,0.0,0.0,0.0,0.0,0.0,0.0,0.0
0.0,0.0,0.0,0.0,0.0,0.0,0.0,0.0
0.0,0.0,0.0,0.0,0.0,0.0,0.0,0.0
0.0,0.0,0.0,0.0,0.0,0.0,0.0,0.0
0.0,0.0,0.0,0.0,0.0,0.0,0.0,0.0
0.0,0.0,0.0,0.0,0.0,0.0,0.0,0.0
0.0,0.0,0.0,0.0,0.0,0.0,0.0,0.0
0.0,0.0,0.0,0.0,0.0,0.0,0.0,0.0
0.0,0.0,0.0,0.0,0.0,0.0,0.0,0.0
0.0,0.0,0.0,0.0,0.0,0.0,0.0,0.0
0.0,0.0,0.0,0.0,0.0,0.0,0.0,0.0
0.0,0.0,0.0,0.0,0.0,0.0,0.0,0.0
0.0,0.0,0.0,0.0,0.0,0.0,0.0,0.0
0.0,0.0,0.0,0.0,0.0,0.0,0.0,0.0
0.0,0.0,0.0,0.0,0.0,0.0,0.0,0.0
0.0,0.0,0.0,0.0,0.0,0.0,0.0,0.0
0.0,0.0,0.0,0.0,0.0,0.0,0.0,0.0
0.0,0.0,0.0,0.0,0.0,0.0,0.0,0.0
0.0,0.0,0.0,0.0,0.0,0.0,0.0,0.0
0.0,0.0,0.0,0.0,0.0,0.0,0.0,0.0
0.0,0.0,0.0,0.0,0.0,0.0,0.0,0.0
0.0,0.0,0.0,0.0,0.0,0.0,0.0,0.0
0.0,0.0,0.0,0.0,0.0,0.0,0.0,0.0
0.0,0.0,0.0,0.0,0.0,0.0,0.0,0.0
0.0,0.0,0.0,0.0,0.0,0.0,0.0,0.0
0.0,0.0,0.0,0.0,0.0,0.0,0.0,0.0
53.7,53.7,53.7,53.7,53.7,53.7,53.7,53.7
53.7,53.7,53.7,53.7,53.7,53.7,53.7,53.7
53.7,53.7,53.7,53.7,53.7,53.7,53.7,53.7
53.7,53.7,53.7,53.7,53.7,53.7,53.7,53.7
83.7,62.2,118.1,60.0,161.1,88.7,147.7,70.7
83.7,62.2,138.3,60.0,89.7,88.7,199.0,70.7
83.7,62.2,166.4,60.0,89.7,88.7,120.8,70.7
83.7,62.2,166.4,60.0,89.7,88.7,120.8,70.7
85.5,63.7,170.4,61.7,92.9,90.2,123.5,72.9
85.5,63.7,170.4,61.7,92.9,90.2,123.5,72.9
85.5,63.7,170.4,61.7,92.9,90.2,123.5,72.9
85.5,63.7,326.4,61.7,92.9,90.2,123.5,72.9
86.8,64.7,329.1,62.8,95.0,91.2,125.3,74.3
86.8,64.7,329.1,62.8,95.0,91.2,125.3,74.3
86.8,64.7,329.1,62.8,95.0,91.2,125.3,74.3
86.8,64.7,329.1,62.8,95.0,91.2,125.3,74.3
89.9,67.2,335.7,65.7,100.3,93.8,129.9,77.9
89.9,67.2,335.7,65.7,100.3,93.8,129.9,77.9
89.9,171.8,335.7,65.7,446.0,93.8,129.9,77.9
89.9,171.8,179.7,65.7,100.3,149.4,129.9,77.9
91.8,166.8,114.2,67.4,103.3,95.3,107.2,80.1
91.8,160.5,119.8,67.4,103.3,95.3,107.9,80.1
91.8,160.5,119.8,67.4,103.3,95.3,107.9,80.1
91.8,163.5,116.6,67.4,103.3,95.3,108.1,80.1
89.9,353.8,164.4,65.7,100.3,93.8,129.9,77.9
89.9,353.8,164.4,65.7,100.3,93.8,129.9,77.9
89.9,353.8,164.4,65.7,100.3,93.8,129.9,77.9
89.9,353.8,164.4,65.7,100.3,93.8,129.9,77.9
85.0,67.7,103.9,66.2,87.2,85.7,93.4,78.7
85.0,67.7,103.9,66.2,87.2,85.7,93.4,78.7
85.0,67.7,103.9,66.2,87.2,85.7,93.4,78.7
85.0,67.7,103.9,66.2,87.2,85.7,93.4,78.7
13.6,13.6,13.6,13.6,13.6,13.6,13.6,13.6
13.6,13.6,13.6,13.6,13.6,13.6,13.6,13.6
13.6,13.6,13.6,13.6,13.6,13.6,13.6,13.6
13.6,13.6,13.6,13.6,13.6,13.6,13.6,13.6
6.8,6.8,6.8,6.8,6.8,6.8,6.8,6.8
6.8,6.8,6.8,6.8,6.8,6.8,6.8,6.8
6.8,6.8,6.8,6.8,6.8,6.8,6.8,6.8
6.8,6.8,6.8,6.8,6.8,6.8,6.8,6.8
0.0,0.0,0.0,0.0,0.0,0.0,0.0,0.0
0.0,0.0,0.0,0.0,0.0,0.0,0.0,0.0
0.0,0.0,0.0,0.0,0.0,0.0,0.0,0.0
0.0,0.0,0.0,0.0,0.0,0.0,0.0,0.0
0.0,0.0,0.0,0.0,0.0,0.0,0.0,0.0
0.0,0.0,0.0,0.0,0.0,0.0,0.0,0.0
0.0,0.0,0.0,0.0,0.0,0.0,0.0,0.0
0.0,0.0,0.0,0.0,0.0,0.0,0.0,0.0
0.0,0.0,0.0,0.0,0.0,0.0,0.0,0.0
0.0,0.0,0.0,0.0,0.0,0.0,0.0,0.0
0.0,0.0,0.0,0.0,0.0,0.0,0.0,0.0
0.0,0.0,0.0,0.0,0.0,0.0,0.0,0.0
0.0,0.0,0.0,0.0,0.0,0.0,0.0,0.0
0.0,0.0,0.0,0.0,0.0,0.0,0.0,0.0
0.0,0.0,0.0,0.0,0.0,0.0,0.0,0.0
0.0,0.0,0.0,0.0,0.0,0.0,0.0,0.0
0.0,0.0,0.0,0.0,0.0,0.0,0.0,0.0
0.0,0.0,0.0,0.0,0.0,0.0,0.0,0.0
0.0,0.0,0.0,0.0,0.0,0.0,0.0,0.0
0.0,0.0,0.0,0.0,0.0,0.0,0.0,0.0
0.0,0.0,0.0,0.0,0.0,0.0,0.0,0.0
0.0,0.0,0.0,0.0,0.0,0.0,0.0,0.0
0.0,0.0,0.0,0.0,0.0,0.0,0.0,0.0
0.0,0.0,0.0,0.0,0.0,0.0,0.0,0.0
0.0,0.0,0.0,0.0,0.0,0.0,0.0,0.0
0.0,0.0,0.0,0.0,0.0,0.0,0.0,0.0
0.0,0.0,0.0,0.0,0.0,0.0,0.0,0.0
0.0,0.0,0.0,0.0,0.0,0.0,0.0,0.0
0.0,0.0,0.0,0.0,0.0,0.0,0.0,0.0
0.0,0.0,0.0,0.0,0.0,0.0,0.0,0.0
0.0,0.0,0.0,0.0,0.0,0.0,0.0,0.0
0.0,0.0,0.0,0.0,0.0,0.0,0.0,0.0
0.0,0.0,0.0,0.0,0.0,0.0,0.0,0.0
0.0,0.0,0.0,0.0,0.0,0.0,0.0,0.0
0.0,0.0,0.0,0.0,0.0,0.0,0.0,0.0
0.0,0.0,0.0,0.0,0.0,0.0,0.0,0.0
0.0,0.0,0.0,0.0,0.0,0.0,0.0,0.0
0.0,0.0,0.0,0.0,0.0,0.0,0.0,0.0
0.0,0.0,0.0,0.0,0.0,0.0,0.0,0.0
0.0,0.0,0.0,0.0,0.0,0.0,0.0,0.0
0.0,0.0,0.0,0.0,0.0,0.0,0.0,0.0
0.0,0.0,0.0,0.0,0.0,0.0,0.0,0.0
0.0,0.0,0.0,0.0,0.0,0.0,0.0,0.0
0.0,0.0,0.0,0.0,0.0,0.0,0.0,0.0
0.0,0.0,0.0,0.0,0.0,0.0,0.0,0.0
0.0,0.0,0.0,0.0,0.0,0.0,0.0,0.0
0.0,0.0,0.0,0.0,0.0,0.0,0.0,0.0
0.0,0.0,0.0,0.0,0.0,0.0,0.0,0.0
0.0,0.0,0.0,0.0,0.0,0.0,0.0,0.0
0.0,0.0,0.0,0.0,0.0,0.0,0.0,0.0
0.0,0.0,0.0,0.0,0.0,0.0,0.0,0.0
0.0,0.0,0.0,0.0,0.0,0.0,0.0,0.0
4.3,4.3,4.3,4.3,4.3,4.3,4.3,4.3
4.3,4.3,4.3,4.3,4.3,4.3,4.3,4.3
4.3,4.3,4.3,4.3,4.3,4.3,4.3,4.3
4.3,4.3,4.3,4.3,4.3,4.3,4.3,4.3
7.7,7.7,7.7,7.7,7.7,7.7,7.7,7.7
7.7,7.7,7.7,7.7,7.7,7.7,7.7,7.7
7.7,7.7,7.7,7.7,7.7,7.7,7.7,7.7
7.7,7.7,7.7,7.7,7.7,7.7,7.7,7.7
21.2,21.2,21.2,21.2,21.2,21.2,21.2,21.2
21.2,21.2,21.2,21.2,21.2,21.2,21.2,21.2
21.2,21.2,21.2,21.2,21.2,21.2,21.2,21.2
21.2,21.2,21.2,21.2,21.2,21.2,21.2,21.2
30.3,30.3,30.3,30.3,30.3,30.3,30.3,30.3
30.3,30.3,30.3,30.3,30.3,30.3,30.3,30.3
30.3,30.3,30.3,30.3,30.3,30.3,30.3,30.3
30.3,30.3,30.3,30.3,30.3,30.3,30.3,30.3
36.1,36.1,36.1,36.1,36.1,36.1,36.1,36.1
36.1,36.1,36.1,36.1,36.1,36.1,36.1,36.1
36.1,36.1,36.1,36.1,36.1,36.1,36.1,36.1
36.1,36.1,36.1,36.1,36.1,36.1,36.1,36.1
85.7,67.2,107.9,65.7,88.3,86.7,95.6,77.9
85.7,67.2,107.9,65.7,88.3,86.7,95.6,77.9
85.7,67.2,107.9,65.7,88.3,86.7,95.6,77.9
85.7,67.2,107.9,65.7,88.3,86.7,95.6,77.9
36.0,36.0,36.0,36.0,36.0,36.0,36.0,36.0
36.0,36.0,36.0,36.0,36.0,36.0,36.0,36.0
36.0,36.0,36.0,36.0,36.0,36.0,36.0,36.0
36.0,36.0,36.0,36.0,36.0,36.0,36.0,36.0
37.8,37.8,37.8,37.8,37.8,37.8,37.8,37.8
37.8,37.8,37.8,37.8,37.8,37.8,37.8,37.8
37.8,37.8,37.8,37.8,37.8,37.8,37.8,37.8
37.8,37.8,37.8,37.8,37.8,37.8,37.8,37.8
21.9,21.9,21.9,21.9,21.9,21.9,21.9,21.9
21.9,21.9,21.9,21.9,21.9,21.9,21.9,21.9
21.9,21.9,21.9,21.9,21.9,21.9,21.9,21.9
21.9,21.9,21.9,21.9,21.9,21.9,21.9,21.9
11.8,11.8,11.8,11.8,11.8,11.8,11.8,11.8
11.8,11.8,11.8,11.8,11.8,11.8,11.8,11.8
11.8,11.8,11.8,11.8,11.8,11.8,11.8,11.8
11.8,11.8,11.8,11.8,11.8,11.8,11.8,11.8
4.2,4.2,4.2,4.2,4.2,4.2,4.2,4.2
4.2,4.2,4.2,4.2,4.2,4.2,4.2,4.2
4.2,4.2,4.2,4.2,4.2,4.2,4.2,4.2
4.2,4.2,4.2,4.2,4.2,4.2,4.2,4.2
0.0,0.0,0.0,0.0,0.0,0.0,0.0,0.0
0.0,0.0,0.0,0.0,0.0,0.0,0.0,0.0
0.0,0.0,0.0,0.0,0.0,0.0,0.0,0.0
0.0,0.0,0.0,0.0,0.0,0.0,0.0,0.0
0.0,0.0,0.0,0.0,0.0,0.0,0.0,0.0
0.0,0.0,0.0,0.0,0.0,0.0,0.0,0.0
0.0,0.0,0.0,0.0,0.0,0.0,0.0,0.0
0.0,0.0,0.0,0.0,0.0,0.0,0.0,0.0
0.0,0.0,0.0,0.0,0.0,0.0,0.0,0.0
0.0,0.0,0.0,0.0,0.0,0.0,0.0,0.0
0.0,0.0,0.0,0.0,0.0,0.0,0.0,0.0
0.0,0.0,0.0,0.0,0.0,0.0,0.0,0.0
0.0,0.0,0.0,0.0,0.0,0.0,0.0,0.0
0.0,0.0,0.0,0.0,0.0,0.0,0.0,0.0
0.0,0.0,0.0,0.0,0.0,0.0,0.0,0.0
0.0,0.0,0.0,0.0,0.0,0.0,0.0,0.0
0.0,0.0,0.0,0.0,0.0,0.0,0.0,0.0
0.0,0.0,0.0,0.0,0.0,0.0,0.0,0.0
0.0,0.0,0.0,0.0,0.0,0.0,0.0,0.0
0.0,0.0,0.0,0.0,0.0,0.0,0.0,0.0
0.0,0.0,0.0,0.0,0.0,0.0,0.0,0.0
0.0,0.0,0.0,0.0,0.0,0.0,0.0,0.0
0.0,0.0,0.0,0.0,0.0,0.0,0.0,0.0
0.0,0.0,0.0,0.0,0.0,0.0,0.0,0.0
0.0,0.0,0.0,0.0,0.0,0.0,0.0,0.0
0.0,0.0,0.0,0.0,0.0,0.0,0.0,0.0
0.0,0.0,0.0,0.0,0.0,0.0,0.0,0.0
0.0,0.0,0.0,0.0,0.0,0.0,0.0,0.0
0.0,0.0,0.0,0.0,0.0,0.0,0.0,0.0
0.0,0.0,0.0,0.0,0.0,0.0,0.0,0.0
0.0,0.0,0.0,0.0,0.0,0.0,0.0,0.0
0.0,0.0,0.0,0.0,0.0,0.0,0.0,0.0
0.0,0.0,0.0,0.0,0.0,0.0,0.0,0.0
0.0,0.0,0.0,0.0,0.0,0.0,0.0,0.0
0.0,0.0,0.0,0.0,0.0,0.0,0.0,0.0
0.0,0.0,0.0,0.0,0.0,0.0,0.0,0.0
0.0,0.0,0.0,0.0,0.0,0.0,0.0,0.0
0.0,0.0,0.0,0.0,0.0,0.0,0.0,0.0
0.0,0.0,0.0,0.0,0.0,0.0,0.0,0.0
0.0,0.0,0.0,0.0,0.0,0.0,0.0,0.0
0.0,0.0,0.0,0.0,0.0,0.0,0.0,0.0
0.0,0.0,0.0,0.0,0.0,0.0,0.0,0.0
0.0,0.0,0.0,0.0,0.0,0.0,0.0,0.0
0.0,0.0,0.0,0.0,0.0,0.0,0.0,0.0
0.0,0.0,0.0,0.0,0.0,0.0,0.0,0.0
0.0,0.0,0.0,0.0,0.0,0.0,0.0,0.0
0.0,0.0,0.0,0.0,0.0,0.0,0.0,0.0
0.0,0.0,0.0,0.0,0.0,0.0,0.0,0.0
0.0,0.0,0.0,0.0,0.0,0.0,0.0,0.0
0.0,0.0,0.0,0.0,0.0,0.0,0.0,0.0
0.0,0.0,0.0,0.0,0.0,0.0,0.0,0.0
0.0,0.0,0.0,0.0,0.0,0.0,0.0,0.0
4.3,4.3,4.3,4.3,4.3,4.3,4.3,4.3
4.3,4.3,4.3,4.3,4.3,4.3,4.3,4.3
4.3,4.3,4.3,4.3,4.3,4.3,4.3,4.3
4.3,4.3,4.3,4.3,4.3,4.3,4.3,4.3
12.1,12.1,12.1,12.1,12.1,12.1,12.1,12.1
12.1,12.1,12.1,12.1,12.1,12.1,12.1,12.1
12.1,12.1,12.1,12.1,12.1,12.1,12.1,12.1
12.1,12.1,12.1,12.1,12.1,12.1,12.1,12.1
22.3,22.3,22.3,22.3,22.3,22.3,22.3,22.3
22.3,22.3,22.3,22.3,22.3,22.3,22.3,22.3
22.3,22.3,22.3,22.3,22.3,22.3,22.3,22.3
22.3,22.3,22.3,22.3,22.3,22.3,22.3,22.3
32.3,32.3,32.3,32.3,32.3,32.3,32.3,32.3
32.3,32.3,32.3,32.3,32.3,32.3,32.3,32.3
32.3,32.3,32.3,32.3,32.3,32.3,32.3,32.3
32.3,32.3,32.3,32.3,32.3,32.3,32.3,32.3
37.3,37.3,37.3,37.3,37.3,37.3,37.3,37.3
37.3,37.3,37.3,37.3,37.3,37.3,37.3,37.3
37.3,37.3,37.3,37.3,37.3,37.3,37.3,37.3
37.3,37.3,37.3,37.3,37.3,37.3,37.3,37.3
89.9,67.2,238.1,65.7,100.3,345.3,129.9,77.9
89.9,67.2,489.7,65.7,100.3,93.8,129.9,77.9
89.9,67.2,482.0,73.3,100.3,93.8,129.9,77.9
89.9,67.2,482.0,73.3,100.3,93.8,129.9,77.9
85.2,68.7,86.1,75.0,108.7,84.0,84.2,80.1
106.8,68.7,91.7,67.4,85.3,84.7,87.2,80.1
85.5,68.7,103.1,67.4,87.7,86.2,93.3,80.1
85.5,68.7,103.1,67.4,87.7,86.2,93.3,80.1
89.9,3363.3,179.7,65.7,100.3,93.8,129.9,77.9
89.9,3363.3,179.7,65.7,100.3,93.8,129.9,77.9
89.9,67.2,179.7,65.7,100.3,93.8,129.9,77.9
89.9,67.2,179.7,65.7,100.3,93.8,129.9,77.9
53.9,53.9,53.9,53.9,53.9,53.9,53.9,53.9
53.9,53.9,53.9,53.9,53.9,53.9,53.9,53.9
53.9,53.9,53.9,53.9,53.9,53.9,53.9,53.9
53.9,53.9,53.9,53.9,53.9,53.9,53.9,53.9
18.6,18.6,18.6,18.6,18.6,18.6,18.6,18.6
18.6,18.6,18.6,18.6,18.6,18.6,18.6,18.6
18.6,18.6,18.6,18.6,18.6,18.6,18.6,18.6
18.6,18.6,18.6,18.6,18.6,18.6,18.6,18.6
6.0,6.0,6.0,6.0,6.0,6.0,6.0,6.0
6.0,6.0,6.0,6.0,6.0,6.0,6.0,6.0
6.0,6.0,6.0,6.0,6.0,6.0,6.0,6.0
6.0,6.0,6.0,6.0,6.0,6.0,6.0,6.0
0.0,0.0,0.0,0.0,0.0,0.0,0.0,0.0
0.0,0.0,0.0,0.0,0.0,0.0,0.0,0.0
0.0,0.0,0.0,0.0,0.0,0.0,0.0,0.0
0.0,0.0,0.0,0.0,0.0,0.0,0.0,0.0
0.0,0.0,0.0,0.0,0.0,0.0,0.0,0.0
0.0,0.0,0.0,0.0,0.0,0.0,0.0,0.0
0.0,0.0,0.0,0.0,0.0,0.0,0.0,0.0
0.0,0.0,0.0,0.0,0.0,0.0,0.0,0.0
0.0,0.0,0.0,0.0,0.0,0.0,0.0,0.0
0.0,0.0,0.0,0.0,0.0,0.0,0.0,0.0
0.0,0.0,0.0,0.0,0.0,0.0,0.0,0.0
0.0,0.0,0.0,0.0,0.0,0.0,0.0,0.0
0.0,0.0,0.0,0.0,0.0,0.0,0.0,0.0
0.0,0.0,0.0,0.0,0.0,0.0,0.0,0.0
0.0,0.0,0.0,0.0,0.0,0.0,0.0,0.0
0.0,0.0,0.0,0.0,0.0,0.0,0.0,0.0
0.0,0.0,0.0,0.0,0.0,0.0,0.0,0.0
0.0,0.0,0.0,0.0,0.0,0.0,0.0,0.0
0.0,0.0,0.0,0.0,0.0,0.0,0.0,0.0
0.0,0.0,0.0,0.0,0.0,0.0,0.0,0.0
0.0,0.0,0.0,0.0,0.0,0.0,0.0,0.0
0.0,0.0,0.0,0.0,0.0,0.0,0.0,0.0
0.0,0.0,0.0,0.0,0.0,0.0,0.0,0.0
0.0,0.0,0.0,0.0,0.0,0.0,0.0,0.0
0.0,0.0,0.0,0.0,0.0,0.0,0.0,0.0
0.0,0.0,0.0,0.0,0.0,0.0,0.0,0.0
0.0,0.0,0.0,0.0,0.0,0.0,0.0,0.0
0.0,0.0,0.0,0.0,0.0,0.0,0.0,0.0
0.0,0.0,0.0,0.0,0.0,0.0,0.0,0.0
0.0,0.0,0.0,0.0,0.0,0.0,0.0,0.0
0.0,0.0,0.0,0.0,0.0,0.0,0.0,0.0
0.0,0.0,0.0,0.0,0.0,0.0,0.0,0.0
0.0,0.0,0.0,0.0,0.0,0.0,0.0,0.0
0.0,0.0,0.0,0.0,0.0,0.0,0.0,0.0
0.0,0.0,0.0,0.0,0.0,0.0,0.0,0.0
0.0,0.0,0.0,0.0,0.0,0.0,0.0,0.0
0.0,0.0,0.0,0.0,0.0,0.0,0.0,0.0
0.0,0.0,0.0,0.0,0.0,0.0,0.0,0.0
0.0,0.0,0.0,0.0,0.0,0.0,0.0,0.0
0.0,0.0,0.0,0.0,0.0,0.0,0.0,0.0
0.0,0.0,0.0,0.0,0.0,0.0,0.0,0.0
0.0,0.0,0.0,0.0,0.0,0.0,0.0,0.0
0.0,0.0,0.0,0.0,0.0,0.0,0.0,0.0
0.0,0.0,0.0,0.0,0.0,0.0,0.0,0.0
0.0,0.0,0.0,0.0,0.0,0.0,0.0,0.0
0.0,0.0,0.0,0.0,0.0,0.0,0.0,0.0
0.0,0.0,0.0,0.0,0.0,0.0,0.0,0.0
0.0,0.0,0.0,0.0,0.0,0.0,0.0,0.0
0.0,0.0,0.0,0.0,0.0,0.0,0.0,0.0
0.0,0.0,0.0,0.0,0.0,0.0,0.0,0.0
0.0,0.0,0.0,0.0,0.0,0.0,0.0,0.0
0.0,0.0,0.0,0.0,0.0,0.0,0.0,0.0
3.4,3.4,3.4,3.4,3.4,3.4,3.4,3.4
3.4,3.4,3.4,3.4,3.4,3.4,3.4,3.4
3.4,3.4,3.4,3.4,3.4,3.4,3.4,3.4
3.4,3.4,3.4,3.4,3.4,3.4,3.4,3.4
11.1,11.1,11.1,11.1,11.1,11.1,11.1,11.1
11.1,11.1,11.1,11.1,11.1,11.1,11.1,11.1
11.1,11.1,11.1,11.1,11.1,11.1,11.1,11.1
11.1,11.1,11.1,11.1,11.1,11.1,11.1,11.1
20.4,20.4,20.4,20.4,20.4,20.4,20.4,20.4
20.4,20.4,20.4,20.4,20.4,20.4,20.4,20.4
20.4,20.4,20.4,20.4,20.4,20.4,20.4,20.4
20.4,20.4,20.4,20.4,20.4,20.4,20.4,20.4
28.8,28.8,28.8,28.8,28.8,28.8,28.8,28.8
28.8,28.8,28.8,28.8,28.8,28.8,28.8,28.8
28.8,28.8,28.8,28.8,28.8,28.8,28.8,28.8
28.8,28.8,28.8,28.8,28.8,28.8,28.8,28.8
35.4,35.4,35.4,35.4,35.4,35.4,35.4,35.4
35.4,35.4,35.4,35.4,35.4,35.4,35.4,35.4
35.4,35.4,35.4,35.4,35.4,35.4,35.4,35.4
35.4,35.4,35.4,35.4,35.4,35.4,35.4,35.4
38.7,38.7,38.7,38.7,38.7,38.7,38.7,38.7
38.7,38.7,38.7,38.7,38.7,38.7,38.7,38.7
38.7,38.7,38.7,38.7,38.7,38.7,38.7,38.7
38.7,38.7,38.7,38.7,38.7,38.7,38.7,38.7
52.0,52.0,52.0,52.0,52.0,52.0,52.0,52.0
52.0,52.0,52.0,52.0,52.0,52.0,52.0,52.0
52.0,52.0,52.0,52.0,52.0,52.0,52.0,52.0
52.0,52.0,52.0,52.0,52.0,52.0,52.0,52.0
88.4,67.2,118.7,65.7,91.9,89.7,101.9,77.9
88.4,67.2,118.7,65.7,91.9,89.7,101.9,77.9
88.4,67.2,118.7,65.7,91.9,89.7,101.9,77.9
88.4,67.2,118.7,65.7,91.9,89.7,101.9,77.9
90.5,67.7,129.9,66.2,95.6,92.5,108.3,78.7
90.5,67.7,129.9,66.2,95.6,92.5,108.3,78.7
90.5,67.7,129.9,66.2,95.6,92.5,108.3,78.7
90.5,67.7,129.9,66.2,95.6,92.5,108.3,78.7
53.0,53.0,53.0,53.0,53.0,53.0,53.0,53.0
53.0,53.0,53.0,53.0,53.0,53.0,53.0,53.0
53.0,53.0,53.0,53.0,53.0,53.0,53.0,53.0
53.0,53.0,53.0,53.0,53.0,53.0,53.0,53.0
4.2,4.2,4.2,4.2,4.2,4.2,4.2,4.2
4.2,4.2,4.2,4.2,4.2,4.2,4.2,4.2
4.2,4.2,4.2,4.2,4.2,4.2,4.2,4.2
4.2,4.2,4.2,4.2,4.2,4.2,4.2,4.2
0.0,0.0,0.0,0.0,0.0,0.0,0.0,0.0
0.0,0.0,0.0,0.0,0.0,0.0,0.0,0.0
0.0,0.0,0.0,0.0,0.0,0.0,0.0,0.0
0.0,0.0,0.0,0.0,0.0,0.0,0.0,0.0
0.0,0.0,0.0,0.0,0.0,0.0,0.0,0.0
0.0,0.0,0.0,0.0,0.0,0.0,0.0,0.0
0.0,0.0,0.0,0.0,0.0,0.0,0.0,0.0
0.0,0.0,0.0,0.0,0.0,0.0,0.0,0.0
0.0,0.0,0.0,0.0,0.0,0.0,0.0,0.0
0.0,0.0,0.0,0.0,0.0,0.0,0.0,0.0
0.0,0.0,0.0,0.0,0.0,0.0,0.0,0.0
0.0,0.0,0.0,0.0,0.0,0.0,0.0,0.0
0.0,0.0,0.0,0.0,0.0,0.0,0.0,0.0
0.0,0.0,0.0,0.0,0.0,0.0,0.0,0.0
0.0,0.0,0.0,0.0,0.0,0.0,0.0,0.0
0.0,0.0,0.0,0.0,0.0,0.0,0.0,0.0
0.0,0.0,0.0,0.0,0.0,0.0,0.0,0.0
0.0,0.0,0.0,0.0,0.0,0.0,0.0,0.0
0.0,0.0,0.0,0.0,0.0,0.0,0.0,0.0
0.0,0.0,0.0,0.0,0.0,0.0,0.0,0.0
0.0,0.0,0.0,0.0,0.0,0.0,0.0,0.0
0.0,0.0,0.0,0.0,0.0,0.0,0.0,0.0
0.0,0.0,0.0,0.0,0.0,0.0,0.0,0.0
0.0,0.0,0.0,0.0,0.0,0.0,0.0,0.0
0.0,0.0,0.0,0.0,0.0,0.0,0.0,0.0
0.0,0.0,0.0,0.0,0.0,0.0,0.0,0.0
0.0,0.0,0.0,0.0,0.0,0.0,0.0,0.0
0.0,0.0,0.0,0.0,0.0,0.0,0.0,0.0
0.0,0.0,0.0,0.0,0.0,0.0,0.0,0.0
0.0,0.0,0.0,0.0,0.0,0.0,0.0,0.0
0.0,0.0,0.0,0.0,0.0,0.0,0.0,0.0
0.0,0.0,0.0,0.0,0.0,0.0,0.0,0.0
0.0,0.0,0.0,0.0,0.0,0.0,0.0,0.0
0.0,0.0,0.0,0.0,0.0,0.0,0.0,0.0
0.0,0.0,0.0,0.0,0.0,0.0,0.0,0.0
0.0,0.0,0.0,0.0,0.0,0.0,0.0,0.0
0.0,0.0,0.0,0.0,0.0,0.0,0.0,0.0
0.0,0.0,0.0,0.0,0.0,0.0,0.0,0.0
0.0,0.0,0.0,0.0,0.0,0.0,0.0,0.0
0.0,0.0,0.0,0.0,0.0,0.0,0.0,0.0
0.0,0.0,0.0,0.0,0.0,0.0,0.0,0.0
0.0,0.0,0.0,0.0,0.0,0.0,0.0,0.0
0.0,0.0,0.0,0.0,0.0,0.0,0.0,0.0
0.0,0.0,0.0,0.0,0.0,0.0,0.0,0.0
0.0,0.0,0.0,0.0,0.0,0.0,0.0,0.0
0.0,0.0,0.0,0.0,0.0,0.0,0.0,0.0
0.0,0.0,0.0,0.0,0.0,0.0,0.0,0.0
0.0,0.0,0.0,0.0,0.0,0.0,0.0,0.0
0.0,0.0,0.0,0.0,0.0,0.0,0.0,0.0
0.0,0.0,0.0,0.0,0.0,0.0,0.0,0.0
0.0,0.0,0.0,0.0,0.0,0.0,0.0,0.0
0.0,0.0,0.0,0.0,0.0,0.0,0.0,0.0
4.3,4.3,4.3,4.3,4.3,4.3,4.3,4.3
4.3,4.3,4.3,4.3,4.3,4.3,4.3,4.3
4.3,4.3,4.3,4.3,4.3,4.3,4.3,4.3
4.3,4.3,4.3,4.3,4.3,4.3,4.3,4.3
7.7,7.7,7.7,7.7,7.7,7.7,7.7,7.7
7.7,7.7,7.7,7.7,7.7,7.7,7.7,7.7
7.7,7.7,7.7,7.7,7.7,7.7,7.7,7.7
7.7,7.7,7.7,7.7,7.7,7.7,7.7,7.7
22.1,22.1,22.1,22.1,22.1,22.1,22.1,22.1
22.1,22.1,22.1,22.1,22.1,22.1,22.1,22.1
22.1,22.1,22.1,22.1,22.1,22.1,22.1,22.1
22.1,22.1,22.1,22.1,22.1,22.1,22.1,22.1
18.7,18.7,18.7,18.7,18.7,18.7,18.7,18.7
18.7,18.7,18.7,18.7,18.7,18.7,18.7,18.7
18.7,18.7,18.7,18.7,18.7,18.7,18.7,18.7
18.7,18.7,18.7,18.7,18.7,18.7,18.7,18.7
20.3,20.3,20.3,20.3,20.3,20.3,20.3,20.3
20.3,20.3,20.3,20.3,20.3,20.3,20.3,20.3
20.3,20.3,20.3,20.3,20.3,20.3,20.3,20.3
20.3,20.3,20.3,20.3,20.3,20.3,20.3,20.3
38.9,38.9,38.9,38.9,38.9,38.9,38.9,38.9
38.9,38.9,38.9,38.9,38.9,38.9,38.9,38.9
38.9,38.9,38.9,38.9,38.9,38.9,38.9,38.9
38.9,38.9,38.9,38.9,38.9,38.9,38.9,38.9
55.7,55.7,55.7,55.7,55.7,55.7,55.7,55.7
55.7,55.7,55.7,55.7,55.7,55.7,55.7,55.7
55.7,55.7,55.7,55.7,55.7,55.7,55.7,55.7
55.7,55.7,55.7,55.7,55.7,55.7,55.7,55.7
59.9,59.9,59.9,59.9,59.9,59.9,59.9,59.9
59.9,59.9,59.9,59.9,59.9,59.9,59.9,59.9
59.9,59.9,59.9,59.9,59.9,59.9,59.9,59.9
59.9,59.9,59.9,59.9,59.9,59.9,59.9,59.9
29.6,29.6,29.6,29.6,29.6,29.6,29.6,29.6
29.6,29.6,29.6,29.6,29.6,29.6,29.6,29.6
29.6,29.6,29.6,29.6,29.6,29.6,29.6,29.6
29.6,29.6,29.6,29.6,29.6,29.6,29.6,29.6
16.1,16.1,16.1,16.1,16.1,16.1,16.1,16.1
16.1,16.1,16.1,16.1,16.1,16.1,16.1,16.1
16.1,16.1,16.1,16.1,16.1,16.1,16.1,16.1
16.1,16.1,16.1,16.1,16.1,16.1,16.1,16.1
5.1,5.1,5.1,5.1,5.1,5.1,5.1,5.1
5.1,5.1,5.1,5.1,5.1,5.1,5.1,5.1
5.1,5.1,5.1,5.1,5.1,5.1,5.1,5.1
5.1,5.1,5.1,5.1,5.1,5.1,5.1,5.1
0.0,0.0,0.0,0.0,0.0,0.0,0.0,0.0
0.0,0.0,0.0,0.0,0.0,0.0,0.0,0.0
0.0,0.0,0.0,0.0,0.0,0.0,0.0,0.0
0.0,0.0,0.0,0.0,0.0,0.0,0.0,0.0
0.0,0.0,0.0,0.0,0.0,0.0,0.0,0.0
0.0,0.0,0.0,0.0,0.0,0.0,0.0,0.0
0.0,0.0,0.0,0.0,0.0,0.0,0.0,0.0
0.0,0.0,0.0,0.0,0.0,0.0,0.0,0.0
0.0,0.0,0.0,0.0,0.0,0.0,0.0,0.0
0.0,0.0,0.0,0.0,0.0,0.0,0.0,0.0
0.0,0.0,0.0,0.0,0.0,0.0,0.0,0.0
0.0,0.0,0.0,0.0,0.0,0.0,0.0,0.0
0.0,0.0,0.0,0.0,0.0,0.0,0.0,0.0
0.0,0.0,0.0,0.0,0.0,0.0,0.0,0.0
0.0,0.0,0.0,0.0,0.0,0.0,0.0,0.0
0.0,0.0,0.0,0.0,0.0,0.0,0.0,0.0
0.0,0.0,0.0,0.0,0.0,0.0,0.0,0.0
0.0,0.0,0.0,0.0,0.0,0.0,0.0,0.0
0.0,0.0,0.0,0.0,0.0,0.0,0.0,0.0
0.0,0.0,0.0,0.0,0.0,0.0,0.0,0.0
0.0,0.0,0.0,0.0,0.0,0.0,0.0,0.0
0.0,0.0,0.0,0.0,0.0,0.0,0.0,0.0
0.0,0.0,0.0,0.0,0.0,0.0,0.0,0.0
0.0,0.0,0.0,0.0,0.0,0.0,0.0,0.0
0.0,0.0,0.0,0.0,0.0,0.0,0.0,0.0
0.0,0.0,0.0,0.0,0.0,0.0,0.0,0.0
0.0,0.0,0.0,0.0,0.0,0.0,0.0,0.0
0.0,0.0,0.0,0.0,0.0,0.0,0.0,0.0
0.0,0.0,0.0,0.0,0.0,0.0,0.0,0.0
0.0,0.0,0.0,0.0,0.0,0.0,0.0,0.0
0.0,0.0,0.0,0.0,0.0,0.0,0.0,0.0
0.0,0.0,0.0,0.0,0.0,0.0,0.0,0.0
0.0,0.0,0.0,0.0,0.0,0.0,0.0,0.0
0.0,0.0,0.0,0.0,0.0,0.0,0.0,0.0
0.0,0.0,0.0,0.0,0.0,0.0,0.0,0.0
0.0,0.0,0.0,0.0,0.0,0.0,0.0,0.0
0.0,0.0,0.0,0.0,0.0,0.0,0.0,0.0
0.0,0.0,0.0,0.0,0.0,0.0,0.0,0.0
0.0,0.0,0.0,0.0,0.0,0.0,0.0,0.0
0.0,0.0,0.0,0.0,0.0,0.0,0.0,0.0
0.0,0.0,0.0,0.0,0.0,0.0,0.0,0.0
0.0,0.0,0.0,0.0,0.0,0.0,0.0,0.0
0.0,0.0,0.0,0.0,0.0,0.0,0.0,0.0
0.0,0.0,0.0,0.0,0.0,0.0,0.0,0.0
0.0,0.0,0.0,0.0,0.0,0.0,0.0,0.0
0.0,0.0,0.0,0.0,0.0,0.0,0.0,0.0
0.0,0.0,0.0,0.0,0.0,0.0,0.0,0.0
0.0,0.0,0.0,0.0,0.0,0.0,0.0,0.0
0.0,0.0,0.0,0.0,0.0,0.0,0.0,0.0
0.0,0.0,0.0,0.0,0.0,0.0,0.0,0.0
0.0,0.0,0.0,0.0,0.0,0.0,0.0,0.0
0.0,0.0,0.0,0.0,0.0,0.0,0.0,0.0
0.0,0.0,0.0,0.0,0.0,0.0,0.0,0.0
0.0,0.0,0.0,0.0,0.0,0.0,0.0,0.0
0.0,0.0,0.0,0.0,0.0,0.0,0.0,0.0
0.0,0.0,0.0,0.0,0.0,0.0,0.0,0.0
10.2,10.2,10.2,10.2,10.2,10.2,10.2,10.2
10.2,10.2,10.2,10.2,10.2,10.2,10.2,10.2
10.2,10.2,10.2,10.2,10.2,10.2,10.2,10.2
10.2,10.2,10.2,10.2,10.2,10.2,10.2,10.2
19.5,19.5,19.5,19.5,19.5,19.5,19.5,19.5
19.5,19.5,19.5,19.5,19.5,19.5,19.5,19.5
19.5,19.5,19.5,19.5,19.5,19.5,19.5,19.5
19.5,19.5,19.5,19.5,19.5,19.5,19.5,19.5
85.5,63.7,130.9,61.7,90.3,88.9,106.3,72.9
85.5,63.7,130.9,61.7,90.3,88.9,106.3,72.9
85.5,63.7,151.4,61.7,87.8,87.7,89.5,72.9
85.5,63.7,151.4,61.7,87.8,87.7,89.5,72.9
47.1,47.1,47.1,47.1,47.1,47.1,47.1,47.1
47.1,47.1,47.1,47.1,47.1,47.1,47.1,47.1
47.1,47.1,47.1,47.1,47.1,47.1,47.1,47.1
47.1,47.1,47.1,47.1,47.1,47.1,47.1,47.1
53.7,53.7,53.7,53.7,53.7,53.7,53.7,53.7
53.7,53.7,53.7,53.7,53.7,53.7,53.7,53.7
53.7,53.7,53.7,53.7,53.7,53.7,53.7,53.7
53.7,53.7,53.7,53.7,53.7,53.7,53.7,53.7
60.3,60.3,60.3,60.3,60.3,60.3,60.3,60.3
60.3,60.3,60.3,60.3,60.3,60.3,60.3,60.3
60.3,60.3,60.3,60.3,60.3,60.3,60.3,60.3
60.3,60.3,60.3,60.3,60.3,60.3,60.3,60.3
28.5,28.5,28.5,28.5,28.5,28.5,28.5,28.5
28.5,28.5,28.5,28.5,28.5,28.5,28.5,28.5
28.5,28.5,28.5,28.5,28.5,28.5,28.5,28.5
28.5,28.5,28.5,28.5,28.5,28.5,28.5,28.5
19.3,19.3,19.3,19.3,19.3,19.3,19.3,19.3
19.3,19.3,19.3,19.3,19.3,19.3,19.3,19.3
19.3,19.3,19.3,19.3,19.3,19.3,19.3,19.3
19.3,19.3,19.3,19.3,19.3,19.3,19.3,19.3
10.9,10.9,10.9,10.9,10.9,10.9,10.9,10.9
10.9,10.9,10.9,10.9,10.9,10.9,10.9,10.9
10.9,10.9,10.9,10.9,10.9,10.9,10.9,10.9
10.9,10.9,10.9,10.9,10.9,10.9,10.9,10.9
3.4,3.4,3.4,3.4,3.4,3.4,3.4,3.4
3.4,3.4,3.4,3.4,3.4,3.4,3.4,3.4
3.4,3.4,3.4,3.4,3.4,3.4,3.4,3.4
3.4,3.4,3.4,3.4,3.4,3.4,3.4,3.4
0.0,0.0,0.0,0.0,0.0,0.0,0.0,0.0
0.0,0.0,0.0,0.0,0.0,0.0,0.0,0.0
0.0,0.0,0.0,0.0,0.0,0.0,0.0,0.0
0.0,0.0,0.0,0.0,0.0,0.0,0.0,0.0
0.0,0.0,0.0,0.0,0.0,0.0,0.0,0.0
0.0,0.0,0.0,0.0,0.0,0.0,0.0,0.0
0.0,0.0,0.0,0.0,0.0,0.0,0.0,0.0
0.0,0.0,0.0,0.0,0.0,0.0,0.0,0.0
0.0,0.0,0.0,0.0,0.0,0.0,0.0,0.0
0.0,0.0,0.0,0.0,0.0,0.0,0.0,0.0
0.0,0.0,0.0,0.0,0.0,0.0,0.0,0.0
0.0,0.0,0.0,0.0,0.0,0.0,0.0,0.0
0.0,0.0,0.0,0.0,0.0,0.0,0.0,0.0
0.0,0.0,0.0,0.0,0.0,0.0,0.0,0.0
0.0,0.0,0.0,0.0,0.0,0.0,0.0,0.0
0.0,0.0,0.0,0.0,0.0,0.0,0.0,0.0
0.0,0.0,0.0,0.0,0.0,0.0,0.0,0.0
0.0,0.0,0.0,0.0,0.0,0.0,0.0,0.0
0.0,0.0,0.0,0.0,0.0,0.0,0.0,0.0
0.0,0.0,0.0,0.0,0.0,0.0,0.0,0.0
0.0,0.0,0.0,0.0,0.0,0.0,0.0,0.0
0.0,0.0,0.0,0.0,0.0,0.0,0.0,0.0
0.0,0.0,0.0,0.0,0.0,0.0,0.0,0.0
0.0,0.0,0.0,0.0,0.0,0.0,0.0,0.0
0.0,0.0,0.0,0.0,0.0,0.0,0.0,0.0
0.0,0.0,0.0,0.0,0.0,0.0,0.0,0.0
0.0,0.0,0.0,0.0,0.0,0.0,0.0,0.0
0.0,0.0,0.0,0.0,0.0,0.0,0.0,0.0
0.0,0.0,0.0,0.0,0.0,0.0,0.0,0.0
0.0,0.0,0.0,0.0,0.0,0.0,0.0,0.0
0.0,0.0,0.0,0.0,0.0,0.0,0.0,0.0
0.0,0.0,0.0,0.0,0.0,0.0,0.0,0.0
0.0,0.0,0.0,0.0,0.0,0.0,0.0,0.0
0.0,0.0,0.0,0.0,0.0,0.0,0.0,0.0
0.0,0.0,0.0,0.0,0.0,0.0,0.0,0.0
0.0,0.0,0.0,0.0,0.0,0.0,0.0,0.0
0.0,0.0,0.0,0.0,0.0,0.0,0.0,0.0
0.0,0.0,0.0,0.0,0.0,0.0,0.0,0.0
0.0,0.0,0.0,0.0,0.0,0.0,0.0,0.0
0.0,0.0,0.0,0.0,0.0,0.0,0.0,0.0
0.0,0.0,0.0,0.0,0.0,0.0,0.0,0.0
0.0,0.0,0.0,0.0,0.0,0.0,0.0,0.0
0.0,0.0,0.0,0.0,0.0,0.0,0.0,0.0
0.0,0.0,0.0,0.0,0.0,0.0,0.0,0.0
0.0,0.0,0.0,0.0,0.0,0.0,0.0,0.0
0.0,0.0,0.0,0.0,0.0,0.0,0.0,0.0
0.0,0.0,0.0,0.0,0.0,0.0,0.0,0.0
0.0,0.0,0.0,0.0,0.0,0.0,0.0,0.0
0.0,0.0,0.0,0.0,0.0,0.0,0.0,0.0
0.0,0.0,0.0,0.0,0.0,0.0,0.0,0.0
0.0,0.0,0.0,0.0,0.0,0.0,0.0,0.0
0.0,0.0,0.0,0.0,0.0,0.0,0.0,0.0
4.3,4.3,4.3,4.3,4.3,4.3,4.3,4.3
4.3,4.3,4.3,4.3,4.3,4.3,4.3,4.3
4.3,4.3,4.3,4.3,4.3,4.3,4.3,4.3
4.3,4.3,4.3,4.3,4.3,4.3,4.3,4.3
7.7,7.7,7.7,7.7,7.7,7.7,7.7,7.7
7.7,7.7,7.7,7.7,7.7,7.7,7.7,7.7
7.7,7.7,7.7,7.7,7.7,7.7,7.7,7.7
7.7,7.7,7.7,7.7,7.7,7.7,7.7,7.7
11.9,11.9,11.9,11.9,11.9,11.9,11.9,11.9
11.9,11.9,11.9,11.9,11.9,11.9,11.9,11.9
11.9,11.9,11.9,11.9,11.9,11.9,11.9,11.9
11.9,11.9,11.9,11.9,11.9,11.9,11.9,11.9
29.8,29.8,29.8,29.8,29.8,29.8,29.8,29.8
29.8,29.8,29.8,29.8,29.8,29.8,29.8,29.8
29.8,29.8,29.8,29.8,29.8,29.8,29.8,29.8
29.8,29.8,29.8,29.8,29.8,29.8,29.8,29.8
61.1,61.1,61.1,61.1,61.1,61.1,61.1,61.1
61.1,61.1,61.1,61.1,61.1,61.1,61.1,61.1
61.1,61.1,61.1,61.1,61.1,61.1,61.1,61.1
61.1,61.1,61.1,61.1,61.1,61.1,61.1,61.1
89.9,67.2,179.7,65.7,100.3,93.8,129.9,169.1
89.9,67.2,179.7,65.7,100.3,93.8,129.9,169.1
89.9,171.8,179.7,65.7,100.3,93.8,129.9,77.9
89.9,171.8,179.7,65.7,100.3,93.8,129.9,77.9
91.8,173.3,183.7,67.4,103.5,123.1,132.7,80.1
91.8,68.7,183.7,67.4,103.5,123.1,132.7,80.1
91.8,68.7,183.7,67.4,103.5,95.3,132.7,80.1
91.8,68.7,182.7,67.4,103.5,95.3,363.3,80.1
89.9,67.2,179.7,65.7,100.3,93.8,364.8,77.9
89.9,67.2,179.7,65.7,100.3,93.8,129.9,77.9
89.9,67.2,179.7,65.7,100.3,93.8,129.9,77.9
89.9,67.2,179.7,65.7,100.3,93.8,129.9,77.9
90.5,67.7,167.3,66.2,100.9,94.3,125.5,78.7
90.5,67.7,167.3,66.2,100.9,94.3,125.5,78.7
90.5,67.7,167.3,66.2,100.9,94.3,125.5,78.7
90.5,67.7,167.3,66.2,100.9,94.3,125.5,78.7
11.9,11.9,11.9,11.9,11.9,11.9,11.9,11.9
11.9,11.9,11.9,11.9,11.9,11.9,11.9,11.9
11.9,11.9,11.9,11.9,11.9,11.9,11.9,11.9
11.9,11.9,11.9,11.9,11.9,11.9,11.9,11.9
22.2,22.2,22.2,22.2,22.2,22.2,22.2,22.2
22.2,22.2,22.2,22.2,22.2,22.2,22.2,22.2
22.2,22.2,22.2,22.2,22.2,22.2,22.2,22.2
22.2,22.2,22.2,22.2,22.2,22.2,22.2,22.2
0.0,0.0,0.0,0.0,0.0,0.0,0.0,0.0
0.0,0.0,0.0,0.0,0.0,0.0,0.0,0.0
0.0,0.0,0.0,0.0,0.0,0.0,0.0,0.0
0.0,0.0,0.0,0.0,0.0,0.0,0.0,0.0
0.0,0.0,0.0,0.0,0.0,0.0,0.0,0.0
0.0,0.0,0.0,0.0,0.0,0.0,0.0,0.0
0.0,0.0,0.0,0.0,0.0,0.0,0.0,0.0
0.0,0.0,0.0,0.0,0.0,0.0,0.0,0.0
0.0,0.0,0.0,0.0,0.0,0.0,0.0,0.0
0.0,0.0,0.0,0.0,0.0,0.0,0.0,0.0
0.0,0.0,0.0,0.0,0.0,0.0,0.0,0.0
0.0,0.0,0.0,0.0,0.0,0.0,0.0,0.0
0.0,0.0,0.0,0.0,0.0,0.0,0.0,0.0
0.0,0.0,0.0,0.0,0.0,0.0,0.0,0.0
0.0,0.0,0.0,0.0,0.0,0.0,0.0,0.0
0.0,0.0,0.0,0.0,0.0,0.0,0.0,0.0
0.0,0.0,0.0,0.0,0.0,0.0,0.0,0.0
0.0,0.0,0.0,0.0,0.0,0.0,0.0,0.0
0.0,0.0,0.0,0.0,0.0,0.0,0.0,0.0
0.0,0.0,0.0,0.0,0.0,0.0,0.0,0.0
0.0,0.0,0.0,0.0,0.0,0.0,0.0,0.0
0.0,0.0,0.0,0.0,0.0,0.0,0.0,0.0
0.0,0.0,0.0,0.0,0.0,0.0,0.0,0.0
0.0,0.0,0.0,0.0,0.0,0.0,0.0,0.0
0.0,0.0,0.0,0.0,0.0,0.0,0.0,0.0
0.0,0.0,0.0,0.0,0.0,0.0,0.0,0.0
0.0,0.0,0.0,0.0,0.0,0.0,0.0,0.0
0.0,0.0,0.0,0.0,0.0,0.0,0.0,0.0
0.0,0.0,0.0,0.0,0.0,0.0,0.0,0.0
0.0,0.0,0.0,0.0,0.0,0.0,0.0,0.0
0.0,0.0,0.0,0.0,0.0,0.0,0.0,0.0
0.0,0.0,0.0,0.0,0.0,0.0,0.0,0.0
0.0,0.0,0.0,0.0,0.0,0.0,0.0,0.0
0.0,0.0,0.0,0.0,0.0,0.0,0.0,0.0
0.0,0.0,0.0,0.0,0.0,0.0,0.0,0.0
0.0,0.0,0.0,0.0,0.0,0.0,0.0,0.0
0.0,0.0,0.0,0.0,0.0,0.0,0.0,0.0
0.0,0.0,0.0,0.0,0.0,0.0,0.0,0.0
0.0,0.0,0.0,0.0,0.0,0.0,0.0,0.0
0.0,0.0,0.0,0.0,0.0,0.0,0.0,0.0
0.0,0.0,0.0,0.0,0.0,0.0,0.0,0.0
0.0,0.0,0.0,0.0,0.0,0.0,0.0,0.0
0.0,0.0,0.0,0.0,0.0,0.0,0.0,0.0
0.0,0.0,0.0,0.0,0.0,0.0,0.0,0.0
0.0,0.0,0.0,0.0,0.0,0.0,0.0,0.0
0.0,0.0,0.0,0.0,0.0,0.0,0.0,0.0
0.0,0.0,0.0,0.0,0.0,0.0,0.0,0.0
0.0,0.0,0.0,0.0,0.0,0.0,0.0,0.0
0.0,0.0,0.0,0.0,0.0,0.0,0.0,0.0
0.0,0.0,0.0,0.0,0.0,0.0,0.0,0.0
0.0,0.0,0.0,0.0,0.0,0.0,0.0,0.0
0.0,0.0,0.0,0.0,0.0,0.0,0.0,0.0
0.0,0.0,0.0,0.0,0.0,0.0,0.0,0.0
0.0,0.0,0.0,0.0,0.0,0.0,0.0,0.0
0.0,0.0,0.0,0.0,0.0,0.0,0.0,0.0
0.0,0.0,0.0,0.0,0.0,0.0,0.0,0.0
0.0,0.0,0.0,0.0,0.0,0.0,0.0,0.0
0.0,0.0,0.0,0.0,0.0,0.0,0.0,0.0
0.0,0.0,0.0,0.0,0.0,0.0,0.0,0.0
0.0,0.0,0.0,0.0,0.0,0.0,0.0,0.0
83.7,62.2,166.4,60.0,89.7,88.7,120.8,70.7
83.7,62.2,166.4,60.0,89.7,88.7,120.8,70.7
83.7,62.2,166.4,60.0,89.7,88.7,120.8,70.7
83.7,62.2,166.4,60.0,89.7,88.7,120.8,70.7
85.5,63.7,170.4,61.7,92.9,90.2,123.5,72.9
85.5,63.7,170.4,61.7,92.9,90.2,123.5,72.9
85.5,63.7,170.4,61.7,92.9,90.2,123.5,72.9
85.5,63.7,170.4,61.7,92.9,90.2,123.5,72.9
86.8,64.7,173.1,62.8,95.0,91.2,125.3,74.3
86.8,64.7,173.1,62.8,95.0,91.2,125.3,74.3
86.8,64.7,173.1,62.8,95.0,91.2,125.3,74.3
422.2,64.7,522.6,62.8,95.0,91.2,125.3,74.3
425.3,311.9,529.3,65.7,100.3,93.8,129.9,77.9
89.9,311.9,529.3,65.7,100.3,93.8,129.9,77.9
89.9,311.9,179.7,65.7,100.3,93.8,129.9,77.9
89.9,311.9,179.7,65.7,100.3,121.6,286.5,77.9
91.8,542.7,183.5,67.4,103.5,123.1,269.0,80.1
91.8,313.4,183.7,67.4,103.5,95.3,289.3,171.2
91.8,68.7,183.7,67.4,103.5,95.3,132.7,171.2
91.8,68.7,183.7,67.4,449.2,95.3,132.7,171.2
89.9,67.2,179.7,65.7,100.3,93.8,129.9,77.9
89.9,67.2,179.7,65.7,100.3,93.8,129.9,77.9
89.9,67.2,179.7,65.7,100.3,93.8,129.9,77.9
379.9,67.2,179.7,65.7,100.3,93.8,129.9,77.9
380.5,67.7,181.0,66.2,101.4,94.3,130.8,78.7
90.5,67.7,181.0,66.2,101.4,94.3,130.8,78.7
90.5,67.7,181.0,66.2,101.4,94.3,130.8,78.7
721.6,67.7,181.0,66.2,101.4,94.3,130.8,78.7
58.8,58.8,58.8,58.8,58.8,58.8,58.8,58.8
58.8,58.8,58.8,58.8,58.8,58.8,58.8,58.8
58.8,58.8,58.8,58.8,58.8,58.8,58.8,58.8
58.8,58.8,58.8,58.8,58.8,58.8,58.8,58.8
13.5,13.5,13.5,13.5,13.5,13.5,13.5,13.5
13.5,13.5,13.5,13.5,13.5,13.5,13.5,13.5
13.5,13.5,13.5,13.5,13.5,13.5,13.5,13.5
13.5,13.5,13.5,13.5,13.5,13.5,13.5,13.5
0.0,0.0,0.0,0.0,0.0,0.0,0.0,0.0
0.0,0.0,0.0,0.0,0.0,0.0,0.0,0.0
0.0,0.0,0.0,0.0,0.0,0.0,0.0,0.0
0.0,0.0,0.0,0.0,0.0,0.0,0.0,0.0
0.0,0.0,0.0,0.0,0.0,0.0,0.0,0.0
0.0,0.0,0.0,0.0,0.0,0.0,0.0,0.0
0.0,0.0,0.0,0.0,0.0,0.0,0.0,0.0
0.0,0.0,0.0,0.0,0.0,0.0,0.0,0.0
0.0,0.0,0.0,0.0,0.0,0.0,0.0,0.0
0.0,0.0,0.0,0.0,0.0,0.0,0.0,0.0
0.0,0.0,0.0,0.0,0.0,0.0,0.0,0.0
0.0,0.0,0.0,0.0,0.0,0.0,0.0,0.0
0.0,0.0,0.0,0.0,0.0,0.0,0.0,0.0
0.0,0.0,0.0,0.0,0.0,0.0,0.0,0.0
0.0,0.0,0.0,0.0,0.0,0.0,0.0,0.0
0.0,0.0,0.0,0.0,0.0,0.0,0.0,0.0
0.0,0.0,0.0,0.0,0.0,0.0,0.0,0.0
0.0,0.0,0.0,0.0,0.0,0.0,0.0,0.0
0.0,0.0,0.0,0.0,0.0,0.0,0.0,0.0
0.0,0.0,0.0,0.0,0.0,0.0,0.0,0.0
0.0,0.0,0.0,0.0,0.0,0.0,0.0,0.0
0.0,0.0,0.0,0.0,0.0,0.0,0.0,0.0
0.0,0.0,0.0,0.0,0.0,0.0,0.0,0.0
0.0,0.0,0.0,0.0,0.0,0.0,0.0,0.0
0.0,0.0,0.0,0.0,0.0,0.0,0.0,0.0
0.0,0.0,0.0,0.0,0.0,0.0,0.0,0.0
0.0,0.0,0.0,0.0,0.0,0.0,0.0,0.0
0.0,0.0,0.0,0.0,0.0,0.0,0.0,0.0
0.0,0.0,0.0,0.0,0.0,0.0,0.0,0.0
0.0,0.0,0.0,0.0,0.0,0.0,0.0,0.0
0.0,0.0,0.0,0.0,0.0,0.0,0.0,0.0
0.0,0.0,0.0,0.0,0.0,0.0,0.0,0.0
0.0,0.0,0.0,0.0,0.0,0.0,0.0,0.0
0.0,0.0,0.0,0.0,0.0,0.0,0.0,0.0
0.0,0.0,0.0,0.0,0.0,0.0,0.0,0.0
0.0,0.0,0.0,0.0,0.0,0.0,0.0,0.0
0.0,0.0,0.0,0.0,0.0,0.0,0.0,0.0
0.0,0.0,0.0,0.0,0.0,0.0,0.0,0.0
0.0,0.0,0.0,0.0,0.0,0.0,0.0,0.0
0.0,0.0,0.0,0.0,0.0,0.0,0.0,0.0
0.0,0.0,0.0,0.0,0.0,0.0,0.0,0.0
0.0,0.0,0.0,0.0,0.0,0.0,0.0,0.0
0.0,0.0,0.0,0.0,0.0,0.0,0.0,0.0
0.0,0.0,0.0,0.0,0.0,0.0,0.0,0.0
0.0,0.0,0.0,0.0,0.0,0.0,0.0,0.0
0.0,0.0,0.0,0.0,0.0,0.0,0.0,0.0
0.0,0.0,0.0,0.0,0.0,0.0,0.0,0.0
0.0,0.0,0.0,0.0,0.0,0.0,0.0,0.0
0.0,0.0,0.0,0.0,0.0,0.0,0.0,0.0
0.0,0.0,0.0,0.0,0.0,0.0,0.0,0.0
0.0,0.0,0.0,0.0,0.0,0.0,0.0,0.0
0.0,0.0,0.0,0.0,0.0,0.0,0.0,0.0
3.4,3.4,3.4,3.4,3.4,3.4,3.4,3.4
3.4,3.4,3.4,3.4,3.4,3.4,3.4,3.4
3.4,3.4,3.4,3.4,3.4,3.4,3.4,3.4
3.4,3.4,3.4,3.4,3.4,3.4,3.4,3.4
6.0,6.0,6.0,6.0,6.0,6.0,6.0,6.0
6.0,6.0,6.0,6.0,6.0,6.0,6.0,6.0
6.0,6.0,6.0,6.0,6.0,6.0,6.0,6.0
6.0,6.0,6.0,6.0,6.0,6.0,6.0,6.0
10.2,10.2,10.2,10.2,10.2,10.2,10.2,10.2
10.2,10.2,10.2,10.2,10.2,10.2,10.2,10.2
10.2,10.2,10.2,10.2,10.2,10.2,10.2,10.2
10.2,10.2,10.2,10.2,10.2,10.2,10.2,10.2
14.3,14.3,14.3,14.3,14.3,14.3,14.3,14.3
14.3,14.3,14.3,14.3,14.3,14.3,14.3,14.3
14.3,14.3,14.3,14.3,14.3,14.3,14.3,14.3
14.3,14.3,14.3,14.3,14.3,14.3,14.3,14.3
48.6,48.6,48.6,48.6,48.6,48.6,48.6,48.6
48.6,48.6,48.6,48.6,48.6,48.6,48.6,48.6
48.6,48.6,48.6,48.6,48.6,48.6,48.6,48.6
48.6,48.6,48.6,48.6,48.6,48.6,48.6,48.6
19.2,19.2,19.2,19.2,19.2,19.2,19.2,19.2
19.2,19.2,19.2,19.2,19.2,19.2,19.2,19.2
19.2,19.2,19.2,19.2,19.2,19.2,19.2,19.2
19.2,19.2,19.2,19.2,19.2,19.2,19.2,19.2
91.8,68.7,183.7,67.4,103.5,95.3,132.7,80.1
91.8,68.7,356.9,67.4,103.5,95.3,126.1,80.1
159.5,68.7,289.8,67.4,103.5,95.3,125.4,80.1
159.5,68.7,289.8,67.4,103.5,95.3,125.4,80.1
33.4,33.4,33.4,33.4,33.4,33.4,33.4,33.4
33.4,33.4,33.4,33.4,33.4,33.4,33.4,33.4
33.4,33.4,33.4,33.4,33.4,33.4,33.4,33.4
33.4,33.4,33.4,33.4,33.4,33.4,33.4,33.4
59.2,59.2,59.2,59.2,59.2,59.2,59.2,59.2
59.2,59.2,59.2,59.2,59.2,59.2,59.2,59.2
59.2,59.2,59.2,59.2,59.2,59.2,59.2,59.2
59.2,59.2,59.2,59.2,59.2,59.2,59.2,59.2
12.6,12.6,12.6,12.6,12.6,12.6,12.6,12.6
12.6,12.6,12.6,12.6,12.6,12.6,12.6,12.6
12.6,12.6,12.6,12.6,12.6,12.6,12.6,12.6
12.6,12.6,12.6,12.6,12.6,12.6,12.6,12.6
5.0,5.0,5.0,5.0,5.0,5.0,5.0,5.0
5.0,5.0,5.0,5.0,5.0,5.0,5.0,5.0
5.0,5.0,5.0,5.0,5.0,5.0,5.0,5.0
5.0,5.0,5.0,5.0,5.0,5.0,5.0,5.0
0.0,0.0,0.0,0.0,0.0,0.0,0.0,0.0
0.0,0.0,0.0,0.0,0.0,0.0,0.0,0.0
0.0,0.0,0.0,0.0,0.0,0.0,0.0,0.0
0.0,0.0,0.0,0.0,0.0,0.0,0.0,0.0
0.0,0.0,0.0,0.0,0.0,0.0,0.0,0.0
0.0,0.0,0.0,0.0,0.0,0.0,0.0,0.0
0.0,0.0,0.0,0.0,0.0,0.0,0.0,0.0
0.0,0.0,0.0,0.0,0.0,0.0,0.0,0.0
0.0,0.0,0.0,0.0,0.0,0.0,0.0,0.0
0.0,0.0,0.0,0.0,0.0,0.0,0.0,0.0
0.0,0.0,0.0,0.0,0.0,0.0,0.0,0.0
0.0,0.0,0.0,0.0,0.0,0.0,0.0,0.0
0.0,0.0,0.0,0.0,0.0,0.0,0.0,0.0
0.0,0.0,0.0,0.0,0.0,0.0,0.0,0.0
0.0,0.0,0.0,0.0,0.0,0.0,0.0,0.0
0.0,0.0,0.0,0.0,0.0,0.0,0.0,0.0
0.0,0.0,0.0,0.0,0.0,0.0,0.0,0.0
0.0,0.0,0.0,0.0,0.0,0.0,0.0,0.0
0.0,0.0,0.0,0.0,0.0,0.0,0.0,0.0
0.0,0.0,0.0,0.0,0.0,0.0,0.0,0.0
0.0,0.0,0.0,0.0,0.0,0.0,0.0,0.0
0.0,0.0,0.0,0.0,0.0,0.0,0.0,0.0
0.0,0.0,0.0,0.0,0.0,0.0,0.0,0.0
0.0,0.0,0.0,0.0,0.0,0.0,0.0,0.0
0.0,0.0,0.0,0.0,0.0,0.0,0.0,0.0
0.0,0.0,0.0,0.0,0.0,0.0,0.0,0.0
0.0,0.0,0.0,0.0,0.0,0.0,0.0,0.0
0.0,0.0,0.0,0.0,0.0,0.0,0.0,0.0
0.0,0.0,0.0,0.0,0.0,0.0,0.0,0.0
0.0,0.0,0.0,0.0,0.0,0.0,0.0,0.0
0.0,0.0,0.0,0.0,0.0,0.0,0.0,0.0
0.0,0.0,0.0,0.0,0.0,0.0,0.0,0.0
0.0,0.0,0.0,0.0,0.0,0.0,0.0,0.0
0.0,0.0,0.0,0.0,0.0,0.0,0.0,0.0
0.0,0.0,0.0,0.0,0.0,0.0,0.0,0.0
0.0,0.0,0.0,0.0,0.0,0.0,0.0,0.0
0.0,0.0,0.0,0.0,0.0,0.0,0.0,0.0
0.0,0.0,0.0,0.0,0.0,0.0,0.0,0.0
0.0,0.0,0.0,0.0,0.0,0.0,0.0,0.0
0.0,0.0,0.0,0.0,0.0,0.0,0.0,0.0
0.0,0.0,0.0,0.0,0.0,0.0,0.0,0.0
0.0,0.0,0.0,0.0,0.0,0.0,0.0,0.0
0.0,0.0,0.0,0.0,0.0,0.0,0.0,0.0
0.0,0.0,0.0,0.0,0.0,0.0,0.0,0.0
0.0,0.0,0.0,0.0,0.0,0.0,0.0,0.0
0.0,0.0,0.0,0.0,0.0,0.0,0.0,0.0
0.0,0.0,0.0,0.0,0.0,0.0,0.0,0.0
0.0,0.0,0.0,0.0,0.0,0.0,0.0,0.0
0.0,0.0,0.0,0.0,0.0,0.0,0.0,0.0
0.0,0.0,0.0,0.0,0.0,0.0,0.0,0.0
0.0,0.0,0.0,0.0,0.0,0.0,0.0,0.0
0.0,0.0,0.0,0.0,0.0,0.0,0.0,0.0
0.0,0.0,0.0,0.0,0.0,0.0,0.0,0.0
0.0,0.0,0.0,0.0,0.0,0.0,0.0,0.0
0.0,0.0,0.0,0.0,0.0,0.0,0.0,0.0
0.0,0.0,0.0,0.0,0.0,0.0,0.0,0.0
9.3,9.3,9.3,9.3,9.3,9.3,9.3,9.3
9.3,9.3,9.3,9.3,9.3,9.3,9.3,9.3
9.3,9.3,9.3,9.3,9.3,9.3,9.3,9.3
9.3,9.3,9.3,9.3,9.3,9.3,9.3,9.3
18.5,18.5,18.5,18.5,18.5,18.5,18.5,18.5
18.5,18.5,18.5,18.5,18.5,18.5,18.5,18.5
18.5,18.5,18.5,18.5,18.5,18.5,18.5,18.5
18.5,18.5,18.5,18.5,18.5,18.5,18.5,18.5
85.5,63.7,170.4,61.7,92.9,285.0,123.5,72.9
85.5,63.7,170.4,61.7,92.9,285.0,123.5,72.9
85.5,63.7,170.4,61.7,92.9,285.0,123.5,72.9
85.5,63.7,170.4,61.7,92.9,285.0,123.5,72.9
86.8,64.7,173.1,62.8,95.0,286.1,125.3,74.3
86.8,64.7,173.1,62.8,95.0,286.1,125.3,319.3
86.8,64.7,173.1,62.8,95.0,91.2,125.3,319.3
86.8,64.7,173.1,62.8,95.0,91.2,125.3,319.3
89.9,67.2,143.7,65.7,230.9,93.8,127.4,190.6
89.9,67.2,350.3,65.7,100.3,130.9,126.9,77.9
89.9,67.2,387.3,65.7,100.3,93.8,127.0,77.9
89.9,67.2,387.3,65.7,100.3,93.8,127.0,77.9
91.8,68.7,580.9,67.4,103.5,95.3,132.7,80.1
91.8,68.7,580.9,67.4,103.5,95.3,132.7,80.1
91.8,68.7,183.7,67.4,103.5,95.3,132.7,80.1
91.8,68.7,183.7,67.4,103.5,95.3,132.7,80.1
25.0,25.0,25.0,25.0,25.0,25.0,25.0,25.0
25.0,25.0,25.0,25.0,25.0,25.0,25.0,25.0
25.0,25.0,25.0,25.0,25.0,25.0,25.0,25.0
25.0,25.0,25.0,25.0,25.0,25.0,25.0,25.0
29.2,29.2,29.2,29.2,29.2,29.2,29.2,29.2
29.2,29.2,29.2,29.2,29.2,29.2,29.2,29.2
29.2,29.2,29.2,29.2,29.2,29.2,29.2,29.2
29.2,29.2,29.2,29.2,29.2,29.2,29.2,29.2
45.1,45.1,45.1,45.1,45.1,45.1,45.1,45.1
45.1,45.1,45.1,45.1,45.1,45.1,45.1,45.1
45.1,45.1,45.1,45.1,45.1,45.1,45.1,45.1
45.1,45.1,45.1,45.1,45.1,45.1,45.1,45.1
11.8,11.8,11.8,11.8,11.8,11.8,11.8,11.8
11.8,11.8,11.8,11.8,11.8,11.8,11.8,11.8
11.8,11.8,11.8,11.8,11.8,11.8,11.8,11.8
11.8,11.8,11.8,11.8,11.8,11.8,11.8,11.8
0.0,0.0,0.0,0.0,0.0,0.0,0.0,0.0
0.0,0.0,0.0,0.0,0.0,0.0,0.0,0.0
0.0,0.0,0.0,0.0,0.0,0.0,0.0,0.0
0.0,0.0,0.0,0.0,0.0,0.0,0.0,0.0
0.0,0.0,0.0,0.0,0.0,0.0,0.0,0.0
0.0,0.0,0.0,0.0,0.0,0.0,0.0,0.0
0.0,0.0,0.0,0.0,0.0,0.0,0.0,0.0
0.0,0.0,0.0,0.0,0.0,0.0,0.0,0.0
0.0,0.0,0.0,0.0,0.0,0.0,0.0,0.0
0.0,0.0,0.0,0.0,0.0,0.0,0.0,0.0
0.0,0.0,0.0,0.0,0.0,0.0,0.0,0.0
0.0,0.0,0.0,0.0,0.0,0.0,0.0,0.0
0.0,0.0,0.0,0.0,0.0,0.0,0.0,0.0
0.0,0.0,0.0,0.0,0.0,0.0,0.0,0.0
0.0,0.0,0.0,0.0,0.0,0.0,0.0,0.0
0.0,0.0,0.0,0.0,0.0,0.0,0.0,0.0
0.0,0.0,0.0,0.0,0.0,0.0,0.0,0.0
0.0,0.0,0.0,0.0,0.0,0.0,0.0,0.0
0.0,0.0,0.0,0.0,0.0,0.0,0.0,0.0
0.0,0.0,0.0,0.0,0.0,0.0,0.0,0.0
0.0,0.0,0.0,0.0,0.0,0.0,0.0,0.0
0.0,0.0,0.0,0.0,0.0,0.0,0.0,0.0
0.0,0.0,0.0,0.0,0.0,0.0,0.0,0.0
0.0,0.0,0.0,0.0,0.0,0.0,0.0,0.0
0.0,0.0,0.0,0.0,0.0,0.0,0.0,0.0
0.0,0.0,0.0,0.0,0.0,0.0,0.0,0.0
0.0,0.0,0.0,0.0,0.0,0.0,0.0,0.0
0.0,0.0,0.0,0.0,0.0,0.0,0.0,0.0
0.0,0.0,0.0,0.0,0.0,0.0,0.0,0.0
0.0,0.0,0.0,0.0,0.0,0.0,0.0,0.0
0.0,0.0,0.0,0.0,0.0,0.0,0.0,0.0
0.0,0.0,0.0,0.0,0.0,0.0,0.0,0.0
0.0,0.0,0.0,0.0,0.0,0.0,0.0,0.0
0.0,0.0,0.0,0.0,0.0,0.0,0.0,0.0
0.0,0.0,0.0,0.0,0.0,0.0,0.0,0.0
0.0,0.0,0.0,0.0,0.0,0.0,0.0,0.0
0.0,0.0,0.0,0.0,0.0,0.0,0.0,0.0
0.0,0.0,0.0,0.0,0.0,0.0,0.0,0.0
0.0,0.0,0.0,0.0,0.0,0.0,0.0,0.0
0.0,0.0,0.0,0.0,0.0,0.0,0.0,0.0
0.0,0.0,0.0,0.0,0.0,0.0,0.0,0.0
0.0,0.0,0.0,0.0,0.0,0.0,0.0,0.0
0.0,0.0,0.0,0.0,0.0,0.0,0.0,0.0
0.0,0.0,0.0,0.0,0.0,0.0,0.0,0.0
0.0,0.0,0.0,0.0,0.0,0.0,0.0,0.0
0.0,0.0,0.0,0.0,0.0,0.0,0.0,0.0
0.0,0.0,0.0,0.0,0.0,0.0,0.0,0.0
0.0,0.0,0.0,0.0,0.0,0.0,0.0,0.0
0.0,0.0,0.0,0.0,0.0,0.0,0.0,0.0
0.0,0.0,0.0,0.0,0.0,0.0,0.0,0.0
0.0,0.0,0.0,0.0,0.0,0.0,0.0,0.0
0.0,0.0,0.0,0.0,0.0,0.0,0.0,0.0
2.5,2.5,2.5,2.5,2.5,2.5,2.5,2.5
2.5,2.5,2.5,2.5,2.5,2.5,2.5,2.5
2.5,2.5,2.5,2.5,2.5,2.5,2.5,2.5
2.5,2.5,2.5,2.5,2.5,2.5,2.5,2.5
9.2,9.2,9.2,9.2,9.2,9.2,9.2,9.2
9.2,9.2,9.2,9.2,9.2,9.2,9.2,9.2
9.2,9.2,9.2,9.2,9.2,9.2,9.2,9.2
9.2,9.2,9.2,9.2,9.2,9.2,9.2,9.2
17.5,17.5,17.5,17.5,17.5,17.5,17.5,17.5
17.5,17.5,17.5,17.5,17.5,17.5,17.5,17.5
17.5,17.5,17.5,17.5,17.5,17.5,17.5,17.5
17.5,17.5,17.5,17.5,17.5,17.5,17.5,17.5
85.5,467.7,170.4,61.7,92.9,90.2,123.5,72.9
85.5,467.7,170.4,61.7,92.9,90.2,123.5,72.9
85.5,467.7,170.4,61.7,92.9,90.2,123.5,72.9
85.5,467.7,170.4,61.7,92.9,90.2,123.5,72.9
86.8,468.7,173.1,62.8,95.0,91.2,125.3,74.3
86.8,468.7,173.1,62.8,95.0,91.2,125.3,74.3
86.8,64.7,173.1,62.8,95.0,91.2,125.3,74.3
86.8,64.7,173.1,62.8,95.0,91.2,125.3,74.3
89.9,67.2,179.7,65.7,100.3,93.8,129.9,77.9
89.9,381.1,179.7,65.7,100.3,93.8,129.9,77.9
89.9,67.2,179.7,65.7,215.5,93.8,129.9,77.9
4456.9,67.2,179.7,65.7,215.5,93.8,129.9,77.9
1711.3,68.7,183.7,67.4,218.7,95.3,403.4,80.1
91.8,68.7,183.7,67.4,103.5,113.9,132.7,80.1
91.8,68.7,183.7,67.4,103.5,113.9,132.7,80.1
91.8,68.7,183.7,90.3,103.5,113.9,132.7,80.1
24.6,24.6,24.6,24.6,24.6,24.6,24.6,24.6
24.6,24.6,24.6,24.6,24.6,24.6,24.6,24.6
24.6,24.6,24.6,24.6,24.6,24.6,24.6,24.6
24.6,24.6,24.6,24.6,24.6,24.6,24.6,24.6
90.5,67.7,181.0,66.2,101.4,94.3,130.8,78.7
90.5,67.7,181.0,66.2,101.4,94.3,130.8,78.7
522.5,67.7,181.0,66.2,101.4,94.3,130.8,78.7
1178.5,67.7,181.0,66.2,101.4,94.3,130.8,78.7
26.4,26.4,26.4,26.4,26.4,26.4,26.4,26.4
26.4,26.4,26.4,26.4,26.4,26.4,26.4,26.4
26.4,26.4,26.4,26.4,26.4,26.4,26.4,26.4
26.4,26.4,26.4,26.4,26.4,26.4,26.4,26.4
5.8,5.8,5.8,5.8,5.8,5.8,5.8,5.8
5.8,5.8,5.8,5.8,5.8,5.8,5.8,5.8
5.8,5.8,5.8,5.8,5.8,5.8,5.8,5.8
5.8,5.8,5.8,5.8,5.8,5.8,5.8,5.8
0.0,0.0,0.0,0.0,0.0,0.0,0.0,0.0
0.0,0.0,0.0,0.0,0.0,0.0,0.0,0.0
0.0,0.0,0.0,0.0,0.0,0.0,0.0,0.0
0.0,0.0,0.0,0.0,0.0,0.0,0.0,0.0
0.0,0.0,0.0,0.0,0.0,0.0,0.0,0.0
0.0,0.0,0.0,0.0,0.0,0.0,0.0,0.0
0.0,0.0,0.0,0.0,0.0,0.0,0.0,0.0
0.0,0.0,0.0,0.0,0.0,0.0,0.0,0.0
0.0,0.0,0.0,0.0,0.0,0.0,0.0,0.0
0.0,0.0,0.0,0.0,0.0,0.0,0.0,0.0
0.0,0.0,0.0,0.0,0.0,0.0,0.0,0.0
0.0,0.0,0.0,0.0,0.0,0.0,0.0,0.0
0.0,0.0,0.0,0.0,0.0,0.0,0.0,0.0
0.0,0.0,0.0,0.0,0.0,0.0,0.0,0.0
0.0,0.0,0.0,0.0,0.0,0.0,0.0,0.0
0.0,0.0,0.0,0.0,0.0,0.0,0.0,0.0
0.0,0.0,0.0,0.0,0.0,0.0,0.0,0.0
0.0,0.0,0.0,0.0,0.0,0.0,0.0,0.0
0.0,0.0,0.0,0.0,0.0,0.0,0.0,0.0
0.0,0.0,0.0,0.0,0.0,0.0,0.0,0.0
0.0,0.0,0.0,0.0,0.0,0.0,0.0,0.0
0.0,0.0,0.0,0.0,0.0,0.0,0.0,0.0
0.0,0.0,0.0,0.0,0.0,0.0,0.0,0.0
0.0,0.0,0.0,0.0,0.0,0.0,0.0,0.0
0.0,0.0,0.0,0.0,0.0,0.0,0.0,0.0
0.0,0.0,0.0,0.0,0.0,0.0,0.0,0.0
0.0,0.0,0.0,0.0,0.0,0.0,0.0,0.0
0.0,0.0,0.0,0.0,0.0,0.0,0.0,0.0
0.0,0.0,0.0,0.0,0.0,0.0,0.0,0.0
0.0,0.0,0.0,0.0,0.0,0.0,0.0,0.0
0.0,0.0,0.0,0.0,0.0,0.0,0.0,0.0
0.0,0.0,0.0,0.0,0.0,0.0,0.0,0.0
0.0,0.0,0.0,0.0,0.0,0.0,0.0,0.0
0.0,0.0,0.0,0.0,0.0,0.0,0.0,0.0
0.0,0.0,0.0,0.0,0.0,0.0,0.0,0.0
0.0,0.0,0.0,0.0,0.0,0.0,0.0,0.0
0.0,0.0,0.0,0.0,0.0,0.0,0.0,0.0
0.0,0.0,0.0,0.0,0.0,0.0,0.0,0.0
0.0,0.0,0.0,0.0,0.0,0.0,0.0,0.0
0.0,0.0,0.0,0.0,0.0,0.0,0.0,0.0
0.0,0.0,0.0,0.0,0.0,0.0,0.0,0.0
0.0,0.0,0.0,0.0,0.0,0.0,0.0,0.0
0.0,0.0,0.0,0.0,0.0,0.0,0.0,0.0
0.0,0.0,0.0,0.0,0.0,0.0,0.0,0.0
0.0,0.0,0.0,0.0,0.0,0.0,0.0,0.0
0.0,0.0,0.0,0.0,0.0,0.0,0.0,0.0
0.0,0.0,0.0,0.0,0.0,0.0,0.0,0.0
0.0,0.0,0.0,0.0,0.0,0.0,0.0,0.0
0.0,0.0,0.0,0.0,0.0,0.0,0.0,0.0
0.0,0.0,0.0,0.0,0.0,0.0,0.0,0.0
0.0,0.0,0.0,0.0,0.0,0.0,0.0,0.0
0.0,0.0,0.0,0.0,0.0,0.0,0.0,0.0
3.4,3.4,3.4,3.4,3.4,3.4,3.4,3.4
3.4,3.4,3.4,3.4,3.4,3.4,3.4,3.4
3.4,3.4,3.4,3.4,3.4,3.4,3.4,3.4
3.4,3.4,3.4,3.4,3.4,3.4,3.4,3.4
8.5,8.5,8.5,8.5,8.5,8.5,8.5,8.5
8.5,8.5,8.5,8.5,8.5,8.5,8.5,8.5
8.5,8.5,8.5,8.5,8.5,8.5,8.5,8.5
8.5,8.5,8.5,8.5,8.5,8.5,8.5,8.5
16.8,16.8,16.8,16.8,16.8,16.8,16.8,16.8
16.8,16.8,16.8,16.8,16.8,16.8,16.8,16.8
16.8,16.8,16.8,16.8,16.8,16.8,16.8,16.8
16.8,16.8,16.8,16.8,16.8,16.8,16.8,16.8
85.5,63.7,170.4,61.7,92.9,90.2,123.5,72.9
85.5,63.7,170.4,61.7,92.9,90.2,123.5,72.9
85.5,63.7,170.4,61.7,92.9,90.2,123.5,72.9
85.5,63.7,170.4,61.7,92.9,90.2,123.5,72.9
86.8,64.7,173.1,62.8,95.0,91.2,125.3,74.3
86.8,64.7,173.1,62.8,95.0,91.2,125.3,74.3
86.8,64.7,173.1,62.8,95.0,91.2,125.3,74.3
86.8,64.7,173.1,62.8,95.0,91.2,125.3,74.3
89.9,67.2,179.7,73.3,100.3,93.8,129.9,77.9
89.9,67.2,179.7,73.3,100.3,93.8,129.9,77.9
89.9,67.2,179.7,73.3,100.3,93.8,129.9,77.9
89.9,67.2,179.7,65.7,100.3,93.8,129.9,77.9
91.8,68.7,183.7,67.4,103.5,95.3,132.7,80.1
91.8,68.7,183.7,67.4,103.5,95.3,132.7,80.1
91.8,68.7,183.7,67.4,103.5,95.3,132.7,80.1
91.8,68.7,183.7,67.4,103.5,151.0,132.7,80.1
89.9,67.2,179.7,65.7,100.3,93.8,129.9,77.9
89.9,67.2,727.7,65.7,100.3,93.8,129.9,77.9
89.9,67.2,727.7,65.7,100.3,93.8,129.9,77.9
89.9,67.2,727.7,65.7,100.3,93.8,129.9,77.9
90.5,67.7,181.0,66.2,101.4,94.3,130.8,78.7
90.5,67.7,181.0,66.2,101.4,94.3,130.8,78.7
90.5,67.7,181.0,66.2,101.4,94.3,130.8,78.7
90.5,67.7,181.0,66.2,101.4,94.3,130.8,78.7
37.3,37.3,37.3,37.3,37.3,37.3,37.3,37.3
37.3,37.3,37.3,37.3,37.3,37.3,37.3,37.3
37.3,37.3,37.3,37.3,37.3,37.3,37.3,37.3
37.3,37.3,37.3,37.3,37.3,37.3,37.3,37.3
9.2,9.2,9.2,9.2,9.2,9.2,9.2,9.2
9.2,9.2,9.2,9.2,9.2,9.2,9.2,9.2
9.2,9.2,9.2,9.2,9.2,9.2,9.2,9.2
9.2,9.2,9.2,9.2,9.2,9.2,9.2,9.2
0.0,0.0,0.0,0.0,0.0,0.0,0.0,0.0
0.0,0.0,0.0,0.0,0.0,0.0,0.0,0.0
0.0,0.0,0.0,0.0,0.0,0.0,0.0,0.0
0.0,0.0,0.0,0.0,0.0,0.0,0.0,0.0
0.0,0.0,0.0,0.0,0.0,0.0,0.0,0.0
0.0,0.0,0.0,0.0,0.0,0.0,0.0,0.0
0.0,0.0,0.0,0.0,0.0,0.0,0.0,0.0
0.0,0.0,0.0,0.0,0.0,0.0,0.0,0.0
0.0,0.0,0.0,0.0,0.0,0.0,0.0,0.0
0.0,0.0,0.0,0.0,0.0,0.0,0.0,0.0
0.0,0.0,0.0,0.0,0.0,0.0,0.0,0.0
0.0,0.0,0.0,0.0,0.0,0.0,0.0,0.0
0.0,0.0,0.0,0.0,0.0,0.0,0.0,0.0
0.0,0.0,0.0,0.0,0.0,0.0,0.0,0.0
0.0,0.0,0.0,0.0,0.0,0.0,0.0,0.0
0.0,0.0,0.0,0.0,0.0,0.0,0.0,0.0
0.0,0.0,0.0,0.0,0.0,0.0,0.0,0.0
0.0,0.0,0.0,0.0,0.0,0.0,0.0,0.0
0.0,0.0,0.0,0.0,0.0,0.0,0.0,0.0
0.0,0.0,0.0,0.0,0.0,0.0,0.0,0.0
0.0,0.0,0.0,0.0,0.0,0.0,0.0,0.0
0.0,0.0,0.0,0.0,0.0,0.0,0.0,0.0
0.0,0.0,0.0,0.0,0.0,0.0,0.0,0.0
0.0,0.0,0.0,0.0,0.0,0.0,0.0,0.0
0.0,0.0,0.0,0.0,0.0,0.0,0.0,0.0
0.0,0.0,0.0,0.0,0.0,0.0,0.0,0.0
0.0,0.0,0.0,0.0,0.0,0.0,0.0,0.0
0.0,0.0,0.0,0.0,0.0,0.0,0.0,0.0
0.0,0.0,0.0,0.0,0.0,0.0,0.0,0.0
0.0,0.0,0.0,0.0,0.0,0.0,0.0,0.0
0.0,0.0,0.0,0.0,0.0,0.0,0.0,0.0
0.0,0.0,0.0,0.0,0.0,0.0,0.0,0.0
0.0,0.0,0.0,0.0,0.0,0.0,0.0,0.0
0.0,0.0,0.0,0.0,0.0,0.0,0.0,0.0
0.0,0.0,0.0,0.0,0.0,0.0,0.0,0.0
0.0,0.0,0.0,0.0,0.0,0.0,0.0,0.0
0.0,0.0,0.0,0.0,0.0,0.0,0.0,0.0
0.0,0.0,0.0,0.0,0.0,0.0,0.0,0.0
0.0,0.0,0.0,0.0,0.0,0.0,0.0,0.0
0.0,0.0,0.0,0.0,0.0,0.0,0.0,0.0
0.0,0.0,0.0,0.0,0.0,0.0,0.0,0.0
0.0,0.0,0.0,0.0,0.0,0.0,0.0,0.0
0.0,0.0,0.0,0.0,0.0,0.0,0.0,0.0
0.0,0.0,0.0,0.0,0.0,0.0,0.0,0.0
0.0,0.0,0.0,0.0,0.0,0.0,0.0,0.0
0.0,0.0,0.0,0.0,0.0,0.0,0.0,0.0
0.0,0.0,0.0,0.0,0.0,0.0,0.0,0.0
0.0,0.0,0.0,0.0,0.0,0.0,0.0,0.0
0.0,0.0,0.0,0.0,0.0,0.0,0.0,0.0
0.0,0.0,0.0,0.0,0.0,0.0,0.0,0.0
0.0,0.0,0.0,0.0,0.0,0.0,0.0,0.0
0.0,0.0,0.0,0.0,0.0,0.0,0.0,0.0
3.4,3.4,3.4,3.4,3.4,3.4,3.4,3.4
3.4,3.4,3.4,3.4,3.4,3.4,3.4,3.4
3.4,3.4,3.4,3.4,3.4,3.4,3.4,3.4
3.4,3.4,3.4,3.4,3.4,3.4,3.4,3.4
6.8,6.8,6.8,6.8,6.8,6.8,6.8,6.8
6.8,6.8,6.8,6.8,6.8,6.8,6.8,6.8
6.8,6.8,6.8,6.8,6.8,6.8,6.8,6.8
6.8,6.8,6.8,6.8,6.8,6.8,6.8,6.8
11.0,11.0,11.0,11.0,11.0,11.0,11.0,11.0
11.0,11.0,11.0,11.0,11.0,11.0,11.0,11.0
11.0,11.0,11.0,11.0,11.0,11.0,11.0,11.0
11.0,11.0,11.0,11.0,11.0,11.0,11.0,11.0
15.2,15.2,15.2,15.2,15.2,15.2,15.2,15.2
15.2,15.2,15.2,15.2,15.2,15.2,15.2,15.2
15.2,15.2,15.2,15.2,15.2,15.2,15.2,15.2
15.2,15.2,15.2,15.2,15.2,15.2,15.2,15.2
19.4,19.4,19.4,19.4,19.4,19.4,19.4,19.4
19.4,19.4,19.4,19.4,19.4,19.4,19.4,19.4
19.4,19.4,19.4,19.4,19.4,19.4,19.4,19.4
19.4,19.4,19.4,19.4,19.4,19.4,19.4,19.4
54.8,54.8,54.8,54.8,54.8,54.8,54.8,54.8
54.8,54.8,54.8,54.8,54.8,54.8,54.8,54.8
54.8,54.8,54.8,54.8,54.8,54.8,54.8,54.8
54.8,54.8,54.8,54.8,54.8,54.8,54.8,54.8
31.3,31.3,31.3,31.3,31.3,31.3,31.3,31.3
31.3,31.3,31.3,31.3,31.3,31.3,31.3,31.3
31.3,31.3,31.3,31.3,31.3,31.3,31.3,31.3
31.3,31.3,31.3,31.3,31.3,31.3,31.3,31.3
33.8,33.8,33.8,33.8,33.8,33.8,33.8,33.8
33.8,33.8,33.8,33.8,33.8,33.8,33.8,33.8
33.8,33.8,33.8,33.8,33.8,33.8,33.8,33.8
33.8,33.8,33.8,33.8,33.8,33.8,33.8,33.8
10.2,10.2,10.2,10.2,10.2,10.2,10.2,10.2
10.2,10.2,10.2,10.2,10.2,10.2,10.2,10.2
10.2,10.2,10.2,10.2,10.2,10.2,10.2,10.2
10.2,10.2,10.2,10.2,10.2,10.2,10.2,10.2
5.9,5.9,5.9,5.9,5.9,5.9,5.9,5.9
5.9,5.9,5.9,5.9,5.9,5.9,5.9,5.9
5.9,5.9,5.9,5.9,5.9,5.9,5.9,5.9
5.9,5.9,5.9,5.9,5.9,5.9,5.9,5.9
3.4,3.4,3.4,3.4,3.4,3.4,3.4,3.4
3.4,3.4,3.4,3.4,3.4,3.4,3.4,3.4
3.4,3.4,3.4,3.4,3.4,3.4,3.4,3.4
3.4,3.4,3.4,3.4,3.4,3.4,3.4,3.4
0.0,0.0,0.0,0.0,0.0,0.0,0.0,0.0
0.0,0.0,0.0,0.0,0.0,0.0,0.0,0.0
0.0,0.0,0.0,0.0,0.0,0.0,0.0,0.0
0.0,0.0,0.0,0.0,0.0,0.0,0.0,0.0
0.0,0.0,0.0,0.0,0.0,0.0,0.0,0.0
0.0,0.0,0.0,0.0,0.0,0.0,0.0,0.0
0.0,0.0,0.0,0.0,0.0,0.0,0.0,0.0
0.0,0.0,0.0,0.0,0.0,0.0,0.0,0.0
0.0,0.0,0.0,0.0,0.0,0.0,0.0,0.0
0.0,0.0,0.0,0.0,0.0,0.0,0.0,0.0
0.0,0.0,0.0,0.0,0.0,0.0,0.0,0.0
0.0,0.0,0.0,0.0,0.0,0.0,0.0,0.0
0.0,0.0,0.0,0.0,0.0,0.0,0.0,0.0
0.0,0.0,0.0,0.0,0.0,0.0,0.0,0.0
0.0,0.0,0.0,0.0,0.0,0.0,0.0,0.0
0.0,0.0,0.0,0.0,0.0,0.0,0.0,0.0
0.0,0.0,0.0,0.0,0.0,0.0,0.0,0.0
0.0,0.0,0.0,0.0,0.0,0.0,0.0,0.0
0.0,0.0,0.0,0.0,0.0,0.0,0.0,0.0
0.0,0.0,0.0,0.0,0.0,0.0,0.0,0.0
0.0,0.0,0.0,0.0,0.0,0.0,0.0,0.0
0.0,0.0,0.0,0.0,0.0,0.0,0.0,0.0
0.0,0.0,0.0,0.0,0.0,0.0,0.0,0.0
0.0,0.0,0.0,0.0,0.0,0.0,0.0,0.0
0.0,0.0,0.0,0.0,0.0,0.0,0.0,0.0
0.0,0.0,0.0,0.0,0.0,0.0,0.0,0.0
0.0,0.0,0.0,0.0,0.0,0.0,0.0,0.0
0.0,0.0,0.0,0.0,0.0,0.0,0.0,0.0
0.0,0.0,0.0,0.0,0.0,0.0,0.0,0.0
0.0,0.0,0.0,0.0,0.0,0.0,0.0,0.0
0.0,0.0,0.0,0.0,0.0,0.0,0.0,0.0
0.0,0.0,0.0,0.0,0.0,0.0,0.0,0.0
0.0,0.0,0.0,0.0,0.0,0.0,0.0,0.0
0.0,0.0,0.0,0.0,0.0,0.0,0.0,0.0
0.0,0.0,0.0,0.0,0.0,0.0,0.0,0.0
0.0,0.0,0.0,0.0,0.0,0.0,0.0,0.0
0.0,0.0,0.0,0.0,0.0,0.0,0.0,0.0
0.0,0.0,0.0,0.0,0.0,0.0,0.0,0.0
0.0,0.0,0.0,0.0,0.0,0.0,0.0,0.0
0.0,0.0,0.0,0.0,0.0,0.0,0.0,0.0
0.0,0.0,0.0,0.0,0.0,0.0,0.0,0.0
0.0,0.0,0.0,0.0,0.0,0.0,0.0,0.0
0.0,0.0,0.0,0.0,0.0,0.0,0.0,0.0
0.0,0.0,0.0,0.0,0.0,0.0,0.0,0.0
0.0,0.0,0.0,0.0,0.0,0.0,0.0,0.0
0.0,0.0,0.0,0.0,0.0,0.0,0.0,0.0
0.0,0.0,0.0,0.0,0.0,0.0,0.0,0.0
0.0,0.0,0.0,0.0,0.0,0.0,0.0,0.0
0.0,0.0,0.0,0.0,0.0,0.0,0.0,0.0
0.0,0.0,0.0,0.0,0.0,0.0,0.0,0.0
0.0,0.0,0.0,0.0,0.0,0.0,0.0,0.0
0.0,0.0,0.0,0.0,0.0,0.0,0.0,0.0
0.0,0.0,0.0,0.0,0.0,0.0,0.0,0.0
0.0,0.0,0.0,0.0,0.0,0.0,0.0,0.0
0.0,0.0,0.0,0.0,0.0,0.0,0.0,0.0
0.0,0.0,0.0,0.0,0.0,0.0,0.0,0.0
8.6,8.6,8.6,8.6,8.6,8.6,8.6,8.6
8.6,8.6,8.6,8.6,8.6,8.6,8.6,8.6
8.6,8.6,8.6,8.6,8.6,8.6,8.6,8.6
8.6,8.6,8.6,8.6,8.6,8.6,8.6,8.6
17.0,17.0,17.0,17.0,17.0,17.0,17.0,17.0
17.0,17.0,17.0,17.0,17.0,17.0,17.0,17.0
17.0,17.0,17.0,17.0,17.0,17.0,17.0,17.0
17.0,17.0,17.0,17.0,17.0,17.0,17.0,17.0
13.6,13.6,13.6,13.6,13.6,13.6,13.6,13.6
13.6,13.6,13.6,13.6,13.6,13.6,13.6,13.6
13.6,13.6,13.6,13.6,13.6,13.6,13.6,13.6
13.6,13.6,13.6,13.6,13.6,13.6,13.6,13.6
20.3,20.3,20.3,20.3,20.3,20.3,20.3,20.3
20.3,20.3,20.3,20.3,20.3,20.3,20.3,20.3
20.3,20.3,20.3,20.3,20.3,20.3,20.3,20.3
20.3,20.3,20.3,20.3,20.3,20.3,20.3,20.3
54.0,54.0,54.0,54.0,54.0,54.0,54.0,54.0
54.0,54.0,54.0,54.0,54.0,54.0,54.0,54.0
54.0,54.0,54.0,54.0,54.0,54.0,54.0,54.0
54.0,54.0,54.0,54.0,54.0,54.0,54.0,54.0
48.0,48.0,48.0,48.0,48.0,48.0,48.0,48.0
48.0,48.0,48.0,48.0,48.0,48.0,48.0,48.0
48.0,48.0,48.0,48.0,48.0,48.0,48.0,48.0
48.0,48.0,48.0,48.0,48.0,48.0,48.0,48.0
25.3,25.3,25.3,25.3,25.3,25.3,25.3,25.3
25.3,25.3,25.3,25.3,25.3,25.3,25.3,25.3
25.3,25.3,25.3,25.3,25.3,25.3,25.3,25.3
25.3,25.3,25.3,25.3,25.3,25.3,25.3,25.3
10.1,10.1,10.1,10.1,10.1,10.1,10.1,10.1
10.1,10.1,10.1,10.1,10.1,10.1,10.1,10.1
10.1,10.1,10.1,10.1,10.1,10.1,10.1,10.1
10.1,10.1,10.1,10.1,10.1,10.1,10.1,10.1
5.9,5.9,5.9,5.9,5.9,5.9,5.9,5.9
5.9,5.9,5.9,5.9,5.9,5.9,5.9,5.9
5.9,5.9,5.9,5.9,5.9,5.9,5.9,5.9
5.9,5.9,5.9,5.9,5.9,5.9,5.9,5.9
2.5,2.5,2.5,2.5,2.5,2.5,2.5,2.5
2.5,2.5,2.5,2.5,2.5,2.5,2.5,2.5
2.5,2.5,2.5,2.5,2.5,2.5,2.5,2.5
2.5,2.5,2.5,2.5,2.5,2.5,2.5,2.5
0.0,0.0,0.0,0.0,0.0,0.0,0.0,0.0
0.0,0.0,0.0,0.0,0.0,0.0,0.0,0.0
0.0,0.0,0.0,0.0,0.0,0.0,0.0,0.0
0.0,0.0,0.0,0.0,0.0,0.0,0.0,0.0
0.0,0.0,0.0,0.0,0.0,0.0,0.0,0.0
0.0,0.0,0.0,0.0,0.0,0.0,0.0,0.0
0.0,0.0,0.0,0.0,0.0,0.0,0.0,0.0
0.0,0.0,0.0,0.0,0.0,0.0,0.0,0.0
0.0,0.0,0.0,0.0,0.0,0.0,0.0,0.0
0.0,0.0,0.0,0.0,0.0,0.0,0.0,0.0
0.0,0.0,0.0,0.0,0.0,0.0,0.0,0.0
0.0,0.0,0.0,0.0,0.0,0.0,0.0,0.0
0.0,0.0,0.0,0.0,0.0,0.0,0.0,0.0
0.0,0.0,0.0,0.0,0.0,0.0,0.0,0.0
0.0,0.0,0.0,0.0,0.0,0.0,0.0,0.0
0.0,0.0,0.0,0.0,0.0,0.0,0.0,0.0
0.0,0.0,0.0,0.0,0.0,0.0,0.0,0.0
0.0,0.0,0.0,0.0,0.0,0.0,0.0,0.0
0.0,0.0,0.0,0.0,0.0,0.0,0.0,0.0
0.0,0.0,0.0,0.0,0.0,0.0,0.0,0.0
0.0,0.0,0.0,0.0,0.0,0.0,0.0,0.0
0.0,0.0,0.0,0.0,0.0,0.0,0.0,0.0
0.0,0.0,0.0,0.0,0.0,0.0,0.0,0.0
0.0,0.0,0.0,0.0,0.0,0.0,0.0,0.0
0.0,0.0,0.0,0.0,0.0,0.0,0.0,0.0
0.0,0.0,0.0,0.0,0.0,0.0,0.0,0.0
0.0,0.0,0.0,0.0,0.0,0.0,0.0,0.0
0.0,0.0,0.0,0.0,0.0,0.0,0.0,0.0
0.0,0.0,0.0,0.0,0.0,0.0,0.0,0.0
0.0,0.0,0.0,0.0,0.0,0.0,0.0,0.0
0.0,0.0,0.0,0.0,0.0,0.0,0.0,0.0
0.0,0.0,0.0,0.0,0.0,0.0,0.0,0.0
0.0,0.0,0.0,0.0,0.0,0.0,0.0,0.0
0.0,0.0,0.0,0.0,0.0,0.0,0.0,0.0
0.0,0.0,0.0,0.0,0.0,0.0,0.0,0.0
0.0,0.0,0.0,0.0,0.0,0.0,0.0,0.0
0.0,0.0,0.0,0.0,0.0,0.0,0.0,0.0
0.0,0.0,0.0,0.0,0.0,0.0,0.0,0.0
0.0,0.0,0.0,0.0,0.0,0.0,0.0,0.0
0.0,0.0,0.0,0.0,0.0,0.0,0.0,0.0
0.0,0.0,0.0,0.0,0.0,0.0,0.0,0.0
0.0,0.0,0.0,0.0,0.0,0.0,0.0,0.0
0.0,0.0,0.0,0.0,0.0,0.0,0.0,0.0
0.0,0.0,0.0,0.0,0.0,0.0,0.0,0.0
0.0,0.0,0.0,0.0,0.0,0.0,0.0,0.0
0.0,0.0,0.0,0.0,0.0,0.0,0.0,0.0
0.0,0.0,0.0,0.0,0.0,0.0,0.0,0.0
0.0,0.0,0.0,0.0,0.0,0.0,0.0,0.0
0.0,0.0,0.0,0.0,0.0,0.0,0.0,0.0
0.0,0.0,0.0,0.0,0.0,0.0,0.0,0.0
0.0,0.0,0.0,0.0,0.0,0.0,0.0,0.0
0.0,0.0,0.0,0.0,0.0,0.0,0.0,0.0
0.0,0.0,0.0,0.0,0.0,0.0,0.0,0.0
0.0,0.0,0.0,0.0,0.0,0.0,0.0,0.0
0.0,0.0,0.0,0.0,0.0,0.0,0.0,0.0
0.0,0.0,0.0,0.0,0.0,0.0,0.0,0.0
0.0,0.0,0.0,0.0,0.0,0.0,0.0,0.0
0.0,0.0,0.0,0.0,0.0,0.0,0.0,0.0
0.0,0.0,0.0,0.0,0.0,0.0,0.0,0.0
0.0,0.0,0.0,0.0,0.0,0.0,0.0,0.0
28.0,28.0,28.0,28.0,28.0,28.0,28.0,28.0
28.0,28.0,28.0,28.0,28.0,28.0,28.0,28.0
28.0,28.0,28.0,28.0,28.0,28.0,28.0,28.0
28.0,28.0,28.0,28.0,28.0,28.0,28.0,28.0
42.1,42.1,42.1,42.1,42.1,42.1,42.1,42.1
42.1,42.1,42.1,42.1,42.1,42.1,42.1,42.1
42.1,42.1,42.1,42.1,42.1,42.1,42.1,42.1
42.1,42.1,42.1,42.1,42.1,42.1,42.1,42.1
51.2,51.2,51.2,51.2,51.2,51.2,51.2,51.2
51.2,51.2,51.2,51.2,51.2,51.2,51.2,51.2
51.2,51.2,51.2,51.2,51.2,51.2,51.2,51.2
51.2,51.2,51.2,51.2,51.2,51.2,51.2,51.2
53.5,53.5,53.5,53.5,53.5,53.5,53.5,53.5
53.5,53.5,53.5,53.5,53.5,53.5,53.5,53.5
53.5,53.5,53.5,53.5,53.5,53.5,53.5,53.5
53.5,53.5,53.5,53.5,53.5,53.5,53.5,53.5
30.1,30.1,30.1,30.1,30.1,30.1,30.1,30.1
30.1,30.1,30.1,30.1,30.1,30.1,30.1,30.1
30.1,30.1,30.1,30.1,30.1,30.1,30.1,30.1
30.1,30.1,30.1,30.1,30.1,30.1,30.1,30.1
24.3,24.3,24.3,24.3,24.3,24.3,24.3,24.3
24.3,24.3,24.3,24.3,24.3,24.3,24.3,24.3
24.3,24.3,24.3,24.3,24.3,24.3,24.3,24.3
24.3,24.3,24.3,24.3,24.3,24.3,24.3,24.3
16.8,16.8,16.8,16.8,16.8,16.8,16.8,16.8
16.8,16.8,16.8,16.8,16.8,16.8,16.8,16.8
16.8,16.8,16.8,16.8,16.8,16.8,16.8,16.8
16.8,16.8,16.8,16.8,16.8,16.8,16.8,16.8
7.6,7.6,7.6,7.6,7.6,7.6,7.6,7.6
7.6,7.6,7.6,7.6,7.6,7.6,7.6,7.6
7.6,7.6,7.6,7.6,7.6,7.6,7.6,7.6
7.6,7.6,7.6,7.6,7.6,7.6,7.6,7.6
1.7,1.7,1.7,1.7,1.7,1.7,1.7,1.7
1.7,1.7,1.7,1.7,1.7,1.7,1.7,1.7
1.7,1.7,1.7,1.7,1.7,1.7,1.7,1.7
1.7,1.7,1.7,1.7,1.7,1.7,1.7,1.7
0.0,0.0,0.0,0.0,0.0,0.0,0.0,0.0
0.0,0.0,0.0,0.0,0.0,0.0,0.0,0.0
0.0,0.0,0.0,0.0,0.0,0.0,0.0,0.0
0.0,0.0,0.0,0.0,0.0,0.0,0.0,0.0
0.0,0.0,0.0,0.0,0.0,0.0,0.0,0.0
0.0,0.0,0.0,0.0,0.0,0.0,0.0,0.0
0.0,0.0,0.0,0.0,0.0,0.0,0.0,0.0
0.0,0.0,0.0,0.0,0.0,0.0,0.0,0.0
0.0,0.0,0.0,0.0,0.0,0.0,0.0,0.0
0.0,0.0,0.0,0.0,0.0,0.0,0.0,0.0
0.0,0.0,0.0,0.0,0.0,0.0,0.0,0.0
0.0,0.0,0.0,0.0,0.0,0.0,0.0,0.0
0.0,0.0,0.0,0.0,0.0,0.0,0.0,0.0
0.0,0.0,0.0,0.0,0.0,0.0,0.0,0.0
0.0,0.0,0.0,0.0,0.0,0.0,0.0,0.0
0.0,0.0,0.0,0.0,0.0,0.0,0.0,0.0
0.0,0.0,0.0,0.0,0.0,0.0,0.0,0.0
0.0,0.0,0.0,0.0,0.0,0.0,0.0,0.0
0.0,0.0,0.0,0.0,0.0,0.0,0.0,0.0
0.0,0.0,0.0,0.0,0.0,0.0,0.0,0.0
0.0,0.0,0.0,0.0,0.0,0.0,0.0,0.0
0.0,0.0,0.0,0.0,0.0,0.0,0.0,0.0
0.0,0.0,0.0,0.0,0.0,0.0,0.0,0.0
0.0,0.0,0.0,0.0,0.0,0.0,0.0,0.0
0.0,0.0,0.0,0.0,0.0,0.0,0.0,0.0
0.0,0.0,0.0,0.0,0.0,0.0,0.0,0.0
0.0,0.0,0.0,0.0,0.0,0.0,0.0,0.0
0.0,0.0,0.0,0.0,0.0,0.0,0.0,0.0
0.0,0.0,0.0,0.0,0.0,0.0,0.0,0.0
0.0,0.0,0.0,0.0,0.0,0.0,0.0,0.0
0.0,0.0,0.0,0.0,0.0,0.0,0.0,0.0
0.0,0.0,0.0,0.0,0.0,0.0,0.0,0.0
0.0,0.0,0.0,0.0,0.0,0.0,0.0,0.0
0.0,0.0,0.0,0.0,0.0,0.0,0.0,0.0
0.0,0.0,0.0,0.0,0.0,0.0,0.0,0.0
0.0,0.0,0.0,0.0,0.0,0.0,0.0,0.0
0.0,0.0,0.0,0.0,0.0,0.0,0.0,0.0
0.0,0.0,0.0,0.0,0.0,0.0,0.0,0.0
0.0,0.0,0.0,0.0,0.0,0.0,0.0,0.0
0.0,0.0,0.0,0.0,0.0,0.0,0.0,0.0
0.0,0.0,0.0,0.0,0.0,0.0,0.0,0.0
0.0,0.0,0.0,0.0,0.0,0.0,0.0,0.0
0.0,0.0,0.0,0.0,0.0,0.0,0.0,0.0
0.0,0.0,0.0,0.0,0.0,0.0,0.0,0.0
0.0,0.0,0.0,0.0,0.0,0.0,0.0,0.0
0.0,0.0,0.0,0.0,0.0,0.0,0.0,0.0
0.0,0.0,0.0,0.0,0.0,0.0,0.0,0.0
0.0,0.0,0.0,0.0,0.0,0.0,0.0,0.0
0.0,0.0,0.0,0.0,0.0,0.0,0.0,0.0
0.0,0.0,0.0,0.0,0.0,0.0,0.0,0.0
0.0,0.0,0.0,0.0,0.0,0.0,0.0,0.0
0.0,0.0,0.0,0.0,0.0,0.0,0.0,0.0
1.7,1.7,1.7,1.7,1.7,1.7,1.7,1.7
1.7,1.7,1.7,1.7,1.7,1.7,1.7,1.7
1.7,1.7,1.7,1.7,1.7,1.7,1.7,1.7
1.7,1.7,1.7,1.7,1.7,1.7,1.7,1.7
7.6,7.6,7.6,7.6,7.6,7.6,7.6,7.6
7.6,7.6,7.6,7.6,7.6,7.6,7.6,7.6
7.6,7.6,7.6,7.6,7.6,7.6,7.6,7.6
7.6,7.6,7.6,7.6,7.6,7.6,7.6,7.6
11.0,11.0,11.0,11.0,11.0,11.0,11.0,11.0
11.0,11.0,11.0,11.0,11.0,11.0,11.0,11.0
11.0,11.0,11.0,11.0,11.0,11.0,11.0,11.0
11.0,11.0,11.0,11.0,11.0,11.0,11.0,11.0
40.6,40.6,40.6,40.6,40.6,40.6,40.6,40.6
40.6,40.6,40.6,40.6,40.6,40.6,40.6,40.6
40.6,40.6,40.6,40.6,40.6,40.6,40.6,40.6
40.6,40.6,40.6,40.6,40.6,40.6,40.6,40.6
437.4,64.7,173.1,62.8,95.0,91.2,125.3,74.3
437.4,64.7,173.1,62.8,95.0,91.2,125.3,74.3
437.4,64.7,173.1,62.8,95.0,91.2,125.3,74.3
437.4,64.7,173.1,1222.8,95.0,91.2,125.3,74.3
440.6,67.2,179.7,65.7,100.3,93.8,129.9,77.9
89.9,67.2,179.7,65.7,100.3,93.8,129.9,77.9
89.9,67.2,179.7,65.7,100.3,93.8,129.9,214.7
89.9,67.2,179.7,65.7,100.3,112.3,129.9,214.7
91.8,68.7,183.7,67.4,103.5,113.9,132.7,80.1
315.3,68.7,208.7,67.4,103.5,113.9,132.7,80.1
315.3,68.7,208.7,67.4,103.5,95.3,132.7,80.1
315.3,68.7,183.7,67.4,103.5,95.3,132.7,80.1
87.5,67.2,114.5,65.7,90.6,88.6,99.5,77.9
87.5,67.2,114.5,65.7,90.6,88.6,99.5,77.9
87.5,67.2,114.5,65.7,90.6,88.6,99.5,77.9
87.5,67.2,114.5,65.7,90.6,88.6,99.5,77.9
90.5,67.7,181.0,66.2,101.4,94.3,130.8,78.7
90.5,67.7,778.2,66.2,101.4,94.3,130.8,78.7
90.5,67.7,778.2,66.2,101.4,94.3,130.8,78.7
90.5,67.7,778.2,66.2,101.4,94.3,130.8,78.7
92.4,69.2,782.2,67.9,104.5,95.8,133.6,80.8
92.4,69.2,782.2,67.9,104.5,95.8,133.6,80.8
92.4,69.2,782.2,67.9,104.5,95.8,133.6,80.8
92.4,69.2,782.2,67.9,104.5,95.8,133.6,80.8
5.9,5.9,5.9,5.9,5.9,5.9,5.9,5.9
5.9,5.9,5.9,5.9,5.9,5.9,5.9,5.9
5.9,5.9,5.9,5.9,5.9,5.9,5.9,5.9
5.9,5.9,5.9,5.9,5.9,5.9,5.9,5.9
0.0,0.0,0.0,0.0,0.0,0.0,0.0,0.0
0.0,0.0,0.0,0.0,0.0,0.0,0.0,0.0
0.0,0.0,0.0,0.0,0.0,0.0,0.0,0.0
0.0,0.0,0.0,0.0,0.0,0.0,0.0,0.0
0.0,0.0,0.0,0.0,0.0,0.0,0.0,0.0
0.0,0.0,0.0,0.0,0.0,0.0,0.0,0.0
0.0,0.0,0.0,0.0,0.0,0.0,0.0,0.0
0.0,0.0,0.0,0.0,0.0,0.0,0.0,0.0
0.0,0.0,0.0,0.0,0.0,0.0,0.0,0.0
0.0,0.0,0.0,0.0,0.0,0.0,0.0,0.0
0.0,0.0,0.0,0.0,0.0,0.0,0.0,0.0
0.0,0.0,0.0,0.0,0.0,0.0,0.0,0.0
0.0,0.0,0.0,0.0,0.0,0.0,0.0,0.0
0.0,0.0,0.0,0.0,0.0,0.0,0.0,0.0
0.0,0.0,0.0,0.0,0.0,0.0,0.0,0.0
0.0,0.0,0.0,0.0,0.0,0.0,0.0,0.0
0.0,0.0,0.0,0.0,0.0,0.0,0.0,0.0
0.0,0.0,0.0,0.0,0.0,0.0,0.0,0.0
0.0,0.0,0.0,0.0,0.0,0.0,0.0,0.0
0.0,0.0,0.0,0.0,0.0,0.0,0.0,0.0
0.0,0.0,0.0,0.0,0.0,0.0,0.0,0.0
0.0,0.0,0.0,0.0,0.0,0.0,0.0,0.0
0.0,0.0,0.0,0.0,0.0,0.0,0.0,0.0
0.0,0.0,0.0,0.0,0.0,0.0,0.0,0.0
0.0,0.0,0.0,0.0,0.0,0.0,0.0,0.0
0.0,0.0,0.0,0.0,0.0,0.0,0.0,0.0
0.0,0.0,0.0,0.0,0.0,0.0,0.0,0.0
0.0,0.0,0.0,0.0,0.0,0.0,0.0,0.0
0.0,0.0,0.0,0.0,0.0,0.0,0.0,0.0
0.0,0.0,0.0,0.0,0.0,0.0,0.0,0.0
0.0,0.0,0.0,0.0,0.0,0.0,0.0,0.0
0.0,0.0,0.0,0.0,0.0,0.0,0.0,0.0
0.0,0.0,0.0,0.0,0.0,0.0,0.0,0.0
0.0,0.0,0.0,0.0,0.0,0.0,0.0,0.0
0.0,0.0,0.0,0.0,0.0,0.0,0.0,0.0
0.0,0.0,0.0,0.0,0.0,0.0,0.0,0.0
0.0,0.0,0.0,0.0,0.0,0.0,0.0,0.0
0.0,0.0,0.0,0.0,0.0,0.0,0.0,0.0
0.0,0.0,0.0,0.0,0.0,0.0,0.0,0.0
0.0,0.0,0.0,0.0,0.0,0.0,0.0,0.0
0.0,0.0,0.0,0.0,0.0,0.0,0.0,0.0
0.0,0.0,0.0,0.0,0.0,0.0,0.0,0.0
0.0,0.0,0.0,0.0,0.0,0.0,0.0,0.0
0.0,0.0,0.0,0.0,0.0,0.0,0.0,0.0
0.0,0.0,0.0,0.0,0.0,0.0,0.0,0.0
0.0,0.0,0.0,0.0,0.0,0.0,0.0,0.0
0.0,0.0,0.0,0.0,0.0,0.0,0.0,0.0
0.0,0.0,0.0,0.0,0.0,0.0,0.0,0.0
0.0,0.0,0.0,0.0,0.0,0.0,0.0,0.0
0.0,0.0,0.0,0.0,0.0,0.0,0.0,0.0
0.0,0.0,0.0,0.0,0.0,0.0,0.0,0.0
0.0,0.0,0.0,0.0,0.0,0.0,0.0,0.0
5.1,5.1,5.1,5.1,5.1,5.1,5.1,5.1
5.1,5.1,5.1,5.1,5.1,5.1,5.1,5.1
5.1,5.1,5.1,5.1,5.1,5.1,5.1,5.1
5.1,5.1,5.1,5.1,5.1,5.1,5.1,5.1
9.4,9.4,9.4,9.4,9.4,9.4,9.4,9.4
9.4,9.4,9.4,9.4,9.4,9.4,9.4,9.4
9.4,9.4,9.4,9.4,9.4,9.4,9.4,9.4
9.4,9.4,9.4,9.4,9.4,9.4,9.4,9.4
76.5,80.8,78.7,60.0,76.7,76.6,77.5,83.7
76.8,87.3,82.1,60.0,77.2,77.1,79.2,70.7
76.8,87.3,82.1,60.0,77.2,77.1,79.2,70.7
76.8,87.3,82.1,60.0,77.2,77.1,79.2,70.7
85.5,248.2,170.4,61.7,92.9,90.2,123.5,72.9
85.5,248.2,170.4,61.7,92.9,90.2,123.5,72.9
85.5,248.2,170.4,61.7,92.9,90.2,123.5,72.9
85.5,248.2,170.4,61.7,92.9,90.2,123.5,72.9
86.8,64.7,173.1,62.8,95.0,91.2,125.3,74.3
86.8,64.7,173.1,62.8,95.0,91.2,125.3,74.3
86.8,64.7,173.1,62.8,95.0,91.2,125.3,74.3
86.8,64.7,173.1,62.8,95.0,91.2,125.3,211.0
38.0,38.0,38.0,38.0,38.0,38.0,38.0,38.0
38.0,38.0,38.0,38.0,38.0,38.0,38.0,38.0
38.0,38.0,38.0,38.0,38.0,38.0,38.0,38.0
38.0,38.0,38.0,38.0,38.0,38.0,38.0,38.0
91.8,68.7,183.7,67.4,276.3,95.3,289.3,80.1
91.8,68.7,183.7,78.8,103.5,95.3,289.3,80.1
91.8,68.7,183.7,78.8,103.5,151.0,289.3,80.1
91.8,68.7,183.7,67.4,103.5,95.3,132.7,80.1
27.0,27.0,27.0,27.0,27.0,27.0,27.0,27.0
27.0,27.0,27.0,27.0,27.0,27.0,27.0,27.0
27.0,27.0,27.0,27.0,27.0,27.0,27.0,27.0
27.0,27.0,27.0,27.0,27.0,27.0,27.0,27.0
11.0,11.0,11.0,11.0,11.0,11.0,11.0,11.0
11.0,11.0,11.0,11.0,11.0,11.0,11.0,11.0
11.0,11.0,11.0,11.0,11.0,11.0,11.0,11.0
11.0,11.0,11.0,11.0,11.0,11.0,11.0,11.0
8.5,8.5,8.5,8.5,8.5,8.5,8.5,8.5
8.5,8.5,8.5,8.5,8.5,8.5,8.5,8.5
8.5,8.5,8.5,8.5,8.5,8.5,8.5,8.5
8.5,8.5,8.5,8.5,8.5,8.5,8.5,8.5
1.7,1.7,1.7,1.7,1.7,1.7,1.7,1.7
1.7,1.7,1.7,1.7,1.7,1.7,1.7,1.7
1.7,1.7,1.7,1.7,1.7,1.7,1.7,1.7
1.7,1.7,1.7,1.7,1.7,1.7,1.7,1.7
0.0,0.0,0.0,0.0,0.0,0.0,0.0,0.0
0.0,0.0,0.0,0.0,0.0,0.0,0.0,0.0
0.0,0.0,0.0,0.0,0.0,0.0,0.0,0.0
0.0,0.0,0.0,0.0,0.0,0.0,0.0,0.0
0.0,0.0,0.0,0.0,0.0,0.0,0.0,0.0
0.0,0.0,0.0,0.0,0.0,0.0,0.0,0.0
0.0,0.0,0.0,0.0,0.0,0.0,0.0,0.0
0.0,0.0,0.0,0.0,0.0,0.0,0.0,0.0
0.0,0.0,0.0,0.0,0.0,0.0,0.0,0.0
0.0,0.0,0.0,0.0,0.0,0.0,0.0,0.0
0.0,0.0,0.0,0.0,0.0,0.0,0.0,0.0
0.0,0.0,0.0,0.0,0.0,0.0,0.0,0.0
0.0,0.0,0.0,0.0,0.0,0.0,0.0,0.0
0.0,0.0,0.0,0.0,0.0,0.0,0.0,0.0
0.0,0.0,0.0,0.0,0.0,0.0,0.0,0.0
0.0,0.0,0.0,0.0,0.0,0.0,0.0,0.0
0.0,0.0,0.0,0.0,0.0,0.0,0.0,0.0
0.0,0.0,0.0,0.0,0.0,0.0,0.0,0.0
0.0,0.0,0.0,0.0,0.0,0.0,0.0,0.0
0.0,0.0,0.0,0.0,0.0,0.0,0.0,0.0
0.0,0.0,0.0,0.0,0.0,0.0,0.0,0.0
0.0,0.0,0.0,0.0,0.0,0.0,0.0,0.0
0.0,0.0,0.0,0.0,0.0,0.0,0.0,0.0
0.0,0.0,0.0,0.0,0.0,0.0,0.0,0.0
0.0,0.0,0.0,0.0,0.0,0.0,0.0,0.0
0.0,0.0,0.0,0.0,0.0,0.0,0.0,0.0
0.0,0.0,0.0,0.0,0.0,0.0,0.0,0.0
0.0,0.0,0.0,0.0,0.0,0.0,0.0,0.0
0.0,0.0,0.0,0.0,0.0,0.0,0.0,0.0
0.0,0.0,0.0,0.0,0.0,0.0,0.0,0.0
0.0,0.0,0.0,0.0,0.0,0.0,0.0,0.0
0.0,0.0,0.0,0.0,0.0,0.0,0.0,0.0
0.0,0.0,0.0,0.0,0.0,0.0,0.0,0.0
0.0,0.0,0.0,0.0,0.0,0.0,0.0,0.0
0.0,0.0,0.0,0.0,0.0,0.0,0.0,0.0
0.0,0.0,0.0,0.0,0.0,0.0,0.0,0.0
0.0,0.0,0.0,0.0,0.0,0.0,0.0,0.0
0.0,0.0,0.0,0.0,0.0,0.0,0.0,0.0
0.0,0.0,0.0,0.0,0.0,0.0,0.0,0.0
0.0,0.0,0.0,0.0,0.0,0.0,0.0,0.0
0.0,0.0,0.0,0.0,0.0,0.0,0.0,0.0
0.0,0.0,0.0,0.0,0.0,0.0,0.0,0.0
0.0,0.0,0.0,0.0,0.0,0.0,0.0,0.0
0.0,0.0,0.0,0.0,0.0,0.0,0.0,0.0
0.0,0.0,0.0,0.0,0.0,0.0,0.0,0.0
0.0,0.0,0.0,0.0,0.0,0.0,0.0,0.0
0.0,0.0,0.0,0.0,0.0,0.0,0.0,0.0
0.0,0.0,0.0,0.0,0.0,0.0,0.0,0.0
0.0,0.0,0.0,0.0,0.0,0.0,0.0,0.0
0.0,0.0,0.0,0.0,0.0,0.0,0.0,0.0
0.0,0.0,0.0,0.0,0.0,0.0,0.0,0.0
0.0,0.0,0.0,0.0,0.0,0.0,0.0,0.0
2.6,2.6,2.6,2.6,2.6,2.6,2.6,2.6
2.6,2.6,2.6,2.6,2.6,2.6,2.6,2.6
2.6,2.6,2.6,2.6,2.6,2.6,2.6,2.6
2.6,2.6,2.6,2.6,2.6,2.6,2.6,2.6
6.0,6.0,6.0,6.0,6.0,6.0,6.0,6.0
6.0,6.0,6.0,6.0,6.0,6.0,6.0,6.0
6.0,6.0,6.0,6.0,6.0,6.0,6.0,6.0
6.0,6.0,6.0,6.0,6.0,6.0,6.0,6.0
10.3,10.3,10.3,10.3,10.3,10.3,10.3,10.3
10.3,10.3,10.3,10.3,10.3,10.3,10.3,10.3
10.3,10.3,10.3,10.3,10.3,10.3,10.3,10.3
10.3,10.3,10.3,10.3,10.3,10.3,10.3,10.3
15.4,15.4,15.4,15.4,15.4,15.4,15.4,15.4
15.4,15.4,15.4,15.4,15.4,15.4,15.4,15.4
15.4,15.4,15.4,15.4,15.4,15.4,15.4,15.4
15.4,15.4,15.4,15.4,15.4,15.4,15.4,15.4
15.3,15.3,15.3,15.3,15.3,15.3,15.3,15.3
15.3,15.3,15.3,15.3,15.3,15.3,15.3,15.3
15.3,15.3,15.3,15.3,15.3,15.3,15.3,15.3
15.3,15.3,15.3,15.3,15.3,15.3,15.3,15.3
57.8,57.8,57.8,57.8,57.8,57.8,57.8,57.8
57.8,57.8,57.8,57.8,57.8,57.8,57.8,57.8
57.8,57.8,57.8,57.8,57.8,57.8,57.8,57.8
57.8,57.8,57.8,57.8,57.8,57.8,57.8,57.8
44.2,44.2,44.2,44.2,44.2,44.2,44.2,44.2
44.2,44.2,44.2,44.2,44.2,44.2,44.2,44.2
44.2,44.2,44.2,44.2,44.2,44.2,44.2,44.2
44.2,44.2,44.2,44.2,44.2,44.2,44.2,44.2
14.5,14.5,14.5,14.5,14.5,14.5,14.5,14.5
14.5,14.5,14.5,14.5,14.5,14.5,14.5,14.5
14.5,14.5,14.5,14.5,14.5,14.5,14.5,14.5
14.5,14.5,14.5,14.5,14.5,14.5,14.5,14.5
10.3,10.3,10.3,10.3,10.3,10.3,10.3,10.3
10.3,10.3,10.3,10.3,10.3,10.3,10.3,10.3
10.3,10.3,10.3,10.3,10.3,10.3,10.3,10.3
10.3,10.3,10.3,10.3,10.3,10.3,10.3,10.3
6.0,6.0,6.0,6.0,6.0,6.0,6.0,6.0
6.0,6.0,6.0,6.0,6.0,6.0,6.0,6.0
6.0,6.0,6.0,6.0,6.0,6.0,6.0,6.0
6.0,6.0,6.0,6.0,6.0,6.0,6.0,6.0
32.8,32.8,32.8,32.8,32.8,32.8,32.8,32.8
32.8,32.8,32.8,32.8,32.8,32.8,32.8,32.8
32.8,32.8,32.8,32.8,32.8,32.8,32.8,32.8
32.8,32.8,32.8,32.8,32.8,32.8,32.8,32.8
0.0,0.0,0.0,0.0,0.0,0.0,0.0,0.0
0.0,0.0,0.0,0.0,0.0,0.0,0.0,0.0
0.0,0.0,0.0,0.0,0.0,0.0,0.0,0.0
0.0,0.0,0.0,0.0,0.0,0.0,0.0,0.0
0.0,0.0,0.0,0.0,0.0,0.0,0.0,0.0
0.0,0.0,0.0,0.0,0.0,0.0,0.0,0.0
0.0,0.0,0.0,0.0,0.0,0.0,0.0,0.0
0.0,0.0,0.0,0.0,0.0,0.0,0.0,0.0
0.0,0.0,0.0,0.0,0.0,0.0,0.0,0.0
0.0,0.0,0.0,0.0,0.0,0.0,0.0,0.0
0.0,0.0,0.0,0.0,0.0,0.0,0.0,0.0
0.0,0.0,0.0,0.0,0.0,0.0,0.0,0.0
0.0,0.0,0.0,0.0,0.0,0.0,0.0,0.0
0.0,0.0,0.0,0.0,0.0,0.0,0.0,0.0
0.0,0.0,0.0,0.0,0.0,0.0,0.0,0.0
0.0,0.0,0.0,0.0,0.0,0.0,0.0,0.0
0.0,0.0,0.0,0.0,0.0,0.0,0.0,0.0
0.0,0.0,0.0,0.0,0.0,0.0,0.0,0.0
0.0,0.0,0.0,0.0,0.0,0.0,0.0,0.0
0.0,0.0,0.0,0.0,0.0,0.0,0.0,0.0
0.0,0.0,0.0,0.0,0.0,0.0,0.0,0.0
0.0,0.0,0.0,0.0,0.0,0.0,0.0,0.0
0.0,0.0,0.0,0.0,0.0,0.0,0.0,0.0
0.0,0.0,0.0,0.0,0.0,0.0,0.0,0.0
0.0,0.0,0.0,0.0,0.0,0.0,0.0,0.0
0.0,0.0,0.0,0.0,0.0,0.0,0.0,0.0
0.0,0.0,0.0,0.0,0.0,0.0,0.0,0.0
0.0,0.0,0.0,0.0,0.0,0.0,0.0,0.0
0.0,0.0,0.0,0.0,0.0,0.0,0.0,0.0
0.0,0.0,0.0,0.0,0.0,0.0,0.0,0.0
0.0,0.0,0.0,0.0,0.0,0.0,0.0,0.0
0.0,0.0,0.0,0.0,0.0,0.0,0.0,0.0
0.0,0.0,0.0,0.0,0.0,0.0,0.0,0.0
0.0,0.0,0.0,0.0,0.0,0.0,0.0,0.0
0.0,0.0,0.0,0.0,0.0,0.0,0.0,0.0
0.0,0.0,0.0,0.0,0.0,0.0,0.0,0.0
0.0,0.0,0.0,0.0,0.0,0.0,0.0,0.0
0.0,0.0,0.0,0.0,0.0,0.0,0.0,0.0
0.0,0.0,0.0,0.0,0.0,0.0,0.0,0.0
0.0,0.0,0.0,0.0,0.0,0.0,0.0,0.0
0.0,0.0,0.0,0.0,0.0,0.0,0.0,0.0
0.0,0.0,0.0,0.0,0.0,0.0,0.0,0.0
0.0,0.0,0.0,0.0,0.0,0.0,0.0,0.0
0.0,0.0,0.0,0.0,0.0,0.0,0.0,0.0
0.0,0.0,0.0,0.0,0.0,0.0,0.0,0.0
0.0,0.0,0.0,0.0,0.0,0.0,0.0,0.0
0.0,0.0,0.0,0.0,0.0,0.0,0.0,0.0
0.0,0.0,0.0,0.0,0.0,0.0,0.0,0.0
0.0,0.0,0.0,0.0,0.0,0.0,0.0,0.0
0.0,0.0,0.0,0.0,0.0,0.0,0.0,0.0
0.0,0.0,0.0,0.0,0.0,0.0,0.0,0.0
0.0,0.0,0.0,0.0,0.0,0.0,0.0,0.0
0.0,0.0,0.0,0.0,0.0,0.0,0.0,0.0
0.0,0.0,0.0,0.0,0.0,0.0,0.0,0.0
0.0,0.0,0.0,0.0,0.0,0.0,0.0,0.0
0.0,0.0,0.0,0.0,0.0,0.0,0.0,0.0
0.0,0.0,0.0,0.0,0.0,0.0,0.0,0.0
0.0,0.0,0.0,0.0,0.0,0.0,0.0,0.0
0.0,0.0,0.0,0.0,0.0,0.0,0.0,0.0
0.0,0.0,0.0,0.0,0.0,0.0,0.0,0.0
15.3,15.3,15.3,15.3,15.3,15.3,15.3,15.3
15.3,15.3,15.3,15.3,15.3,15.3,15.3,15.3
15.3,15.3,15.3,15.3,15.3,15.3,15.3,15.3
15.3,15.3,15.3,15.3,15.3,15.3,15.3,15.3
23.7,23.7,23.7,23.7,23.7,23.7,23.7,23.7
23.7,23.7,23.7,23.7,23.7,23.7,23.7,23.7
23.7,23.7,23.7,23.7,23.7,23.7,23.7,23.7
23.7,23.7,23.7,23.7,23.7,23.7,23.7,23.7
16.1,16.1,16.1,16.1,16.1,16.1,16.1,16.1
16.1,16.1,16.1,16.1,16.1,16.1,16.1,16.1
16.1,16.1,16.1,16.1,16.1,16.1,16.1,16.1
16.1,16.1,16.1,16.1,16.1,16.1,16.1,16.1
50.6,50.6,50.6,50.6,50.6,50.6,50.6,50.6
50.6,50.6,50.6,50.6,50.6,50.6,50.6,50.6
50.6,50.6,50.6,50.6,50.6,50.6,50.6,50.6
50.6,50.6,50.6,50.6,50.6,50.6,50.6,50.6
27.9,27.9,27.9,27.9,27.9,27.9,27.9,27.9
27.9,27.9,27.9,27.9,27.9,27.9,27.9,27.9
27.9,27.9,27.9,27.9,27.9,27.9,27.9,27.9
27.9,27.9,27.9,27.9,27.9,27.9,27.9,27.9
23.7,23.7,23.7,23.7,23.7,23.7,23.7,23.7
23.7,23.7,23.7,23.7,23.7,23.7,23.7,23.7
23.7,23.7,23.7,23.7,23.7,23.7,23.7,23.7
23.7,23.7,23.7,23.7,23.7,23.7,23.7,23.7
15.2,15.2,15.2,15.2,15.2,15.2,15.2,15.2
15.2,15.2,15.2,15.2,15.2,15.2,15.2,15.2
15.2,15.2,15.2,15.2,15.2,15.2,15.2,15.2
15.2,15.2,15.2,15.2,15.2,15.2,15.2,15.2
92.4,69.2,185.0,67.9,104.5,95.8,133.6,80.8
92.4,69.2,185.0,67.9,104.5,95.8,133.6,80.8
92.4,69.2,185.0,67.9,104.5,95.8,133.6,80.8
92.4,69.2,185.0,67.9,104.5,95.8,133.6,80.8
0.0,0.0,0.0,0.0,0.0,0.0,0.0,0.0
0.0,0.0,0.0,0.0,0.0,0.0,0.0,0.0
0.0,0.0,0.0,0.0,0.0,0.0,0.0,0.0
0.0,0.0,0.0,0.0,0.0,0.0,0.0,0.0
0.0,0.0,0.0,0.0,0.0,0.0,0.0,0.0
0.0,0.0,0.0,0.0,0.0,0.0,0.0,0.0
0.0,0.0,0.0,0.0,0.0,0.0,0.0,0.0
0.0,0.0,0.0,0.0,0.0,0.0,0.0,0.0
0.0,0.0,0.0,0.0,0.0,0.0,0.0,0.0
0.0,0.0,0.0,0.0,0.0,0.0,0.0,0.0
0.0,0.0,0.0,0.0,0.0,0.0,0.0,0.0
0.0,0.0,0.0,0.0,0.0,0.0,0.0,0.0
0.0,0.0,0.0,0.0,0.0,0.0,0.0,0.0
0.0,0.0,0.0,0.0,0.0,0.0,0.0,0.0
0.0,0.0,0.0,0.0,0.0,0.0,0.0,0.0
0.0,0.0,0.0,0.0,0.0,0.0,0.0,0.0
0.0,0.0,0.0,0.0,0.0,0.0,0.0,0.0
0.0,0.0,0.0,0.0,0.0,0.0,0.0,0.0
0.0,0.0,0.0,0.0,0.0,0.0,0.0,0.0
0.0,0.0,0.0,0.0,0.0,0.0,0.0,0.0
0.0,0.0,0.0,0.0,0.0,0.0,0.0,0.0
0.0,0.0,0.0,0.0,0.0,0.0,0.0,0.0
0.0,0.0,0.0,0.0,0.0,0.0,0.0,0.0
0.0,0.0,0.0,0.0,0.0,0.0,0.0,0.0
0.0,0.0,0.0,0.0,0.0,0.0,0.0,0.0
0.0,0.0,0.0,0.0,0.0,0.0,0.0,0.0
0.0,0.0,0.0,0.0,0.0,0.0,0.0,0.0
0.0,0.0,0.0,0.0,0.0,0.0,0.0,0.0
0.0,0.0,0.0,0.0,0.0,0.0,0.0,0.0
0.0,0.0,0.0,0.0,0.0,0.0,0.0,0.0
0.0,0.0,0.0,0.0,0.0,0.0,0.0,0.0
0.0,0.0,0.0,0.0,0.0,0.0,0.0,0.0
0.0,0.0,0.0,0.0,0.0,0.0,0.0,0.0
0.0,0.0,0.0,0.0,0.0,0.0,0.0,0.0
0.0,0.0,0.0,0.0,0.0,0.0,0.0,0.0
0.0,0.0,0.0,0.0,0.0,0.0,0.0,0.0
0.0,0.0,0.0,0.0,0.0,0.0,0.0,0.0
0.0,0.0,0.0,0.0,0.0,0.0,0.0,0.0
0.0,0.0,0.0,0.0,0.0,0.0,0.0,0.0
0.0,0.0,0.0,0.0,0.0,0.0,0.0,0.0
0.0,0.0,0.0,0.0,0.0,0.0,0.0,0.0
0.0,0.0,0.0,0.0,0.0,0.0,0.0,0.0
0.0,0.0,0.0,0.0,0.0,0.0,0.0,0.0
0.0,0.0,0.0,0.0,0.0,0.0,0.0,0.0
0.0,0.0,0.0,0.0,0.0,0.0,0.0,0.0
0.0,0.0,0.0,0.0,0.0,0.0,0.0,0.0
0.0,0.0,0.0,0.0,0.0,0.0,0.0,0.0
0.0,0.0,0.0,0.0,0.0,0.0,0.0,0.0
0.0,0.0,0.0,0.0,0.0,0.0,0.0,0.0
0.0,0.0,0.0,0.0,0.0,0.0,0.0,0.0
0.0,0.0,0.0,0.0,0.0,0.0,0.0,0.0
0.0,0.0,0.0,0.0,0.0,0.0,0.0,0.0
0.0,0.0,0.0,0.0,0.0,0.0,0.0,0.0
0.0,0.0,0.0,0.0,0.0,0.0,0.0,0.0
0.0,0.0,0.0,0.0,0.0,0.0,0.0,0.0
0.0,0.0,0.0,0.0,0.0,0.0,0.0,0.0
2.6,2.6,2.6,2.6,2.6,2.6,2.6,2.6
2.6,2.6,2.6,2.6,2.6,2.6,2.6,2.6
2.6,2.6,2.6,2.6,2.6,2.6,2.6,2.6
2.6,2.6,2.6,2.6,2.6,2.6,2.6,2.6
23.9,23.9,23.9,23.9,23.9,23.9,23.9,23.9
23.9,23.9,23.9,23.9,23.9,23.9,23.9,23.9
23.9,23.9,23.9,23.9,23.9,23.9,23.9,23.9
23.9,23.9,23.9,23.9,23.9,23.9,23.9,23.9
52.8,52.8,52.8,52.8,52.8,52.8,52.8,52.8
52.8,52.8,52.8,52.8,52.8,52.8,52.8,52.8
52.8,52.8,52.8,52.8,52.8,52.8,52.8,52.8
52.8,52.8,52.8,52.8,52.8,52.8,52.8,52.8
43.3,43.3,43.3,43.3,43.3,43.3,43.3,43.3
43.3,43.3,43.3,43.3,43.3,43.3,43.3,43.3
43.3,43.3,43.3,43.3,43.3,43.3,43.3,43.3
43.3,43.3,43.3,43.3,43.3,43.3,43.3,43.3
47.4,47.4,47.4,47.4,47.4,47.4,47.4,47.4
47.4,47.4,47.4,47.4,47.4,47.4,47.4,47.4
47.4,47.4,47.4,47.4,47.4,47.4,47.4,47.4
47.4,47.4,47.4,47.4,47.4,47.4,47.4,47.4
88.4,67.2,118.3,65.7,91.8,89.7,101.7,77.9
87.7,112.1,91.8,65.7,88.2,87.9,89.5,77.9
87.7,111.5,92.4,65.7,88.1,87.9,89.5,77.9
87.7,110.7,92.2,65.7,88.1,89.0,89.4,77.9
91.8,223.6,134.6,67.4,103.5,118.7,120.7,80.1
148.4,197.8,127.9,67.4,103.5,95.3,119.9,80.1
132.4,156.1,122.5,131.8,103.5,95.3,118.7,80.1
120.9,126.4,118.7,120.8,103.5,95.3,174.5,80.1
89.9,625.7,179.7,65.7,446.0,93.8,2969.0,351.4
89.9,630.1,179.7,65.7,100.3,93.8,3418.7,77.9
456.4,630.1,179.7,65.7,100.3,93.8,129.9,77.9
456.4,630.1,179.7,65.7,100.3,93.8,129.9,77.9
457.0,67.7,181.0,66.2,101.4,94.3,130.8,78.7
457.0,67.7,181.0,66.2,101.4,94.3,130.8,78.7
457.0,67.7,181.0,66.2,101.4,94.3,130.8,78.7
457.0,67.7,181.0,66.2,101.4,94.3,130.8,78.7
458.9,69.2,185.0,67.9,104.5,95.8,133.6,80.8
458.9,69.2,185.0,67.9,104.5,95.8,133.6,80.8
92.4,69.2,185.0,67.9,104.5,95.8,133.6,80.8
92.4,69.2,185.0,67.9,104.5,95.8,133.6,80.8
0.0,0.0,0.0,0.0,0.0,0.0,0.0,0.0
0.0,0.0,0.0,0.0,0.0,0.0,0.0,0.0
0.0,0.0,0.0,0.0,0.0,0.0,0.0,0.0
0.0,0.0,0.0,0.0,0.0,0.0,0.0,0.0
0.0,0.0,0.0,0.0,0.0,0.0,0.0,0.0
0.0,0.0,0.0,0.0,0.0,0.0,0.0,0.0
0.0,0.0,0.0,0.0,0.0,0.0,0.0,0.0
0.0,0.0,0.0,0.0,0.0,0.0,0.0,0.0
0.0,0.0,0.0,0.0,0.0,0.0,0.0,0.0
0.0,0.0,0.0,0.0,0.0,0.0,0.0,0.0
0.0,0.0,0.0,0.0,0.0,0.0,0.0,0.0
0.0,0.0,0.0,0.0,0.0,0.0,0.0,0.0
0.0,0.0,0.0,0.0,0.0,0.0,0.0,0.0
0.0,0.0,0.0,0.0,0.0,0.0,0.0,0.0
0.0,0.0,0.0,0.0,0.0,0.0,0.0,0.0
0.0,0.0,0.0,0.0,0.0,0.0,0.0,0.0
0.0,0.0,0.0,0.0,0.0,0.0,0.0,0.0
0.0,0.0,0.0,0.0,0.0,0.0,0.0,0.0
0.0,0.0,0.0,0.0,0.0,0.0,0.0,0.0
0.0,0.0,0.0,0.0,0.0,0.0,0.0,0.0
0.0,0.0,0.0,0.0,0.0,0.0,0.0,0.0
0.0,0.0,0.0,0.0,0.0,0.0,0.0,0.0
0.0,0.0,0.0,0.0,0.0,0.0,0.0,0.0
0.0,0.0,0.0,0.0,0.0,0.0,0.0,0.0
0.0,0.0,0.0,0.0,0.0,0.0,0.0,0.0
0.0,0.0,0.0,0.0,0.0,0.0,0.0,0.0
0.0,0.0,0.0,0.0,0.0,0.0,0.0,0.0
0.0,0.0,0.0,0.0,0.0,0.0,0.0,0.0
0.0,0.0,0.0,0.0,0.0,0.0,0.0,0.0
0.0,0.0,0.0,0.0,0.0,0.0,0.0,0.0
0.0,0.0,0.0,0.0,0.0,0.0,0.0,0.0
0.0,0.0,0.0,0.0,0.0,0.0,0.0,0.0
0.0,0.0,0.0,0.0,0.0,0.0,0.0,0.0
0.0,0.0,0.0,0.0,0.0,0.0,0.0,0.0
0.0,0.0,0.0,0.0,0.0,0.0,0.0,0.0
0.0,0.0,0.0,0.0,0.0,0.0,0.0,0.0
0.0,0.0,0.0,0.0,0.0,0.0,0.0,0.0
0.0,0.0,0.0,0.0,0.0,0.0,0.0,0.0
0.0,0.0,0.0,0.0,0.0,0.0,0.0,0.0
0.0,0.0,0.0,0.0,0.0,0.0,0.0,0.0
0.0,0.0,0.0,0.0,0.0,0.0,0.0,0.0
0.0,0.0,0.0,0.0,0.0,0.0,0.0,0.0
0.0,0.0,0.0,0.0,0.0,0.0,0.0,0.0
0.0,0.0,0.0,0.0,0.0,0.0,0.0,0.0
0.0,0.0,0.0,0.0,0.0,0.0,0.0,0.0
0.0,0.0,0.0,0.0,0.0,0.0,0.0,0.0
0.0,0.0,0.0,0.0,0.0,0.0,0.0,0.0
0.0,0.0,0.0,0.0,0.0,0.0,0.0,0.0
0.0,0.0,0.0,0.0,0.0,0.0,0.0,0.0
0.0,0.0,0.0,0.0,0.0,0.0,0.0,0.0
0.0,0.0,0.0,0.0,0.0,0.0,0.0,0.0
0.0,0.0,0.0,0.0,0.0,0.0,0.0,0.0
0.0,0.0,0.0,0.0,0.0,0.0,0.0,0.0
0.0,0.0,0.0,0.0,0.0,0.0,0.0,0.0
0.0,0.0,0.0,0.0,0.0,0.0,0.0,0.0
0.0,0.0,0.0,0.0,0.0,0.0,0.0,0.0
0.0,0.0,0.0,0.0,0.0,0.0,0.0,0.0
0.0,0.0,0.0,0.0,0.0,0.0,0.0,0.0
0.0,0.0,0.0,0.0,0.0,0.0,0.0,0.0
0.0,0.0,0.0,0.0,0.0,0.0,0.0,0.0
6.9,6.9,6.9,6.9,6.9,6.9,6.9,6.9
6.9,6.9,6.9,6.9,6.9,6.9,6.9,6.9
6.9,6.9,6.9,6.9,6.9,6.9,6.9,6.9
6.9,6.9,6.9,6.9,6.9,6.9,6.9,6.9
14.5,14.5,14.5,14.5,14.5,14.5,14.5,14.5
14.5,14.5,14.5,14.5,14.5,14.5,14.5,14.5
14.5,14.5,14.5,14.5,14.5,14.5,14.5,14.5
14.5,14.5,14.5,14.5,14.5,14.5,14.5,14.5
66.3,63.7,68.5,61.7,66.5,66.4,67.3,66.0
66.3,63.7,68.5,61.7,66.5,66.4,67.3,66.0
66.3,63.7,68.5,61.7,66.5,66.4,67.3,66.0
66.3,63.7,68.5,61.7,66.5,66.4,67.3,66.0
86.8,64.7,173.1,62.8,95.0,91.2,125.3,74.3
86.8,64.7,173.1,62.8,95.0,91.2,125.3,74.3
310.4,64.7,173.1,62.8,95.0,91.2,125.3,74.3
310.4,64.7,173.1,62.8,95.0,91.2,125.3,74.3
68.6,67.2,68.0,65.7,67.7,67.7,67.8,68.0
67.7,67.2,68.1,65.7,68.5,67.7,67.8,68.0
67.6,67.2,67.6,67.8,67.6,67.6,67.6,67.6
67.6,67.2,67.6,67.8,67.6,67.6,67.7,67.6
91.8,68.7,183.7,1043.4,103.5,95.3,132.7,80.1
91.8,68.7,183.7,1043.4,103.5,113.9,132.7,80.1
91.8,225.7,183.7,1043.4,103.5,113.9,132.7,80.1
91.8,225.7,200.3,67.4,103.5,113.9,132.7,80.1
89.9,67.2,196.3,65.7,100.3,93.8,129.9,77.9
89.9,67.2,196.3,65.7,100.3,93.8,129.9,77.9
89.9,67.2,179.7,65.7,100.3,93.8,129.9,77.9
89.9,67.2,179.7,65.7,100.3,93.8,129.9,77.9
69.4,67.7,70.9,66.2,69.6,69.5,70.1,69.2
69.4,67.7,70.9,66.2,69.6,69.5,70.1,69.2
69.4,67.7,70.9,66.2,69.6,69.5,70.1,69.2
69.4,67.7,70.9,66.2,69.6,69.5,70.1,69.2
28.5,28.5,28.5,28.5,28.5,28.5,28.5,28.5
28.5,28.5,28.5,28.5,28.5,28.5,28.5,28.5
28.5,28.5,28.5,28.5,28.5,28.5,28.5,28.5
28.5,28.5,28.5,28.5,28.5,28.5,28.5,28.5
0.0,0.0,0.0,0.0,0.0,0.0,0.0,0.0
0.0,0.0,0.0,0.0,0.0,0.0,0.0,0.0
0.0,0.0,0.0,0.0,0.0,0.0,0.0,0.0
0.0,0.0,0.0,0.0,0.0,0.0,0.0,0.0
0.0,0.0,0.0,0.0,0.0,0.0,0.0,0.0
0.0,0.0,0.0,0.0,0.0,0.0,0.0,0.0
0.0,0.0,0.0,0.0,0.0,0.0,0.0,0.0
0.0,0.0,0.0,0.0,0.0,0.0,0.0,0.0
0.0,0.0,0.0,0.0,0.0,0.0,0.0,0.0
0.0,0.0,0.0,0.0,0.0,0.0,0.0,0.0
0.0,0.0,0.0,0.0,0.0,0.0,0.0,0.0
0.0,0.0,0.0,0.0,0.0,0.0,0.0,0.0
0.0,0.0,0.0,0.0,0.0,0.0,0.0,0.0
0.0,0.0,0.0,0.0,0.0,0.0,0.0,0.0
0.0,0.0,0.0,0.0,0.0,0.0,0.0,0.0
0.0,0.0,0.0,0.0,0.0,0.0,0.0,0.0
0.0,0.0,0.0,0.0,0.0,0.0,0.0,0.0
0.0,0.0,0.0,0.0,0.0,0.0,0.0,0.0
0.0,0.0,0.0,0.0,0.0,0.0,0.0,0.0
0.0,0.0,0.0,0.0,0.0,0.0,0.0,0.0
0.0,0.0,0.0,0.0,0.0,0.0,0.0,0.0
0.0,0.0,0.0,0.0,0.0,0.0,0.0,0.0
0.0,0.0,0.0,0.0,0.0,0.0,0.0,0.0
0.0,0.0,0.0,0.0,0.0,0.0,0.0,0.0
0.0,0.0,0.0,0.0,0.0,0.0,0.0,0.0
0.0,0.0,0.0,0.0,0.0,0.0,0.0,0.0
0.0,0.0,0.0,0.0,0.0,0.0,0.0,0.0
0.0,0.0,0.0,0.0,0.0,0.0,0.0,0.0
0.0,0.0,0.0,0.0,0.0,0.0,0.0,0.0
0.0,0.0,0.0,0.0,0.0,0.0,0.0,0.0
0.0,0.0,0.0,0.0,0.0,0.0,0.0,0.0
0.0,0.0,0.0,0.0,0.0,0.0,0.0,0.0
0.0,0.0,0.0,0.0,0.0,0.0,0.0,0.0
0.0,0.0,0.0,0.0,0.0,0.0,0.0,0.0
0.0,0.0,0.0,0.0,0.0,0.0,0.0,0.0
0.0,0.0,0.0,0.0,0.0,0.0,0.0,0.0
0.0,0.0,0.0,0.0,0.0,0.0,0.0,0.0
0.0,0.0,0.0,0.0,0.0,0.0,0.0,0.0
0.0,0.0,0.0,0.0,0.0,0.0,0.0,0.0
0.0,0.0,0.0,0.0,0.0,0.0,0.0,0.0
0.0,0.0,0.0,0.0,0.0,0.0,0.0,0.0
0.0,0.0,0.0,0.0,0.0,0.0,0.0,0.0
0.0,0.0,0.0,0.0,0.0,0.0,0.0,0.0
0.0,0.0,0.0,0.0,0.0,0.0,0.0,0.0
0.0,0.0,0.0,0.0,0.0,0.0,0.0,0.0
0.0,0.0,0.0,0.0,0.0,0.0,0.0,0.0
0.0,0.0,0.0,0.0,0.0,0.0,0.0,0.0
0.0,0.0,0.0,0.0,0.0,0.0,0.0,0.0
0.0,0.0,0.0,0.0,0.0,0.0,0.0,0.0
0.0,0.0,0.0,0.0,0.0,0.0,0.0,0.0
0.0,0.0,0.0,0.0,0.0,0.0,0.0,0.0
0.0,0.0,0.0,0.0,0.0,0.0,0.0,0.0
0.0,0.0,0.0,0.0,0.0,0.0,0.0,0.0
0.0,0.0,0.0,0.0,0.0,0.0,0.0,0.0
0.0,0.0,0.0,0.0,0.0,0.0,0.0,0.0
0.0,0.0,0.0,0.0,0.0,0.0,0.0,0.0
0.0,0.0,0.0,0.0,0.0,0.0,0.0,0.0
0.0,0.0,0.0,0.0,0.0,0.0,0.0,0.0
0.0,0.0,0.0,0.0,0.0,0.0,0.0,0.0
0.0,0.0,0.0,0.0,0.0,0.0,0.0,0.0
28.9,28.9,28.9,28.9,28.9,28.9,28.9,28.9
28.9,28.9,28.9,28.9,28.9,28.9,28.9,28.9
28.9,28.9,28.9,28.9,28.9,28.9,28.9,28.9
28.9,28.9,28.9,28.9,28.9,28.9,28.9,28.9
14.3,14.3,14.3,14.3,14.3,14.3,14.3,14.3
14.3,14.3,14.3,14.3,14.3,14.3,14.3,14.3
14.3,14.3,14.3,14.3,14.3,14.3,14.3,14.3
14.3,14.3,14.3,14.3,14.3,14.3,14.3,14.3
366.5,63.7,170.4,61.7,92.9,90.2,123.5,72.9
366.5,63.7,170.4,61.7,92.9,90.2,123.5,72.9
85.5,63.7,170.4,61.7,92.9,90.2,123.5,72.9
85.5,63.7,170.4,61.7,92.9,90.2,123.5,72.9
86.8,64.7,173.1,62.8,95.0,91.2,125.3,74.3
86.8,64.7,173.1,62.8,95.0,91.2,125.3,74.3
86.8,64.7,173.1,62.8,95.0,119.1,125.3,74.3
86.8,64.7,173.1,62.8,95.0,119.1,125.3,74.3
677.9,67.2,179.7,65.7,100.3,93.8,129.9,77.9
677.9,67.2,179.7,65.7,100.3,93.8,129.9,351.4
677.9,67.2,179.7,65.7,100.3,93.8,364.8,77.9
677.9,67.2,179.7,65.7,100.3,93.8,364.8,77.9
56.4,56.4,56.4,56.4,56.4,56.4,56.4,56.4
56.4,56.4,56.4,56.4,56.4,56.4,56.4,56.4
56.4,56.4,56.4,56.4,56.4,56.4,56.4,56.4
56.4,56.4,56.4,56.4,56.4,56.4,56.4,56.4
89.9,67.2,179.7,65.7,1541.3,93.8,129.9,77.9
89.9,67.2,179.7,65.7,100.3,93.8,129.9,77.9
89.9,67.2,179.7,65.7,100.3,93.8,129.9,77.9
89.9,67.2,179.7,65.7,100.3,93.8,129.9,77.9
28.4,28.4,28.4,28.4,28.4,28.4,28.4,28.4
28.4,28.4,28.4,28.4,28.4,28.4,28.4,28.4
28.4,28.4,28.4,28.4,28.4,28.4,28.4,28.4
28.4,28.4,28.4,28.4,28.4,28.4,28.4,28.4
14.3,14.3,14.3,14.3,14.3,14.3,14.3,14.3
14.3,14.3,14.3,14.3,14.3,14.3,14.3,14.3
14.3,14.3,14.3,14.3,14.3,14.3,14.3,14.3
14.3,14.3,14.3,14.3,14.3,14.3,14.3,14.3
0.0,0.0,0.0,0.0,0.0,0.0,0.0,0.0
0.0,0.0,0.0,0.0,0.0,0.0,0.0,0.0
0.0,0.0,0.0,0.0,0.0,0.0,0.0,0.0
0.0,0.0,0.0,0.0,0.0,0.0,0.0,0.0
0.0,0.0,0.0,0.0,0.0,0.0,0.0,0.0
0.0,0.0,0.0,0.0,0.0,0.0,0.0,0.0
0.0,0.0,0.0,0.0,0.0,0.0,0.0,0.0
0.0,0.0,0.0,0.0,0.0,0.0,0.0,0.0
0.0,0.0,0.0,0.0,0.0,0.0,0.0,0.0
0.0,0.0,0.0,0.0,0.0,0.0,0.0,0.0
0.0,0.0,0.0,0.0,0.0,0.0,0.0,0.0
0.0,0.0,0.0,0.0,0.0,0.0,0.0,0.0
0.0,0.0,0.0,0.0,0.0,0.0,0.0,0.0
0.0,0.0,0.0,0.0,0.0,0.0,0.0,0.0
0.0,0.0,0.0,0.0,0.0,0.0,0.0,0.0
0.0,0.0,0.0,0.0,0.0,0.0,0.0,0.0
0.0,0.0,0.0,0.0,0.0,0.0,0.0,0.0
0.0,0.0,0.0,0.0,0.0,0.0,0.0,0.0
0.0,0.0,0.0,0.0,0.0,0.0,0.0,0.0
0.0,0.0,0.0,0.0,0.0,0.0,0.0,0.0
0.0,0.0,0.0,0.0,0.0,0.0,0.0,0.0
0.0,0.0,0.0,0.0,0.0,0.0,0.0,0.0
0.0,0.0,0.0,0.0,0.0,0.0,0.0,0.0
0.0,0.0,0.0,0.0,0.0,0.0,0.0,0.0
0.0,0.0,0.0,0.0,0.0,0.0,0.0,0.0
0.0,0.0,0.0,0.0,0.0,0.0,0.0,0.0
0.0,0.0,0.0,0.0,0.0,0.0,0.0,0.0
0.0,0.0,0.0,0.0,0.0,0.0,0.0,0.0
0.0,0.0,0.0,0.0,0.0,0.0,0.0,0.0
0.0,0.0,0.0,0.0,0.0,0.0,0.0,0.0
0.0,0.0,0.0,0.0,0.0,0.0,0.0,0.0
0.0,0.0,0.0,0.0,0.0,0.0,0.0,0.0
0.0,0.0,0.0,0.0,0.0,0.0,0.0,0.0
0.0,0.0,0.0,0.0,0.0,0.0,0.0,0.0
0.0,0.0,0.0,0.0,0.0,0.0,0.0,0.0
0.0,0.0,0.0,0.0,0.0,0.0,0.0,0.0
0.0,0.0,0.0,0.0,0.0,0.0,0.0,0.0
0.0,0.0,0.0,0.0,0.0,0.0,0.0,0.0
0.0,0.0,0.0,0.0,0.0,0.0,0.0,0.0
0.0,0.0,0.0,0.0,0.0,0.0,0.0,0.0
0.0,0.0,0.0,0.0,0.0,0.0,0.0,0.0
0.0,0.0,0.0,0.0,0.0,0.0,0.0,0.0
0.0,0.0,0.0,0.0,0.0,0.0,0.0,0.0
0.0,0.0,0.0,0.0,0.0,0.0,0.0,0.0
0.0,0.0,0.0,0.0,0.0,0.0,0.0,0.0
0.0,0.0,0.0,0.0,0.0,0.0,0.0,0.0
0.0,0.0,0.0,0.0,0.0,0.0,0.0,0.0
0.0,0.0,0.0,0.0,0.0,0.0,0.0,0.0
0.0,0.0,0.0,0.0,0.0,0.0,0.0,0.0
0.0,0.0,0.0,0.0,0.0,0.0,0.0,0.0
0.0,0.0,0.0,0.0,0.0,0.0,0.0,0.0
0.0,0.0,0.0,0.0,0.0,0.0,0.0,0.0
0.0,0.0,0.0,0.0,0.0,0.0,0.0,0.0
0.0,0.0,0.0,0.0,0.0,0.0,0.0,0.0
0.0,0.0,0.0,0.0,0.0,0.0,0.0,0.0
0.0,0.0,0.0,0.0,0.0,0.0,0.0,0.0
0.0,0.0,0.0,0.0,0.0,0.0,0.0,0.0
0.0,0.0,0.0,0.0,0.0,0.0,0.0,0.0
0.0,0.0,0.0,0.0,0.0,0.0,0.0,0.0
0.0,0.0,0.0,0.0,0.0,0.0,0.0,0.0
44.4,44.4,44.4,44.4,44.4,44.4,44.4,44.4
44.4,44.4,44.4,44.4,44.4,44.4,44.4,44.4
44.4,44.4,44.4,44.4,44.4,44.4,44.4,44.4
44.4,44.4,44.4,44.4,44.4,44.4,44.4,44.4
81.0,108.3,83.0,60.0,81.1,81.1,81.9,70.7
81.0,108.3,83.0,60.0,81.1,81.1,81.9,70.7
81.0,108.3,83.0,60.0,81.1,81.1,81.9,70.7
81.0,108.3,83.0,60.0,81.1,81.1,81.9,70.7
85.5,423.0,151.6,61.7,92.9,146.7,123.5,72.9
85.5,423.0,151.6,61.7,92.9,146.7,123.5,72.9
85.5,63.7,170.4,61.7,92.9,90.2,123.5,72.9
85.5,63.7,170.4,61.7,92.9,90.2,123.5,72.9
86.8,64.7,173.1,62.8,95.0,91.2,125.3,74.3
86.8,64.7,173.1,62.8,95.0,91.2,125.3,74.3
86.8,64.7,173.1,62.8,95.0,91.2,595.2,74.3
86.8,64.7,173.1,62.8,95.0,91.2,125.3,74.3
1920.3,171.8,179.7,65.7,641.6,93.8,129.9,77.9
89.9,171.8,179.7,65.7,2472.0,93.8,129.9,77.9
89.9,171.8,204.7,65.7,2447.0,93.8,129.9,77.9
89.9,67.2,204.7,65.7,100.3,93.8,129.9,77.9
91.8,68.7,183.7,67.4,103.5,95.3,132.7,80.1
91.8,68.7,183.7,67.4,103.5,95.3,132.7,1129.4
91.8,68.7,183.7,67.4,103.5,95.3,132.7,80.1
91.8,68.7,183.7,67.4,103.5,95.3,132.7,80.1
89.9,67.2,179.7,77.1,100.3,93.8,129.9,77.9
89.9,67.2,179.7,77.1,100.3,93.8,129.9,77.9
89.9,67.2,179.7,65.7,100.3,93.8,129.9,77.9
89.9,67.2,179.7,65.7,100.3,93.8,129.9,77.9
54.4,54.4,54.4,54.4,54.4,54.4,54.4,54.4
54.4,54.4,54.4,54.4,54.4,54.4,54.4,54.4
54.4,54.4,54.4,54.4,54.4,54.4,54.4,54.4
54.4,54.4,54.4,54.4,54.4,54.4,54.4,54.4
6.7,6.7,6.7,6.7,6.7,6.7,6.7,6.7
6.7,6.7,6.7,6.7,6.7,6.7,6.7,6.7
6.7,6.7,6.7,6.7,6.7,6.7,6.7,6.7
6.7,6.7,6.7,6.7,6.7,6.7,6.7,6.7
0.0,0.0,0.0,0.0,0.0,0.0,0.0,0.0
0.0,0.0,0.0,0.0,0.0,0.0,0.0,0.0
0.0,0.0,0.0,0.0,0.0,0.0,0.0,0.0
0.0,0.0,0.0,0.0,0.0,0.0,0.0,0.0
0.0,0.0,0.0,0.0,0.0,0.0,0.0,0.0
0.0,0.0,0.0,0.0,0.0,0.0,0.0,0.0
0.0,0.0,0.0,0.0,0.0,0.0,0.0,0.0
0.0,0.0,0.0,0.0,0.0,0.0,0.0,0.0
0.0,0.0,0.0,0.0,0.0,0.0,0.0,0.0
0.0,0.0,0.0,0.0,0.0,0.0,0.0,0.0
0.0,0.0,0.0,0.0,0.0,0.0,0.0,0.0
0.0,0.0,0.0,0.0,0.0,0.0,0.0,0.0
0.0,0.0,0.0,0.0,0.0,0.0,0.0,0.0
0.0,0.0,0.0,0.0,0.0,0.0,0.0,0.0
0.0,0.0,0.0,0.0,0.0,0.0,0.0,0.0
0.0,0.0,0.0,0.0,0.0,0.0,0.0,0.0
0.0,0.0,0.0,0.0,0.0,0.0,0.0,0.0
0.0,0.0,0.0,0.0,0.0,0.0,0.0,0.0
0.0,0.0,0.0,0.0,0.0,0.0,0.0,0.0
0.0,0.0,0.0,0.0,0.0,0.0,0.0,0.0
0.0,0.0,0.0,0.0,0.0,0.0,0.0,0.0
0.0,0.0,0.0,0.0,0.0,0.0,0.0,0.0
0.0,0.0,0.0,0.0,0.0,0.0,0.0,0.0
0.0,0.0,0.0,0.0,0.0,0.0,0.0,0.0
0.0,0.0,0.0,0.0,0.0,0.0,0.0,0.0
0.0,0.0,0.0,0.0,0.0,0.0,0.0,0.0
0.0,0.0,0.0,0.0,0.0,0.0,0.0,0.0
0.0,0.0,0.0,0.0,0.0,0.0,0.0,0.0
0.0,0.0,0.0,0.0,0.0,0.0,0.0,0.0
0.0,0.0,0.0,0.0,0.0,0.0,0.0,0.0
0.0,0.0,0.0,0.0,0.0,0.0,0.0,0.0
0.0,0.0,0.0,0.0,0.0,0.0,0.0,0.0
0.0,0.0,0.0,0.0,0.0,0.0,0.0,0.0
0.0,0.0,0.0,0.0,0.0,0.0,0.0,0.0
0.0,0.0,0.0,0.0,0.0,0.0,0.0,0.0
0.0,0.0,0.0,0.0,0.0,0.0,0.0,0.0
0.0,0.0,0.0,0.0,0.0,0.0,0.0,0.0
0.0,0.0,0.0,0.0,0.0,0.0,0.0,0.0
0.0,0.0,0.0,0.0,0.0,0.0,0.0,0.0
0.0,0.0,0.0,0.0,0.0,0.0,0.0,0.0
0.0,0.0,0.0,0.0,0.0,0.0,0.0,0.0
0.0,0.0,0.0,0.0,0.0,0.0,0.0,0.0
0.0,0.0,0.0,0.0,0.0,0.0,0.0,0.0
0.0,0.0,0.0,0.0,0.0,0.0,0.0,0.0
0.0,0.0,0.0,0.0,0.0,0.0,0.0,0.0
0.0,0.0,0.0,0.0,0.0,0.0,0.0,0.0
0.0,0.0,0.0,0.0,0.0,0.0,0.0,0.0
0.0,0.0,0.0,0.0,0.0,0.0,0.0,0.0
0.0,0.0,0.0,0.0,0.0,0.0,0.0,0.0
0.0,0.0,0.0,0.0,0.0,0.0,0.0,0.0
0.0,0.0,0.0,0.0,0.0,0.0,0.0,0.0
0.0,0.0,0.0,0.0,0.0,0.0,0.0,0.0
0.0,0.0,0.0,0.0,0.0,0.0,0.0,0.0
0.0,0.0,0.0,0.0,0.0,0.0,0.0,0.0
0.0,0.0,0.0,0.0,0.0,0.0,0.0,0.0
0.0,0.0,0.0,0.0,0.0,0.0,0.0,0.0
0.0,0.0,0.0,0.0,0.0,0.0,0.0,0.0
0.0,0.0,0.0,0.0,0.0,0.0,0.0,0.0
0.0,0.0,0.0,0.0,0.0,0.0,0.0,0.0
0.0,0.0,0.0,0.0,0.0,0.0,0.0,0.0
31.3,31.3,31.3,31.3,31.3,31.3,31.3,31.3
31.3,31.3,31.3,31.3,31.3,31.3,31.3,31.3
31.3,31.3,31.3,31.3,31.3,31.3,31.3,31.3
31.3,31.3,31.3,31.3,31.3,31.3,31.3,31.3
55.4,55.4,55.4,55.4,55.4,55.4,55.4,55.4
55.4,55.4,55.4,55.4,55.4,55.4,55.4,55.4
55.4,55.4,55.4,55.4,55.4,55.4,55.4,55.4
55.4,55.4,55.4,55.4,55.4,55.4,55.4,55.4
85.5,63.7,170.4,61.7,92.9,90.2,123.5,72.9
85.5,63.7,170.4,61.7,92.9,90.2,123.5,72.9
85.5,63.7,170.4,61.7,92.9,90.2,123.5,72.9
85.5,63.7,170.4,61.7,92.9,90.2,123.5,72.9
86.8,64.7,173.1,62.8,95.0,91.2,125.3,74.3
86.8,64.7,173.1,62.8,95.0,91.2,125.3,74.3
86.8,64.7,173.1,62.8,95.0,91.2,125.3,74.3
86.8,64.7,173.1,62.8,95.0,91.2,125.3,74.3
89.9,67.2,179.7,65.7,100.3,93.8,129.9,77.9
89.9,67.2,179.7,65.7,100.3,93.8,129.9,77.9
89.9,67.2,179.7,65.7,100.3,93.8,129.9,77.9
89.9,67.2,179.7,65.7,100.3,93.8,129.9,1992.0
91.8,68.7,183.7,67.4,103.5,95.3,132.7,1994.1
91.8,225.7,208.7,67.4,218.7,95.3,132.7,1994.1
91.8,225.7,208.7,67.4,218.7,95.3,132.7,80.1
91.8,68.7,183.7,78.8,218.7,95.3,132.7,80.1
313.5,67.2,179.7,77.1,100.3,93.8,129.9,77.9
313.5,67.2,179.7,65.7,100.3,93.8,129.9,77.9
313.5,67.2,179.7,65.7,100.3,93.8,129.9,77.9
89.9,67.2,179.7,65.7,100.3,93.8,129.9,77.9
90.5,67.7,181.0,66.2,101.4,94.3,130.8,78.7
90.5,67.7,181.0,66.2,101.4,94.3,130.8,78.7
90.5,67.7,181.0,66.2,101.4,94.3,130.8,78.7
90.5,67.7,181.0,66.2,101.4,94.3,130.8,78.7
92.4,69.2,185.0,67.9,104.5,95.8,133.6,80.8
92.4,69.2,185.0,67.9,104.5,95.8,133.6,80.8
92.4,69.2,185.0,67.9,104.5,95.8,133.6,80.8
92.4,69.2,185.0,67.9,104.5,95.8,133.6,80.8
0.0,0.0,0.0,0.0,0.0,0.0,0.0,0.0
0.0,0.0,0.0,0.0,0.0,0.0,0.0,0.0
0.0,0.0,0.0,0.0,0.0,0.0,0.0,0.0
0.0,0.0,0.0,0.0,0.0,0.0,0.0,0.0
0.0,0.0,0.0,0.0,0.0,0.0,0.0,0.0
0.0,0.0,0.0,0.0,0.0,0.0,0.0,0.0
0.0,0.0,0.0,0.0,0.0,0.0,0.0,0.0
0.0,0.0,0.0,0.0,0.0,0.0,0.0,0.0
0.0,0.0,0.0,0.0,0.0,0.0,0.0,0.0
0.0,0.0,0.0,0.0,0.0,0.0,0.0,0.0
0.0,0.0,0.0,0.0,0.0,0.0,0.0,0.0
0.0,0.0,0.0,0.0,0.0,0.0,0.0,0.0
0.0,0.0,0.0,0.0,0.0,0.0,0.0,0.0
0.0,0.0,0.0,0.0,0.0,0.0,0.0,0.0
0.0,0.0,0.0,0.0,0.0,0.0,0.0,0.0
0.0,0.0,0.0,0.0,0.0,0.0,0.0,0.0
0.0,0.0,0.0,0.0,0.0,0.0,0.0,0.0
0.0,0.0,0.0,0.0,0.0,0.0,0.0,0.0
0.0,0.0,0.0,0.0,0.0,0.0,0.0,0.0
0.0,0.0,0.0,0.0,0.0,0.0,0.0,0.0
0.0,0.0,0.0,0.0,0.0,0.0,0.0,0.0
0.0,0.0,0.0,0.0,0.0,0.0,0.0,0.0
0.0,0.0,0.0,0.0,0.0,0.0,0.0,0.0
0.0,0.0,0.0,0.0,0.0,0.0,0.0,0.0
0.0,0.0,0.0,0.0,0.0,0.0,0.0,0.0
0.0,0.0,0.0,0.0,0.0,0.0,0.0,0.0
0.0,0.0,0.0,0.0,0.0,0.0,0.0,0.0
0.0,0.0,0.0,0.0,0.0,0.0,0.0,0.0
0.0,0.0,0.0,0.0,0.0,0.0,0.0,0.0
0.0,0.0,0.0,0.0,0.0,0.0,0.0,0.0
0.0,0.0,0.0,0.0,0.0,0.0,0.0,0.0
0.0,0.0,0.0,0.0,0.0,0.0,0.0,0.0
0.0,0.0,0.0,0.0,0.0,0.0,0.0,0.0
0.0,0.0,0.0,0.0,0.0,0.0,0.0,0.0
0.0,0.0,0.0,0.0,0.0,0.0,0.0,0.0
0.0,0.0,0.0,0.0,0.0,0.0,0.0,0.0
0.0,0.0,0.0,0.0,0.0,0.0,0.0,0.0
0.0,0.0,0.0,0.0,0.0,0.0,0.0,0.0
0.0,0.0,0.0,0.0,0.0,0.0,0.0,0.0
0.0,0.0,0.0,0.0,0.0,0.0,0.0,0.0
0.0,0.0,0.0,0.0,0.0,0.0,0.0,0.0
0.0,0.0,0.0,0.0,0.0,0.0,0.0,0.0
0.0,0.0,0.0,0.0,0.0,0.0,0.0,0.0
0.0,0.0,0.0,0.0,0.0,0.0,0.0,0.0
0.0,0.0,0.0,0.0,0.0,0.0,0.0,0.0
0.0,0.0,0.0,0.0,0.0,0.0,0.0,0.0
0.0,0.0,0.0,0.0,0.0,0.0,0.0,0.0
0.0,0.0,0.0,0.0,0.0,0.0,0.0,0.0
0.0,0.0,0.0,0.0,0.0,0.0,0.0,0.0
0.0,0.0,0.0,0.0,0.0,0.0,0.0,0.0
0.0,0.0,0.0,0.0,0.0,0.0,0.0,0.0
0.0,0.0,0.0,0.0,0.0,0.0,0.0,0.0
0.0,0.0,0.0,0.0,0.0,0.0,0.0,0.0
0.0,0.0,0.0,0.0,0.0,0.0,0.0,0.0
0.0,0.0,0.0,0.0,0.0,0.0,0.0,0.0
0.0,0.0,0.0,0.0,0.0,0.0,0.0,0.0
0.0,0.0,0.0,0.0,0.0,0.0,0.0,0.0
0.0,0.0,0.0,0.0,0.0,0.0,0.0,0.0
0.0,0.0,0.0,0.0,0.0,0.0,0.0,0.0
0.0,0.0,0.0,0.0,0.0,0.0,0.0,0.0
6.0,6.0,6.0,6.0,6.0,6.0,6.0,6.0
6.0,6.0,6.0,6.0,6.0,6.0,6.0,6.0
6.0,6.0,6.0,6.0,6.0,6.0,6.0,6.0
6.0,6.0,6.0,6.0,6.0,6.0,6.0,6.0
13.8,13.8,13.8,13.8,13.8,13.8,13.8,13.8
13.8,13.8,13.8,13.8,13.8,13.8,13.8,13.8
13.8,13.8,13.8,13.8,13.8,13.8,13.8,13.8
13.8,13.8,13.8,13.8,13.8,13.8,13.8,13.8
85.5,63.7,170.4,61.7,92.9,90.2,123.5,72.9
85.5,63.7,170.4,61.7,92.9,90.2,123.5,72.9
85.5,63.7,170.4,61.7,92.9,90.2,123.5,72.9
85.5,63.7,170.4,61.7,92.9,90.2,123.5,72.9
24.8,24.8,24.8,24.8,24.8,24.8,24.8,24.8
24.8,24.8,24.8,24.8,24.8,24.8,24.8,24.8
24.8,24.8,24.8,24.8,24.8,24.8,24.8,24.8
24.8,24.8,24.8,24.8,24.8,24.8,24.8,24.8
58.8,58.8,58.8,58.8,58.8,58.8,58.8,58.8
58.8,58.8,58.8,58.8,58.8,58.8,58.8,58.8
58.8,58.8,58.8,58.8,58.8,58.8,58.8,58.8
58.8,58.8,58.8,58.8,58.8,58.8,58.8,58.8
141.1,68.7,110.3,146.4,103.5,95.3,107.9,80.1
128.1,68.7,108.9,131.4,103.5,95.3,107.4,109.9
133.0,68.7,108.6,127.5,103.5,95.3,107.3,109.4
214.6,68.7,114.5,67.4,103.5,95.3,109.3,80.1
291.2,67.2,370.7,88.6,100.3,93.8,129.9,77.9
517.9,67.2,167.0,65.7,100.3,93.8,129.9,77.9
517.9,67.2,167.0,65.7,100.3,93.8,129.9,77.9
89.9,67.2,179.7,65.7,100.3,93.8,129.9,77.9
90.5,67.7,181.0,66.2,101.4,94.3,130.8,78.7
90.5,67.7,181.0,66.2,101.4,94.3,130.8,78.7
90.5,67.7,181.0,66.2,101.4,94.3,130.8,78.7
90.5,67.7,181.0,66.2,101.4,94.3,130.8,78.7
92.4,69.2,185.0,67.9,104.5,95.8,133.6,80.8
92.4,69.2,185.0,67.9,104.5,95.8,133.6,80.8
92.4,69.2,185.0,67.9,104.5,95.8,133.6,80.8
92.4,69.2,185.0,67.9,104.5,95.8,133.6,80.8
0.0,0.0,0.0,0.0,0.0,0.0,0.0,0.0
0.0,0.0,0.0,0.0,0.0,0.0,0.0,0.0
0.0,0.0,0.0,0.0,0.0,0.0,0.0,0.0
0.0,0.0,0.0,0.0,0.0,0.0,0.0,0.0
0.0,0.0,0.0,0.0,0.0,0.0,0.0,0.0
0.0,0.0,0.0,0.0,0.0,0.0,0.0,0.0
0.0,0.0,0.0,0.0,0.0,0.0,0.0,0.0
0.0,0.0,0.0,0.0,0.0,0.0,0.0,0.0
0.0,0.0,0.0,0.0,0.0,0.0,0.0,0.0
0.0,0.0,0.0,0.0,0.0,0.0,0.0,0.0
0.0,0.0,0.0,0.0,0.0,0.0,0.0,0.0
0.0,0.0,0.0,0.0,0.0,0.0,0.0,0.0
0.0,0.0,0.0,0.0,0.0,0.0,0.0,0.0
0.0,0.0,0.0,0.0,0.0,0.0,0.0,0.0
0.0,0.0,0.0,0.0,0.0,0.0,0.0,0.0
0.0,0.0,0.0,0.0,0.0,0.0,0.0,0.0
0.0,0.0,0.0,0.0,0.0,0.0,0.0,0.0
0.0,0.0,0.0,0.0,0.0,0.0,0.0,0.0
0.0,0.0,0.0,0.0,0.0,0.0,0.0,0.0
0.0,0.0,0.0,0.0,0.0,0.0,0.0,0.0
0.0,0.0,0.0,0.0,0.0,0.0,0.0,0.0
0.0,0.0,0.0,0.0,0.0,0.0,0.0,0.0
0.0,0.0,0.0,0.0,0.0,0.0,0.0,0.0
0.0,0.0,0.0,0.0,0.0,0.0,0.0,0.0
0.0,0.0,0.0,0.0,0.0,0.0,0.0,0.0
0.0,0.0,0.0,0.0,0.0,0.0,0.0,0.0
0.0,0.0,0.0,0.0,0.0,0.0,0.0,0.0
0.0,0.0,0.0,0.0,0.0,0.0,0.0,0.0
0.0,0.0,0.0,0.0,0.0,0.0,0.0,0.0
0.0,0.0,0.0,0.0,0.0,0.0,0.0,0.0
0.0,0.0,0.0,0.0,0.0,0.0,0.0,0.0
0.0,0.0,0.0,0.0,0.0,0.0,0.0,0.0
0.0,0.0,0.0,0.0,0.0,0.0,0.0,0.0
0.0,0.0,0.0,0.0,0.0,0.0,0.0,0.0
0.0,0.0,0.0,0.0,0.0,0.0,0.0,0.0
0.0,0.0,0.0,0.0,0.0,0.0,0.0,0.0
0.0,0.0,0.0,0.0,0.0,0.0,0.0,0.0
0.0,0.0,0.0,0.0,0.0,0.0,0.0,0.0
0.0,0.0,0.0,0.0,0.0,0.0,0.0,0.0
0.0,0.0,0.0,0.0,0.0,0.0,0.0,0.0
0.0,0.0,0.0,0.0,0.0,0.0,0.0,0.0
0.0,0.0,0.0,0.0,0.0,0.0,0.0,0.0
0.0,0.0,0.0,0.0,0.0,0.0,0.0,0.0
0.0,0.0,0.0,0.0,0.0,0.0,0.0,0.0
0.0,0.0,0.0,0.0,0.0,0.0,0.0,0.0
0.0,0.0,0.0,0.0,0.0,0.0,0.0,0.0
0.0,0.0,0.0,0.0,0.0,0.0,0.0,0.0
0.0,0.0,0.0,0.0,0.0,0.0,0.0,0.0
0.0,0.0,0.0,0.0,0.0,0.0,0.0,0.0
0.0,0.0,0.0,0.0,0.0,0.0,0.0,0.0
0.0,0.0,0.0,0.0,0.0,0.0,0.0,0.0
0.0,0.0,0.0,0.0,0.0,0.0,0.0,0.0
0.0,0.0,0.0,0.0,0.0,0.0,0.0,0.0
0.0,0.0,0.0,0.0,0.0,0.0,0.0,0.0
0.0,0.0,0.0,0.0,0.0,0.0,0.0,0.0
0.0,0.0,0.0,0.0,0.0,0.0,0.0,0.0
0.0,0.0,0.0,0.0,0.0,0.0,0.0,0.0
0.0,0.0,0.0,0.0,0.0,0.0,0.0,0.0
0.0,0.0,0.0,0.0,0.0,0.0,0.0,0.0
0.0,0.0,0.0,0.0,0.0,0.0,0.0,0.0
0.0,0.0,0.0,0.0,0.0,0.0,0.0,0.0
0.0,0.0,0.0,0.0,0.0,0.0,0.0,0.0
0.0,0.0,0.0,0.0,0.0,0.0,0.0,0.0
0.0,0.0,0.0,0.0,0.0,0.0,0.0,0.0
46.9,46.9,46.9,46.9,46.9,46.9,46.9,46.9
46.9,46.9,46.9,46.9,46.9,46.9,46.9,46.9
46.9,46.9,46.9,46.9,46.9,46.9,46.9,46.9
46.9,46.9,46.9,46.9,46.9,46.9,46.9,46.9
85.5,63.7,170.4,61.7,92.9,90.2,123.5,72.9
85.5,63.7,170.4,61.7,92.9,90.2,123.5,72.9
85.5,63.7,170.4,61.7,92.9,90.2,123.5,72.9
85.5,63.7,170.4,61.7,92.9,90.2,123.5,72.9
86.8,64.7,173.1,62.8,95.0,91.2,125.3,74.3
86.8,64.7,173.1,62.8,95.0,91.2,125.3,74.3
86.8,64.7,173.1,62.8,95.0,91.2,125.3,74.3
86.8,64.7,173.1,62.8,95.0,91.2,125.3,74.3
89.9,67.2,179.7,65.7,100.3,93.8,129.9,77.9
89.9,67.2,179.7,65.7,100.3,93.8,129.9,77.9
89.9,67.2,179.7,65.7,100.3,93.8,129.9,77.9
89.9,67.2,179.7,547.0,100.3,93.8,129.9,77.9
91.8,68.7,200.3,67.4,276.3,95.3,132.7,80.1
91.8,68.7,200.3,67.4,276.3,95.3,132.7,80.1
91.8,68.7,200.3,67.4,103.5,95.3,132.7,80.1
91.8,68.7,183.7,67.4,103.5,95.3,289.3,171.2
89.9,579.2,179.7,65.7,100.3,149.4,197.0,169.1
89.9,67.2,179.7,65.7,100.3,93.8,286.5,169.1
89.9,67.2,179.7,65.7,100.3,93.8,129.9,77.9
89.9,67.2,369.4,65.7,100.3,93.8,129.9,77.9
82.0,67.7,105.0,66.2,82.9,82.3,85.3,78.7
82.0,67.7,105.0,66.2,82.9,82.3,85.3,78.7
82.0,67.7,105.0,66.2,82.9,82.3,85.3,78.7
82.0,67.7,105.0,66.2,82.9,82.3,85.3,78.7
92.4,69.2,374.7,67.9,104.5,95.8,133.6,80.8
92.4,69.2,374.7,67.9,104.5,95.8,133.6,80.8
92.4,69.2,185.0,67.9,104.5,95.8,133.6,80.8
92.4,69.2,185.0,67.9,104.5,95.8,133.6,80.8
0.0,0.0,0.0,0.0,0.0,0.0,0.0,0.0
0.0,0.0,0.0,0.0,0.0,0.0,0.0,0.0
0.0,0.0,0.0,0.0,0.0,0.0,0.0,0.0
0.0,0.0,0.0,0.0,0.0,0.0,0.0,0.0
0.0,0.0,0.0,0.0,0.0,0.0,0.0,0.0
0.0,0.0,0.0,0.0,0.0,0.0,0.0,0.0
0.0,0.0,0.0,0.0,0.0,0.0,0.0,0.0
0.0,0.0,0.0,0.0,0.0,0.0,0.0,0.0
0.0,0.0,0.0,0.0,0.0,0.0,0.0,0.0
0.0,0.0,0.0,0.0,0.0,0.0,0.0,0.0
0.0,0.0,0.0,0.0,0.0,0.0,0.0,0.0
0.0,0.0,0.0,0.0,0.0,0.0,0.0,0.0
0.0,0.0,0.0,0.0,0.0,0.0,0.0,0.0
0.0,0.0,0.0,0.0,0.0,0.0,0.0,0.0
0.0,0.0,0.0,0.0,0.0,0.0,0.0,0.0
0.0,0.0,0.0,0.0,0.0,0.0,0.0,0.0
0.0,0.0,0.0,0.0,0.0,0.0,0.0,0.0
0.0,0.0,0.0,0.0,0.0,0.0,0.0,0.0
0.0,0.0,0.0,0.0,0.0,0.0,0.0,0.0
0.0,0.0,0.0,0.0,0.0,0.0,0.0,0.0
0.0,0.0,0.0,0.0,0.0,0.0,0.0,0.0
0.0,0.0,0.0,0.0,0.0,0.0,0.0,0.0
0.0,0.0,0.0,0.0,0.0,0.0,0.0,0.0
0.0,0.0,0.0,0.0,0.0,0.0,0.0,0.0
0.0,0.0,0.0,0.0,0.0,0.0,0.0,0.0
0.0,0.0,0.0,0.0,0.0,0.0,0.0,0.0
0.0,0.0,0.0,0.0,0.0,0.0,0.0,0.0
0.0,0.0,0.0,0.0,0.0,0.0,0.0,0.0
0.0,0.0,0.0,0.0,0.0,0.0,0.0,0.0
0.0,0.0,0.0,0.0,0.0,0.0,0.0,0.0
0.0,0.0,0.0,0.0,0.0,0.0,0.0,0.0
0.0,0.0,0.0,0.0,0.0,0.0,0.0,0.0
0.0,0.0,0.0,0.0,0.0,0.0,0.0,0.0
0.0,0.0,0.0,0.0,0.0,0.0,0.0,0.0
0.0,0.0,0.0,0.0,0.0,0.0,0.0,0.0
0.0,0.0,0.0,0.0,0.0,0.0,0.0,0.0
0.0,0.0,0.0,0.0,0.0,0.0,0.0,0.0
0.0,0.0,0.0,0.0,0.0,0.0,0.0,0.0
0.0,0.0,0.0,0.0,0.0,0.0,0.0,0.0
0.0,0.0,0.0,0.0,0.0,0.0,0.0,0.0
0.0,0.0,0.0,0.0,0.0,0.0,0.0,0.0
0.0,0.0,0.0,0.0,0.0,0.0,0.0,0.0
0.0,0.0,0.0,0.0,0.0,0.0,0.0,0.0
0.0,0.0,0.0,0.0,0.0,0.0,0.0,0.0
0.0,0.0,0.0,0.0,0.0,0.0,0.0,0.0
0.0,0.0,0.0,0.0,0.0,0.0,0.0,0.0
0.0,0.0,0.0,0.0,0.0,0.0,0.0,0.0
0.0,0.0,0.0,0.0,0.0,0.0,0.0,0.0
0.0,0.0,0.0,0.0,0.0,0.0,0.0,0.0
0.0,0.0,0.0,0.0,0.0,0.0,0.0,0.0
0.0,0.0,0.0,0.0,0.0,0.0,0.0,0.0
0.0,0.0,0.0,0.0,0.0,0.0,0.0,0.0
0.0,0.0,0.0,0.0,0.0,0.0,0.0,0.0
0.0,0.0,0.0,0.0,0.0,0.0,0.0,0.0
0.0,0.0,0.0,0.0,0.0,0.0,0.0,0.0
0.0,0.0,0.0,0.0,0.0,0.0,0.0,0.0
0.0,0.0,0.0,0.0,0.0,0.0,0.0,0.0
0.0,0.0,0.0,0.0,0.0,0.0,0.0,0.0
0.0,0.0,0.0,0.0,0.0,0.0,0.0,0.0
0.0,0.0,0.0,0.0,0.0,0.0,0.0,0.0
6.1,6.1,6.1,6.1,6.1,6.1,6.1,6.1
6.1,6.1,6.1,6.1,6.1,6.1,6.1,6.1
6.1,6.1,6.1,6.1,6.1,6.1,6.1,6.1
6.1,6.1,6.1,6.1,6.1,6.1,6.1,6.1
83.8,75.6,76.4,60.0,79.7,79.1,75.8,70.7
76.7,62.2,92.2,60.0,77.9,77.7,83.7,70.7
76.7,62.2,92.2,60.0,77.9,77.7,83.7,70.7
76.7,62.2,92.2,60.0,77.9,77.7,83.7,70.7
85.5,63.7,170.4,61.7,92.9,90.2,123.5,72.9
85.5,63.7,170.4,61.7,92.9,90.2,123.5,72.9
85.5,63.7,170.4,61.7,92.9,90.2,123.5,72.9
85.5,63.7,170.4,61.7,92.9,90.2,123.5,72.9
86.8,64.7,173.1,62.8,95.0,91.2,125.3,74.3
86.8,64.7,173.1,62.8,95.0,91.2,125.3,74.3
86.8,64.7,173.1,62.8,95.0,91.2,3066.5,74.3
86.8,64.7,173.1,62.8,95.0,91.2,3066.5,74.3
89.9,67.2,204.7,65.7,100.3,93.8,129.9,77.9
89.9,67.2,669.7,65.7,100.3,93.8,129.9,77.9
89.9,171.8,644.7,65.7,100.3,93.8,129.9,77.9
89.9,171.8,644.7,65.7,100.3,93.8,129.9,77.9
762.5,173.3,648.7,67.4,103.5,95.3,132.7,80.1
91.8,68.7,648.7,67.4,449.2,95.3,132.7,80.1
91.8,68.7,648.7,67.4,103.5,95.3,132.7,80.1
91.8,68.7,648.7,67.4,103.5,95.3,132.7,80.1
89.9,67.2,642.4,65.7,100.3,93.8,129.9,77.9
89.9,67.2,179.7,65.7,100.3,93.8,129.9,77.9
89.9,67.2,179.7,65.7,100.3,93.8,129.9,77.9
89.9,67.2,179.7,65.7,100.3,93.8,129.9,77.9
90.5,67.7,181.0,66.2,101.4,94.3,130.8,78.7
90.5,67.7,181.0,66.2,101.4,94.3,130.8,78.7
90.5,67.7,181.0,66.2,101.4,94.3,130.8,78.7
90.5,67.7,181.0,66.2,101.4,94.3,130.8,78.7
18.9,18.9,18.9,18.9,18.9,18.9,18.9,18.9
18.9,18.9,18.9,18.9,18.9,18.9,18.9,18.9
18.9,18.9,18.9,18.9,18.9,18.9,18.9,18.9
18.9,18.9,18.9,18.9,18.9,18.9,18.9,18.9
0.0,0.0,0.0,0.0,0.0,0.0,0.0,0.0
0.0,0.0,0.0,0.0,0.0,0.0,0.0,0.0
0.0,0.0,0.0,0.0,0.0,0.0,0.0,0.0
0.0,0.0,0.0,0.0,0.0,0.0,0.0,0.0
0.0,0.0,0.0,0.0,0.0,0.0,0.0,0.0
0.0,0.0,0.0,0.0,0.0,0.0,0.0,0.0
0.0,0.0,0.0,0.0,0.0,0.0,0.0,0.0
0.0,0.0,0.0,0.0,0.0,0.0,0.0,0.0
0.0,0.0,0.0,0.0,0.0,0.0,0.0,0.0
0.0,0.0,0.0,0.0,0.0,0.0,0.0,0.0
0.0,0.0,0.0,0.0,0.0,0.0,0.0,0.0
0.0,0.0,0.0,0.0,0.0,0.0,0.0,0.0
0.0,0.0,0.0,0.0,0.0,0.0,0.0,0.0
0.0,0.0,0.0,0.0,0.0,0.0,0.0,0.0
0.0,0.0,0.0,0.0,0.0,0.0,0.0,0.0
0.0,0.0,0.0,0.0,0.0,0.0,0.0,0.0
0.0,0.0,0.0,0.0,0.0,0.0,0.0,0.0
0.0,0.0,0.0,0.0,0.0,0.0,0.0,0.0
0.0,0.0,0.0,0.0,0.0,0.0,0.0,0.0
0.0,0.0,0.0,0.0,0.0,0.0,0.0,0.0
0.0,0.0,0.0,0.0,0.0,0.0,0.0,0.0
0.0,0.0,0.0,0.0,0.0,0.0,0.0,0.0
0.0,0.0,0.0,0.0,0.0,0.0,0.0,0.0
0.0,0.0,0.0,0.0,0.0,0.0,0.0,0.0
0.0,0.0,0.0,0.0,0.0,0.0,0.0,0.0
0.0,0.0,0.0,0.0,0.0,0.0,0.0,0.0
0.0,0.0,0.0,0.0,0.0,0.0,0.0,0.0
0.0,0.0,0.0,0.0,0.0,0.0,0.0,0.0
0.0,0.0,0.0,0.0,0.0,0.0,0.0,0.0
0.0,0.0,0.0,0.0,0.0,0.0,0.0,0.0
0.0,0.0,0.0,0.0,0.0,0.0,0.0,0.0
0.0,0.0,0.0,0.0,0.0,0.0,0.0,0.0
0.0,0.0,0.0,0.0,0.0,0.0,0.0,0.0
0.0,0.0,0.0,0.0,0.0,0.0,0.0,0.0
0.0,0.0,0.0,0.0,0.0,0.0,0.0,0.0
0.0,0.0,0.0,0.0,0.0,0.0,0.0,0.0
0.0,0.0,0.0,0.0,0.0,0.0,0.0,0.0
0.0,0.0,0.0,0.0,0.0,0.0,0.0,0.0
0.0,0.0,0.0,0.0,0.0,0.0,0.0,0.0
0.0,0.0,0.0,0.0,0.0,0.0,0.0,0.0
0.0,0.0,0.0,0.0,0.0,0.0,0.0,0.0
0.0,0.0,0.0,0.0,0.0,0.0,0.0,0.0
0.0,0.0,0.0,0.0,0.0,0.0,0.0,0.0
0.0,0.0,0.0,0.0,0.0,0.0,0.0,0.0
0.0,0.0,0.0,0.0,0.0,0.0,0.0,0.0
0.0,0.0,0.0,0.0,0.0,0.0,0.0,0.0
0.0,0.0,0.0,0.0,0.0,0.0,0.0,0.0
0.0,0.0,0.0,0.0,0.0,0.0,0.0,0.0
0.0,0.0,0.0,0.0,0.0,0.0,0.0,0.0
0.0,0.0,0.0,0.0,0.0,0.0,0.0,0.0
0.0,0.0,0.0,0.0,0.0,0.0,0.0,0.0
0.0,0.0,0.0,0.0,0.0,0.0,0.0,0.0
0.0,0.0,0.0,0.0,0.0,0.0,0.0,0.0
0.0,0.0,0.0,0.0,0.0,0.0,0.0,0.0
0.0,0.0,0.0,0.0,0.0,0.0,0.0,0.0
0.0,0.0,0.0,0.0,0.0,0.0,0.0,0.0
0.0,0.0,0.0,0.0,0.0,0.0,0.0,0.0
0.0,0.0,0.0,0.0,0.0,0.0,0.0,0.0
0.0,0.0,0.0,0.0,0.0,0.0,0.0,0.0
0.0,0.0,0.0,0.0,0.0,0.0,0.0,0.0
6.1,6.1,6.1,6.1,6.1,6.1,6.1,6.1
6.1,6.1,6.1,6.1,6.1,6.1,6.1,6.1
6.1,6.1,6.1,6.1,6.1,6.1,6.1,6.1
6.1,6.1,6.1,6.1,6.1,6.1,6.1,6.1
9.6,9.6,9.6,9.6,9.6,9.6,9.6,9.6
9.6,9.6,9.6,9.6,9.6,9.6,9.6,9.6
9.6,9.6,9.6,9.6,9.6,9.6,9.6,9.6
9.6,9.6,9.6,9.6,9.6,9.6,9.6,9.6
37.2,37.2,37.2,37.2,37.2,37.2,37.2,37.2
37.2,37.2,37.2,37.2,37.2,37.2,37.2,37.2
37.2,37.2,37.2,37.2,37.2,37.2,37.2,37.2
37.2,37.2,37.2,37.2,37.2,37.2,37.2,37.2
82.9,64.7,105.3,62.8,85.0,84.0,92.9,74.3
82.9,64.7,105.3,62.8,85.0,84.0,92.9,74.3
82.9,64.7,105.3,62.8,85.0,84.0,92.9,74.3
82.9,64.7,105.3,62.8,85.0,84.0,92.9,74.3
89.2,67.2,122.5,65.7,93.0,90.6,104.0,77.9
88.9,67.2,101.9,65.7,90.4,89.5,128.6,77.9
88.9,67.2,101.9,65.7,90.4,89.5,128.6,77.9
89.2,67.2,122.5,65.7,93.0,90.6,104.0,77.9
91.8,68.7,183.7,67.4,103.5,95.3,132.7,80.1
91.8,68.7,183.7,67.4,103.5,95.3,132.7,80.1
3567.7,173.3,183.7,67.4,103.5,95.3,132.7,353.5
3841.1,173.3,183.7,67.4,103.5,95.3,132.7,80.1
4785.2,171.8,179.7,65.7,100.3,93.8,129.9,77.9
89.9,67.2,179.7,65.7,100.3,93.8,129.9,77.9
89.9,67.2,1023.7,65.7,100.3,93.8,129.9,77.9
89.9,67.2,1023.7,65.7,100.3,93.8,129.9,77.9
90.5,67.7,1025.0,66.2,101.4,94.3,130.8,78.7
90.5,67.7,1025.0,66.2,101.4,94.3,130.8,78.7
90.5,67.7,1025.0,66.2,101.4,94.3,130.8,78.7
90.5,67.7,181.0,66.2,101.4,94.3,130.8,78.7
31.9,31.9,31.9,31.9,31.9,31.9,31.9,31.9
31.9,31.9,31.9,31.9,31.9,31.9,31.9,31.9
31.9,31.9,31.9,31.9,31.9,31.9,31.9,31.9
31.9,31.9,31.9,31.9,31.9,31.9,31.9,31.9
0.0,0.0,0.0,0.0,0.0,0.0,0.0,0.0
0.0,0.0,0.0,0.0,0.0,0.0,0.0,0.0
0.0,0.0,0.0,0.0,0.0,0.0,0.0,0.0
0.0,0.0,0.0,0.0,0.0,0.0,0.0,0.0
0.0,0.0,0.0,0.0,0.0,0.0,0.0,0.0
0.0,0.0,0.0,0.0,0.0,0.0,0.0,0.0
0.0,0.0,0.0,0.0,0.0,0.0,0.0,0.0
0.0,0.0,0.0,0.0,0.0,0.0,0.0,0.0
0.0,0.0,0.0,0.0,0.0,0.0,0.0,0.0
0.0,0.0,0.0,0.0,0.0,0.0,0.0,0.0
0.0,0.0,0.0,0.0,0.0,0.0,0.0,0.0
0.0,0.0,0.0,0.0,0.0,0.0,0.0,0.0
0.0,0.0,0.0,0.0,0.0,0.0,0.0,0.0
0.0,0.0,0.0,0.0,0.0,0.0,0.0,0.0
0.0,0.0,0.0,0.0,0.0,0.0,0.0,0.0
0.0,0.0,0.0,0.0,0.0,0.0,0.0,0.0
0.0,0.0,0.0,0.0,0.0,0.0,0.0,0.0
0.0,0.0,0.0,0.0,0.0,0.0,0.0,0.0
0.0,0.0,0.0,0.0,0.0,0.0,0.0,0.0
0.0,0.0,0.0,0.0,0.0,0.0,0.0,0.0
0.0,0.0,0.0,0.0,0.0,0.0,0.0,0.0
0.0,0.0,0.0,0.0,0.0,0.0,0.0,0.0
0.0,0.0,0.0,0.0,0.0,0.0,0.0,0.0
0.0,0.0,0.0,0.0,0.0,0.0,0.0,0.0
0.0,0.0,0.0,0.0,0.0,0.0,0.0,0.0
0.0,0.0,0.0,0.0,0.0,0.0,0.0,0.0
0.0,0.0,0.0,0.0,0.0,0.0,0.0,0.0
0.0,0.0,0.0,0.0,0.0,0.0,0.0,0.0
0.0,0.0,0.0,0.0,0.0,0.0,0.0,0.0
0.0,0.0,0.0,0.0,0.0,0.0,0.0,0.0
0.0,0.0,0.0,0.0,0.0,0.0,0.0,0.0
0.0,0.0,0.0,0.0,0.0,0.0,0.0,0.0
0.0,0.0,0.0,0.0,0.0,0.0,0.0,0.0
0.0,0.0,0.0,0.0,0.0,0.0,0.0,0.0
0.0,0.0,0.0,0.0,0.0,0.0,0.0,0.0
0.0,0.0,0.0,0.0,0.0,0.0,0.0,0.0
0.0,0.0,0.0,0.0,0.0,0.0,0.0,0.0
0.0,0.0,0.0,0.0,0.0,0.0,0.0,0.0
0.0,0.0,0.0,0.0,0.0,0.0,0.0,0.0
0.0,0.0,0.0,0.0,0.0,0.0,0.0,0.0
0.0,0.0,0.0,0.0,0.0,0.0,0.0,0.0
0.0,0.0,0.0,0.0,0.0,0.0,0.0,0.0
0.0,0.0,0.0,0.0,0.0,0.0,0.0,0.0
0.0,0.0,0.0,0.0,0.0,0.0,0.0,0.0
0.0,0.0,0.0,0.0,0.0,0.0,0.0,0.0
0.0,0.0,0.0,0.0,0.0,0.0,0.0,0.0
0.0,0.0,0.0,0.0,0.0,0.0,0.0,0.0
0.0,0.0,0.0,0.0,0.0,0.0,0.0,0.0
0.0,0.0,0.0,0.0,0.0,0.0,0.0,0.0
0.0,0.0,0.0,0.0,0.0,0.0,0.0,0.0
0.0,0.0,0.0,0.0,0.0,0.0,0.0,0.0
0.0,0.0,0.0,0.0,0.0,0.0,0.0,0.0
0.0,0.0,0.0,0.0,0.0,0.0,0.0,0.0
0.0,0.0,0.0,0.0,0.0,0.0,0.0,0.0
0.0,0.0,0.0,0.0,0.0,0.0,0.0,0.0
0.0,0.0,0.0,0.0,0.0,0.0,0.0,0.0
0.0,0.0,0.0,0.0,0.0,0.0,0.0,0.0
0.0,0.0,0.0,0.0,0.0,0.0,0.0,0.0
0.0,0.0,0.0,0.0,0.0,0.0,0.0,0.0
0.0,0.0,0.0,0.0,0.0,0.0,0.0,0.0
29.3,29.3,29.3,29.3,29.3,29.3,29.3,29.3
29.3,29.3,29.3,29.3,29.3,29.3,29.3,29.3
29.3,29.3,29.3,29.3,29.3,29.3,29.3,29.3
29.3,29.3,29.3,29.3,29.3,29.3,29.3,29.3
65.6,68.8,66.3,60.0,65.7,65.6,65.9,65.5
65.6,68.8,66.3,60.0,65.7,65.6,65.9,65.5
65.6,68.8,66.3,60.0,65.7,65.6,65.9,65.5
65.6,68.8,66.3,60.0,65.7,65.6,65.9,65.5
85.5,63.7,170.4,61.7,92.9,90.2,123.5,72.9
85.5,63.7,170.4,61.7,92.9,90.2,123.5,72.9
85.5,63.7,170.4,61.7,92.9,90.2,123.5,72.9
85.5,63.7,170.4,61.7,92.9,90.2,123.5,72.9
86.8,64.7,173.1,62.8,95.0,91.2,125.3,74.3
86.8,64.7,173.1,62.8,95.0,91.2,125.3,74.3
86.8,64.7,173.1,62.8,95.0,91.2,125.3,74.3
86.8,64.7,173.1,62.8,95.0,91.2,499.1,74.3
89.9,67.2,446.6,65.7,100.3,93.8,583.6,2074.7
89.9,381.1,443.8,539.3,100.3,93.8,520.3,1353.3
89.9,67.2,450.0,712.3,100.3,93.8,660.2,77.9
425.3,67.2,450.0,712.3,215.5,93.8,503.6,77.9
308.2,68.7,318.7,420.8,218.7,95.3,339.3,80.1
91.8,68.7,367.9,527.4,218.7,95.3,400.0,80.1
91.8,68.7,454.0,714.0,103.5,95.3,132.7,80.1
91.8,68.7,183.7,725.5,103.5,95.3,132.7,80.1
89.9,67.2,179.7,723.8,100.3,93.8,129.9,77.9
89.9,67.2,179.7,712.3,100.3,93.8,129.9,77.9
89.9,67.2,179.7,65.7,100.3,93.8,129.9,77.9
89.9,67.2,179.7,65.7,100.3,93.8,129.9,77.9
90.5,67.7,181.0,66.2,101.4,94.3,130.8,78.7
90.5,67.7,181.0,66.2,101.4,94.3,130.8,78.7
90.5,67.7,181.0,66.2,101.4,94.3,130.8,78.7
90.5,67.7,181.0,66.2,101.4,94.3,130.8,78.7
92.4,69.2,185.0,67.9,104.5,95.8,133.6,80.8
92.4,69.2,185.0,67.9,104.5,95.8,133.6,80.8
92.4,69.2,185.0,67.9,104.5,95.8,133.6,80.8
92.4,69.2,185.0,67.9,104.5,95.8,133.6,80.8
0.0,0.0,0.0,0.0,0.0,0.0,0.0,0.0
0.0,0.0,0.0,0.0,0.0,0.0,0.0,0.0
0.0,0.0,0.0,0.0,0.0,0.0,0.0,0.0
0.0,0.0,0.0,0.0,0.0,0.0,0.0,0.0
0.0,0.0,0.0,0.0,0.0,0.0,0.0,0.0
0.0,0.0,0.0,0.0,0.0,0.0,0.0,0.0
0.0,0.0,0.0,0.0,0.0,0.0,0.0,0.0
0.0,0.0,0.0,0.0,0.0,0.0,0.0,0.0
0.0,0.0,0.0,0.0,0.0,0.0,0.0,0.0
0.0,0.0,0.0,0.0,0.0,0.0,0.0,0.0
0.0,0.0,0.0,0.0,0.0,0.0,0.0,0.0
0.0,0.0,0.0,0.0,0.0,0.0,0.0,0.0
0.0,0.0,0.0,0.0,0.0,0.0,0.0,0.0
0.0,0.0,0.0,0.0,0.0,0.0,0.0,0.0
0.0,0.0,0.0,0.0,0.0,0.0,0.0,0.0
0.0,0.0,0.0,0.0,0.0,0.0,0.0,0.0
0.0,0.0,0.0,0.0,0.0,0.0,0.0,0.0
0.0,0.0,0.0,0.0,0.0,0.0,0.0,0.0
0.0,0.0,0.0,0.0,0.0,0.0,0.0,0.0
0.0,0.0,0.0,0.0,0.0,0.0,0.0,0.0
0.0,0.0,0.0,0.0,0.0,0.0,0.0,0.0
0.0,0.0,0.0,0.0,0.0,0.0,0.0,0.0
0.0,0.0,0.0,0.0,0.0,0.0,0.0,0.0
0.0,0.0,0.0,0.0,0.0,0.0,0.0,0.0
0.0,0.0,0.0,0.0,0.0,0.0,0.0,0.0
0.0,0.0,0.0,0.0,0.0,0.0,0.0,0.0
0.0,0.0,0.0,0.0,0.0,0.0,0.0,0.0
0.0,0.0,0.0,0.0,0.0,0.0,0.0,0.0
0.0,0.0,0.0,0.0,0.0,0.0,0.0,0.0
0.0,0.0,0.0,0.0,0.0,0.0,0.0,0.0
0.0,0.0,0.0,0.0,0.0,0.0,0.0,0.0
0.0,0.0,0.0,0.0,0.0,0.0,0.0,0.0
0.0,0.0,0.0,0.0,0.0,0.0,0.0,0.0
0.0,0.0,0.0,0.0,0.0,0.0,0.0,0.0
0.0,0.0,0.0,0.0,0.0,0.0,0.0,0.0
0.0,0.0,0.0,0.0,0.0,0.0,0.0,0.0
0.0,0.0,0.0,0.0,0.0,0.0,0.0,0.0
0.0,0.0,0.0,0.0,0.0,0.0,0.0,0.0
0.0,0.0,0.0,0.0,0.0,0.0,0.0,0.0
0.0,0.0,0.0,0.0,0.0,0.0,0.0,0.0
0.0,0.0,0.0,0.0,0.0,0.0,0.0,0.0
0.0,0.0,0.0,0.0,0.0,0.0,0.0,0.0
0.0,0.0,0.0,0.0,0.0,0.0,0.0,0.0
0.0,0.0,0.0,0.0,0.0,0.0,0.0,0.0
0.0,0.0,0.0,0.0,0.0,0.0,0.0,0.0
0.0,0.0,0.0,0.0,0.0,0.0,0.0,0.0
0.0,0.0,0.0,0.0,0.0,0.0,0.0,0.0
0.0,0.0,0.0,0.0,0.0,0.0,0.0,0.0
0.0,0.0,0.0,0.0,0.0,0.0,0.0,0.0
0.0,0.0,0.0,0.0,0.0,0.0,0.0,0.0
0.0,0.0,0.0,0.0,0.0,0.0,0.0,0.0
0.0,0.0,0.0,0.0,0.0,0.0,0.0,0.0
0.0,0.0,0.0,0.0,0.0,0.0,0.0,0.0
0.0,0.0,0.0,0.0,0.0,0.0,0.0,0.0
0.0,0.0,0.0,0.0,0.0,0.0,0.0,0.0
0.0,0.0,0.0,0.0,0.0,0.0,0.0,0.0
0.0,0.0,0.0,0.0,0.0,0.0,0.0,0.0
0.0,0.0,0.0,0.0,0.0,0.0,0.0,0.0
0.0,0.0,0.0,0.0,0.0,0.0,0.0,0.0
0.0,0.0,0.0,0.0,0.0,0.0,0.0,0.0
5.2,5.2,5.2,5.2,5.2,5.2,5.2,5.2
5.2,5.2,5.2,5.2,5.2,5.2,5.2,5.2
5.2,5.2,5.2,5.2,5.2,5.2,5.2,5.2
5.2,5.2,5.2,5.2,5.2,5.2,5.2,5.2
7.8,7.8,7.8,7.8,7.8,7.8,7.8,7.8
7.8,7.8,7.8,7.8,7.8,7.8,7.8,7.8
7.8,7.8,7.8,7.8,7.8,7.8,7.8,7.8
7.8,7.8,7.8,7.8,7.8,7.8,7.8,7.8
11.2,11.2,11.2,11.2,11.2,11.2,11.2,11.2
11.2,11.2,11.2,11.2,11.2,11.2,11.2,11.2
11.2,11.2,11.2,11.2,11.2,11.2,11.2,11.2
11.2,11.2,11.2,11.2,11.2,11.2,11.2,11.2
14.6,14.6,14.6,14.6,14.6,14.6,14.6,14.6
14.6,14.6,14.6,14.6,14.6,14.6,14.6,14.6
14.6,14.6,14.6,14.6,14.6,14.6,14.6,14.6
14.6,14.6,14.6,14.6,14.6,14.6,14.6,14.6
52.1,52.1,52.1,52.1,52.1,52.1,52.1,52.1
52.1,52.1,52.1,52.1,52.1,52.1,52.1,52.1
52.1,52.1,52.1,52.1,52.1,52.1,52.1,52.1
52.1,52.1,52.1,52.1,52.1,52.1,52.1,52.1
43.5,43.5,43.5,43.5,43.5,43.5,43.5,43.5
43.5,43.5,43.5,43.5,43.5,43.5,43.5,43.5
43.5,43.5,43.5,43.5,43.5,43.5,43.5,43.5
43.5,43.5,43.5,43.5,43.5,43.5,43.5,43.5
9.4,9.4,9.4,9.4,9.4,9.4,9.4,9.4
9.4,9.4,9.4,9.4,9.4,9.4,9.4,9.4
9.4,9.4,9.4,9.4,9.4,9.4,9.4,9.4
9.4,9.4,9.4,9.4,9.4,9.4,9.4,9.4
10.2,10.2,10.2,10.2,10.2,10.2,10.2,10.2
10.2,10.2,10.2,10.2,10.2,10.2,10.2,10.2
10.2,10.2,10.2,10.2,10.2,10.2,10.2,10.2
10.2,10.2,10.2,10.2,10.2,10.2,10.2,10.2
4.3,4.3,4.3,4.3,4.3,4.3,4.3,4.3
4.3,4.3,4.3,4.3,4.3,4.3,4.3,4.3
4.3,4.3,4.3,4.3,4.3,4.3,4.3,4.3
4.3,4.3,4.3,4.3,4.3,4.3,4.3,4.3
0.0,0.0,0.0,0.0,0.0,0.0,0.0,0.0
0.0,0.0,0.0,0.0,0.0,0.0,0.0,0.0
0.0,0.0,0.0,0.0,0.0,0.0,0.0,0.0
0.0,0.0,0.0,0.0,0.0,0.0,0.0,0.0
0.0,0.0,0.0,0.0,0.0,0.0,0.0,0.0
0.0,0.0,0.0,0.0,0.0,0.0,0.0,0.0
0.0,0.0,0.0,0.0,0.0,0.0,0.0,0.0
0.0,0.0,0.0,0.0,0.0,0.0,0.0,0.0
0.0,0.0,0.0,0.0,0.0,0.0,0.0,0.0
0.0,0.0,0.0,0.0,0.0,0.0,0.0,0.0
0.0,0.0,0.0,0.0,0.0,0.0,0.0,0.0
0.0,0.0,0.0,0.0,0.0,0.0,0.0,0.0
0.0,0.0,0.0,0.0,0.0,0.0,0.0,0.0
0.0,0.0,0.0,0.0,0.0,0.0,0.0,0.0
0.0,0.0,0.0,0.0,0.0,0.0,0.0,0.0
0.0,0.0,0.0,0.0,0.0,0.0,0.0,0.0
0.0,0.0,0.0,0.0,0.0,0.0,0.0,0.0
0.0,0.0,0.0,0.0,0.0,0.0,0.0,0.0
0.0,0.0,0.0,0.0,0.0,0.0,0.0,0.0
0.0,0.0,0.0,0.0,0.0,0.0,0.0,0.0
0.0,0.0,0.0,0.0,0.0,0.0,0.0,0.0
0.0,0.0,0.0,0.0,0.0,0.0,0.0,0.0
0.0,0.0,0.0,0.0,0.0,0.0,0.0,0.0
0.0,0.0,0.0,0.0,0.0,0.0,0.0,0.0
0.0,0.0,0.0,0.0,0.0,0.0,0.0,0.0
0.0,0.0,0.0,0.0,0.0,0.0,0.0,0.0
0.0,0.0,0.0,0.0,0.0,0.0,0.0,0.0
0.0,0.0,0.0,0.0,0.0,0.0,0.0,0.0
0.0,0.0,0.0,0.0,0.0,0.0,0.0,0.0
0.0,0.0,0.0,0.0,0.0,0.0,0.0,0.0
0.0,0.0,0.0,0.0,0.0,0.0,0.0,0.0
0.0,0.0,0.0,0.0,0.0,0.0,0.0,0.0
0.0,0.0,0.0,0.0,0.0,0.0,0.0,0.0
0.0,0.0,0.0,0.0,0.0,0.0,0.0,0.0
0.0,0.0,0.0,0.0,0.0,0.0,0.0,0.0
0.0,0.0,0.0,0.0,0.0,0.0,0.0,0.0
0.0,0.0,0.0,0.0,0.0,0.0,0.0,0.0
0.0,0.0,0.0,0.0,0.0,0.0,0.0,0.0
0.0,0.0,0.0,0.0,0.0,0.0,0.0,0.0
0.0,0.0,0.0,0.0,0.0,0.0,0.0,0.0
0.0,0.0,0.0,0.0,0.0,0.0,0.0,0.0
0.0,0.0,0.0,0.0,0.0,0.0,0.0,0.0
0.0,0.0,0.0,0.0,0.0,0.0,0.0,0.0
0.0,0.0,0.0,0.0,0.0,0.0,0.0,0.0
0.0,0.0,0.0,0.0,0.0,0.0,0.0,0.0
0.0,0.0,0.0,0.0,0.0,0.0,0.0,0.0
0.0,0.0,0.0,0.0,0.0,0.0,0.0,0.0
0.0,0.0,0.0,0.0,0.0,0.0,0.0,0.0
0.0,0.0,0.0,0.0,0.0,0.0,0.0,0.0
0.0,0.0,0.0,0.0,0.0,0.0,0.0,0.0
0.0,0.0,0.0,0.0,0.0,0.0,0.0,0.0
0.0,0.0,0.0,0.0,0.0,0.0,0.0,0.0
0.0,0.0,0.0,0.0,0.0,0.0,0.0,0.0
0.0,0.0,0.0,0.0,0.0,0.0,0.0,0.0
0.0,0.0,0.0,0.0,0.0,0.0,0.0,0.0
0.0,0.0,0.0,0.0,0.0,0.0,0.0,0.0
0.0,0.0,0.0,0.0,0.0,0.0,0.0,0.0
0.0,0.0,0.0,0.0,0.0,0.0,0.0,0.0
0.0,0.0,0.0,0.0,0.0,0.0,0.0,0.0
0.0,0.0,0.0,0.0,0.0,0.0,0.0,0.0
4.3,4.3,4.3,4.3,4.3,4.3,4.3,4.3
4.3,4.3,4.3,4.3,4.3,4.3,4.3,4.3
4.3,4.3,4.3,4.3,4.3,4.3,4.3,4.3
4.3,4.3,4.3,4.3,4.3,4.3,4.3,4.3
6.8,6.8,6.8,6.8,6.8,6.8,6.8,6.8
6.8,6.8,6.8,6.8,6.8,6.8,6.8,6.8
6.8,6.8,6.8,6.8,6.8,6.8,6.8,6.8
6.8,6.8,6.8,6.8,6.8,6.8,6.8,6.8
18.7,18.7,18.7,18.7,18.7,18.7,18.7,18.7
18.7,18.7,18.7,18.7,18.7,18.7,18.7,18.7
18.7,18.7,18.7,18.7,18.7,18.7,18.7,18.7
18.7,18.7,18.7,18.7,18.7,18.7,18.7,18.7
81.4,61.0,163.0,59.8,92.1,84.4,117.7,71.2
81.4,61.0,163.0,59.8,92.1,84.4,117.7,71.2
81.4,61.0,163.0,67.5,92.1,84.4,117.7,71.2
81.4,61.0,163.0,67.5,92.1,84.4,117.7,71.2
755.2,63.5,169.6,70.3,97.4,86.9,122.2,74.8
84.5,63.5,169.6,62.7,97.4,86.9,278.8,74.8
84.5,377.4,169.6,62.7,97.4,86.9,278.8,74.8
84.5,63.5,169.6,62.7,97.4,86.9,970.8,74.8
662.7,65.0,173.6,64.4,269.6,88.5,669.4,77.0
662.7,65.0,173.6,64.4,269.6,88.5,669.4,77.0
746.5,65.0,173.6,64.4,100.6,88.5,754.6,77.0
807.9,65.0,173.6,64.4,318.6,88.5,125.0,168.1
194.3,63.5,118.5,62.7,135.9,86.9,112.9,118.1
194.3,63.5,118.5,62.7,135.9,86.9,112.9,118.1
225.4,63.5,121.1,62.7,145.0,86.9,113.3,74.8
225.4,63.5,121.1,62.7,145.0,86.9,113.3,74.8
7.6,7.6,7.6,7.6,7.6,7.6,7.6,7.6
7.6,7.6,7.6,7.6,7.6,7.6,7.6,7.6
7.6,7.6,7.6,7.6,7.6,7.6,7.6,7.6
7.6,7.6,7.6,7.6,7.6,7.6,7.6,7.6
68.5,65.5,70.3,69.3,68.6,68.5,68.7,68.5
68.5,65.5,70.3,69.3,68.6,68.5,68.7,68.5
68.5,65.5,70.3,69.3,68.6,68.5,68.7,68.5
68.5,65.5,70.3,69.3,68.6,68.5,68.7,68.5
0.0,0.0,0.0,0.0,0.0,0.0,0.0,0.0
0.0,0.0,0.0,0.0,0.0,0.0,0.0,0.0
0.0,0.0,0.0,0.0,0.0,0.0,0.0,0.0
0.0,0.0,0.0,0.0,0.0,0.0,0.0,0.0
0.0,0.0,0.0,0.0,0.0,0.0,0.0,0.0
0.0,0.0,0.0,0.0,0.0,0.0,0.0,0.0
0.0,0.0,0.0,0.0,0.0,0.0,0.0,0.0
0.0,0.0,0.0,0.0,0.0,0.0,0.0,0.0
0.0,0.0,0.0,0.0,0.0,0.0,0.0,0.0
0.0,0.0,0.0,0.0,0.0,0.0,0.0,0.0
0.0,0.0,0.0,0.0,0.0,0.0,0.0,0.0
0.0,0.0,0.0,0.0,0.0,0.0,0.0,0.0
0.0,0.0,0.0,0.0,0.0,0.0,0.0,0.0
0.0,0.0,0.0,0.0,0.0,0.0,0.0,0.0
0.0,0.0,0.0,0.0,0.0,0.0,0.0,0.0
0.0,0.0,0.0,0.0,0.0,0.0,0.0,0.0
0.0,0.0,0.0,0.0,0.0,0.0,0.0,0.0
0.0,0.0,0.0,0.0,0.0,0.0,0.0,0.0
0.0,0.0,0.0,0.0,0.0,0.0,0.0,0.0
0.0,0.0,0.0,0.0,0.0,0.0,0.0,0.0
0.0,0.0,0.0,0.0,0.0,0.0,0.0,0.0
0.0,0.0,0.0,0.0,0.0,0.0,0.0,0.0
0.0,0.0,0.0,0.0,0.0,0.0,0.0,0.0
0.0,0.0,0.0,0.0,0.0,0.0,0.0,0.0
0.0,0.0,0.0,0.0,0.0,0.0,0.0,0.0
0.0,0.0,0.0,0.0,0.0,0.0,0.0,0.0
0.0,0.0,0.0,0.0,0.0,0.0,0.0,0.0
0.0,0.0,0.0,0.0,0.0,0.0,0.0,0.0
0.0,0.0,0.0,0.0,0.0,0.0,0.0,0.0
0.0,0.0,0.0,0.0,0.0,0.0,0.0,0.0
0.0,0.0,0.0,0.0,0.0,0.0,0.0,0.0
0.0,0.0,0.0,0.0,0.0,0.0,0.0,0.0
0.0,0.0,0.0,0.0,0.0,0.0,0.0,0.0
0.0,0.0,0.0,0.0,0.0,0.0,0.0,0.0
0.0,0.0,0.0,0.0,0.0,0.0,0.0,0.0
0.0,0.0,0.0,0.0,0.0,0.0,0.0,0.0
0.0,0.0,0.0,0.0,0.0,0.0,0.0,0.0
0.0,0.0,0.0,0.0,0.0,0.0,0.0,0.0
0.0,0.0,0.0,0.0,0.0,0.0,0.0,0.0
0.0,0.0,0.0,0.0,0.0,0.0,0.0,0.0
0.0,0.0,0.0,0.0,0.0,0.0,0.0,0.0
0.0,0.0,0.0,0.0,0.0,0.0,0.0,0.0
0.0,0.0,0.0,0.0,0.0,0.0,0.0,0.0
0.0,0.0,0.0,0.0,0.0,0.0,0.0,0.0
0.0,0.0,0.0,0.0,0.0,0.0,0.0,0.0
0.0,0.0,0.0,0.0,0.0,0.0,0.0,0.0
0.0,0.0,0.0,0.0,0.0,0.0,0.0,0.0
0.0,0.0,0.0,0.0,0.0,0.0,0.0,0.0
0.0,0.0,0.0,0.0,0.0,0.0,0.0,0.0
0.0,0.0,0.0,0.0,0.0,0.0,0.0,0.0
0.0,0.0,0.0,0.0,0.0,0.0,0.0,0.0
0.0,0.0,0.0,0.0,0.0,0.0,0.0,0.0
0.0,0.0,0.0,0.0,0.0,0.0,0.0,0.0
0.0,0.0,0.0,0.0,0.0,0.0,0.0,0.0
0.0,0.0,0.0,0.0,0.0,0.0,0.0,0.0
0.0,0.0,0.0,0.0,0.0,0.0,0.0,0.0
0.0,0.0,0.0,0.0,0.0,0.0,0.0,0.0
0.0,0.0,0.0,0.0,0.0,0.0,0.0,0.0
0.0,0.0,0.0,0.0,0.0,0.0,0.0,0.0
0.0,0.0,0.0,0.0,0.0,0.0,0.0,0.0
5.1,5.1,5.1,5.1,5.1,5.1,5.1,5.1
5.1,5.1,5.1,5.1,5.1,5.1,5.1,5.1
5.1,5.1,5.1,5.1,5.1,5.1,5.1,5.1
5.1,5.1,5.1,5.1,5.1,5.1,5.1,5.1
12.0,12.0,12.0,12.0,12.0,12.0,12.0,12.0
12.0,12.0,12.0,12.0,12.0,12.0,12.0,12.0
12.0,12.0,12.0,12.0,12.0,12.0,12.0,12.0
12.0,12.0,12.0,12.0,12.0,12.0,12.0,12.0
10.2,10.2,10.2,10.2,10.2,10.2,10.2,10.2
10.2,10.2,10.2,10.2,10.2,10.2,10.2,10.2
10.2,10.2,10.2,10.2,10.2,10.2,10.2,10.2
10.2,10.2,10.2,10.2,10.2,10.2,10.2,10.2
23.9,23.9,23.9,23.9,23.9,23.9,23.9,23.9
23.9,23.9,23.9,23.9,23.9,23.9,23.9,23.9
23.9,23.9,23.9,23.9,23.9,23.9,23.9,23.9
23.9,23.9,23.9,23.9,23.9,23.9,23.9,23.9
24.7,24.7,24.7,24.7,24.7,24.7,24.7,24.7
24.7,24.7,24.7,24.7,24.7,24.7,24.7,24.7
24.7,24.7,24.7,24.7,24.7,24.7,24.7,24.7
24.7,24.7,24.7,24.7,24.7,24.7,24.7,24.7
15.3,15.3,15.3,15.3,15.3,15.3,15.3,15.3
15.3,15.3,15.3,15.3,15.3,15.3,15.3,15.3
15.3,15.3,15.3,15.3,15.3,15.3,15.3,15.3
15.3,15.3,15.3,15.3,15.3,15.3,15.3,15.3
11.1,11.1,11.1,11.1,11.1,11.1,11.1,11.1
11.1,11.1,11.1,11.1,11.1,11.1,11.1,11.1
11.1,11.1,11.1,11.1,11.1,11.1,11.1,11.1
11.1,11.1,11.1,11.1,11.1,11.1,11.1,11.1
10.2,10.2,10.2,10.2,10.2,10.2,10.2,10.2
10.2,10.2,10.2,10.2,10.2,10.2,10.2,10.2
10.2,10.2,10.2,10.2,10.2,10.2,10.2,10.2
10.2,10.2,10.2,10.2,10.2,10.2,10.2,10.2
4.3,4.3,4.3,4.3,4.3,4.3,4.3,4.3
4.3,4.3,4.3,4.3,4.3,4.3,4.3,4.3
4.3,4.3,4.3,4.3,4.3,4.3,4.3,4.3
4.3,4.3,4.3,4.3,4.3,4.3,4.3,4.3
0.0,0.0,0.0,0.0,0.0,0.0,0.0,0.0
0.0,0.0,0.0,0.0,0.0,0.0,0.0,0.0
0.0,0.0,0.0,0.0,0.0,0.0,0.0,0.0
0.0,0.0,0.0,0.0,0.0,0.0,0.0,0.0
0.0,0.0,0.0,0.0,0.0,0.0,0.0,0.0
0.0,0.0,0.0,0.0,0.0,0.0,0.0,0.0
0.0,0.0,0.0,0.0,0.0,0.0,0.0,0.0
0.0,0.0,0.0,0.0,0.0,0.0,0.0,0.0
0.0,0.0,0.0,0.0,0.0,0.0,0.0,0.0
0.0,0.0,0.0,0.0,0.0,0.0,0.0,0.0
0.0,0.0,0.0,0.0,0.0,0.0,0.0,0.0
0.0,0.0,0.0,0.0,0.0,0.0,0.0,0.0
0.0,0.0,0.0,0.0,0.0,0.0,0.0,0.0
0.0,0.0,0.0,0.0,0.0,0.0,0.0,0.0
0.0,0.0,0.0,0.0,0.0,0.0,0.0,0.0
0.0,0.0,0.0,0.0,0.0,0.0,0.0,0.0
0.0,0.0,0.0,0.0,0.0,0.0,0.0,0.0
0.0,0.0,0.0,0.0,0.0,0.0,0.0,0.0
0.0,0.0,0.0,0.0,0.0,0.0,0.0,0.0
0.0,0.0,0.0,0.0,0.0,0.0,0.0,0.0
0.0,0.0,0.0,0.0,0.0,0.0,0.0,0.0
0.0,0.0,0.0,0.0,0.0,0.0,0.0,0.0
0.0,0.0,0.0,0.0,0.0,0.0,0.0,0.0
0.0,0.0,0.0,0.0,0.0,0.0,0.0,0.0
0.0,0.0,0.0,0.0,0.0,0.0,0.0,0.0
0.0,0.0,0.0,0.0,0.0,0.0,0.0,0.0
0.0,0.0,0.0,0.0,0.0,0.0,0.0,0.0
0.0,0.0,0.0,0.0,0.0,0.0,0.0,0.0
0.0,0.0,0.0,0.0,0.0,0.0,0.0,0.0
0.0,0.0,0.0,0.0,0.0,0.0,0.0,0.0
0.0,0.0,0.0,0.0,0.0,0.0,0.0,0.0
0.0,0.0,0.0,0.0,0.0,0.0,0.0,0.0
0.0,0.0,0.0,0.0,0.0,0.0,0.0,0.0
0.0,0.0,0.0,0.0,0.0,0.0,0.0,0.0
0.0,0.0,0.0,0.0,0.0,0.0,0.0,0.0
0.0,0.0,0.0,0.0,0.0,0.0,0.0,0.0
0.0,0.0,0.0,0.0,0.0,0.0,0.0,0.0
0.0,0.0,0.0,0.0,0.0,0.0,0.0,0.0
0.0,0.0,0.0,0.0,0.0,0.0,0.0,0.0
0.0,0.0,0.0,0.0,0.0,0.0,0.0,0.0
0.0,0.0,0.0,0.0,0.0,0.0,0.0,0.0
0.0,0.0,0.0,0.0,0.0,0.0,0.0,0.0
0.0,0.0,0.0,0.0,0.0,0.0,0.0,0.0
0.0,0.0,0.0,0.0,0.0,0.0,0.0,0.0
0.0,0.0,0.0,0.0,0.0,0.0,0.0,0.0
0.0,0.0,0.0,0.0,0.0,0.0,0.0,0.0
0.0,0.0,0.0,0.0,0.0,0.0,0.0,0.0
0.0,0.0,0.0,0.0,0.0,0.0,0.0,0.0
0.0,0.0,0.0,0.0,0.0,0.0,0.0,0.0
0.0,0.0,0.0,0.0,0.0,0.0,0.0,0.0
0.0,0.0,0.0,0.0,0.0,0.0,0.0,0.0
0.0,0.0,0.0,0.0,0.0,0.0,0.0,0.0
0.0,0.0,0.0,0.0,0.0,0.0,0.0,0.0
0.0,0.0,0.0,0.0,0.0,0.0,0.0,0.0
0.0,0.0,0.0,0.0,0.0,0.0,0.0,0.0
0.0,0.0,0.0,0.0,0.0,0.0,0.0,0.0
0.0,0.0,0.0,0.0,0.0,0.0,0.0,0.0
0.0,0.0,0.0,0.0,0.0,0.0,0.0,0.0
0.0,0.0,0.0,0.0,0.0,0.0,0.0,0.0
0.0,0.0,0.0,0.0,0.0,0.0,0.0,0.0
5.2,5.2,5.2,5.2,5.2,5.2,5.2,5.2
5.2,5.2,5.2,5.2,5.2,5.2,5.2,5.2
5.2,5.2,5.2,5.2,5.2,5.2,5.2,5.2
5.2,5.2,5.2,5.2,5.2,5.2,5.2,5.2
11.2,11.2,11.2,11.2,11.2,11.2,11.2,11.2
11.2,11.2,11.2,11.2,11.2,11.2,11.2,11.2
11.2,11.2,11.2,11.2,11.2,11.2,11.2,11.2
11.2,11.2,11.2,11.2,11.2,11.2,11.2,11.2
17.9,17.9,17.9,17.9,17.9,17.9,17.9,17.9
17.9,17.9,17.9,17.9,17.9,17.9,17.9,17.9
17.9,17.9,17.9,17.9,17.9,17.9,17.9,17.9
17.9,17.9,17.9,17.9,17.9,17.9,17.9,17.9
23.8,23.8,23.8,23.8,23.8,23.8,23.8,23.8
23.8,23.8,23.8,23.8,23.8,23.8,23.8,23.8
23.8,23.8,23.8,23.8,23.8,23.8,23.8,23.8
23.8,23.8,23.8,23.8,23.8,23.8,23.8,23.8
24.6,24.6,24.6,24.6,24.6,24.6,24.6,24.6
24.6,24.6,24.6,24.6,24.6,24.6,24.6,24.6
24.6,24.6,24.6,24.6,24.6,24.6,24.6,24.6
24.6,24.6,24.6,24.6,24.6,24.6,24.6,24.6
33.8,33.8,33.8,33.8,33.8,33.8,33.8,33.8
33.8,33.8,33.8,33.8,33.8,33.8,33.8,33.8
33.8,33.8,33.8,33.8,33.8,33.8,33.8,33.8
33.8,33.8,33.8,33.8,33.8,33.8,33.8,33.8
84.5,131.7,123.2,197.0,97.4,86.9,115.3,74.8
84.5,131.7,123.2,197.0,97.4,86.9,115.3,74.8
84.5,63.5,130.0,257.4,97.4,86.9,116.3,74.8
84.5,63.5,169.6,62.7,97.4,86.9,122.2,74.8
32.2,32.2,32.2,32.2,32.2,32.2,32.2,32.2
32.2,32.2,32.2,32.2,32.2,32.2,32.2,32.2
32.2,32.2,32.2,32.2,32.2,32.2,32.2,32.2
32.2,32.2,32.2,32.2,32.2,32.2,32.2,32.2
11.1,11.1,11.1,11.1,11.1,11.1,11.1,11.1
11.1,11.1,11.1,11.1,11.1,11.1,11.1,11.1
11.1,11.1,11.1,11.1,11.1,11.1,11.1,11.1
11.1,11.1,11.1,11.1,11.1,11.1,11.1,11.1
0.0,0.0,0.0,0.0,0.0,0.0,0.0,0.0
0.0,0.0,0.0,0.0,0.0,0.0,0.0,0.0
0.0,0.0,0.0,0.0,0.0,0.0,0.0,0.0
0.0,0.0,0.0,0.0,0.0,0.0,0.0,0.0
0.0,0.0,0.0,0.0,0.0,0.0,0.0,0.0
0.0,0.0,0.0,0.0,0.0,0.0,0.0,0.0
0.0,0.0,0.0,0.0,0.0,0.0,0.0,0.0
0.0,0.0,0.0,0.0,0.0,0.0,0.0,0.0
0.0,0.0,0.0,0.0,0.0,0.0,0.0,0.0
0.0,0.0,0.0,0.0,0.0,0.0,0.0,0.0
0.0,0.0,0.0,0.0,0.0,0.0,0.0,0.0
0.0,0.0,0.0,0.0,0.0,0.0,0.0,0.0
0.0,0.0,0.0,0.0,0.0,0.0,0.0,0.0
0.0,0.0,0.0,0.0,0.0,0.0,0.0,0.0
0.0,0.0,0.0,0.0,0.0,0.0,0.0,0.0
0.0,0.0,0.0,0.0,0.0,0.0,0.0,0.0
0.0,0.0,0.0,0.0,0.0,0.0,0.0,0.0
0.0,0.0,0.0,0.0,0.0,0.0,0.0,0.0
0.0,0.0,0.0,0.0,0.0,0.0,0.0,0.0
0.0,0.0,0.0,0.0,0.0,0.0,0.0,0.0
0.0,0.0,0.0,0.0,0.0,0.0,0.0,0.0
0.0,0.0,0.0,0.0,0.0,0.0,0.0,0.0
0.0,0.0,0.0,0.0,0.0,0.0,0.0,0.0
0.0,0.0,0.0,0.0,0.0,0.0,0.0,0.0
0.0,0.0,0.0,0.0,0.0,0.0,0.0,0.0
0.0,0.0,0.0,0.0,0.0,0.0,0.0,0.0
0.0,0.0,0.0,0.0,0.0,0.0,0.0,0.0
0.0,0.0,0.0,0.0,0.0,0.0,0.0,0.0
0.0,0.0,0.0,0.0,0.0,0.0,0.0,0.0
0.0,0.0,0.0,0.0,0.0,0.0,0.0,0.0
0.0,0.0,0.0,0.0,0.0,0.0,0.0,0.0
0.0,0.0,0.0,0.0,0.0,0.0,0.0,0.0
0.0,0.0,0.0,0.0,0.0,0.0,0.0,0.0
0.0,0.0,0.0,0.0,0.0,0.0,0.0,0.0
0.0,0.0,0.0,0.0,0.0,0.0,0.0,0.0
0.0,0.0,0.0,0.0,0.0,0.0,0.0,0.0
0.0,0.0,0.0,0.0,0.0,0.0,0.0,0.0
0.0,0.0,0.0,0.0,0.0,0.0,0.0,0.0
0.0,0.0,0.0,0.0,0.0,0.0,0.0,0.0
0.0,0.0,0.0,0.0,0.0,0.0,0.0,0.0
0.0,0.0,0.0,0.0,0.0,0.0,0.0,0.0
0.0,0.0,0.0,0.0,0.0,0.0,0.0,0.0
0.0,0.0,0.0,0.0,0.0,0.0,0.0,0.0
0.0,0.0,0.0,0.0,0.0,0.0,0.0,0.0
0.0,0.0,0.0,0.0,0.0,0.0,0.0,0.0
0.0,0.0,0.0,0.0,0.0,0.0,0.0,0.0
0.0,0.0,0.0,0.0,0.0,0.0,0.0,0.0
0.0,0.0,0.0,0.0,0.0,0.0,0.0,0.0
0.0,0.0,0.0,0.0,0.0,0.0,0.0,0.0
0.0,0.0,0.0,0.0,0.0,0.0,0.0,0.0
0.0,0.0,0.0,0.0,0.0,0.0,0.0,0.0
0.0,0.0,0.0,0.0,0.0,0.0,0.0,0.0
0.0,0.0,0.0,0.0,0.0,0.0,0.0,0.0
0.0,0.0,0.0,0.0,0.0,0.0,0.0,0.0
0.0,0.0,0.0,0.0,0.0,0.0,0.0,0.0
0.0,0.0,0.0,0.0,0.0,0.0,0.0,0.0
0.0,0.0,0.0,0.0,0.0,0.0,0.0,0.0
0.0,0.0,0.0,0.0,0.0,0.0,0.0,0.0
0.0,0.0,0.0,0.0,0.0,0.0,0.0,0.0
0.0,0.0,0.0,0.0,0.0,0.0,0.0,0.0
4.3,4.3,4.3,4.3,4.3,4.3,4.3,4.3
4.3,4.3,4.3,4.3,4.3,4.3,4.3,4.3
4.3,4.3,4.3,4.3,4.3,4.3,4.3,4.3
4.3,4.3,4.3,4.3,4.3,4.3,4.3,4.3
11.2,11.2,11.2,11.2,11.2,11.2,11.2,11.2
11.2,11.2,11.2,11.2,11.2,11.2,11.2,11.2
11.2,11.2,11.2,11.2,11.2,11.2,11.2,11.2
11.2,11.2,11.2,11.2,11.2,11.2,11.2,11.2
18.0,18.0,18.0,18.0,18.0,18.0,18.0,18.0
18.0,18.0,18.0,18.0,18.0,18.0,18.0,18.0
18.0,18.0,18.0,18.0,18.0,18.0,18.0,18.0
18.0,18.0,18.0,18.0,18.0,18.0,18.0,18.0
23.1,23.1,23.1,23.1,23.1,23.1,23.1,23.1
23.1,23.1,23.1,23.1,23.1,23.1,23.1,23.1
23.1,23.1,23.1,23.1,23.1,23.1,23.1,23.1
23.1,23.1,23.1,23.1,23.1,23.1,23.1,23.1
15.4,15.4,15.4,15.4,15.4,15.4,15.4,15.4
15.4,15.4,15.4,15.4,15.4,15.4,15.4,15.4
15.4,15.4,15.4,15.4,15.4,15.4,15.4,15.4
15.4,15.4,15.4,15.4,15.4,15.4,15.4,15.4
22.2,22.2,22.2,22.2,22.2,22.2,22.2,22.2
22.2,22.2,22.2,22.2,22.2,22.2,22.2,22.2
22.2,22.2,22.2,22.2,22.2,22.2,22.2,22.2
22.2,22.2,22.2,22.2,22.2,22.2,22.2,22.2
16.2,16.2,16.2,16.2,16.2,16.2,16.2,16.2
16.2,16.2,16.2,16.2,16.2,16.2,16.2,16.2
16.2,16.2,16.2,16.2,16.2,16.2,16.2,16.2
16.2,16.2,16.2,16.2,16.2,16.2,16.2,16.2
10.3,10.3,10.3,10.3,10.3,10.3,10.3,10.3
10.3,10.3,10.3,10.3,10.3,10.3,10.3,10.3
10.3,10.3,10.3,10.3,10.3,10.3,10.3,10.3
10.3,10.3,10.3,10.3,10.3,10.3,10.3,10.3
3.4,3.4,3.4,3.4,3.4,3.4,3.4,3.4
3.4,3.4,3.4,3.4,3.4,3.4,3.4,3.4
3.4,3.4,3.4,3.4,3.4,3.4,3.4,3.4
3.4,3.4,3.4,3.4,3.4,3.4,3.4,3.4
0.0,0.0,0.0,0.0,0.0,0.0,0.0,0.0
0.0,0.0,0.0,0.0,0.0,0.0,0.0,0.0
0.0,0.0,0.0,0.0,0.0,0.0,0.0,0.0
0.0,0.0,0.0,0.0,0.0,0.0,0.0,0.0
0.0,0.0,0.0,0.0,0.0,0.0,0.0,0.0
0.0,0.0,0.0,0.0,0.0,0.0,0.0,0.0
0.0,0.0,0.0,0.0,0.0,0.0,0.0,0.0
0.0,0.0,0.0,0.0,0.0,0.0,0.0,0.0
0.0,0.0,0.0,0.0,0.0,0.0,0.0,0.0
0.0,0.0,0.0,0.0,0.0,0.0,0.0,0.0
0.0,0.0,0.0,0.0,0.0,0.0,0.0,0.0
0.0,0.0,0.0,0.0,0.0,0.0,0.0,0.0
0.0,0.0,0.0,0.0,0.0,0.0,0.0,0.0
0.0,0.0,0.0,0.0,0.0,0.0,0.0,0.0
0.0,0.0,0.0,0.0,0.0,0.0,0.0,0.0
0.0,0.0,0.0,0.0,0.0,0.0,0.0,0.0
0.0,0.0,0.0,0.0,0.0,0.0,0.0,0.0
0.0,0.0,0.0,0.0,0.0,0.0,0.0,0.0
0.0,0.0,0.0,0.0,0.0,0.0,0.0,0.0
0.0,0.0,0.0,0.0,0.0,0.0,0.0,0.0
0.0,0.0,0.0,0.0,0.0,0.0,0.0,0.0
0.0,0.0,0.0,0.0,0.0,0.0,0.0,0.0
0.0,0.0,0.0,0.0,0.0,0.0,0.0,0.0
0.0,0.0,0.0,0.0,0.0,0.0,0.0,0.0
0.0,0.0,0.0,0.0,0.0,0.0,0.0,0.0
0.0,0.0,0.0,0.0,0.0,0.0,0.0,0.0
0.0,0.0,0.0,0.0,0.0,0.0,0.0,0.0
0.0,0.0,0.0,0.0,0.0,0.0,0.0,0.0
0.0,0.0,0.0,0.0,0.0,0.0,0.0,0.0
0.0,0.0,0.0,0.0,0.0,0.0,0.0,0.0
0.0,0.0,0.0,0.0,0.0,0.0,0.0,0.0
0.0,0.0,0.0,0.0,0.0,0.0,0.0,0.0
0.0,0.0,0.0,0.0,0.0,0.0,0.0,0.0
0.0,0.0,0.0,0.0,0.0,0.0,0.0,0.0
0.0,0.0,0.0,0.0,0.0,0.0,0.0,0.0
0.0,0.0,0.0,0.0,0.0,0.0,0.0,0.0
0.0,0.0,0.0,0.0,0.0,0.0,0.0,0.0
0.0,0.0,0.0,0.0,0.0,0.0,0.0,0.0
0.0,0.0,0.0,0.0,0.0,0.0,0.0,0.0
0.0,0.0,0.0,0.0,0.0,0.0,0.0,0.0
0.0,0.0,0.0,0.0,0.0,0.0,0.0,0.0
0.0,0.0,0.0,0.0,0.0,0.0,0.0,0.0
0.0,0.0,0.0,0.0,0.0,0.0,0.0,0.0
0.0,0.0,0.0,0.0,0.0,0.0,0.0,0.0
0.0,0.0,0.0,0.0,0.0,0.0,0.0,0.0
0.0,0.0,0.0,0.0,0.0,0.0,0.0,0.0
0.0,0.0,0.0,0.0,0.0,0.0,0.0,0.0
0.0,0.0,0.0,0.0,0.0,0.0,0.0,0.0
0.0,0.0,0.0,0.0,0.0,0.0,0.0,0.0
0.0,0.0,0.0,0.0,0.0,0.0,0.0,0.0
0.0,0.0,0.0,0.0,0.0,0.0,0.0,0.0
0.0,0.0,0.0,0.0,0.0,0.0,0.0,0.0
0.0,0.0,0.0,0.0,0.0,0.0,0.0,0.0
0.0,0.0,0.0,0.0,0.0,0.0,0.0,0.0
0.0,0.0,0.0,0.0,0.0,0.0,0.0,0.0
0.0,0.0,0.0,0.0,0.0,0.0,0.0,0.0
0.0,0.0,0.0,0.0,0.0,0.0,0.0,0.0
0.0,0.0,0.0,0.0,0.0,0.0,0.0,0.0
0.0,0.0,0.0,0.0,0.0,0.0,0.0,0.0
0.0,0.0,0.0,0.0,0.0,0.0,0.0,0.0
4.3,4.3,4.3,4.3,4.3,4.3,4.3,4.3
4.3,4.3,4.3,4.3,4.3,4.3,4.3,4.3
4.3,4.3,4.3,4.3,4.3,4.3,4.3,4.3
4.3,4.3,4.3,4.3,4.3,4.3,4.3,4.3
10.4,10.4,10.4,10.4,10.4,10.4,10.4,10.4
10.4,10.4,10.4,10.4,10.4,10.4,10.4,10.4
10.4,10.4,10.4,10.4,10.4,10.4,10.4,10.4
10.4,10.4,10.4,10.4,10.4,10.4,10.4,10.4
17.2,17.2,17.2,17.2,17.2,17.2,17.2,17.2
17.2,17.2,17.2,17.2,17.2,17.2,17.2,17.2
17.2,17.2,17.2,17.2,17.2,17.2,17.2,17.2
17.2,17.2,17.2,17.2,17.2,17.2,17.2,17.2
22.2,22.2,22.2,22.2,22.2,22.2,22.2,22.2
22.2,22.2,22.2,22.2,22.2,22.2,22.2,22.2
22.2,22.2,22.2,22.2,22.2,22.2,22.2,22.2
22.2,22.2,22.2,22.2,22.2,22.2,22.2,22.2
23.9,23.9,23.9,23.9,23.9,23.9,23.9,23.9
23.9,23.9,23.9,23.9,23.9,23.9,23.9,23.9
23.9,23.9,23.9,23.9,23.9,23.9,23.9,23.9
23.9,23.9,23.9,23.9,23.9,23.9,23.9,23.9
76.8,65.0,78.9,64.4,96.6,76.8,77.5,76.6
76.8,84.1,79.0,64.4,77.2,76.9,77.8,76.6
77.8,65.0,88.6,64.4,79.6,78.1,82.6,76.6
77.8,65.0,88.6,64.4,79.6,78.1,82.6,76.6
16.2,16.2,16.2,16.2,16.2,16.2,16.2,16.2
16.2,16.2,16.2,16.2,16.2,16.2,16.2,16.2
16.2,16.2,16.2,16.2,16.2,16.2,16.2,16.2
16.2,16.2,16.2,16.2,16.2,16.2,16.2,16.2
9.4,9.4,9.4,9.4,9.4,9.4,9.4,9.4
9.4,9.4,9.4,9.4,9.4,9.4,9.4,9.4
9.4,9.4,9.4,9.4,9.4,9.4,9.4,9.4
9.4,9.4,9.4,9.4,9.4,9.4,9.4,9.4
4.3,4.3,4.3,4.3,4.3,4.3,4.3,4.3
4.3,4.3,4.3,4.3,4.3,4.3,4.3,4.3
4.3,4.3,4.3,4.3,4.3,4.3,4.3,4.3
4.3,4.3,4.3,4.3,4.3,4.3,4.3,4.3
0.0,0.0,0.0,0.0,0.0,0.0,0.0,0.0
0.0,0.0,0.0,0.0,0.0,0.0,0.0,0.0
0.0,0.0,0.0,0.0,0.0,0.0,0.0,0.0
0.0,0.0,0.0,0.0,0.0,0.0,0.0,0.0
0.0,0.0,0.0,0.0,0.0,0.0,0.0,0.0
0.0,0.0,0.0,0.0,0.0,0.0,0.0,0.0
0.0,0.0,0.0,0.0,0.0,0.0,0.0,0.0
0.0,0.0,0.0,0.0,0.0,0.0,0.0,0.0
0.0,0.0,0.0,0.0,0.0,0.0,0.0,0.0
0.0,0.0,0.0,0.0,0.0,0.0,0.0,0.0
0.0,0.0,0.0,0.0,0.0,0.0,0.0,0.0
0.0,0.0,0.0,0.0,0.0,0.0,0.0,0.0
0.0,0.0,0.0,0.0,0.0,0.0,0.0,0.0
0.0,0.0,0.0,0.0,0.0,0.0,0.0,0.0
0.0,0.0,0.0,0.0,0.0,0.0,0.0,0.0
0.0,0.0,0.0,0.0,0.0,0.0,0.0,0.0
0.0,0.0,0.0,0.0,0.0,0.0,0.0,0.0
0.0,0.0,0.0,0.0,0.0,0.0,0.0,0.0
0.0,0.0,0.0,0.0,0.0,0.0,0.0,0.0
0.0,0.0,0.0,0.0,0.0,0.0,0.0,0.0
0.0,0.0,0.0,0.0,0.0,0.0,0.0,0.0
0.0,0.0,0.0,0.0,0.0,0.0,0.0,0.0
0.0,0.0,0.0,0.0,0.0,0.0,0.0,0.0
0.0,0.0,0.0,0.0,0.0,0.0,0.0,0.0
0.0,0.0,0.0,0.0,0.0,0.0,0.0,0.0
0.0,0.0,0.0,0.0,0.0,0.0,0.0,0.0
0.0,0.0,0.0,0.0,0.0,0.0,0.0,0.0
0.0,0.0,0.0,0.0,0.0,0.0,0.0,0.0
0.0,0.0,0.0,0.0,0.0,0.0,0.0,0.0
0.0,0.0,0.0,0.0,0.0,0.0,0.0,0.0
0.0,0.0,0.0,0.0,0.0,0.0,0.0,0.0
0.0,0.0,0.0,0.0,0.0,0.0,0.0,0.0
0.0,0.0,0.0,0.0,0.0,0.0,0.0,0.0
0.0,0.0,0.0,0.0,0.0,0.0,0.0,0.0
0.0,0.0,0.0,0.0,0.0,0.0,0.0,0.0
0.0,0.0,0.0,0.0,0.0,0.0,0.0,0.0
0.0,0.0,0.0,0.0,0.0,0.0,0.0,0.0
0.0,0.0,0.0,0.0,0.0,0.0,0.0,0.0
0.0,0.0,0.0,0.0,0.0,0.0,0.0,0.0
0.0,0.0,0.0,0.0,0.0,0.0,0.0,0.0
0.0,0.0,0.0,0.0,0.0,0.0,0.0,0.0
0.0,0.0,0.0,0.0,0.0,0.0,0.0,0.0
0.0,0.0,0.0,0.0,0.0,0.0,0.0,0.0
0.0,0.0,0.0,0.0,0.0,0.0,0.0,0.0
0.0,0.0,0.0,0.0,0.0,0.0,0.0,0.0
0.0,0.0,0.0,0.0,0.0,0.0,0.0,0.0
0.0,0.0,0.0,0.0,0.0,0.0,0.0,0.0
0.0,0.0,0.0,0.0,0.0,0.0,0.0,0.0
0.0,0.0,0.0,0.0,0.0,0.0,0.0,0.0
0.0,0.0,0.0,0.0,0.0,0.0,0.0,0.0
0.0,0.0,0.0,0.0,0.0,0.0,0.0,0.0
0.0,0.0,0.0,0.0,0.0,0.0,0.0,0.0
0.0,0.0,0.0,0.0,0.0,0.0,0.0,0.0
0.0,0.0,0.0,0.0,0.0,0.0,0.0,0.0
0.0,0.0,0.0,0.0,0.0,0.0,0.0,0.0
0.0,0.0,0.0,0.0,0.0,0.0,0.0,0.0
0.0,0.0,0.0,0.0,0.0,0.0,0.0,0.0
0.0,0.0,0.0,0.0,0.0,0.0,0.0,0.0
0.0,0.0,0.0,0.0,0.0,0.0,0.0,0.0
0.0,0.0,0.0,0.0,0.0,0.0,0.0,0.0
4.3,4.3,4.3,4.3,4.3,4.3,4.3,4.3
4.3,4.3,4.3,4.3,4.3,4.3,4.3,4.3
4.3,4.3,4.3,4.3,4.3,4.3,4.3,4.3
4.3,4.3,4.3,4.3,4.3,4.3,4.3,4.3
7.8,7.8,7.8,7.8,7.8,7.8,7.8,7.8
7.8,7.8,7.8,7.8,7.8,7.8,7.8,7.8
7.8,7.8,7.8,7.8,7.8,7.8,7.8,7.8
7.8,7.8,7.8,7.8,7.8,7.8,7.8,7.8
11.2,11.2,11.2,11.2,11.2,11.2,11.2,11.2
11.2,11.2,11.2,11.2,11.2,11.2,11.2,11.2
11.2,11.2,11.2,11.2,11.2,11.2,11.2,11.2
11.2,11.2,11.2,11.2,11.2,11.2,11.2,11.2
12.9,12.9,12.9,12.9,12.9,12.9,12.9,12.9
12.9,12.9,12.9,12.9,12.9,12.9,12.9,12.9
12.9,12.9,12.9,12.9,12.9,12.9,12.9,12.9
12.9,12.9,12.9,12.9,12.9,12.9,12.9,12.9
12.9,12.9,12.9,12.9,12.9,12.9,12.9,12.9
12.9,12.9,12.9,12.9,12.9,12.9,12.9,12.9
12.9,12.9,12.9,12.9,12.9,12.9,12.9,12.9
12.9,12.9,12.9,12.9,12.9,12.9,12.9,12.9
86.4,65.0,190.3,64.4,100.6,88.5,125.0,77.0
206.0,65.0,111.9,64.4,100.6,88.5,104.7,77.0
216.5,65.0,103.5,64.4,100.6,88.5,102.6,77.0
216.7,65.0,103.3,64.4,100.6,88.5,102.6,77.0
11.1,11.1,11.1,11.1,11.1,11.1,11.1,11.1
11.1,11.1,11.1,11.1,11.1,11.1,11.1,11.1
11.1,11.1,11.1,11.1,11.1,11.1,11.1,11.1
11.1,11.1,11.1,11.1,11.1,11.1,11.1,11.1
12.0,12.0,12.0,12.0,12.0,12.0,12.0,12.0
12.0,12.0,12.0,12.0,12.0,12.0,12.0,12.0
12.0,12.0,12.0,12.0,12.0,12.0,12.0,12.0
12.0,12.0,12.0,12.0,12.0,12.0,12.0,12.0
4.3,4.3,4.3,4.3,4.3,4.3,4.3,4.3
4.3,4.3,4.3,4.3,4.3,4.3,4.3,4.3
4.3,4.3,4.3,4.3,4.3,4.3,4.3,4.3
4.3,4.3,4.3,4.3,4.3,4.3,4.3,4.3
0.0,0.0,0.0,0.0,0.0,0.0,0.0,0.0
0.0,0.0,0.0,0.0,0.0,0.0,0.0,0.0
0.0,0.0,0.0,0.0,0.0,0.0,0.0,0.0
0.0,0.0,0.0,0.0,0.0,0.0,0.0,0.0
0.0,0.0,0.0,0.0,0.0,0.0,0.0,0.0
0.0,0.0,0.0,0.0,0.0,0.0,0.0,0.0
0.0,0.0,0.0,0.0,0.0,0.0,0.0,0.0
0.0,0.0,0.0,0.0,0.0,0.0,0.0,0.0
0.0,0.0,0.0,0.0,0.0,0.0,0.0,0.0
0.0,0.0,0.0,0.0,0.0,0.0,0.0,0.0
0.0,0.0,0.0,0.0,0.0,0.0,0.0,0.0
0.0,0.0,0.0,0.0,0.0,0.0,0.0,0.0
0.0,0.0,0.0,0.0,0.0,0.0,0.0,0.0
0.0,0.0,0.0,0.0,0.0,0.0,0.0,0.0
0.0,0.0,0.0,0.0,0.0,0.0,0.0,0.0
0.0,0.0,0.0,0.0,0.0,0.0,0.0,0.0
0.0,0.0,0.0,0.0,0.0,0.0,0.0,0.0
0.0,0.0,0.0,0.0,0.0,0.0,0.0,0.0
0.0,0.0,0.0,0.0,0.0,0.0,0.0,0.0
0.0,0.0,0.0,0.0,0.0,0.0,0.0,0.0
0.0,0.0,0.0,0.0,0.0,0.0,0.0,0.0
0.0,0.0,0.0,0.0,0.0,0.0,0.0,0.0
0.0,0.0,0.0,0.0,0.0,0.0,0.0,0.0
0.0,0.0,0.0,0.0,0.0,0.0,0.0,0.0
0.0,0.0,0.0,0.0,0.0,0.0,0.0,0.0
0.0,0.0,0.0,0.0,0.0,0.0,0.0,0.0
0.0,0.0,0.0,0.0,0.0,0.0,0.0,0.0
0.0,0.0,0.0,0.0,0.0,0.0,0.0,0.0
0.0,0.0,0.0,0.0,0.0,0.0,0.0,0.0
0.0,0.0,0.0,0.0,0.0,0.0,0.0,0.0
0.0,0.0,0.0,0.0,0.0,0.0,0.0,0.0
0.0,0.0,0.0,0.0,0.0,0.0,0.0,0.0
0.0,0.0,0.0,0.0,0.0,0.0,0.0,0.0
0.0,0.0,0.0,0.0,0.0,0.0,0.0,0.0
0.0,0.0,0.0,0.0,0.0,0.0,0.0,0.0
0.0,0.0,0.0,0.0,0.0,0.0,0.0,0.0
0.0,0.0,0.0,0.0,0.0,0.0,0.0,0.0
0.0,0.0,0.0,0.0,0.0,0.0,0.0,0.0
0.0,0.0,0.0,0.0,0.0,0.0,0.0,0.0
0.0,0.0,0.0,0.0,0.0,0.0,0.0,0.0
0.0,0.0,0.0,0.0,0.0,0.0,0.0,0.0
0.0,0.0,0.0,0.0,0.0,0.0,0.0,0.0
0.0,0.0,0.0,0.0,0.0,0.0,0.0,0.0
0.0,0.0,0.0,0.0,0.0,0.0,0.0,0.0
0.0,0.0,0.0,0.0,0.0,0.0,0.0,0.0
0.0,0.0,0.0,0.0,0.0,0.0,0.0,0.0
0.0,0.0,0.0,0.0,0.0,0.0,0.0,0.0
0.0,0.0,0.0,0.0,0.0,0.0,0.0,0.0
0.0,0.0,0.0,0.0,0.0,0.0,0.0,0.0
0.0,0.0,0.0,0.0,0.0,0.0,0.0,0.0
0.0,0.0,0.0,0.0,0.0,0.0,0.0,0.0
0.0,0.0,0.0,0.0,0.0,0.0,0.0,0.0
0.0,0.0,0.0,0.0,0.0,0.0,0.0,0.0
0.0,0.0,0.0,0.0,0.0,0.0,0.0,0.0
0.0,0.0,0.0,0.0,0.0,0.0,0.0,0.0
0.0,0.0,0.0,0.0,0.0,0.0,0.0,0.0
0.0,0.0,0.0,0.0,0.0,0.0,0.0,0.0
0.0,0.0,0.0,0.0,0.0,0.0,0.0,0.0
0.0,0.0,0.0,0.0,0.0,0.0,0.0,0.0
0.0,0.0,0.0,0.0,0.0,0.0,0.0,0.0
0.0,0.0,0.0,0.0,0.0,0.0,0.0,0.0
0.0,0.0,0.0,0.0,0.0,0.0,0.0,0.0
0.0,0.0,0.0,0.0,0.0,0.0,0.0,0.0
0.0,0.0,0.0,0.0,0.0,0.0,0.0,0.0
0.0,0.0,0.0,0.0,0.0,0.0,0.0,0.0
0.0,0.0,0.0,0.0,0.0,0.0,0.0,0.0
0.0,0.0,0.0,0.0,0.0,0.0,0.0,0.0
0.0,0.0,0.0,0.0,0.0,0.0,0.0,0.0
80.1,60.0,160.3,58.7,90.0,83.4,115.8,69.8
80.1,60.0,160.3,58.7,90.0,83.4,115.8,69.8
80.1,60.0,160.3,58.7,90.0,83.4,115.8,69.8
80.1,60.0,160.3,58.7,90.0,83.4,115.8,69.8
81.4,61.0,163.0,59.8,92.1,84.4,117.7,71.2
81.4,61.0,163.0,59.8,92.1,84.4,117.7,71.2
81.4,61.0,163.0,59.8,92.1,84.4,117.7,71.2
81.4,61.0,163.0,59.8,92.1,84.4,587.5,71.2
84.5,63.5,169.6,62.7,97.4,86.9,122.2,74.8
84.5,63.5,169.6,85.6,97.4,86.9,122.2,74.8
84.5,63.5,169.6,62.7,97.4,86.9,122.2,362.8
84.5,63.5,169.6,62.7,97.4,86.9,122.2,362.8
86.4,65.0,173.6,64.4,100.6,116.3,125.0,2279.0
86.4,65.0,173.6,64.4,100.6,116.3,125.0,2279.0
86.4,65.0,173.6,64.4,100.6,88.5,125.0,1991.0
86.4,65.0,173.6,64.4,446.3,88.5,125.0,77.0
84.5,63.5,169.6,62.7,97.4,86.9,122.2,74.8
84.5,63.5,169.6,62.7,97.4,86.9,122.2,74.8
84.5,63.5,169.6,62.7,97.4,86.9,122.2,74.8
84.5,63.5,169.6,62.7,97.4,86.9,122.2,74.8
85.1,64.0,171.0,63.2,98.5,87.4,123.2,75.5
85.1,64.0,171.0,63.2,98.5,87.4,123.2,75.5
85.1,64.0,171.0,63.2,98.5,87.4,123.2,75.5
85.1,64.0,171.0,63.2,98.5,87.4,123.2,75.5
87.0,65.5,174.9,64.9,101.7,89.0,125.9,77.7
87.0,65.5,174.9,64.9,101.7,89.0,125.9,77.7
87.0,65.5,174.9,64.9,101.7,89.0,125.9,77.7
87.0,65.5,174.9,64.9,101.7,89.0,125.9,77.7
0.0,0.0,0.0,0.0,0.0,0.0,0.0,0.0
0.0,0.0,0.0,0.0,0.0,0.0,0.0,0.0
0.0,0.0,0.0,0.0,0.0,0.0,0.0,0.0
0.0,0.0,0.0,0.0,0.0,0.0,0.0,0.0
0.0,0.0,0.0,0.0,0.0,0.0,0.0,0.0
0.0,0.0,0.0,0.0,0.0,0.0,0.0,0.0
0.0,0.0,0.0,0.0,0.0,0.0,0.0,0.0
0.0,0.0,0.0,0.0,0.0,0.0,0.0,0.0
0.0,0.0,0.0,0.0,0.0,0.0,0.0,0.0
0.0,0.0,0.0,0.0,0.0,0.0,0.0,0.0
0.0,0.0,0.0,0.0,0.0,0.0,0.0,0.0
0.0,0.0,0.0,0.0,0.0,0.0,0.0,0.0
0.0,0.0,0.0,0.0,0.0,0.0,0.0,0.0
0.0,0.0,0.0,0.0,0.0,0.0,0.0,0.0
0.0,0.0,0.0,0.0,0.0,0.0,0.0,0.0
0.0,0.0,0.0,0.0,0.0,0.0,0.0,0.0
0.0,0.0,0.0,0.0,0.0,0.0,0.0,0.0
0.0,0.0,0.0,0.0,0.0,0.0,0.0,0.0
0.0,0.0,0.0,0.0,0.0,0.0,0.0,0.0
0.0,0.0,0.0,0.0,0.0,0.0,0.0,0.0
0.0,0.0,0.0,0.0,0.0,0.0,0.0,0.0
0.0,0.0,0.0,0.0,0.0,0.0,0.0,0.0
0.0,0.0,0.0,0.0,0.0,0.0,0.0,0.0
0.0,0.0,0.0,0.0,0.0,0.0,0.0,0.0
0.0,0.0,0.0,0.0,0.0,0.0,0.0,0.0
0.0,0.0,0.0,0.0,0.0,0.0,0.0,0.0
0.0,0.0,0.0,0.0,0.0,0.0,0.0,0.0
0.0,0.0,0.0,0.0,0.0,0.0,0.0,0.0
0.0,0.0,0.0,0.0,0.0,0.0,0.0,0.0
0.0,0.0,0.0,0.0,0.0,0.0,0.0,0.0
0.0,0.0,0.0,0.0,0.0,0.0,0.0,0.0
0.0,0.0,0.0,0.0,0.0,0.0,0.0,0.0
0.0,0.0,0.0,0.0,0.0,0.0,0.0,0.0
0.0,0.0,0.0,0.0,0.0,0.0,0.0,0.0
0.0,0.0,0.0,0.0,0.0,0.0,0.0,0.0
0.0,0.0,0.0,0.0,0.0,0.0,0.0,0.0
0.0,0.0,0.0,0.0,0.0,0.0,0.0,0.0
0.0,0.0,0.0,0.0,0.0,0.0,0.0,0.0
0.0,0.0,0.0,0.0,0.0,0.0,0.0,0.0
0.0,0.0,0.0,0.0,0.0,0.0,0.0,0.0
0.0,0.0,0.0,0.0,0.0,0.0,0.0,0.0
0.0,0.0,0.0,0.0,0.0,0.0,0.0,0.0
0.0,0.0,0.0,0.0,0.0,0.0,0.0,0.0
0.0,0.0,0.0,0.0,0.0,0.0,0.0,0.0
0.0,0.0,0.0,0.0,0.0,0.0,0.0,0.0
0.0,0.0,0.0,0.0,0.0,0.0,0.0,0.0
0.0,0.0,0.0,0.0,0.0,0.0,0.0,0.0
0.0,0.0,0.0,0.0,0.0,0.0,0.0,0.0
0.0,0.0,0.0,0.0,0.0,0.0,0.0,0.0
0.0,0.0,0.0,0.0,0.0,0.0,0.0,0.0
0.0,0.0,0.0,0.0,0.0,0.0,0.0,0.0
0.0,0.0,0.0,0.0,0.0,0.0,0.0,0.0
0.0,0.0,0.0,0.0,0.0,0.0,0.0,0.0
0.0,0.0,0.0,0.0,0.0,0.0,0.0,0.0
0.0,0.0,0.0,0.0,0.0,0.0,0.0,0.0
0.0,0.0,0.0,0.0,0.0,0.0,0.0,0.0
0.0,0.0,0.0,0.0,0.0,0.0,0.0,0.0
0.0,0.0,0.0,0.0,0.0,0.0,0.0,0.0
0.0,0.0,0.0,0.0,0.0,0.0,0.0,0.0
0.0,0.0,0.0,0.0,0.0,0.0,0.0,0.0
4.4,4.4,4.4,4.4,4.4,4.4,4.4,4.4
4.4,4.4,4.4,4.4,4.4,4.4,4.4,4.4
4.4,4.4,4.4,4.4,4.4,4.4,4.4,4.4
4.4,4.4,4.4,4.4,4.4,4.4,4.4,4.4
0.0,0.0,0.0,0.0,0.0,0.0,0.0,0.0
0.0,0.0,0.0,0.0,0.0,0.0,0.0,0.0
0.0,0.0,0.0,0.0,0.0,0.0,0.0,0.0
0.0,0.0,0.0,0.0,0.0,0.0,0.0,0.0
16.4,16.4,16.4,16.4,16.4,16.4,16.4,16.4
16.4,16.4,16.4,16.4,16.4,16.4,16.4,16.4
16.4,16.4,16.4,16.4,16.4,16.4,16.4,16.4
16.4,16.4,16.4,16.4,16.4,16.4,16.4,16.4
21.6,21.6,21.6,21.6,21.6,21.6,21.6,21.6
21.6,21.6,21.6,21.6,21.6,21.6,21.6,21.6
21.6,21.6,21.6,21.6,21.6,21.6,21.6,21.6
21.6,21.6,21.6,21.6,21.6,21.6,21.6,21.6
84.5,220.4,169.6,62.7,97.4,86.9,122.2,74.8
84.5,63.5,169.6,62.7,97.4,86.9,122.2,74.8
84.5,63.5,169.6,62.7,97.4,86.9,122.2,74.8
84.5,63.5,169.6,62.7,97.4,850.1,449.1,74.8
86.4,65.0,119.1,64.4,95.1,88.5,103.1,117.3
86.4,65.0,119.1,64.4,95.1,88.5,103.1,117.3
86.4,65.0,119.1,64.4,95.1,88.5,103.1,117.3
86.4,65.0,146.0,64.4,97.8,88.5,113.9,77.0
69.3,63.5,73.4,62.7,69.9,69.4,71.1,68.8
69.3,63.5,73.4,62.7,69.9,69.4,71.1,68.8
69.3,63.5,73.4,62.7,69.9,69.4,71.1,68.8
69.3,63.5,73.4,62.7,69.9,69.4,71.1,68.8
85.1,64.0,171.0,63.2,98.5,87.4,123.2,75.5
85.1,64.0,171.0,672.2,98.5,87.4,123.2,75.5
85.1,64.0,522.2,672.2,98.5,87.4,123.2,75.5
85.1,64.0,522.2,672.2,98.5,87.4,123.2,75.5
87.0,65.5,526.1,673.9,101.7,89.0,125.9,77.7
87.0,65.5,526.1,64.9,101.7,89.0,125.9,77.7
87.0,65.5,526.1,64.9,101.7,89.0,125.9,77.7
87.0,65.5,526.1,64.9,101.7,89.0,125.9,77.7
0.0,0.0,0.0,0.0,0.0,0.0,0.0,0.0
0.0,0.0,0.0,0.0,0.0,0.0,0.0,0.0
0.0,0.0,0.0,0.0,0.0,0.0,0.0,0.0
0.0,0.0,0.0,0.0,0.0,0.0,0.0,0.0
0.0,0.0,0.0,0.0,0.0,0.0,0.0,0.0
0.0,0.0,0.0,0.0,0.0,0.0,0.0,0.0
0.0,0.0,0.0,0.0,0.0,0.0,0.0,0.0
0.0,0.0,0.0,0.0,0.0,0.0,0.0,0.0
0.0,0.0,0.0,0.0,0.0,0.0,0.0,0.0
0.0,0.0,0.0,0.0,0.0,0.0,0.0,0.0
0.0,0.0,0.0,0.0,0.0,0.0,0.0,0.0
0.0,0.0,0.0,0.0,0.0,0.0,0.0,0.0
0.0,0.0,0.0,0.0,0.0,0.0,0.0,0.0
0.0,0.0,0.0,0.0,0.0,0.0,0.0,0.0
0.0,0.0,0.0,0.0,0.0,0.0,0.0,0.0
0.0,0.0,0.0,0.0,0.0,0.0,0.0,0.0
0.0,0.0,0.0,0.0,0.0,0.0,0.0,0.0
0.0,0.0,0.0,0.0,0.0,0.0,0.0,0.0
0.0,0.0,0.0,0.0,0.0,0.0,0.0,0.0
0.0,0.0,0.0,0.0,0.0,0.0,0.0,0.0
0.0,0.0,0.0,0.0,0.0,0.0,0.0,0.0
0.0,0.0,0.0,0.0,0.0,0.0,0.0,0.0
0.0,0.0,0.0,0.0,0.0,0.0,0.0,0.0
0.0,0.0,0.0,0.0,0.0,0.0,0.0,0.0
0.0,0.0,0.0,0.0,0.0,0.0,0.0,0.0
0.0,0.0,0.0,0.0,0.0,0.0,0.0,0.0
0.0,0.0,0.0,0.0,0.0,0.0,0.0,0.0
0.0,0.0,0.0,0.0,0.0,0.0,0.0,0.0
0.0,0.0,0.0,0.0,0.0,0.0,0.0,0.0
0.0,0.0,0.0,0.0,0.0,0.0,0.0,0.0
0.0,0.0,0.0,0.0,0.0,0.0,0.0,0.0
0.0,0.0,0.0,0.0,0.0,0.0,0.0,0.0
0.0,0.0,0.0,0.0,0.0,0.0,0.0,0.0
0.0,0.0,0.0,0.0,0.0,0.0,0.0,0.0
0.0,0.0,0.0,0.0,0.0,0.0,0.0,0.0
0.0,0.0,0.0,0.0,0.0,0.0,0.0,0.0
0.0,0.0,0.0,0.0,0.0,0.0,0.0,0.0
0.0,0.0,0.0,0.0,0.0,0.0,0.0,0.0
0.0,0.0,0.0,0.0,0.0,0.0,0.0,0.0
0.0,0.0,0.0,0.0,0.0,0.0,0.0,0.0
0.0,0.0,0.0,0.0,0.0,0.0,0.0,0.0
0.0,0.0,0.0,0.0,0.0,0.0,0.0,0.0
0.0,0.0,0.0,0.0,0.0,0.0,0.0,0.0
0.0,0.0,0.0,0.0,0.0,0.0,0.0,0.0
0.0,0.0,0.0,0.0,0.0,0.0,0.0,0.0
0.0,0.0,0.0,0.0,0.0,0.0,0.0,0.0
0.0,0.0,0.0,0.0,0.0,0.0,0.0,0.0
0.0,0.0,0.0,0.0,0.0,0.0,0.0,0.0
0.0,0.0,0.0,0.0,0.0,0.0,0.0,0.0
0.0,0.0,0.0,0.0,0.0,0.0,0.0,0.0
0.0,0.0,0.0,0.0,0.0,0.0,0.0,0.0
0.0,0.0,0.0,0.0,0.0,0.0,0.0,0.0
0.0,0.0,0.0,0.0,0.0,0.0,0.0,0.0
0.0,0.0,0.0,0.0,0.0,0.0,0.0,0.0
0.0,0.0,0.0,0.0,0.0,0.0,0.0,0.0
0.0,0.0,0.0,0.0,0.0,0.0,0.0,0.0
0.0,0.0,0.0,0.0,0.0,0.0,0.0,0.0
0.0,0.0,0.0,0.0,0.0,0.0,0.0,0.0
0.0,0.0,0.0,0.0,0.0,0.0,0.0,0.0
0.0,0.0,0.0,0.0,0.0,0.0,0.0,0.0
0.0,0.0,0.0,0.0,0.0,0.0,0.0,0.0
0.0,0.0,0.0,0.0,0.0,0.0,0.0,0.0
0.0,0.0,0.0,0.0,0.0,0.0,0.0,0.0
0.0,0.0,0.0,0.0,0.0,0.0,0.0,0.0
0.0,0.0,0.0,0.0,0.0,0.0,0.0,0.0
0.0,0.0,0.0,0.0,0.0,0.0,0.0,0.0
0.0,0.0,0.0,0.0,0.0,0.0,0.0,0.0
0.0,0.0,0.0,0.0,0.0,0.0,0.0,0.0
80.1,60.0,160.3,58.7,90.0,83.4,115.8,69.8
80.1,60.0,160.3,58.7,90.0,83.4,115.8,69.8
80.1,60.0,160.3,58.7,90.0,83.4,115.8,69.8
80.1,60.0,160.3,58.7,90.0,83.4,115.8,69.8
81.4,61.0,163.0,59.8,92.1,84.4,117.7,71.2
81.4,61.0,163.0,59.8,92.1,84.4,117.7,71.2
416.8,61.0,163.0,59.8,92.1,84.4,117.7,71.2
230.0,614.4,333.9,71.3,92.1,84.4,117.7,71.2
84.5,1687.8,169.6,384.5,97.4,114.8,122.2,74.8
84.5,63.5,169.6,425.9,97.4,114.8,122.2,74.8
84.5,63.5,169.6,425.9,97.4,86.9,357.2,74.8
84.5,63.5,169.6,425.9,97.4,86.9,357.2,74.8
86.4,65.0,173.6,427.6,215.8,88.5,125.0,77.0
86.4,65.0,173.6,64.4,215.8,88.5,125.0,77.0
86.4,65.0,173.6,64.4,215.8,88.5,125.0,77.0
86.4,65.0,173.6,1418.4,100.6,88.5,125.0,77.0
84.5,63.5,169.6,1416.7,97.4,86.9,122.2,74.8
84.5,1349.5,169.6,62.7,97.4,86.9,122.2,74.8
84.5,1349.5,169.6,62.7,97.4,86.9,122.2,74.8
84.5,63.5,169.6,62.7,97.4,86.9,122.2,74.8
85.1,64.0,171.0,63.2,98.5,87.4,123.2,75.5
85.1,64.0,171.0,63.2,98.5,87.4,123.2,75.5
85.1,64.0,171.0,63.2,98.5,87.4,123.2,75.5
85.1,64.0,171.0,63.2,98.5,87.4,123.2,75.5
87.0,65.5,174.9,64.9,101.7,89.0,125.9,77.7
87.0,65.5,174.9,64.9,101.7,89.0,125.9,77.7
87.0,65.5,174.9,64.9,101.7,89.0,125.9,77.7
87.0,65.5,174.9,64.9,101.7,89.0,125.9,77.7
0.0,0.0,0.0,0.0,0.0,0.0,0.0,0.0
0.0,0.0,0.0,0.0,0.0,0.0,0.0,0.0
0.0,0.0,0.0,0.0,0.0,0.0,0.0,0.0
0.0,0.0,0.0,0.0,0.0,0.0,0.0,0.0
0.0,0.0,0.0,0.0,0.0,0.0,0.0,0.0
0.0,0.0,0.0,0.0,0.0,0.0,0.0,0.0
0.0,0.0,0.0,0.0,0.0,0.0,0.0,0.0
0.0,0.0,0.0,0.0,0.0,0.0,0.0,0.0
0.0,0.0,0.0,0.0,0.0,0.0,0.0,0.0
0.0,0.0,0.0,0.0,0.0,0.0,0.0,0.0
0.0,0.0,0.0,0.0,0.0,0.0,0.0,0.0
0.0,0.0,0.0,0.0,0.0,0.0,0.0,0.0
0.0,0.0,0.0,0.0,0.0,0.0,0.0,0.0
0.0,0.0,0.0,0.0,0.0,0.0,0.0,0.0
0.0,0.0,0.0,0.0,0.0,0.0,0.0,0.0
0.0,0.0,0.0,0.0,0.0,0.0,0.0,0.0
0.0,0.0,0.0,0.0,0.0,0.0,0.0,0.0
0.0,0.0,0.0,0.0,0.0,0.0,0.0,0.0
0.0,0.0,0.0,0.0,0.0,0.0,0.0,0.0
0.0,0.0,0.0,0.0,0.0,0.0,0.0,0.0
0.0,0.0,0.0,0.0,0.0,0.0,0.0,0.0
0.0,0.0,0.0,0.0,0.0,0.0,0.0,0.0
0.0,0.0,0.0,0.0,0.0,0.0,0.0,0.0
0.0,0.0,0.0,0.0,0.0,0.0,0.0,0.0
0.0,0.0,0.0,0.0,0.0,0.0,0.0,0.0
0.0,0.0,0.0,0.0,0.0,0.0,0.0,0.0
0.0,0.0,0.0,0.0,0.0,0.0,0.0,0.0
0.0,0.0,0.0,0.0,0.0,0.0,0.0,0.0
0.0,0.0,0.0,0.0,0.0,0.0,0.0,0.0
0.0,0.0,0.0,0.0,0.0,0.0,0.0,0.0
0.0,0.0,0.0,0.0,0.0,0.0,0.0,0.0
0.0,0.0,0.0,0.0,0.0,0.0,0.0,0.0
0.0,0.0,0.0,0.0,0.0,0.0,0.0,0.0
0.0,0.0,0.0,0.0,0.0,0.0,0.0,0.0
0.0,0.0,0.0,0.0,0.0,0.0,0.0,0.0
0.0,0.0,0.0,0.0,0.0,0.0,0.0,0.0
0.0,0.0,0.0,0.0,0.0,0.0,0.0,0.0
0.0,0.0,0.0,0.0,0.0,0.0,0.0,0.0
0.0,0.0,0.0,0.0,0.0,0.0,0.0,0.0
0.0,0.0,0.0,0.0,0.0,0.0,0.0,0.0
0.0,0.0,0.0,0.0,0.0,0.0,0.0,0.0
0.0,0.0,0.0,0.0,0.0,0.0,0.0,0.0
0.0,0.0,0.0,0.0,0.0,0.0,0.0,0.0
0.0,0.0,0.0,0.0,0.0,0.0,0.0,0.0
0.0,0.0,0.0,0.0,0.0,0.0,0.0,0.0
0.0,0.0,0.0,0.0,0.0,0.0,0.0,0.0
0.0,0.0,0.0,0.0,0.0,0.0,0.0,0.0
0.0,0.0,0.0,0.0,0.0,0.0,0.0,0.0
0.0,0.0,0.0,0.0,0.0,0.0,0.0,0.0
0.0,0.0,0.0,0.0,0.0,0.0,0.0,0.0
0.0,0.0,0.0,0.0,0.0,0.0,0.0,0.0
0.0,0.0,0.0,0.0,0.0,0.0,0.0,0.0
0.0,0.0,0.0,0.0,0.0,0.0,0.0,0.0
0.0,0.0,0.0,0.0,0.0,0.0,0.0,0.0
0.0,0.0,0.0,0.0,0.0,0.0,0.0,0.0
0.0,0.0,0.0,0.0,0.0,0.0,0.0,0.0
0.0,0.0,0.0,0.0,0.0,0.0,0.0,0.0
0.0,0.0,0.0,0.0,0.0,0.0,0.0,0.0
0.0,0.0,0.0,0.0,0.0,0.0,0.0,0.0
0.0,0.0,0.0,0.0,0.0,0.0,0.0,0.0
3.5,3.5,3.5,3.5,3.5,3.5,3.5,3.5
3.5,3.5,3.5,3.5,3.5,3.5,3.5,3.5
3.5,3.5,3.5,3.5,3.5,3.5,3.5,3.5
3.5,3.5,3.5,3.5,3.5,3.5,3.5,3.5
7.0,7.0,7.0,7.0,7.0,7.0,7.0,7.0
7.0,7.0,7.0,7.0,7.0,7.0,7.0,7.0
7.0,7.0,7.0,7.0,7.0,7.0,7.0,7.0
7.0,7.0,7.0,7.0,7.0,7.0,7.0,7.0
10.4,10.4,10.4,10.4,10.4,10.4,10.4,10.4
10.4,10.4,10.4,10.4,10.4,10.4,10.4,10.4
10.4,10.4,10.4,10.4,10.4,10.4,10.4,10.4
10.4,10.4,10.4,10.4,10.4,10.4,10.4,10.4
13.9,13.9,13.9,13.9,13.9,13.9,13.9,13.9
13.9,13.9,13.9,13.9,13.9,13.9,13.9,13.9
13.9,13.9,13.9,13.9,13.9,13.9,13.9,13.9
13.9,13.9,13.9,13.9,13.9,13.9,13.9,13.9
13.9,13.9,13.9,13.9,13.9,13.9,13.9,13.9
13.9,13.9,13.9,13.9,13.9,13.9,13.9,13.9
13.9,13.9,13.9,13.9,13.9,13.9,13.9,13.9
13.9,13.9,13.9,13.9,13.9,13.9,13.9,13.9
12.2,12.2,12.2,12.2,12.2,12.2,12.2,12.2
12.2,12.2,12.2,12.2,12.2,12.2,12.2,12.2
12.2,12.2,12.2,12.2,12.2,12.2,12.2,12.2
12.2,12.2,12.2,12.2,12.2,12.2,12.2,12.2
14.8,14.8,14.8,14.8,14.8,14.8,14.8,14.8
14.8,14.8,14.8,14.8,14.8,14.8,14.8,14.8
14.8,14.8,14.8,14.8,14.8,14.8,14.8,14.8
14.8,14.8,14.8,14.8,14.8,14.8,14.8,14.8
10.4,10.4,10.4,10.4,10.4,10.4,10.4,10.4
10.4,10.4,10.4,10.4,10.4,10.4,10.4,10.4
10.4,10.4,10.4,10.4,10.4,10.4,10.4,10.4
10.4,10.4,10.4,10.4,10.4,10.4,10.4,10.4
2.6,2.6,2.6,2.6,2.6,2.6,2.6,2.6
2.6,2.6,2.6,2.6,2.6,2.6,2.6,2.6
2.6,2.6,2.6,2.6,2.6,2.6,2.6,2.6
2.6,2.6,2.6,2.6,2.6,2.6,2.6,2.6
0.0,0.0,0.0,0.0,0.0,0.0,0.0,0.0
0.0,0.0,0.0,0.0,0.0,0.0,0.0,0.0
0.0,0.0,0.0,0.0,0.0,0.0,0.0,0.0
0.0,0.0,0.0,0.0,0.0,0.0,0.0,0.0
0.0,0.0,0.0,0.0,0.0,0.0,0.0,0.0
0.0,0.0,0.0,0.0,0.0,0.0,0.0,0.0
0.0,0.0,0.0,0.0,0.0,0.0,0.0,0.0
0.0,0.0,0.0,0.0,0.0,0.0,0.0,0.0
0.0,0.0,0.0,0.0,0.0,0.0,0.0,0.0
0.0,0.0,0.0,0.0,0.0,0.0,0.0,0.0
0.0,0.0,0.0,0.0,0.0,0.0,0.0,0.0
0.0,0.0,0.0,0.0,0.0,0.0,0.0,0.0
0.0,0.0,0.0,0.0,0.0,0.0,0.0,0.0
0.0,0.0,0.0,0.0,0.0,0.0,0.0,0.0
0.0,0.0,0.0,0.0,0.0,0.0,0.0,0.0
0.0,0.0,0.0,0.0,0.0,0.0,0.0,0.0
0.0,0.0,0.0,0.0,0.0,0.0,0.0,0.0
0.0,0.0,0.0,0.0,0.0,0.0,0.0,0.0
0.0,0.0,0.0,0.0,0.0,0.0,0.0,0.0
0.0,0.0,0.0,0.0,0.0,0.0,0.0,0.0
0.0,0.0,0.0,0.0,0.0,0.0,0.0,0.0
0.0,0.0,0.0,0.0,0.0,0.0,0.0,0.0
0.0,0.0,0.0,0.0,0.0,0.0,0.0,0.0
0.0,0.0,0.0,0.0,0.0,0.0,0.0,0.0
0.0,0.0,0.0,0.0,0.0,0.0,0.0,0.0
0.0,0.0,0.0,0.0,0.0,0.0,0.0,0.0
0.0,0.0,0.0,0.0,0.0,0.0,0.0,0.0
0.0,0.0,0.0,0.0,0.0,0.0,0.0,0.0
0.0,0.0,0.0,0.0,0.0,0.0,0.0,0.0
0.0,0.0,0.0,0.0,0.0,0.0,0.0,0.0
0.0,0.0,0.0,0.0,0.0,0.0,0.0,0.0
0.0,0.0,0.0,0.0,0.0,0.0,0.0,0.0
0.0,0.0,0.0,0.0,0.0,0.0,0.0,0.0
0.0,0.0,0.0,0.0,0.0,0.0,0.0,0.0
0.0,0.0,0.0,0.0,0.0,0.0,0.0,0.0
0.0,0.0,0.0,0.0,0.0,0.0,0.0,0.0
0.0,0.0,0.0,0.0,0.0,0.0,0.0,0.0
0.0,0.0,0.0,0.0,0.0,0.0,0.0,0.0
0.0,0.0,0.0,0.0,0.0,0.0,0.0,0.0
0.0,0.0,0.0,0.0,0.0,0.0,0.0,0.0
0.0,0.0,0.0,0.0,0.0,0.0,0.0,0.0
0.0,0.0,0.0,0.0,0.0,0.0,0.0,0.0
0.0,0.0,0.0,0.0,0.0,0.0,0.0,0.0
0.0,0.0,0.0,0.0,0.0,0.0,0.0,0.0
0.0,0.0,0.0,0.0,0.0,0.0,0.0,0.0
0.0,0.0,0.0,0.0,0.0,0.0,0.0,0.0
0.0,0.0,0.0,0.0,0.0,0.0,0.0,0.0
0.0,0.0,0.0,0.0,0.0,0.0,0.0,0.0
0.0,0.0,0.0,0.0,0.0,0.0,0.0,0.0
0.0,0.0,0.0,0.0,0.0,0.0,0.0,0.0
0.0,0.0,0.0,0.0,0.0,0.0,0.0,0.0
0.0,0.0,0.0,0.0,0.0,0.0,0.0,0.0
0.0,0.0,0.0,0.0,0.0,0.0,0.0,0.0
0.0,0.0,0.0,0.0,0.0,0.0,0.0,0.0
0.0,0.0,0.0,0.0,0.0,0.0,0.0,0.0
0.0,0.0,0.0,0.0,0.0,0.0,0.0,0.0
0.0,0.0,0.0,0.0,0.0,0.0,0.0,0.0
0.0,0.0,0.0,0.0,0.0,0.0,0.0,0.0
0.0,0.0,0.0,0.0,0.0,0.0,0.0,0.0
0.0,0.0,0.0,0.0,0.0,0.0,0.0,0.0
10.5,10.5,10.5,10.5,10.5,10.5,10.5,10.5
10.5,10.5,10.5,10.5,10.5,10.5,10.5,10.5
10.5,10.5,10.5,10.5,10.5,10.5,10.5,10.5
10.5,10.5,10.5,10.5,10.5,10.5,10.5,10.5
9.6,9.6,9.6,9.6,9.6,9.6,9.6,9.6
9.6,9.6,9.6,9.6,9.6,9.6,9.6,9.6
9.6,9.6,9.6,9.6,9.6,9.6,9.6,9.6
9.6,9.6,9.6,9.6,9.6,9.6,9.6,9.6
16.5,16.5,16.5,16.5,16.5,16.5,16.5,16.5
16.5,16.5,16.5,16.5,16.5,16.5,16.5,16.5
16.5,16.5,16.5,16.5,16.5,16.5,16.5,16.5
16.5,16.5,16.5,16.5,16.5,16.5,16.5,16.5
81.4,61.0,163.0,59.8,92.1,84.4,117.7,71.2
81.4,61.0,163.0,59.8,92.1,84.4,117.7,71.2
597.8,61.0,161.3,67.5,92.1,84.4,117.7,71.2
81.4,61.0,163.0,67.5,92.1,84.4,117.7,71.2
84.5,63.5,169.6,70.3,97.4,86.9,122.2,74.8
84.5,63.5,169.6,62.7,97.4,86.9,122.2,74.8
84.5,63.5,169.6,62.7,97.4,86.9,122.2,74.8
84.5,63.5,169.6,62.7,97.4,86.9,122.2,74.8
86.4,65.0,173.6,64.4,100.6,88.5,125.0,77.0
86.4,65.0,173.6,64.4,100.6,88.5,125.0,77.0
86.4,65.0,146.8,64.4,100.6,88.5,254.1,77.0
86.4,65.0,146.8,64.4,100.6,88.5,254.1,77.0
62.1,62.1,62.1,62.1,62.1,62.1,62.1,62.1
62.1,62.1,62.1,62.1,62.1,62.1,62.1,62.1
62.1,62.1,62.1,62.1,62.1,62.1,62.1,62.1
62.1,62.1,62.1,62.1,62.1,62.1,62.1,62.1
85.1,64.0,171.0,63.2,98.5,87.4,123.2,75.5
85.1,64.0,171.0,63.2,98.5,87.4,123.2,75.5
85.1,64.0,171.0,63.2,98.5,87.4,123.2,75.5
85.1,64.0,171.0,63.2,98.5,87.4,123.2,75.5
87.0,65.5,174.9,64.9,101.7,89.0,125.9,77.7
87.0,65.5,174.9,64.9,101.7,89.0,125.9,77.7
87.0,65.5,174.9,64.9,101.7,89.0,125.9,77.7
87.0,65.5,174.9,64.9,101.7,89.0,125.9,77.7
0.0,0.0,0.0,0.0,0.0,0.0,0.0,0.0
0.0,0.0,0.0,0.0,0.0,0.0,0.0,0.0
0.0,0.0,0.0,0.0,0.0,0.0,0.0,0.0
0.0,0.0,0.0,0.0,0.0,0.0,0.0,0.0
0.0,0.0,0.0,0.0,0.0,0.0,0.0,0.0
0.0,0.0,0.0,0.0,0.0,0.0,0.0,0.0
0.0,0.0,0.0,0.0,0.0,0.0,0.0,0.0
0.0,0.0,0.0,0.0,0.0,0.0,0.0,0.0
0.0,0.0,0.0,0.0,0.0,0.0,0.0,0.0
0.0,0.0,0.0,0.0,0.0,0.0,0.0,0.0
0.0,0.0,0.0,0.0,0.0,0.0,0.0,0.0
0.0,0.0,0.0,0.0,0.0,0.0,0.0,0.0
0.0,0.0,0.0,0.0,0.0,0.0,0.0,0.0
0.0,0.0,0.0,0.0,0.0,0.0,0.0,0.0
0.0,0.0,0.0,0.0,0.0,0.0,0.0,0.0
0.0,0.0,0.0,0.0,0.0,0.0,0.0,0.0
0.0,0.0,0.0,0.0,0.0,0.0,0.0,0.0
0.0,0.0,0.0,0.0,0.0,0.0,0.0,0.0
0.0,0.0,0.0,0.0,0.0,0.0,0.0,0.0
0.0,0.0,0.0,0.0,0.0,0.0,0.0,0.0
0.0,0.0,0.0,0.0,0.0,0.0,0.0,0.0
0.0,0.0,0.0,0.0,0.0,0.0,0.0,0.0
0.0,0.0,0.0,0.0,0.0,0.0,0.0,0.0
0.0,0.0,0.0,0.0,0.0,0.0,0.0,0.0
0.0,0.0,0.0,0.0,0.0,0.0,0.0,0.0
0.0,0.0,0.0,0.0,0.0,0.0,0.0,0.0
0.0,0.0,0.0,0.0,0.0,0.0,0.0,0.0
0.0,0.0,0.0,0.0,0.0,0.0,0.0,0.0
0.0,0.0,0.0,0.0,0.0,0.0,0.0,0.0
0.0,0.0,0.0,0.0,0.0,0.0,0.0,0.0
0.0,0.0,0.0,0.0,0.0,0.0,0.0,0.0
0.0,0.0,0.0,0.0,0.0,0.0,0.0,0.0
0.0,0.0,0.0,0.0,0.0,0.0,0.0,0.0
0.0,0.0,0.0,0.0,0.0,0.0,0.0,0.0
0.0,0.0,0.0,0.0,0.0,0.0,0.0,0.0
0.0,0.0,0.0,0.0,0.0,0.0,0.0,0.0
0.0,0.0,0.0,0.0,0.0,0.0,0.0,0.0
0.0,0.0,0.0,0.0,0.0,0.0,0.0,0.0
0.0,0.0,0.0,0.0,0.0,0.0,0.0,0.0
0.0,0.0,0.0,0.0,0.0,0.0,0.0,0.0
0.0,0.0,0.0,0.0,0.0,0.0,0.0,0.0
0.0,0.0,0.0,0.0,0.0,0.0,0.0,0.0
0.0,0.0,0.0,0.0,0.0,0.0,0.0,0.0
0.0,0.0,0.0,0.0,0.0,0.0,0.0,0.0
0.0,0.0,0.0,0.0,0.0,0.0,0.0,0.0
0.0,0.0,0.0,0.0,0.0,0.0,0.0,0.0
0.0,0.0,0.0,0.0,0.0,0.0,0.0,0.0
0.0,0.0,0.0,0.0,0.0,0.0,0.0,0.0
0.0,0.0,0.0,0.0,0.0,0.0,0.0,0.0
0.0,0.0,0.0,0.0,0.0,0.0,0.0,0.0
0.0,0.0,0.0,0.0,0.0,0.0,0.0,0.0
0.0,0.0,0.0,0.0,0.0,0.0,0.0,0.0
0.0,0.0,0.0,0.0,0.0,0.0,0.0,0.0
0.0,0.0,0.0,0.0,0.0,0.0,0.0,0.0
0.0,0.0,0.0,0.0,0.0,0.0,0.0,0.0
0.0,0.0,0.0,0.0,0.0,0.0,0.0,0.0
0.0,0.0,0.0,0.0,0.0,0.0,0.0,0.0
0.0,0.0,0.0,0.0,0.0,0.0,0.0,0.0
0.0,0.0,0.0,0.0,0.0,0.0,0.0,0.0
0.0,0.0,0.0,0.0,0.0,0.0,0.0,0.0
0.0,0.0,0.0,0.0,0.0,0.0,0.0,0.0
0.0,0.0,0.0,0.0,0.0,0.0,0.0,0.0
0.0,0.0,0.0,0.0,0.0,0.0,0.0,0.0
0.0,0.0,0.0,0.0,0.0,0.0,0.0,0.0
8.7,8.7,8.7,8.7,8.7,8.7,8.7,8.7
8.7,8.7,8.7,8.7,8.7,8.7,8.7,8.7
8.7,8.7,8.7,8.7,8.7,8.7,8.7,8.7
8.7,8.7,8.7,8.7,8.7,8.7,8.7,8.7
14.7,14.7,14.7,14.7,14.7,14.7,14.7,14.7
14.7,14.7,14.7,14.7,14.7,14.7,14.7,14.7
14.7,14.7,14.7,14.7,14.7,14.7,14.7,14.7
14.7,14.7,14.7,14.7,14.7,14.7,14.7,14.7
19.8,19.8,19.8,19.8,19.8,19.8,19.8,19.8
19.8,19.8,19.8,19.8,19.8,19.8,19.8,19.8
19.8,19.8,19.8,19.8,19.8,19.8,19.8,19.8
19.8,19.8,19.8,19.8,19.8,19.8,19.8,19.8
20.6,20.6,20.6,20.6,20.6,20.6,20.6,20.6
20.6,20.6,20.6,20.6,20.6,20.6,20.6,20.6
20.6,20.6,20.6,20.6,20.6,20.6,20.6,20.6
20.6,20.6,20.6,20.6,20.6,20.6,20.6,20.6
39.5,39.5,39.5,39.5,39.5,39.5,39.5,39.5
39.5,39.5,39.5,39.5,39.5,39.5,39.5,39.5
39.5,39.5,39.5,39.5,39.5,39.5,39.5,39.5
39.5,39.5,39.5,39.5,39.5,39.5,39.5,39.5
13.8,13.8,13.8,13.8,13.8,13.8,13.8,13.8
13.8,13.8,13.8,13.8,13.8,13.8,13.8,13.8
13.8,13.8,13.8,13.8,13.8,13.8,13.8,13.8
13.8,13.8,13.8,13.8,13.8,13.8,13.8,13.8
6.0,6.0,6.0,6.0,6.0,6.0,6.0,6.0
6.0,6.0,6.0,6.0,6.0,6.0,6.0,6.0
6.0,6.0,6.0,6.0,6.0,6.0,6.0,6.0
6.0,6.0,6.0,6.0,6.0,6.0,6.0,6.0
2.6,2.6,2.6,2.6,2.6,2.6,2.6,2.6
2.6,2.6,2.6,2.6,2.6,2.6,2.6,2.6
2.6,2.6,2.6,2.6,2.6,2.6,2.6,2.6
2.6,2.6,2.6,2.6,2.6,2.6,2.6,2.6
0.0,0.0,0.0,0.0,0.0,0.0,0.0,0.0
0.0,0.0,0.0,0.0,0.0,0.0,0.0,0.0
0.0,0.0,0.0,0.0,0.0,0.0,0.0,0.0
0.0,0.0,0.0,0.0,0.0,0.0,0.0,0.0
0.0,0.0,0.0,0.0,0.0,0.0,0.0,0.0
0.0,0.0,0.0,0.0,0.0,0.0,0.0,0.0
0.0,0.0,0.0,0.0,0.0,0.0,0.0,0.0
0.0,0.0,0.0,0.0,0.0,0.0,0.0,0.0
0.0,0.0,0.0,0.0,0.0,0.0,0.0,0.0
0.0,0.0,0.0,0.0,0.0,0.0,0.0,0.0
0.0,0.0,0.0,0.0,0.0,0.0,0.0,0.0
0.0,0.0,0.0,0.0,0.0,0.0,0.0,0.0
0.0,0.0,0.0,0.0,0.0,0.0,0.0,0.0
0.0,0.0,0.0,0.0,0.0,0.0,0.0,0.0
0.0,0.0,0.0,0.0,0.0,0.0,0.0,0.0
0.0,0.0,0.0,0.0,0.0,0.0,0.0,0.0
0.0,0.0,0.0,0.0,0.0,0.0,0.0,0.0
0.0,0.0,0.0,0.0,0.0,0.0,0.0,0.0
0.0,0.0,0.0,0.0,0.0,0.0,0.0,0.0
0.0,0.0,0.0,0.0,0.0,0.0,0.0,0.0
0.0,0.0,0.0,0.0,0.0,0.0,0.0,0.0
0.0,0.0,0.0,0.0,0.0,0.0,0.0,0.0
0.0,0.0,0.0,0.0,0.0,0.0,0.0,0.0
0.0,0.0,0.0,0.0,0.0,0.0,0.0,0.0
0.0,0.0,0.0,0.0,0.0,0.0,0.0,0.0
0.0,0.0,0.0,0.0,0.0,0.0,0.0,0.0
0.0,0.0,0.0,0.0,0.0,0.0,0.0,0.0
0.0,0.0,0.0,0.0,0.0,0.0,0.0,0.0
0.0,0.0,0.0,0.0,0.0,0.0,0.0,0.0
0.0,0.0,0.0,0.0,0.0,0.0,0.0,0.0
0.0,0.0,0.0,0.0,0.0,0.0,0.0,0.0
0.0,0.0,0.0,0.0,0.0,0.0,0.0,0.0
0.0,0.0,0.0,0.0,0.0,0.0,0.0,0.0
0.0,0.0,0.0,0.0,0.0,0.0,0.0,0.0
0.0,0.0,0.0,0.0,0.0,0.0,0.0,0.0
0.0,0.0,0.0,0.0,0.0,0.0,0.0,0.0
0.0,0.0,0.0,0.0,0.0,0.0,0.0,0.0
0.0,0.0,0.0,0.0,0.0,0.0,0.0,0.0
0.0,0.0,0.0,0.0,0.0,0.0,0.0,0.0
0.0,0.0,0.0,0.0,0.0,0.0,0.0,0.0
0.0,0.0,0.0,0.0,0.0,0.0,0.0,0.0
0.0,0.0,0.0,0.0,0.0,0.0,0.0,0.0
0.0,0.0,0.0,0.0,0.0,0.0,0.0,0.0
0.0,0.0,0.0,0.0,0.0,0.0,0.0,0.0
0.0,0.0,0.0,0.0,0.0,0.0,0.0,0.0
0.0,0.0,0.0,0.0,0.0,0.0,0.0,0.0
0.0,0.0,0.0,0.0,0.0,0.0,0.0,0.0
0.0,0.0,0.0,0.0,0.0,0.0,0.0,0.0
0.0,0.0,0.0,0.0,0.0,0.0,0.0,0.0
0.0,0.0,0.0,0.0,0.0,0.0,0.0,0.0
0.0,0.0,0.0,0.0,0.0,0.0,0.0,0.0
0.0,0.0,0.0,0.0,0.0,0.0,0.0,0.0
0.0,0.0,0.0,0.0,0.0,0.0,0.0,0.0
0.0,0.0,0.0,0.0,0.0,0.0,0.0,0.0
0.0,0.0,0.0,0.0,0.0,0.0,0.0,0.0
0.0,0.0,0.0,0.0,0.0,0.0,0.0,0.0
0.0,0.0,0.0,0.0,0.0,0.0,0.0,0.0
0.0,0.0,0.0,0.0,0.0,0.0,0.0,0.0
0.0,0.0,0.0,0.0,0.0,0.0,0.0,0.0
0.0,0.0,0.0,0.0,0.0,0.0,0.0,0.0
3.5,3.5,3.5,3.5,3.5,3.5,3.5,3.5
3.5,3.5,3.5,3.5,3.5,3.5,3.5,3.5
3.5,3.5,3.5,3.5,3.5,3.5,3.5,3.5
3.5,3.5,3.5,3.5,3.5,3.5,3.5,3.5
7.0,7.0,7.0,7.0,7.0,7.0,7.0,7.0
7.0,7.0,7.0,7.0,7.0,7.0,7.0,7.0
7.0,7.0,7.0,7.0,7.0,7.0,7.0,7.0
7.0,7.0,7.0,7.0,7.0,7.0,7.0,7.0
9.6,9.6,9.6,9.6,9.6,9.6,9.6,9.6
9.6,9.6,9.6,9.6,9.6,9.6,9.6,9.6
9.6,9.6,9.6,9.6,9.6,9.6,9.6,9.6
9.6,9.6,9.6,9.6,9.6,9.6,9.6,9.6
32.1,32.1,32.1,32.1,32.1,32.1,32.1,32.1
32.1,32.1,32.1,32.1,32.1,32.1,32.1,32.1
32.1,32.1,32.1,32.1,32.1,32.1,32.1,32.1
32.1,32.1,32.1,32.1,32.1,32.1,32.1,32.1
84.5,63.5,169.6,62.7,97.4,86.9,122.2,74.8
84.5,63.5,169.6,62.7,97.4,86.9,122.2,74.8
84.5,168.7,140.4,62.7,97.4,86.9,114.0,74.8
84.5,168.7,140.4,62.7,97.4,86.9,114.0,74.8
37.3,37.3,37.3,37.3,37.3,37.3,37.3,37.3
37.3,37.3,37.3,37.3,37.3,37.3,37.3,37.3
37.3,37.3,37.3,37.3,37.3,37.3,37.3,37.3
37.3,37.3,37.3,37.3,37.3,37.3,37.3,37.3
52.8,52.8,52.8,52.8,52.8,52.8,52.8,52.8
52.8,52.8,52.8,52.8,52.8,52.8,52.8,52.8
52.8,52.8,52.8,52.8,52.8,52.8,52.8,52.8
52.8,52.8,52.8,52.8,52.8,52.8,52.8,52.8
30.4,30.4,30.4,30.4,30.4,30.4,30.4,30.4
30.4,30.4,30.4,30.4,30.4,30.4,30.4,30.4
30.4,30.4,30.4,30.4,30.4,30.4,30.4,30.4
30.4,30.4,30.4,30.4,30.4,30.4,30.4,30.4
4.4,4.4,4.4,4.4,4.4,4.4,4.4,4.4
4.4,4.4,4.4,4.4,4.4,4.4,4.4,4.4
4.4,4.4,4.4,4.4,4.4,4.4,4.4,4.4
4.4,4.4,4.4,4.4,4.4,4.4,4.4,4.4
0.0,0.0,0.0,0.0,0.0,0.0,0.0,0.0
0.0,0.0,0.0,0.0,0.0,0.0,0.0,0.0
0.0,0.0,0.0,0.0,0.0,0.0,0.0,0.0
0.0,0.0,0.0,0.0,0.0,0.0,0.0,0.0
0.0,0.0,0.0,0.0,0.0,0.0,0.0,0.0
0.0,0.0,0.0,0.0,0.0,0.0,0.0,0.0
0.0,0.0,0.0,0.0,0.0,0.0,0.0,0.0
0.0,0.0,0.0,0.0,0.0,0.0,0.0,0.0
0.0,0.0,0.0,0.0,0.0,0.0,0.0,0.0
0.0,0.0,0.0,0.0,0.0,0.0,0.0,0.0
0.0,0.0,0.0,0.0,0.0,0.0,0.0,0.0
0.0,0.0,0.0,0.0,0.0,0.0,0.0,0.0
0.0,0.0,0.0,0.0,0.0,0.0,0.0,0.0
0.0,0.0,0.0,0.0,0.0,0.0,0.0,0.0
0.0,0.0,0.0,0.0,0.0,0.0,0.0,0.0
0.0,0.0,0.0,0.0,0.0,0.0,0.0,0.0
0.0,0.0,0.0,0.0,0.0,0.0,0.0,0.0
0.0,0.0,0.0,0.0,0.0,0.0,0.0,0.0
0.0,0.0,0.0,0.0,0.0,0.0,0.0,0.0
0.0,0.0,0.0,0.0,0.0,0.0,0.0,0.0
0.0,0.0,0.0,0.0,0.0,0.0,0.0,0.0
0.0,0.0,0.0,0.0,0.0,0.0,0.0,0.0
0.0,0.0,0.0,0.0,0.0,0.0,0.0,0.0
0.0,0.0,0.0,0.0,0.0,0.0,0.0,0.0
0.0,0.0,0.0,0.0,0.0,0.0,0.0,0.0
0.0,0.0,0.0,0.0,0.0,0.0,0.0,0.0
0.0,0.0,0.0,0.0,0.0,0.0,0.0,0.0
0.0,0.0,0.0,0.0,0.0,0.0,0.0,0.0
0.0,0.0,0.0,0.0,0.0,0.0,0.0,0.0
0.0,0.0,0.0,0.0,0.0,0.0,0.0,0.0
0.0,0.0,0.0,0.0,0.0,0.0,0.0,0.0
0.0,0.0,0.0,0.0,0.0,0.0,0.0,0.0
0.0,0.0,0.0,0.0,0.0,0.0,0.0,0.0
0.0,0.0,0.0,0.0,0.0,0.0,0.0,0.0
0.0,0.0,0.0,0.0,0.0,0.0,0.0,0.0
0.0,0.0,0.0,0.0,0.0,0.0,0.0,0.0
0.0,0.0,0.0,0.0,0.0,0.0,0.0,0.0
0.0,0.0,0.0,0.0,0.0,0.0,0.0,0.0
0.0,0.0,0.0,0.0,0.0,0.0,0.0,0.0
0.0,0.0,0.0,0.0,0.0,0.0,0.0,0.0
0.0,0.0,0.0,0.0,0.0,0.0,0.0,0.0
0.0,0.0,0.0,0.0,0.0,0.0,0.0,0.0
0.0,0.0,0.0,0.0,0.0,0.0,0.0,0.0
0.0,0.0,0.0,0.0,0.0,0.0,0.0,0.0
0.0,0.0,0.0,0.0,0.0,0.0,0.0,0.0
0.0,0.0,0.0,0.0,0.0,0.0,0.0,0.0
0.0,0.0,0.0,0.0,0.0,0.0,0.0,0.0
0.0,0.0,0.0,0.0,0.0,0.0,0.0,0.0
0.0,0.0,0.0,0.0,0.0,0.0,0.0,0.0
0.0,0.0,0.0,0.0,0.0,0.0,0.0,0.0
0.0,0.0,0.0,0.0,0.0,0.0,0.0,0.0
0.0,0.0,0.0,0.0,0.0,0.0,0.0,0.0
0.0,0.0,0.0,0.0,0.0,0.0,0.0,0.0
0.0,0.0,0.0,0.0,0.0,0.0,0.0,0.0
0.0,0.0,0.0,0.0,0.0,0.0,0.0,0.0
0.0,0.0,0.0,0.0,0.0,0.0,0.0,0.0
0.0,0.0,0.0,0.0,0.0,0.0,0.0,0.0
0.0,0.0,0.0,0.0,0.0,0.0,0.0,0.0
0.0,0.0,0.0,0.0,0.0,0.0,0.0,0.0
0.0,0.0,0.0,0.0,0.0,0.0,0.0,0.0
3.5,3.5,3.5,3.5,3.5,3.5,3.5,3.5
3.5,3.5,3.5,3.5,3.5,3.5,3.5,3.5
3.5,3.5,3.5,3.5,3.5,3.5,3.5,3.5
3.5,3.5,3.5,3.5,3.5,3.5,3.5,3.5
7.0,7.0,7.0,7.0,7.0,7.0,7.0,7.0
7.0,7.0,7.0,7.0,7.0,7.0,7.0,7.0
7.0,7.0,7.0,7.0,7.0,7.0,7.0,7.0
7.0,7.0,7.0,7.0,7.0,7.0,7.0,7.0
9.7,9.7,9.7,9.7,9.7,9.7,9.7,9.7
9.7,9.7,9.7,9.7,9.7,9.7,9.7,9.7
9.7,9.7,9.7,9.7,9.7,9.7,9.7,9.7
9.7,9.7,9.7,9.7,9.7,9.7,9.7,9.7
10.5,10.5,10.5,10.5,10.5,10.5,10.5,10.5
10.5,10.5,10.5,10.5,10.5,10.5,10.5,10.5
10.5,10.5,10.5,10.5,10.5,10.5,10.5,10.5
10.5,10.5,10.5,10.5,10.5,10.5,10.5,10.5
13.1,13.1,13.1,13.1,13.1,13.1,13.1,13.1
13.1,13.1,13.1,13.1,13.1,13.1,13.1,13.1
13.1,13.1,13.1,13.1,13.1,13.1,13.1,13.1
13.1,13.1,13.1,13.1,13.1,13.1,13.1,13.1
12.2,12.2,12.2,12.2,12.2,12.2,12.2,12.2
12.2,12.2,12.2,12.2,12.2,12.2,12.2,12.2
12.2,12.2,12.2,12.2,12.2,12.2,12.2,12.2
12.2,12.2,12.2,12.2,12.2,12.2,12.2,12.2
7.8,7.8,7.8,7.8,7.8,7.8,7.8,7.8
7.8,7.8,7.8,7.8,7.8,7.8,7.8,7.8
7.8,7.8,7.8,7.8,7.8,7.8,7.8,7.8
7.8,7.8,7.8,7.8,7.8,7.8,7.8,7.8
85.1,64.0,171.0,733.0,98.5,87.4,123.2,75.5
85.1,64.0,171.0,733.0,98.5,87.4,123.2,75.5
85.1,64.0,171.0,63.2,98.5,87.4,123.2,75.5
85.1,64.0,171.0,63.2,98.5,87.4,123.2,75.5
87.0,65.5,174.9,64.9,101.7,89.0,125.9,77.7
87.0,65.5,174.9,64.9,101.7,89.0,125.9,77.7
87.0,65.5,174.9,64.9,101.7,89.0,125.9,77.7
87.0,65.5,174.9,64.9,101.7,89.0,125.9,77.7
0.0,0.0,0.0,0.0,0.0,0.0,0.0,0.0
0.0,0.0,0.0,0.0,0.0,0.0,0.0,0.0
0.0,0.0,0.0,0.0,0.0,0.0,0.0,0.0
0.0,0.0,0.0,0.0,0.0,0.0,0.0,0.0
0.0,0.0,0.0,0.0,0.0,0.0,0.0,0.0
0.0,0.0,0.0,0.0,0.0,0.0,0.0,0.0
0.0,0.0,0.0,0.0,0.0,0.0,0.0,0.0
0.0,0.0,0.0,0.0,0.0,0.0,0.0,0.0
0.0,0.0,0.0,0.0,0.0,0.0,0.0,0.0
0.0,0.0,0.0,0.0,0.0,0.0,0.0,0.0
0.0,0.0,0.0,0.0,0.0,0.0,0.0,0.0
0.0,0.0,0.0,0.0,0.0,0.0,0.0,0.0
0.0,0.0,0.0,0.0,0.0,0.0,0.0,0.0
0.0,0.0,0.0,0.0,0.0,0.0,0.0,0.0
0.0,0.0,0.0,0.0,0.0,0.0,0.0,0.0
0.0,0.0,0.0,0.0,0.0,0.0,0.0,0.0
0.0,0.0,0.0,0.0,0.0,0.0,0.0,0.0
0.0,0.0,0.0,0.0,0.0,0.0,0.0,0.0
0.0,0.0,0.0,0.0,0.0,0.0,0.0,0.0
0.0,0.0,0.0,0.0,0.0,0.0,0.0,0.0
0.0,0.0,0.0,0.0,0.0,0.0,0.0,0.0
0.0,0.0,0.0,0.0,0.0,0.0,0.0,0.0
0.0,0.0,0.0,0.0,0.0,0.0,0.0,0.0
0.0,0.0,0.0,0.0,0.0,0.0,0.0,0.0
0.0,0.0,0.0,0.0,0.0,0.0,0.0,0.0
0.0,0.0,0.0,0.0,0.0,0.0,0.0,0.0
0.0,0.0,0.0,0.0,0.0,0.0,0.0,0.0
0.0,0.0,0.0,0.0,0.0,0.0,0.0,0.0
0.0,0.0,0.0,0.0,0.0,0.0,0.0,0.0
0.0,0.0,0.0,0.0,0.0,0.0,0.0,0.0
0.0,0.0,0.0,0.0,0.0,0.0,0.0,0.0
0.0,0.0,0.0,0.0,0.0,0.0,0.0,0.0
0.0,0.0,0.0,0.0,0.0,0.0,0.0,0.0
0.0,0.0,0.0,0.0,0.0,0.0,0.0,0.0
0.0,0.0,0.0,0.0,0.0,0.0,0.0,0.0
0.0,0.0,0.0,0.0,0.0,0.0,0.0,0.0
0.0,0.0,0.0,0.0,0.0,0.0,0.0,0.0
0.0,0.0,0.0,0.0,0.0,0.0,0.0,0.0
0.0,0.0,0.0,0.0,0.0,0.0,0.0,0.0
0.0,0.0,0.0,0.0,0.0,0.0,0.0,0.0
0.0,0.0,0.0,0.0,0.0,0.0,0.0,0.0
0.0,0.0,0.0,0.0,0.0,0.0,0.0,0.0
0.0,0.0,0.0,0.0,0.0,0.0,0.0,0.0
0.0,0.0,0.0,0.0,0.0,0.0,0.0,0.0
0.0,0.0,0.0,0.0,0.0,0.0,0.0,0.0
0.0,0.0,0.0,0.0,0.0,0.0,0.0,0.0
0.0,0.0,0.0,0.0,0.0,0.0,0.0,0.0
0.0,0.0,0.0,0.0,0.0,0.0,0.0,0.0
0.0,0.0,0.0,0.0,0.0,0.0,0.0,0.0
0.0,0.0,0.0,0.0,0.0,0.0,0.0,0.0
0.0,0.0,0.0,0.0,0.0,0.0,0.0,0.0
0.0,0.0,0.0,0.0,0.0,0.0,0.0,0.0
0.0,0.0,0.0,0.0,0.0,0.0,0.0,0.0
0.0,0.0,0.0,0.0,0.0,0.0,0.0,0.0
0.0,0.0,0.0,0.0,0.0,0.0,0.0,0.0
0.0,0.0,0.0,0.0,0.0,0.0,0.0,0.0
0.0,0.0,0.0,0.0,0.0,0.0,0.0,0.0
0.0,0.0,0.0,0.0,0.0,0.0,0.0,0.0
0.0,0.0,0.0,0.0,0.0,0.0,0.0,0.0
0.0,0.0,0.0,0.0,0.0,0.0,0.0,0.0
0.0,0.0,0.0,0.0,0.0,0.0,0.0,0.0
0.0,0.0,0.0,0.0,0.0,0.0,0.0,0.0
0.0,0.0,0.0,0.0,0.0,0.0,0.0,0.0
0.0,0.0,0.0,0.0,0.0,0.0,0.0,0.0
0.0,0.0,0.0,0.0,0.0,0.0,0.0,0.0
0.0,0.0,0.0,0.0,0.0,0.0,0.0,0.0
0.0,0.0,0.0,0.0,0.0,0.0,0.0,0.0
0.0,0.0,0.0,0.0,0.0,0.0,0.0,0.0
80.1,60.0,160.3,58.7,90.0,83.4,115.8,69.8
80.1,60.0,160.3,58.7,90.0,83.4,115.8,69.8
80.1,60.0,160.3,58.7,90.0,83.4,115.8,69.8
80.1,60.0,160.3,58.7,90.0,83.4,115.8,69.8
81.4,61.0,163.0,59.8,92.1,84.4,117.7,71.2
81.4,61.0,163.0,59.8,92.1,84.4,117.7,71.2
81.4,61.0,163.0,59.8,92.1,84.4,117.7,71.2
81.4,61.0,163.0,59.8,939.8,84.4,117.7,71.2
84.5,63.5,144.0,85.6,458.5,86.9,122.2,74.8
84.5,63.5,143.2,62.7,396.1,140.3,155.0,74.8
84.5,63.5,169.6,62.7,97.4,86.9,278.8,74.8
84.5,63.5,290.7,62.7,249.5,86.9,207.5,74.8
40.6,40.6,40.6,40.6,40.6,40.6,40.6,40.6
40.6,40.6,40.6,40.6,40.6,40.6,40.6,40.6
40.6,40.6,40.6,40.6,40.6,40.6,40.6,40.6
40.6,40.6,40.6,40.6,40.6,40.6,40.6,40.6
84.5,63.5,218.0,62.7,125.2,86.9,104.2,74.8
84.5,63.5,218.0,62.7,125.2,86.9,104.2,74.8
84.5,63.5,212.9,62.7,130.0,86.9,104.5,74.8
84.5,63.5,212.9,62.7,130.0,86.9,104.5,74.8
48.5,48.5,48.5,48.5,48.5,48.5,48.5,48.5
48.5,48.5,48.5,48.5,48.5,48.5,48.5,48.5
48.5,48.5,48.5,48.5,48.5,48.5,48.5,48.5
48.5,48.5,48.5,48.5,48.5,48.5,48.5,48.5
12.2,12.2,12.2,12.2,12.2,12.2,12.2,12.2
12.2,12.2,12.2,12.2,12.2,12.2,12.2,12.2
12.2,12.2,12.2,12.2,12.2,12.2,12.2,12.2
12.2,12.2,12.2,12.2,12.2,12.2,12.2,12.2
0.0,0.0,0.0,0.0,0.0,0.0,0.0,0.0
0.0,0.0,0.0,0.0,0.0,0.0,0.0,0.0
0.0,0.0,0.0,0.0,0.0,0.0,0.0,0.0
0.0,0.0,0.0,0.0,0.0,0.0,0.0,0.0
0.0,0.0,0.0,0.0,0.0,0.0,0.0,0.0
0.0,0.0,0.0,0.0,0.0,0.0,0.0,0.0
0.0,0.0,0.0,0.0,0.0,0.0,0.0,0.0
0.0,0.0,0.0,0.0,0.0,0.0,0.0,0.0
0.0,0.0,0.0,0.0,0.0,0.0,0.0,0.0
0.0,0.0,0.0,0.0,0.0,0.0,0.0,0.0
0.0,0.0,0.0,0.0,0.0,0.0,0.0,0.0
0.0,0.0,0.0,0.0,0.0,0.0,0.0,0.0
0.0,0.0,0.0,0.0,0.0,0.0,0.0,0.0
0.0,0.0,0.0,0.0,0.0,0.0,0.0,0.0
0.0,0.0,0.0,0.0,0.0,0.0,0.0,0.0
0.0,0.0,0.0,0.0,0.0,0.0,0.0,0.0
0.0,0.0,0.0,0.0,0.0,0.0,0.0,0.0
0.0,0.0,0.0,0.0,0.0,0.0,0.0,0.0
0.0,0.0,0.0,0.0,0.0,0.0,0.0,0.0
0.0,0.0,0.0,0.0,0.0,0.0,0.0,0.0
0.0,0.0,0.0,0.0,0.0,0.0,0.0,0.0
0.0,0.0,0.0,0.0,0.0,0.0,0.0,0.0
0.0,0.0,0.0,0.0,0.0,0.0,0.0,0.0
0.0,0.0,0.0,0.0,0.0,0.0,0.0,0.0
0.0,0.0,0.0,0.0,0.0,0.0,0.0,0.0
0.0,0.0,0.0,0.0,0.0,0.0,0.0,0.0
0.0,0.0,0.0,0.0,0.0,0.0,0.0,0.0
0.0,0.0,0.0,0.0,0.0,0.0,0.0,0.0
0.0,0.0,0.0,0.0,0.0,0.0,0.0,0.0
0.0,0.0,0.0,0.0,0.0,0.0,0.0,0.0
0.0,0.0,0.0,0.0,0.0,0.0,0.0,0.0
0.0,0.0,0.0,0.0,0.0,0.0,0.0,0.0
0.0,0.0,0.0,0.0,0.0,0.0,0.0,0.0
0.0,0.0,0.0,0.0,0.0,0.0,0.0,0.0
0.0,0.0,0.0,0.0,0.0,0.0,0.0,0.0
0.0,0.0,0.0,0.0,0.0,0.0,0.0,0.0
0.0,0.0,0.0,0.0,0.0,0.0,0.0,0.0
0.0,0.0,0.0,0.0,0.0,0.0,0.0,0.0
0.0,0.0,0.0,0.0,0.0,0.0,0.0,0.0
0.0,0.0,0.0,0.0,0.0,0.0,0.0,0.0
0.0,0.0,0.0,0.0,0.0,0.0,0.0,0.0
0.0,0.0,0.0,0.0,0.0,0.0,0.0,0.0
0.0,0.0,0.0,0.0,0.0,0.0,0.0,0.0
0.0,0.0,0.0,0.0,0.0,0.0,0.0,0.0
0.0,0.0,0.0,0.0,0.0,0.0,0.0,0.0
0.0,0.0,0.0,0.0,0.0,0.0,0.0,0.0
0.0,0.0,0.0,0.0,0.0,0.0,0.0,0.0
0.0,0.0,0.0,0.0,0.0,0.0,0.0,0.0
0.0,0.0,0.0,0.0,0.0,0.0,0.0,0.0
0.0,0.0,0.0,0.0,0.0,0.0,0.0,0.0
0.0,0.0,0.0,0.0,0.0,0.0,0.0,0.0
0.0,0.0,0.0,0.0,0.0,0.0,0.0,0.0
0.0,0.0,0.0,0.0,0.0,0.0,0.0,0.0
0.0,0.0,0.0,0.0,0.0,0.0,0.0,0.0
0.0,0.0,0.0,0.0,0.0,0.0,0.0,0.0
0.0,0.0,0.0,0.0,0.0,0.0,0.0,0.0
0.0,0.0,0.0,0.0,0.0,0.0,0.0,0.0
0.0,0.0,0.0,0.0,0.0,0.0,0.0,0.0
0.0,0.0,0.0,0.0,0.0,0.0,0.0,0.0
0.0,0.0,0.0,0.0,0.0,0.0,0.0,0.0
0.0,0.0,0.0,0.0,0.0,0.0,0.0,0.0
0.0,0.0,0.0,0.0,0.0,0.0,0.0,0.0
0.0,0.0,0.0,0.0,0.0,0.0,0.0,0.0
0.0,0.0,0.0,0.0,0.0,0.0,0.0,0.0
0.0,0.0,0.0,0.0,0.0,0.0,0.0,0.0
0.0,0.0,0.0,0.0,0.0,0.0,0.0,0.0
0.0,0.0,0.0,0.0,0.0,0.0,0.0,0.0
0.0,0.0,0.0,0.0,0.0,0.0,0.0,0.0
60.5,60.0,61.2,58.7,60.6,60.5,60.8,60.4
60.5,60.0,61.2,58.7,60.6,60.5,60.8,60.4
60.5,60.0,61.2,58.7,60.6,60.5,60.8,60.4
60.5,60.0,61.2,58.7,60.6,60.5,60.8,60.4
81.4,61.0,163.0,59.8,92.1,84.4,117.7,71.2
81.4,61.0,163.0,59.8,92.1,84.4,117.7,71.2
81.4,61.0,163.0,59.8,92.1,84.4,117.7,71.2
81.4,61.0,163.0,59.8,92.1,84.4,352.6,71.2
84.5,63.5,169.6,62.7,212.7,114.8,357.2,74.8
84.5,63.5,169.6,70.3,212.7,114.8,122.2,74.8
84.5,63.5,169.6,70.3,212.7,86.9,122.2,74.8
84.5,63.5,219.6,70.3,97.4,86.9,122.2,166.0
86.4,221.9,173.6,64.4,100.6,88.5,125.0,168.1
86.4,221.9,173.6,64.4,100.6,88.5,125.0,168.1
86.4,65.0,173.6,64.4,100.6,88.5,125.0,77.0
86.4,65.0,173.6,64.4,100.6,88.5,125.0,77.0
9.6,9.6,9.6,9.6,9.6,9.6,9.6,9.6
9.6,9.6,9.6,9.6,9.6,9.6,9.6,9.6
9.6,9.6,9.6,9.6,9.6,9.6,9.6,9.6
9.6,9.6,9.6,9.6,9.6,9.6,9.6,9.6
6.1,6.1,6.1,6.1,6.1,6.1,6.1,6.1
6.1,6.1,6.1,6.1,6.1,6.1,6.1,6.1
6.1,6.1,6.1,6.1,6.1,6.1,6.1,6.1
6.1,6.1,6.1,6.1,6.1,6.1,6.1,6.1
3.5,3.5,3.5,3.5,3.5,3.5,3.5,3.5
3.5,3.5,3.5,3.5,3.5,3.5,3.5,3.5
3.5,3.5,3.5,3.5,3.5,3.5,3.5,3.5
3.5,3.5,3.5,3.5,3.5,3.5,3.5,3.5
0.0,0.0,0.0,0.0,0.0,0.0,0.0,0.0
0.0,0.0,0.0,0.0,0.0,0.0,0.0,0.0
0.0,0.0,0.0,0.0,0.0,0.0,0.0,0.0
0.0,0.0,0.0,0.0,0.0,0.0,0.0,0.0
0.0,0.0,0.0,0.0,0.0,0.0,0.0,0.0
0.0,0.0,0.0,0.0,0.0,0.0,0.0,0.0
0.0,0.0,0.0,0.0,0.0,0.0,0.0,0.0
0.0,0.0,0.0,0.0,0.0,0.0,0.0,0.0
0.0,0.0,0.0,0.0,0.0,0.0,0.0,0.0
0.0,0.0,0.0,0.0,0.0,0.0,0.0,0.0
0.0,0.0,0.0,0.0,0.0,0.0,0.0,0.0
0.0,0.0,0.0,0.0,0.0,0.0,0.0,0.0
0.0,0.0,0.0,0.0,0.0,0.0,0.0,0.0
0.0,0.0,0.0,0.0,0.0,0.0,0.0,0.0
0.0,0.0,0.0,0.0,0.0,0.0,0.0,0.0
0.0,0.0,0.0,0.0,0.0,0.0,0.0,0.0
0.0,0.0,0.0,0.0,0.0,0.0,0.0,0.0
0.0,0.0,0.0,0.0,0.0,0.0,0.0,0.0
0.0,0.0,0.0,0.0,0.0,0.0,0.0,0.0
0.0,0.0,0.0,0.0,0.0,0.0,0.0,0.0
0.0,0.0,0.0,0.0,0.0,0.0,0.0,0.0
0.0,0.0,0.0,0.0,0.0,0.0,0.0,0.0
0.0,0.0,0.0,0.0,0.0,0.0,0.0,0.0
0.0,0.0,0.0,0.0,0.0,0.0,0.0,0.0
0.0,0.0,0.0,0.0,0.0,0.0,0.0,0.0
0.0,0.0,0.0,0.0,0.0,0.0,0.0,0.0
0.0,0.0,0.0,0.0,0.0,0.0,0.0,0.0
0.0,0.0,0.0,0.0,0.0,0.0,0.0,0.0
0.0,0.0,0.0,0.0,0.0,0.0,0.0,0.0
0.0,0.0,0.0,0.0,0.0,0.0,0.0,0.0
0.0,0.0,0.0,0.0,0.0,0.0,0.0,0.0
0.0,0.0,0.0,0.0,0.0,0.0,0.0,0.0
0.0,0.0,0.0,0.0,0.0,0.0,0.0,0.0
0.0,0.0,0.0,0.0,0.0,0.0,0.0,0.0
0.0,0.0,0.0,0.0,0.0,0.0,0.0,0.0
0.0,0.0,0.0,0.0,0.0,0.0,0.0,0.0
0.0,0.0,0.0,0.0,0.0,0.0,0.0,0.0
0.0,0.0,0.0,0.0,0.0,0.0,0.0,0.0
0.0,0.0,0.0,0.0,0.0,0.0,0.0,0.0
0.0,0.0,0.0,0.0,0.0,0.0,0.0,0.0
0.0,0.0,0.0,0.0,0.0,0.0,0.0,0.0
0.0,0.0,0.0,0.0,0.0,0.0,0.0,0.0
0.0,0.0,0.0,0.0,0.0,0.0,0.0,0.0
0.0,0.0,0.0,0.0,0.0,0.0,0.0,0.0
0.0,0.0,0.0,0.0,0.0,0.0,0.0,0.0
0.0,0.0,0.0,0.0,0.0,0.0,0.0,0.0
0.0,0.0,0.0,0.0,0.0,0.0,0.0,0.0
0.0,0.0,0.0,0.0,0.0,0.0,0.0,0.0
0.0,0.0,0.0,0.0,0.0,0.0,0.0,0.0
0.0,0.0,0.0,0.0,0.0,0.0,0.0,0.0
0.0,0.0,0.0,0.0,0.0,0.0,0.0,0.0
0.0,0.0,0.0,0.0,0.0,0.0,0.0,0.0
0.0,0.0,0.0,0.0,0.0,0.0,0.0,0.0
0.0,0.0,0.0,0.0,0.0,0.0,0.0,0.0
0.0,0.0,0.0,0.0,0.0,0.0,0.0,0.0
0.0,0.0,0.0,0.0,0.0,0.0,0.0,0.0
0.0,0.0,0.0,0.0,0.0,0.0,0.0,0.0
0.0,0.0,0.0,0.0,0.0,0.0,0.0,0.0
0.0,0.0,0.0,0.0,0.0,0.0,0.0,0.0
0.0,0.0,0.0,0.0,0.0,0.0,0.0,0.0
2.6,2.6,2.6,2.6,2.6,2.6,2.6,2.6
2.6,2.6,2.6,2.6,2.6,2.6,2.6,2.6
2.6,2.6,2.6,2.6,2.6,2.6,2.6,2.6
2.6,2.6,2.6,2.6,2.6,2.6,2.6,2.6
5.2,5.2,5.2,5.2,5.2,5.2,5.2,5.2
5.2,5.2,5.2,5.2,5.2,5.2,5.2,5.2
5.2,5.2,5.2,5.2,5.2,5.2,5.2,5.2
5.2,5.2,5.2,5.2,5.2,5.2,5.2,5.2
13.9,13.9,13.9,13.9,13.9,13.9,13.9,13.9
13.9,13.9,13.9,13.9,13.9,13.9,13.9,13.9
13.9,13.9,13.9,13.9,13.9,13.9,13.9,13.9
13.9,13.9,13.9,13.9,13.9,13.9,13.9,13.9
9.5,9.5,9.5,9.5,9.5,9.5,9.5,9.5
9.5,9.5,9.5,9.5,9.5,9.5,9.5,9.5
9.5,9.5,9.5,9.5,9.5,9.5,9.5,9.5
9.5,9.5,9.5,9.5,9.5,9.5,9.5,9.5
10.4,10.4,10.4,10.4,10.4,10.4,10.4,10.4
10.4,10.4,10.4,10.4,10.4,10.4,10.4,10.4
10.4,10.4,10.4,10.4,10.4,10.4,10.4,10.4
10.4,10.4,10.4,10.4,10.4,10.4,10.4,10.4
12.1,12.1,12.1,12.1,12.1,12.1,12.1,12.1
12.1,12.1,12.1,12.1,12.1,12.1,12.1,12.1
12.1,12.1,12.1,12.1,12.1,12.1,12.1,12.1
12.1,12.1,12.1,12.1,12.1,12.1,12.1,12.1
9.5,9.5,9.5,9.5,9.5,9.5,9.5,9.5
9.5,9.5,9.5,9.5,9.5,9.5,9.5,9.5
9.5,9.5,9.5,9.5,9.5,9.5,9.5,9.5
9.5,9.5,9.5,9.5,9.5,9.5,9.5,9.5
6.1,6.1,6.1,6.1,6.1,6.1,6.1,6.1
6.1,6.1,6.1,6.1,6.1,6.1,6.1,6.1
6.1,6.1,6.1,6.1,6.1,6.1,6.1,6.1
6.1,6.1,6.1,6.1,6.1,6.1,6.1,6.1
2.6,2.6,2.6,2.6,2.6,2.6,2.6,2.6
2.6,2.6,2.6,2.6,2.6,2.6,2.6,2.6
2.6,2.6,2.6,2.6,2.6,2.6,2.6,2.6
2.6,2.6,2.6,2.6,2.6,2.6,2.6,2.6
0.0,0.0,0.0,0.0,0.0,0.0,0.0,0.0
0.0,0.0,0.0,0.0,0.0,0.0,0.0,0.0
0.0,0.0,0.0,0.0,0.0,0.0,0.0,0.0
0.0,0.0,0.0,0.0,0.0,0.0,0.0,0.0
0.0,0.0,0.0,0.0,0.0,0.0,0.0,0.0
0.0,0.0,0.0,0.0,0.0,0.0,0.0,0.0
0.0,0.0,0.0,0.0,0.0,0.0,0.0,0.0
0.0,0.0,0.0,0.0,0.0,0.0,0.0,0.0
0.0,0.0,0.0,0.0,0.0,0.0,0.0,0.0
0.0,0.0,0.0,0.0,0.0,0.0,0.0,0.0
0.0,0.0,0.0,0.0,0.0,0.0,0.0,0.0
0.0,0.0,0.0,0.0,0.0,0.0,0.0,0.0
0.0,0.0,0.0,0.0,0.0,0.0,0.0,0.0
0.0,0.0,0.0,0.0,0.0,0.0,0.0,0.0
0.0,0.0,0.0,0.0,0.0,0.0,0.0,0.0
0.0,0.0,0.0,0.0,0.0,0.0,0.0,0.0
0.0,0.0,0.0,0.0,0.0,0.0,0.0,0.0
0.0,0.0,0.0,0.0,0.0,0.0,0.0,0.0
0.0,0.0,0.0,0.0,0.0,0.0,0.0,0.0
0.0,0.0,0.0,0.0,0.0,0.0,0.0,0.0
0.0,0.0,0.0,0.0,0.0,0.0,0.0,0.0
0.0,0.0,0.0,0.0,0.0,0.0,0.0,0.0
0.0,0.0,0.0,0.0,0.0,0.0,0.0,0.0
0.0,0.0,0.0,0.0,0.0,0.0,0.0,0.0
0.0,0.0,0.0,0.0,0.0,0.0,0.0,0.0
0.0,0.0,0.0,0.0,0.0,0.0,0.0,0.0
0.0,0.0,0.0,0.0,0.0,0.0,0.0,0.0
0.0,0.0,0.0,0.0,0.0,0.0,0.0,0.0
0.0,0.0,0.0,0.0,0.0,0.0,0.0,0.0
0.0,0.0,0.0,0.0,0.0,0.0,0.0,0.0
0.0,0.0,0.0,0.0,0.0,0.0,0.0,0.0
0.0,0.0,0.0,0.0,0.0,0.0,0.0,0.0
0.0,0.0,0.0,0.0,0.0,0.0,0.0,0.0
0.0,0.0,0.0,0.0,0.0,0.0,0.0,0.0
0.0,0.0,0.0,0.0,0.0,0.0,0.0,0.0
0.0,0.0,0.0,0.0,0.0,0.0,0.0,0.0
0.0,0.0,0.0,0.0,0.0,0.0,0.0,0.0
0.0,0.0,0.0,0.0,0.0,0.0,0.0,0.0
0.0,0.0,0.0,0.0,0.0,0.0,0.0,0.0
0.0,0.0,0.0,0.0,0.0,0.0,0.0,0.0
0.0,0.0,0.0,0.0,0.0,0.0,0.0,0.0
0.0,0.0,0.0,0.0,0.0,0.0,0.0,0.0
0.0,0.0,0.0,0.0,0.0,0.0,0.0,0.0
0.0,0.0,0.0,0.0,0.0,0.0,0.0,0.0
0.0,0.0,0.0,0.0,0.0,0.0,0.0,0.0
0.0,0.0,0.0,0.0,0.0,0.0,0.0,0.0
0.0,0.0,0.0,0.0,0.0,0.0,0.0,0.0
0.0,0.0,0.0,0.0,0.0,0.0,0.0,0.0
0.0,0.0,0.0,0.0,0.0,0.0,0.0,0.0
0.0,0.0,0.0,0.0,0.0,0.0,0.0,0.0
0.0,0.0,0.0,0.0,0.0,0.0,0.0,0.0
0.0,0.0,0.0,0.0,0.0,0.0,0.0,0.0
0.0,0.0,0.0,0.0,0.0,0.0,0.0,0.0
0.0,0.0,0.0,0.0,0.0,0.0,0.0,0.0
0.0,0.0,0.0,0.0,0.0,0.0,0.0,0.0
0.0,0.0,0.0,0.0,0.0,0.0,0.0,0.0
0.0,0.0,0.0,0.0,0.0,0.0,0.0,0.0
0.0,0.0,0.0,0.0,0.0,0.0,0.0,0.0
0.0,0.0,0.0,0.0,0.0,0.0,0.0,0.0
0.0,0.0,0.0,0.0,0.0,0.0,0.0,0.0
0.0,0.0,0.0,0.0,0.0,0.0,0.0,0.0
0.0,0.0,0.0,0.0,0.0,0.0,0.0,0.0
0.0,0.0,0.0,0.0,0.0,0.0,0.0,0.0
0.0,0.0,0.0,0.0,0.0,0.0,0.0,0.0
0.0,0.0,0.0,0.0,0.0,0.0,0.0,0.0
0.0,0.0,0.0,0.0,0.0,0.0,0.0,0.0
0.0,0.0,0.0,0.0,0.0,0.0,0.0,0.0
0.0,0.0,0.0,0.0,0.0,0.0,0.0,0.0
72.4,60.0,83.8,58.7,73.8,72.8,77.4,69.8
72.4,60.0,83.8,58.7,73.8,72.8,77.4,69.8
72.4,60.0,83.8,58.7,73.8,72.8,77.4,69.8
72.4,60.0,83.8,58.7,73.8,72.8,77.4,69.8
366.5,61.0,163.0,59.8,92.1,84.4,117.7,71.2
366.5,61.0,163.0,59.8,92.1,84.4,117.7,71.2
366.5,61.0,212.9,59.8,92.1,84.4,117.7,71.2
366.5,349.0,163.0,220.3,92.1,112.2,117.7,71.2
369.6,351.5,169.6,223.1,97.4,114.8,122.2,74.8
369.6,351.5,169.6,223.1,97.4,86.9,122.2,74.8
369.6,351.5,169.6,62.7,97.4,86.9,122.2,74.8
1172.5,351.5,169.6,62.7,97.4,86.9,592.1,74.8
17.3,17.3,17.3,17.3,17.3,17.3,17.3,17.3
17.3,17.3,17.3,17.3,17.3,17.3,17.3,17.3
17.3,17.3,17.3,17.3,17.3,17.3,17.3,17.3
17.3,17.3,17.3,17.3,17.3,17.3,17.3,17.3
13.0,13.0,13.0,13.0,13.0,13.0,13.0,13.0
13.0,13.0,13.0,13.0,13.0,13.0,13.0,13.0
13.0,13.0,13.0,13.0,13.0,13.0,13.0,13.0
13.0,13.0,13.0,13.0,13.0,13.0,13.0,13.0
7.0,7.0,7.0,7.0,7.0,7.0,7.0,7.0
7.0,7.0,7.0,7.0,7.0,7.0,7.0,7.0
7.0,7.0,7.0,7.0,7.0,7.0,7.0,7.0
7.0,7.0,7.0,7.0,7.0,7.0,7.0,7.0
87.0,65.5,760.7,1104.9,101.7,89.0,125.9,77.7
87.0,65.5,174.9,1104.9,101.7,89.0,125.9,77.7
87.0,65.5,174.9,64.9,101.7,89.0,125.9,77.7
87.0,65.5,174.9,64.9,101.7,89.0,125.9,77.7
0.0,0.0,0.0,0.0,0.0,0.0,0.0,0.0
0.0,0.0,0.0,0.0,0.0,0.0,0.0,0.0
0.0,0.0,0.0,0.0,0.0,0.0,0.0,0.0
0.0,0.0,0.0,0.0,0.0,0.0,0.0,0.0
0.0,0.0,0.0,0.0,0.0,0.0,0.0,0.0
0.0,0.0,0.0,0.0,0.0,0.0,0.0,0.0
0.0,0.0,0.0,0.0,0.0,0.0,0.0,0.0
0.0,0.0,0.0,0.0,0.0,0.0,0.0,0.0
0.0,0.0,0.0,0.0,0.0,0.0,0.0,0.0
0.0,0.0,0.0,0.0,0.0,0.0,0.0,0.0
0.0,0.0,0.0,0.0,0.0,0.0,0.0,0.0
0.0,0.0,0.0,0.0,0.0,0.0,0.0,0.0
0.0,0.0,0.0,0.0,0.0,0.0,0.0,0.0
0.0,0.0,0.0,0.0,0.0,0.0,0.0,0.0
0.0,0.0,0.0,0.0,0.0,0.0,0.0,0.0
0.0,0.0,0.0,0.0,0.0,0.0,0.0,0.0
0.0,0.0,0.0,0.0,0.0,0.0,0.0,0.0
0.0,0.0,0.0,0.0,0.0,0.0,0.0,0.0
0.0,0.0,0.0,0.0,0.0,0.0,0.0,0.0
0.0,0.0,0.0,0.0,0.0,0.0,0.0,0.0
0.0,0.0,0.0,0.0,0.0,0.0,0.0,0.0
0.0,0.0,0.0,0.0,0.0,0.0,0.0,0.0
0.0,0.0,0.0,0.0,0.0,0.0,0.0,0.0
0.0,0.0,0.0,0.0,0.0,0.0,0.0,0.0
0.0,0.0,0.0,0.0,0.0,0.0,0.0,0.0
0.0,0.0,0.0,0.0,0.0,0.0,0.0,0.0
0.0,0.0,0.0,0.0,0.0,0.0,0.0,0.0
0.0,0.0,0.0,0.0,0.0,0.0,0.0,0.0
0.0,0.0,0.0,0.0,0.0,0.0,0.0,0.0
0.0,0.0,0.0,0.0,0.0,0.0,0.0,0.0
0.0,0.0,0.0,0.0,0.0,0.0,0.0,0.0
0.0,0.0,0.0,0.0,0.0,0.0,0.0,0.0
0.0,0.0,0.0,0.0,0.0,0.0,0.0,0.0
0.0,0.0,0.0,0.0,0.0,0.0,0.0,0.0
0.0,0.0,0.0,0.0,0.0,0.0,0.0,0.0
0.0,0.0,0.0,0.0,0.0,0.0,0.0,0.0
0.0,0.0,0.0,0.0,0.0,0.0,0.0,0.0
0.0,0.0,0.0,0.0,0.0,0.0,0.0,0.0
0.0,0.0,0.0,0.0,0.0,0.0,0.0,0.0
0.0,0.0,0.0,0.0,0.0,0.0,0.0,0.0
0.0,0.0,0.0,0.0,0.0,0.0,0.0,0.0
0.0,0.0,0.0,0.0,0.0,0.0,0.0,0.0
0.0,0.0,0.0,0.0,0.0,0.0,0.0,0.0
0.0,0.0,0.0,0.0,0.0,0.0,0.0,0.0
0.0,0.0,0.0,0.0,0.0,0.0,0.0,0.0
0.0,0.0,0.0,0.0,0.0,0.0,0.0,0.0
0.0,0.0,0.0,0.0,0.0,0.0,0.0,0.0
0.0,0.0,0.0,0.0,0.0,0.0,0.0,0.0
0.0,0.0,0.0,0.0,0.0,0.0,0.0,0.0
0.0,0.0,0.0,0.0,0.0,0.0,0.0,0.0
0.0,0.0,0.0,0.0,0.0,0.0,0.0,0.0
0.0,0.0,0.0,0.0,0.0,0.0,0.0,0.0
0.0,0.0,0.0,0.0,0.0,0.0,0.0,0.0
0.0,0.0,0.0,0.0,0.0,0.0,0.0,0.0
0.0,0.0,0.0,0.0,0.0,0.0,0.0,0.0
0.0,0.0,0.0,0.0,0.0,0.0,0.0,0.0
0.0,0.0,0.0,0.0,0.0,0.0,0.0,0.0
0.0,0.0,0.0,0.0,0.0,0.0,0.0,0.0
0.0,0.0,0.0,0.0,0.0,0.0,0.0,0.0
0.0,0.0,0.0,0.0,0.0,0.0,0.0,0.0
0.0,0.0,0.0,0.0,0.0,0.0,0.0,0.0
0.0,0.0,0.0,0.0,0.0,0.0,0.0,0.0
0.0,0.0,0.0,0.0,0.0,0.0,0.0,0.0
0.0,0.0,0.0,0.0,0.0,0.0,0.0,0.0
0.0,0.0,0.0,0.0,0.0,0.0,0.0,0.0
0.0,0.0,0.0,0.0,0.0,0.0,0.0,0.0
0.0,0.0,0.0,0.0,0.0,0.0,0.0,0.0
0.0,0.0,0.0,0.0,0.0,0.0,0.0,0.0
80.1,60.0,160.3,58.7,90.0,83.4,115.8,69.8
80.1,60.0,160.3,58.7,90.0,83.4,115.8,69.8
80.1,60.0,160.3,58.7,90.0,83.4,115.8,69.8
80.1,60.0,160.3,58.7,90.0,83.4,115.8,69.8
81.4,61.0,163.0,59.8,92.1,84.4,117.7,71.2
81.4,61.0,163.0,59.8,92.1,84.4,117.7,71.2
81.4,61.0,163.0,59.8,265.0,84.4,117.7,71.2
81.4,61.0,163.0,59.8,265.0,84.4,117.7,71.2
84.5,63.5,169.6,62.7,97.4,86.9,122.2,74.8
84.5,63.5,169.6,62.7,97.4,86.9,122.2,74.8
84.5,63.5,219.6,62.7,97.4,86.9,122.2,74.8
84.5,168.1,169.6,62.7,97.4,86.9,122.2,211.5
86.4,169.6,173.6,64.4,100.6,1257.7,125.0,213.7
421.7,169.6,173.6,64.4,100.6,88.5,125.0,77.0
421.7,65.0,173.6,64.4,100.6,88.5,125.0,77.0
86.4,65.0,173.6,64.4,100.6,88.5,125.0,77.0
84.5,63.5,169.6,62.7,97.4,86.9,592.1,74.8
84.5,63.5,169.6,1010.7,97.4,86.9,122.2,74.8
84.5,63.5,169.6,1010.7,97.4,86.9,122.2,74.8
84.5,63.5,169.6,1010.7,97.4,86.9,122.2,74.8
85.1,64.0,171.0,1011.2,98.5,87.4,123.2,75.5
85.1,64.0,171.0,63.2,98.5,87.4,123.2,75.5
85.1,64.0,171.0,63.2,98.5,87.4,123.2,75.5
85.1,64.0,705.2,63.2,98.5,87.4,123.2,75.5
666.5,65.5,509.6,64.9,101.7,89.0,125.9,77.7
666.5,65.5,509.6,64.9,101.7,89.0,125.9,77.7
666.5,65.5,509.6,64.9,101.7,89.0,125.9,77.7
666.5,65.5,509.6,64.9,101.7,89.0,125.9,77.7
0.0,0.0,0.0,0.0,0.0,0.0,0.0,0.0
0.0,0.0,0.0,0.0,0.0,0.0,0.0,0.0
0.0,0.0,0.0,0.0,0.0,0.0,0.0,0.0
0.0,0.0,0.0,0.0,0.0,0.0,0.0,0.0
0.0,0.0,0.0,0.0,0.0,0.0,0.0,0.0
0.0,0.0,0.0,0.0,0.0,0.0,0.0,0.0
0.0,0.0,0.0,0.0,0.0,0.0,0.0,0.0
0.0,0.0,0.0,0.0,0.0,0.0,0.0,0.0
0.0,0.0,0.0,0.0,0.0,0.0,0.0,0.0
0.0,0.0,0.0,0.0,0.0,0.0,0.0,0.0
0.0,0.0,0.0,0.0,0.0,0.0,0.0,0.0
0.0,0.0,0.0,0.0,0.0,0.0,0.0,0.0
0.0,0.0,0.0,0.0,0.0,0.0,0.0,0.0
0.0,0.0,0.0,0.0,0.0,0.0,0.0,0.0
0.0,0.0,0.0,0.0,0.0,0.0,0.0,0.0
0.0,0.0,0.0,0.0,0.0,0.0,0.0,0.0
0.0,0.0,0.0,0.0,0.0,0.0,0.0,0.0
0.0,0.0,0.0,0.0,0.0,0.0,0.0,0.0
0.0,0.0,0.0,0.0,0.0,0.0,0.0,0.0
0.0,0.0,0.0,0.0,0.0,0.0,0.0,0.0
0.0,0.0,0.0,0.0,0.0,0.0,0.0,0.0
0.0,0.0,0.0,0.0,0.0,0.0,0.0,0.0
0.0,0.0,0.0,0.0,0.0,0.0,0.0,0.0
0.0,0.0,0.0,0.0,0.0,0.0,0.0,0.0
0.0,0.0,0.0,0.0,0.0,0.0,0.0,0.0
0.0,0.0,0.0,0.0,0.0,0.0,0.0,0.0
0.0,0.0,0.0,0.0,0.0,0.0,0.0,0.0
0.0,0.0,0.0,0.0,0.0,0.0,0.0,0.0
0.0,0.0,0.0,0.0,0.0,0.0,0.0,0.0
0.0,0.0,0.0,0.0,0.0,0.0,0.0,0.0
0.0,0.0,0.0,0.0,0.0,0.0,0.0,0.0
0.0,0.0,0.0,0.0,0.0,0.0,0.0,0.0
0.0,0.0,0.0,0.0,0.0,0.0,0.0,0.0
0.0,0.0,0.0,0.0,0.0,0.0,0.0,0.0
0.0,0.0,0.0,0.0,0.0,0.0,0.0,0.0
0.0,0.0,0.0,0.0,0.0,0.0,0.0,0.0
0.0,0.0,0.0,0.0,0.0,0.0,0.0,0.0
0.0,0.0,0.0,0.0,0.0,0.0,0.0,0.0
0.0,0.0,0.0,0.0,0.0,0.0,0.0,0.0
0.0,0.0,0.0,0.0,0.0,0.0,0.0,0.0
0.0,0.0,0.0,0.0,0.0,0.0,0.0,0.0
0.0,0.0,0.0,0.0,0.0,0.0,0.0,0.0
0.0,0.0,0.0,0.0,0.0,0.0,0.0,0.0
0.0,0.0,0.0,0.0,0.0,0.0,0.0,0.0
0.0,0.0,0.0,0.0,0.0,0.0,0.0,0.0
0.0,0.0,0.0,0.0,0.0,0.0,0.0,0.0
0.0,0.0,0.0,0.0,0.0,0.0,0.0,0.0
0.0,0.0,0.0,0.0,0.0,0.0,0.0,0.0
0.0,0.0,0.0,0.0,0.0,0.0,0.0,0.0
0.0,0.0,0.0,0.0,0.0,0.0,0.0,0.0
0.0,0.0,0.0,0.0,0.0,0.0,0.0,0.0
0.0,0.0,0.0,0.0,0.0,0.0,0.0,0.0
0.0,0.0,0.0,0.0,0.0,0.0,0.0,0.0
0.0,0.0,0.0,0.0,0.0,0.0,0.0,0.0
0.0,0.0,0.0,0.0,0.0,0.0,0.0,0.0
0.0,0.0,0.0,0.0,0.0,0.0,0.0,0.0
0.0,0.0,0.0,0.0,0.0,0.0,0.0,0.0
0.0,0.0,0.0,0.0,0.0,0.0,0.0,0.0
0.0,0.0,0.0,0.0,0.0,0.0,0.0,0.0
0.0,0.0,0.0,0.0,0.0,0.0,0.0,0.0
2.7,2.7,2.7,2.7,2.7,2.7,2.7,2.7
2.7,2.7,2.7,2.7,2.7,2.7,2.7,2.7
2.7,2.7,2.7,2.7,2.7,2.7,2.7,2.7
2.7,2.7,2.7,2.7,2.7,2.7,2.7,2.7
6.2,6.2,6.2,6.2,6.2,6.2,6.2,6.2
6.2,6.2,6.2,6.2,6.2,6.2,6.2,6.2
6.2,6.2,6.2,6.2,6.2,6.2,6.2,6.2
6.2,6.2,6.2,6.2,6.2,6.2,6.2,6.2
8.8,8.8,8.8,8.8,8.8,8.8,8.8,8.8
8.8,8.8,8.8,8.8,8.8,8.8,8.8,8.8
8.8,8.8,8.8,8.8,8.8,8.8,8.8,8.8
8.8,8.8,8.8,8.8,8.8,8.8,8.8,8.8
23.7,23.7,23.7,23.7,23.7,23.7,23.7,23.7
23.7,23.7,23.7,23.7,23.7,23.7,23.7,23.7
23.7,23.7,23.7,23.7,23.7,23.7,23.7,23.7
23.7,23.7,23.7,23.7,23.7,23.7,23.7,23.7
41.9,41.9,41.9,41.9,41.9,41.9,41.9,41.9
41.9,41.9,41.9,41.9,41.9,41.9,41.9,41.9
41.9,41.9,41.9,41.9,41.9,41.9,41.9,41.9
41.9,41.9,41.9,41.9,41.9,41.9,41.9,41.9
17.4,17.4,17.4,17.4,17.4,17.4,17.4,17.4
17.4,17.4,17.4,17.4,17.4,17.4,17.4,17.4
17.4,17.4,17.4,17.4,17.4,17.4,17.4,17.4
17.4,17.4,17.4,17.4,17.4,17.4,17.4,17.4
13.1,13.1,13.1,13.1,13.1,13.1,13.1,13.1
13.1,13.1,13.1,13.1,13.1,13.1,13.1,13.1
13.1,13.1,13.1,13.1,13.1,13.1,13.1,13.1
13.1,13.1,13.1,13.1,13.1,13.1,13.1,13.1
7.0,7.0,7.0,7.0,7.0,7.0,7.0,7.0
7.0,7.0,7.0,7.0,7.0,7.0,7.0,7.0
7.0,7.0,7.0,7.0,7.0,7.0,7.0,7.0
7.0,7.0,7.0,7.0,7.0,7.0,7.0,7.0
1.8,1.8,1.8,1.8,1.8,1.8,1.8,1.8
1.8,1.8,1.8,1.8,1.8,1.8,1.8,1.8
1.8,1.8,1.8,1.8,1.8,1.8,1.8,1.8
1.8,1.8,1.8,1.8,1.8,1.8,1.8,1.8
0.0,0.0,0.0,0.0,0.0,0.0,0.0,0.0
0.0,0.0,0.0,0.0,0.0,0.0,0.0,0.0
0.0,0.0,0.0,0.0,0.0,0.0,0.0,0.0
0.0,0.0,0.0,0.0,0.0,0.0,0.0,0.0
0.0,0.0,0.0,0.0,0.0,0.0,0.0,0.0
0.0,0.0,0.0,0.0,0.0,0.0,0.0,0.0
0.0,0.0,0.0,0.0,0.0,0.0,0.0,0.0
0.0,0.0,0.0,0.0,0.0,0.0,0.0,0.0
0.0,0.0,0.0,0.0,0.0,0.0,0.0,0.0
0.0,0.0,0.0,0.0,0.0,0.0,0.0,0.0
0.0,0.0,0.0,0.0,0.0,0.0,0.0,0.0
0.0,0.0,0.0,0.0,0.0,0.0,0.0,0.0
0.0,0.0,0.0,0.0,0.0,0.0,0.0,0.0
0.0,0.0,0.0,0.0,0.0,0.0,0.0,0.0
0.0,0.0,0.0,0.0,0.0,0.0,0.0,0.0
0.0,0.0,0.0,0.0,0.0,0.0,0.0,0.0
0.0,0.0,0.0,0.0,0.0,0.0,0.0,0.0
0.0,0.0,0.0,0.0,0.0,0.0,0.0,0.0
0.0,0.0,0.0,0.0,0.0,0.0,0.0,0.0
0.0,0.0,0.0,0.0,0.0,0.0,0.0,0.0
0.0,0.0,0.0,0.0,0.0,0.0,0.0,0.0
0.0,0.0,0.0,0.0,0.0,0.0,0.0,0.0
0.0,0.0,0.0,0.0,0.0,0.0,0.0,0.0
0.0,0.0,0.0,0.0,0.0,0.0,0.0,0.0
0.0,0.0,0.0,0.0,0.0,0.0,0.0,0.0
0.0,0.0,0.0,0.0,0.0,0.0,0.0,0.0
0.0,0.0,0.0,0.0,0.0,0.0,0.0,0.0
0.0,0.0,0.0,0.0,0.0,0.0,0.0,0.0
0.0,0.0,0.0,0.0,0.0,0.0,0.0,0.0
0.0,0.0,0.0,0.0,0.0,0.0,0.0,0.0
0.0,0.0,0.0,0.0,0.0,0.0,0.0,0.0
0.0,0.0,0.0,0.0,0.0,0.0,0.0,0.0
0.0,0.0,0.0,0.0,0.0,0.0,0.0,0.0
0.0,0.0,0.0,0.0,0.0,0.0,0.0,0.0
0.0,0.0,0.0,0.0,0.0,0.0,0.0,0.0
0.0,0.0,0.0,0.0,0.0,0.0,0.0,0.0
0.0,0.0,0.0,0.0,0.0,0.0,0.0,0.0
0.0,0.0,0.0,0.0,0.0,0.0,0.0,0.0
0.0,0.0,0.0,0.0,0.0,0.0,0.0,0.0
0.0,0.0,0.0,0.0,0.0,0.0,0.0,0.0
0.0,0.0,0.0,0.0,0.0,0.0,0.0,0.0
0.0,0.0,0.0,0.0,0.0,0.0,0.0,0.0
0.0,0.0,0.0,0.0,0.0,0.0,0.0,0.0
0.0,0.0,0.0,0.0,0.0,0.0,0.0,0.0
0.0,0.0,0.0,0.0,0.0,0.0,0.0,0.0
0.0,0.0,0.0,0.0,0.0,0.0,0.0,0.0
0.0,0.0,0.0,0.0,0.0,0.0,0.0,0.0
0.0,0.0,0.0,0.0,0.0,0.0,0.0,0.0
0.0,0.0,0.0,0.0,0.0,0.0,0.0,0.0
0.0,0.0,0.0,0.0,0.0,0.0,0.0,0.0
0.0,0.0,0.0,0.0,0.0,0.0,0.0,0.0
0.0,0.0,0.0,0.0,0.0,0.0,0.0,0.0
0.0,0.0,0.0,0.0,0.0,0.0,0.0,0.0
0.0,0.0,0.0,0.0,0.0,0.0,0.0,0.0
0.0,0.0,0.0,0.0,0.0,0.0,0.0,0.0
0.0,0.0,0.0,0.0,0.0,0.0,0.0,0.0
0.0,0.0,0.0,0.0,0.0,0.0,0.0,0.0
0.0,0.0,0.0,0.0,0.0,0.0,0.0,0.0
0.0,0.0,0.0,0.0,0.0,0.0,0.0,0.0
0.0,0.0,0.0,0.0,0.0,0.0,0.0,0.0
0.0,0.0,0.0,0.0,0.0,0.0,0.0,0.0
0.0,0.0,0.0,0.0,0.0,0.0,0.0,0.0
0.0,0.0,0.0,0.0,0.0,0.0,0.0,0.0
0.0,0.0,0.0,0.0,0.0,0.0,0.0,0.0
0.0,0.0,0.0,0.0,0.0,0.0,0.0,0.0
0.0,0.0,0.0,0.0,0.0,0.0,0.0,0.0
0.0,0.0,0.0,0.0,0.0,0.0,0.0,0.0
0.0,0.0,0.0,0.0,0.0,0.0,0.0,0.0
80.1,60.0,269.4,58.7,90.0,83.4,109.0,69.8
80.1,60.0,269.4,58.7,90.0,83.4,109.0,69.8
80.1,60.0,269.4,58.7,90.0,83.4,109.0,69.8
80.1,60.0,160.3,58.7,90.0,83.4,115.8,69.8
81.4,61.0,163.0,59.8,92.1,84.4,117.7,71.2
81.4,61.0,163.0,59.8,92.1,84.4,117.7,71.2
416.8,61.0,163.0,59.8,92.1,84.4,117.7,71.2
416.8,61.0,163.0,59.8,92.1,84.4,117.7,71.2
84.5,63.5,219.6,62.7,97.4,86.9,122.2,74.8
84.5,63.5,169.6,62.7,97.4,86.9,122.2,74.8
84.5,63.5,169.6,62.7,97.4,86.9,122.2,74.8
84.5,63.5,169.6,62.7,97.4,86.9,122.2,211.5
86.4,65.0,163.8,64.4,100.6,88.5,122.8,197.7
86.4,65.0,132.3,64.4,100.6,88.5,275.0,77.0
86.4,65.0,137.6,64.4,253.3,88.5,117.0,77.0
250.5,65.0,128.2,64.4,100.6,88.5,114.9,77.0
190.4,63.5,111.2,62.7,97.4,86.9,102.9,74.8
84.5,63.5,169.6,62.7,97.4,86.9,122.2,74.8
84.5,63.5,169.6,62.7,97.4,86.9,122.2,74.8
84.5,63.5,169.6,62.7,97.4,86.9,122.2,74.8
13.8,13.8,13.8,13.8,13.8,13.8,13.8,13.8
13.8,13.8,13.8,13.8,13.8,13.8,13.8,13.8
13.8,13.8,13.8,13.8,13.8,13.8,13.8,13.8
13.8,13.8,13.8,13.8,13.8,13.8,13.8,13.8
7.8,7.8,7.8,7.8,7.8,7.8,7.8,7.8
7.8,7.8,7.8,7.8,7.8,7.8,7.8,7.8
7.8,7.8,7.8,7.8,7.8,7.8,7.8,7.8
7.8,7.8,7.8,7.8,7.8,7.8,7.8,7.8
0.0,0.0,0.0,0.0,0.0,0.0,0.0,0.0
0.0,0.0,0.0,0.0,0.0,0.0,0.0,0.0
0.0,0.0,0.0,0.0,0.0,0.0,0.0,0.0
0.0,0.0,0.0,0.0,0.0,0.0,0.0,0.0
0.0,0.0,0.0,0.0,0.0,0.0,0.0,0.0
0.0,0.0,0.0,0.0,0.0,0.0,0.0,0.0
0.0,0.0,0.0,0.0,0.0,0.0,0.0,0.0
0.0,0.0,0.0,0.0,0.0,0.0,0.0,0.0
0.0,0.0,0.0,0.0,0.0,0.0,0.0,0.0
0.0,0.0,0.0,0.0,0.0,0.0,0.0,0.0
0.0,0.0,0.0,0.0,0.0,0.0,0.0,0.0
0.0,0.0,0.0,0.0,0.0,0.0,0.0,0.0
0.0,0.0,0.0,0.0,0.0,0.0,0.0,0.0
0.0,0.0,0.0,0.0,0.0,0.0,0.0,0.0
0.0,0.0,0.0,0.0,0.0,0.0,0.0,0.0
0.0,0.0,0.0,0.0,0.0,0.0,0.0,0.0
0.0,0.0,0.0,0.0,0.0,0.0,0.0,0.0
0.0,0.0,0.0,0.0,0.0,0.0,0.0,0.0
0.0,0.0,0.0,0.0,0.0,0.0,0.0,0.0
0.0,0.0,0.0,0.0,0.0,0.0,0.0,0.0
0.0,0.0,0.0,0.0,0.0,0.0,0.0,0.0
0.0,0.0,0.0,0.0,0.0,0.0,0.0,0.0
0.0,0.0,0.0,0.0,0.0,0.0,0.0,0.0
0.0,0.0,0.0,0.0,0.0,0.0,0.0,0.0
0.0,0.0,0.0,0.0,0.0,0.0,0.0,0.0
0.0,0.0,0.0,0.0,0.0,0.0,0.0,0.0
0.0,0.0,0.0,0.0,0.0,0.0,0.0,0.0
0.0,0.0,0.0,0.0,0.0,0.0,0.0,0.0
0.0,0.0,0.0,0.0,0.0,0.0,0.0,0.0
0.0,0.0,0.0,0.0,0.0,0.0,0.0,0.0
0.0,0.0,0.0,0.0,0.0,0.0,0.0,0.0
0.0,0.0,0.0,0.0,0.0,0.0,0.0,0.0
0.0,0.0,0.0,0.0,0.0,0.0,0.0,0.0
0.0,0.0,0.0,0.0,0.0,0.0,0.0,0.0
0.0,0.0,0.0,0.0,0.0,0.0,0.0,0.0
0.0,0.0,0.0,0.0,0.0,0.0,0.0,0.0
0.0,0.0,0.0,0.0,0.0,0.0,0.0,0.0
0.0,0.0,0.0,0.0,0.0,0.0,0.0,0.0
0.0,0.0,0.0,0.0,0.0,0.0,0.0,0.0
0.0,0.0,0.0,0.0,0.0,0.0,0.0,0.0
0.0,0.0,0.0,0.0,0.0,0.0,0.0,0.0
0.0,0.0,0.0,0.0,0.0,0.0,0.0,0.0
0.0,0.0,0.0,0.0,0.0,0.0,0.0,0.0
0.0,0.0,0.0,0.0,0.0,0.0,0.0,0.0
0.0,0.0,0.0,0.0,0.0,0.0,0.0,0.0
0.0,0.0,0.0,0.0,0.0,0.0,0.0,0.0
0.0,0.0,0.0,0.0,0.0,0.0,0.0,0.0
0.0,0.0,0.0,0.0,0.0,0.0,0.0,0.0
0.0,0.0,0.0,0.0,0.0,0.0,0.0,0.0
0.0,0.0,0.0,0.0,0.0,0.0,0.0,0.0
0.0,0.0,0.0,0.0,0.0,0.0,0.0,0.0
0.0,0.0,0.0,0.0,0.0,0.0,0.0,0.0
0.0,0.0,0.0,0.0,0.0,0.0,0.0,0.0
0.0,0.0,0.0,0.0,0.0,0.0,0.0,0.0
0.0,0.0,0.0,0.0,0.0,0.0,0.0,0.0
0.0,0.0,0.0,0.0,0.0,0.0,0.0,0.0
0.0,0.0,0.0,0.0,0.0,0.0,0.0,0.0
0.0,0.0,0.0,0.0,0.0,0.0,0.0,0.0
0.0,0.0,0.0,0.0,0.0,0.0,0.0,0.0
0.0,0.0,0.0,0.0,0.0,0.0,0.0,0.0
2.6,2.6,2.6,2.6,2.6,2.6,2.6,2.6
2.6,2.6,2.6,2.6,2.6,2.6,2.6,2.6
2.6,2.6,2.6,2.6,2.6,2.6,2.6,2.6
2.6,2.6,2.6,2.6,2.6,2.6,2.6,2.6
5.2,5.2,5.2,5.2,5.2,5.2,5.2,5.2
5.2,5.2,5.2,5.2,5.2,5.2,5.2,5.2
5.2,5.2,5.2,5.2,5.2,5.2,5.2,5.2
5.2,5.2,5.2,5.2,5.2,5.2,5.2,5.2
7.0,7.0,7.0,7.0,7.0,7.0,7.0,7.0
7.0,7.0,7.0,7.0,7.0,7.0,7.0,7.0
7.0,7.0,7.0,7.0,7.0,7.0,7.0,7.0
7.0,7.0,7.0,7.0,7.0,7.0,7.0,7.0
10.4,10.4,10.4,10.4,10.4,10.4,10.4,10.4
10.4,10.4,10.4,10.4,10.4,10.4,10.4,10.4
10.4,10.4,10.4,10.4,10.4,10.4,10.4,10.4
10.4,10.4,10.4,10.4,10.4,10.4,10.4,10.4
14.7,14.7,14.7,14.7,14.7,14.7,14.7,14.7
14.7,14.7,14.7,14.7,14.7,14.7,14.7,14.7
14.7,14.7,14.7,14.7,14.7,14.7,14.7,14.7
14.7,14.7,14.7,14.7,14.7,14.7,14.7,14.7
13.0,13.0,13.0,13.0,13.0,13.0,13.0,13.0
13.0,13.0,13.0,13.0,13.0,13.0,13.0,13.0
13.0,13.0,13.0,13.0,13.0,13.0,13.0,13.0
13.0,13.0,13.0,13.0,13.0,13.0,13.0,13.0
8.7,8.7,8.7,8.7,8.7,8.7,8.7,8.7
8.7,8.7,8.7,8.7,8.7,8.7,8.7,8.7
8.7,8.7,8.7,8.7,8.7,8.7,8.7,8.7
8.7,8.7,8.7,8.7,8.7,8.7,8.7,8.7
6.1,6.1,6.1,6.1,6.1,6.1,6.1,6.1
6.1,6.1,6.1,6.1,6.1,6.1,6.1,6.1
6.1,6.1,6.1,6.1,6.1,6.1,6.1,6.1
6.1,6.1,6.1,6.1,6.1,6.1,6.1,6.1
1.7,1.7,1.7,1.7,1.7,1.7,1.7,1.7
1.7,1.7,1.7,1.7,1.7,1.7,1.7,1.7
1.7,1.7,1.7,1.7,1.7,1.7,1.7,1.7
1.7,1.7,1.7,1.7,1.7,1.7,1.7,1.7
0.0,0.0,0.0,0.0,0.0,0.0,0.0,0.0
0.0,0.0,0.0,0.0,0.0,0.0,0.0,0.0
0.0,0.0,0.0,0.0,0.0,0.0,0.0,0.0
0.0,0.0,0.0,0.0,0.0,0.0,0.0,0.0
0.0,0.0,0.0,0.0,0.0,0.0,0.0,0.0
0.0,0.0,0.0,0.0,0.0,0.0,0.0,0.0
0.0,0.0,0.0,0.0,0.0,0.0,0.0,0.0
0.0,0.0,0.0,0.0,0.0,0.0,0.0,0.0
0.0,0.0,0.0,0.0,0.0,0.0,0.0,0.0
0.0,0.0,0.0,0.0,0.0,0.0,0.0,0.0
0.0,0.0,0.0,0.0,0.0,0.0,0.0,0.0
0.0,0.0,0.0,0.0,0.0,0.0,0.0,0.0
0.0,0.0,0.0,0.0,0.0,0.0,0.0,0.0
0.0,0.0,0.0,0.0,0.0,0.0,0.0,0.0
0.0,0.0,0.0,0.0,0.0,0.0,0.0,0.0
0.0,0.0,0.0,0.0,0.0,0.0,0.0,0.0
0.0,0.0,0.0,0.0,0.0,0.0,0.0,0.0
0.0,0.0,0.0,0.0,0.0,0.0,0.0,0.0
0.0,0.0,0.0,0.0,0.0,0.0,0.0,0.0
0.0,0.0,0.0,0.0,0.0,0.0,0.0,0.0
0.0,0.0,0.0,0.0,0.0,0.0,0.0,0.0
0.0,0.0,0.0,0.0,0.0,0.0,0.0,0.0
0.0,0.0,0.0,0.0,0.0,0.0,0.0,0.0
0.0,0.0,0.0,0.0,0.0,0.0,0.0,0.0
0.0,0.0,0.0,0.0,0.0,0.0,0.0,0.0
0.0,0.0,0.0,0.0,0.0,0.0,0.0,0.0
0.0,0.0,0.0,0.0,0.0,0.0,0.0,0.0
0.0,0.0,0.0,0.0,0.0,0.0,0.0,0.0
0.0,0.0,0.0,0.0,0.0,0.0,0.0,0.0
0.0,0.0,0.0,0.0,0.0,0.0,0.0,0.0
0.0,0.0,0.0,0.0,0.0,0.0,0.0,0.0
0.0,0.0,0.0,0.0,0.0,0.0,0.0,0.0
0.0,0.0,0.0,0.0,0.0,0.0,0.0,0.0
0.0,0.0,0.0,0.0,0.0,0.0,0.0,0.0
0.0,0.0,0.0,0.0,0.0,0.0,0.0,0.0
0.0,0.0,0.0,0.0,0.0,0.0,0.0,0.0
0.0,0.0,0.0,0.0,0.0,0.0,0.0,0.0
0.0,0.0,0.0,0.0,0.0,0.0,0.0,0.0
0.0,0.0,0.0,0.0,0.0,0.0,0.0,0.0
0.0,0.0,0.0,0.0,0.0,0.0,0.0,0.0
0.0,0.0,0.0,0.0,0.0,0.0,0.0,0.0
0.0,0.0,0.0,0.0,0.0,0.0,0.0,0.0
0.0,0.0,0.0,0.0,0.0,0.0,0.0,0.0
0.0,0.0,0.0,0.0,0.0,0.0,0.0,0.0
0.0,0.0,0.0,0.0,0.0,0.0,0.0,0.0
0.0,0.0,0.0,0.0,0.0,0.0,0.0,0.0
0.0,0.0,0.0,0.0,0.0,0.0,0.0,0.0
0.0,0.0,0.0,0.0,0.0,0.0,0.0,0.0
0.0,0.0,0.0,0.0,0.0,0.0,0.0,0.0
0.0,0.0,0.0,0.0,0.0,0.0,0.0,0.0
0.0,0.0,0.0,0.0,0.0,0.0,0.0,0.0
0.0,0.0,0.0,0.0,0.0,0.0,0.0,0.0
0.0,0.0,0.0,0.0,0.0,0.0,0.0,0.0
0.0,0.0,0.0,0.0,0.0,0.0,0.0,0.0
0.0,0.0,0.0,0.0,0.0,0.0,0.0,0.0
0.0,0.0,0.0,0.0,0.0,0.0,0.0,0.0
0.0,0.0,0.0,0.0,0.0,0.0,0.0,0.0
0.0,0.0,0.0,0.0,0.0,0.0,0.0,0.0
0.0,0.0,0.0,0.0,0.0,0.0,0.0,0.0
0.0,0.0,0.0,0.0,0.0,0.0,0.0,0.0
0.0,0.0,0.0,0.0,0.0,0.0,0.0,0.0
0.0,0.0,0.0,0.0,0.0,0.0,0.0,0.0
0.0,0.0,0.0,0.0,0.0,0.0,0.0,0.0
0.0,0.0,0.0,0.0,0.0,0.0,0.0,0.0
6.1,6.1,6.1,6.1,6.1,6.1,6.1,6.1
6.1,6.1,6.1,6.1,6.1,6.1,6.1,6.1
6.1,6.1,6.1,6.1,6.1,6.1,6.1,6.1
6.1,6.1,6.1,6.1,6.1,6.1,6.1,6.1
12.2,12.2,12.2,12.2,12.2,12.2,12.2,12.2
12.2,12.2,12.2,12.2,12.2,12.2,12.2,12.2
12.2,12.2,12.2,12.2,12.2,12.2,12.2,12.2
12.2,12.2,12.2,12.2,12.2,12.2,12.2,12.2
16.5,16.5,16.5,16.5,16.5,16.5,16.5,16.5
16.5,16.5,16.5,16.5,16.5,16.5,16.5,16.5
16.5,16.5,16.5,16.5,16.5,16.5,16.5,16.5
16.5,16.5,16.5,16.5,16.5,16.5,16.5,16.5
32.9,32.9,32.9,32.9,32.9,32.9,32.9,32.9
32.9,32.9,32.9,32.9,32.9,32.9,32.9,32.9
32.9,32.9,32.9,32.9,32.9,32.9,32.9,32.9
32.9,32.9,32.9,32.9,32.9,32.9,32.9,32.9
18.1,18.1,18.1,18.1,18.1,18.1,18.1,18.1
18.1,18.1,18.1,18.1,18.1,18.1,18.1,18.1
18.1,18.1,18.1,18.1,18.1,18.1,18.1,18.1
18.1,18.1,18.1,18.1,18.1,18.1,18.1,18.1
12.1,12.1,12.1,12.1,12.1,12.1,12.1,12.1
12.1,12.1,12.1,12.1,12.1,12.1,12.1,12.1
12.1,12.1,12.1,12.1,12.1,12.1,12.1,12.1
12.1,12.1,12.1,12.1,12.1,12.1,12.1,12.1
7.8,7.8,7.8,7.8,7.8,7.8,7.8,7.8
7.8,7.8,7.8,7.8,7.8,7.8,7.8,7.8
7.8,7.8,7.8,7.8,7.8,7.8,7.8,7.8
7.8,7.8,7.8,7.8,7.8,7.8,7.8,7.8
1.7,1.7,1.7,1.7,1.7,1.7,1.7,1.7
1.7,1.7,1.7,1.7,1.7,1.7,1.7,1.7
1.7,1.7,1.7,1.7,1.7,1.7,1.7,1.7
1.7,1.7,1.7,1.7,1.7,1.7,1.7,1.7
0.0,0.0,0.0,0.0,0.0,0.0,0.0,0.0
0.0,0.0,0.0,0.0,0.0,0.0,0.0,0.0
0.0,0.0,0.0,0.0,0.0,0.0,0.0,0.0
0.0,0.0,0.0,0.0,0.0,0.0,0.0,0.0
0.0,0.0,0.0,0.0,0.0,0.0,0.0,0.0
0.0,0.0,0.0,0.0,0.0,0.0,0.0,0.0
0.0,0.0,0.0,0.0,0.0,0.0,0.0,0.0
0.0,0.0,0.0,0.0,0.0,0.0,0.0,0.0
0.0,0.0,0.0,0.0,0.0,0.0,0.0,0.0
0.0,0.0,0.0,0.0,0.0,0.0,0.0,0.0
0.0,0.0,0.0,0.0,0.0,0.0,0.0,0.0
0.0,0.0,0.0,0.0,0.0,0.0,0.0,0.0
0.0,0.0,0.0,0.0,0.0,0.0,0.0,0.0
0.0,0.0,0.0,0.0,0.0,0.0,0.0,0.0
0.0,0.0,0.0,0.0,0.0,0.0,0.0,0.0
0.0,0.0,0.0,0.0,0.0,0.0,0.0,0.0
0.0,0.0,0.0,0.0,0.0,0.0,0.0,0.0
0.0,0.0,0.0,0.0,0.0,0.0,0.0,0.0
0.0,0.0,0.0,0.0,0.0,0.0,0.0,0.0
0.0,0.0,0.0,0.0,0.0,0.0,0.0,0.0
0.0,0.0,0.0,0.0,0.0,0.0,0.0,0.0
0.0,0.0,0.0,0.0,0.0,0.0,0.0,0.0
0.0,0.0,0.0,0.0,0.0,0.0,0.0,0.0
0.0,0.0,0.0,0.0,0.0,0.0,0.0,0.0
0.0,0.0,0.0,0.0,0.0,0.0,0.0,0.0
0.0,0.0,0.0,0.0,0.0,0.0,0.0,0.0
0.0,0.0,0.0,0.0,0.0,0.0,0.0,0.0
0.0,0.0,0.0,0.0,0.0,0.0,0.0,0.0
0.0,0.0,0.0,0.0,0.0,0.0,0.0,0.0
0.0,0.0,0.0,0.0,0.0,0.0,0.0,0.0
0.0,0.0,0.0,0.0,0.0,0.0,0.0,0.0
0.0,0.0,0.0,0.0,0.0,0.0,0.0,0.0
0.0,0.0,0.0,0.0,0.0,0.0,0.0,0.0
0.0,0.0,0.0,0.0,0.0,0.0,0.0,0.0
0.0,0.0,0.0,0.0,0.0,0.0,0.0,0.0
0.0,0.0,0.0,0.0,0.0,0.0,0.0,0.0
0.0,0.0,0.0,0.0,0.0,0.0,0.0,0.0
0.0,0.0,0.0,0.0,0.0,0.0,0.0,0.0
0.0,0.0,0.0,0.0,0.0,0.0,0.0,0.0
0.0,0.0,0.0,0.0,0.0,0.0,0.0,0.0
0.0,0.0,0.0,0.0,0.0,0.0,0.0,0.0
0.0,0.0,0.0,0.0,0.0,0.0,0.0,0.0
0.0,0.0,0.0,0.0,0.0,0.0,0.0,0.0
0.0,0.0,0.0,0.0,0.0,0.0,0.0,0.0
0.0,0.0,0.0,0.0,0.0,0.0,0.0,0.0
0.0,0.0,0.0,0.0,0.0,0.0,0.0,0.0
0.0,0.0,0.0,0.0,0.0,0.0,0.0,0.0
0.0,0.0,0.0,0.0,0.0,0.0,0.0,0.0
0.0,0.0,0.0,0.0,0.0,0.0,0.0,0.0
0.0,0.0,0.0,0.0,0.0,0.0,0.0,0.0
0.0,0.0,0.0,0.0,0.0,0.0,0.0,0.0
0.0,0.0,0.0,0.0,0.0,0.0,0.0,0.0
0.0,0.0,0.0,0.0,0.0,0.0,0.0,0.0
0.0,0.0,0.0,0.0,0.0,0.0,0.0,0.0
0.0,0.0,0.0,0.0,0.0,0.0,0.0,0.0
0.0,0.0,0.0,0.0,0.0,0.0,0.0,0.0
0.0,0.0,0.0,0.0,0.0,0.0,0.0,0.0
0.0,0.0,0.0,0.0,0.0,0.0,0.0,0.0
0.0,0.0,0.0,0.0,0.0,0.0,0.0,0.0
0.0,0.0,0.0,0.0,0.0,0.0,0.0,0.0
0.0,0.0,0.0,0.0,0.0,0.0,0.0,0.0
0.0,0.0,0.0,0.0,0.0,0.0,0.0,0.0
0.0,0.0,0.0,0.0,0.0,0.0,0.0,0.0
0.0,0.0,0.0,0.0,0.0,0.0,0.0,0.0
0.0,0.0,0.0,0.0,0.0,0.0,0.0,0.0
0.0,0.0,0.0,0.0,0.0,0.0,0.0,0.0
0.0,0.0,0.0,0.0,0.0,0.0,0.0,0.0
0.0,0.0,0.0,0.0,0.0,0.0,0.0,0.0
80.1,60.0,153.7,58.7,89.9,83.4,113.3,69.8
80.1,60.0,153.7,58.7,89.9,83.4,113.3,69.8
80.1,60.0,153.7,58.7,89.9,83.4,113.3,69.8
80.1,60.0,153.7,58.7,89.9,83.4,113.3,69.8
81.4,61.0,163.0,59.8,92.1,84.4,117.7,71.2
81.4,61.0,163.0,59.8,92.1,84.4,309.7,71.2
81.4,61.0,163.0,59.8,92.1,84.4,117.7,71.2
81.4,61.0,163.0,59.8,92.1,84.4,117.7,71.2
84.5,63.5,169.6,62.7,97.4,86.9,122.2,74.8
84.5,63.5,169.6,62.7,3727.6,86.9,122.2,74.8
84.5,377.4,169.6,85.6,3377.9,114.8,122.2,74.8
755.2,63.5,169.6,62.7,97.4,114.8,122.2,74.8
78.5,65.0,90.4,64.4,80.5,78.8,83.8,77.0
78.5,65.0,90.4,64.4,80.5,78.8,83.8,77.0
78.5,65.0,90.4,64.4,80.5,78.8,83.8,77.0
77.9,65.0,85.7,64.4,78.9,78.1,91.4,77.0
50.2,50.2,50.2,50.2,50.2,50.2,50.2,50.2
50.2,50.2,50.2,50.2,50.2,50.2,50.2,50.2
50.2,50.2,50.2,50.2,50.2,50.2,50.2,50.2
50.2,50.2,50.2,50.2,50.2,50.2,50.2,50.2
24.9,24.9,24.9,24.9,24.9,24.9,24.9,24.9
24.9,24.9,24.9,24.9,24.9,24.9,24.9,24.9
24.9,24.9,24.9,24.9,24.9,24.9,24.9,24.9
24.9,24.9,24.9,24.9,24.9,24.9,24.9,24.9
53.5,53.5,53.5,53.5,53.5,53.5,53.5,53.5
53.5,53.5,53.5,53.5,53.5,53.5,53.5,53.5
53.5,53.5,53.5,53.5,53.5,53.5,53.5,53.5
53.5,53.5,53.5,53.5,53.5,53.5,53.5,53.5
0.0,0.0,0.0,0.0,0.0,0.0,0.0,0.0
0.0,0.0,0.0,0.0,0.0,0.0,0.0,0.0
0.0,0.0,0.0,0.0,0.0,0.0,0.0,0.0
0.0,0.0,0.0,0.0,0.0,0.0,0.0,0.0
0.0,0.0,0.0,0.0,0.0,0.0,0.0,0.0
0.0,0.0,0.0,0.0,0.0,0.0,0.0,0.0
0.0,0.0,0.0,0.0,0.0,0.0,0.0,0.0
0.0,0.0,0.0,0.0,0.0,0.0,0.0,0.0
0.0,0.0,0.0,0.0,0.0,0.0,0.0,0.0
0.0,0.0,0.0,0.0,0.0,0.0,0.0,0.0
0.0,0.0,0.0,0.0,0.0,0.0,0.0,0.0
0.0,0.0,0.0,0.0,0.0,0.0,0.0,0.0
0.0,0.0,0.0,0.0,0.0,0.0,0.0,0.0
0.0,0.0,0.0,0.0,0.0,0.0,0.0,0.0
0.0,0.0,0.0,0.0,0.0,0.0,0.0,0.0
0.0,0.0,0.0,0.0,0.0,0.0,0.0,0.0
0.0,0.0,0.0,0.0,0.0,0.0,0.0,0.0
0.0,0.0,0.0,0.0,0.0,0.0,0.0,0.0
0.0,0.0,0.0,0.0,0.0,0.0,0.0,0.0
0.0,0.0,0.0,0.0,0.0,0.0,0.0,0.0
0.0,0.0,0.0,0.0,0.0,0.0,0.0,0.0
0.0,0.0,0.0,0.0,0.0,0.0,0.0,0.0
0.0,0.0,0.0,0.0,0.0,0.0,0.0,0.0
0.0,0.0,0.0,0.0,0.0,0.0,0.0,0.0
0.0,0.0,0.0,0.0,0.0,0.0,0.0,0.0
0.0,0.0,0.0,0.0,0.0,0.0,0.0,0.0
0.0,0.0,0.0,0.0,0.0,0.0,0.0,0.0
0.0,0.0,0.0,0.0,0.0,0.0,0.0,0.0
0.0,0.0,0.0,0.0,0.0,0.0,0.0,0.0
0.0,0.0,0.0,0.0,0.0,0.0,0.0,0.0
0.0,0.0,0.0,0.0,0.0,0.0,0.0,0.0
0.0,0.0,0.0,0.0,0.0,0.0,0.0,0.0
0.0,0.0,0.0,0.0,0.0,0.0,0.0,0.0
0.0,0.0,0.0,0.0,0.0,0.0,0.0,0.0
0.0,0.0,0.0,0.0,0.0,0.0,0.0,0.0
0.0,0.0,0.0,0.0,0.0,0.0,0.0,0.0
0.0,0.0,0.0,0.0,0.0,0.0,0.0,0.0
0.0,0.0,0.0,0.0,0.0,0.0,0.0,0.0
0.0,0.0,0.0,0.0,0.0,0.0,0.0,0.0
0.0,0.0,0.0,0.0,0.0,0.0,0.0,0.0
0.0,0.0,0.0,0.0,0.0,0.0,0.0,0.0
0.0,0.0,0.0,0.0,0.0,0.0,0.0,0.0
0.0,0.0,0.0,0.0,0.0,0.0,0.0,0.0
0.0,0.0,0.0,0.0,0.0,0.0,0.0,0.0
0.0,0.0,0.0,0.0,0.0,0.0,0.0,0.0
0.0,0.0,0.0,0.0,0.0,0.0,0.0,0.0
0.0,0.0,0.0,0.0,0.0,0.0,0.0,0.0
0.0,0.0,0.0,0.0,0.0,0.0,0.0,0.0
0.0,0.0,0.0,0.0,0.0,0.0,0.0,0.0
0.0,0.0,0.0,0.0,0.0,0.0,0.0,0.0
0.0,0.0,0.0,0.0,0.0,0.0,0.0,0.0
0.0,0.0,0.0,0.0,0.0,0.0,0.0,0.0
0.0,0.0,0.0,0.0,0.0,0.0,0.0,0.0
0.0,0.0,0.0,0.0,0.0,0.0,0.0,0.0
0.0,0.0,0.0,0.0,0.0,0.0,0.0,0.0
0.0,0.0,0.0,0.0,0.0,0.0,0.0,0.0
0.0,0.0,0.0,0.0,0.0,0.0,0.0,0.0
0.0,0.0,0.0,0.0,0.0,0.0,0.0,0.0
0.0,0.0,0.0,0.0,0.0,0.0,0.0,0.0
0.0,0.0,0.0,0.0,0.0,0.0,0.0,0.0
0.0,0.0,0.0,0.0,0.0,0.0,0.0,0.0
0.0,0.0,0.0,0.0,0.0,0.0,0.0,0.0
0.0,0.0,0.0,0.0,0.0,0.0,0.0,0.0
0.0,0.0,0.0,0.0,0.0,0.0,0.0,0.0
24.9,24.9,24.9,24.9,24.9,24.9,24.9,24.9
24.9,24.9,24.9,24.9,24.9,24.9,24.9,24.9
24.9,24.9,24.9,24.9,24.9,24.9,24.9,24.9
24.9,24.9,24.9,24.9,24.9,24.9,24.9,24.9
8.6,8.6,8.6,8.6,8.6,8.6,8.6,8.6
8.6,8.6,8.6,8.6,8.6,8.6,8.6,8.6
8.6,8.6,8.6,8.6,8.6,8.6,8.6,8.6
8.6,8.6,8.6,8.6,8.6,8.6,8.6,8.6
8.5,8.5,8.5,8.5,8.5,8.5,8.5,8.5
8.5,8.5,8.5,8.5,8.5,8.5,8.5,8.5
8.5,8.5,8.5,8.5,8.5,8.5,8.5,8.5
8.5,8.5,8.5,8.5,8.5,8.5,8.5,8.5
11.1,11.1,11.1,11.1,11.1,11.1,11.1,11.1
11.1,11.1,11.1,11.1,11.1,11.1,11.1,11.1
11.1,11.1,11.1,11.1,11.1,11.1,11.1,11.1
11.1,11.1,11.1,11.1,11.1,11.1,11.1,11.1
10.2,10.2,10.2,10.2,10.2,10.2,10.2,10.2
10.2,10.2,10.2,10.2,10.2,10.2,10.2,10.2
10.2,10.2,10.2,10.2,10.2,10.2,10.2,10.2
10.2,10.2,10.2,10.2,10.2,10.2,10.2,10.2
7.7,7.7,7.7,7.7,7.7,7.7,7.7,7.7
7.7,7.7,7.7,7.7,7.7,7.7,7.7,7.7
7.7,7.7,7.7,7.7,7.7,7.7,7.7,7.7
7.7,7.7,7.7,7.7,7.7,7.7,7.7,7.7
12.8,12.8,12.8,12.8,12.8,12.8,12.8,12.8
12.8,12.8,12.8,12.8,12.8,12.8,12.8,12.8
12.8,12.8,12.8,12.8,12.8,12.8,12.8,12.8
12.8,12.8,12.8,12.8,12.8,12.8,12.8,12.8
18.9,18.9,18.9,18.9,18.9,18.9,18.9,18.9
18.9,18.9,18.9,18.9,18.9,18.9,18.9,18.9
18.9,18.9,18.9,18.9,18.9,18.9,18.9,18.9
18.9,18.9,18.9,18.9,18.9,18.9,18.9,18.9
0.0,0.0,0.0,0.0,0.0,0.0,0.0,0.0
0.0,0.0,0.0,0.0,0.0,0.0,0.0,0.0
0.0,0.0,0.0,0.0,0.0,0.0,0.0,0.0
0.0,0.0,0.0,0.0,0.0,0.0,0.0,0.0
0.0,0.0,0.0,0.0,0.0,0.0,0.0,0.0
0.0,0.0,0.0,0.0,0.0,0.0,0.0,0.0
0.0,0.0,0.0,0.0,0.0,0.0,0.0,0.0
0.0,0.0,0.0,0.0,0.0,0.0,0.0,0.0
0.0,0.0,0.0,0.0,0.0,0.0,0.0,0.0
0.0,0.0,0.0,0.0,0.0,0.0,0.0,0.0
0.0,0.0,0.0,0.0,0.0,0.0,0.0,0.0
0.0,0.0,0.0,0.0,0.0,0.0,0.0,0.0
0.0,0.0,0.0,0.0,0.0,0.0,0.0,0.0
0.0,0.0,0.0,0.0,0.0,0.0,0.0,0.0
0.0,0.0,0.0,0.0,0.0,0.0,0.0,0.0
0.0,0.0,0.0,0.0,0.0,0.0,0.0,0.0
0.0,0.0,0.0,0.0,0.0,0.0,0.0,0.0
0.0,0.0,0.0,0.0,0.0,0.0,0.0,0.0
0.0,0.0,0.0,0.0,0.0,0.0,0.0,0.0
0.0,0.0,0.0,0.0,0.0,0.0,0.0,0.0
0.0,0.0,0.0,0.0,0.0,0.0,0.0,0.0
0.0,0.0,0.0,0.0,0.0,0.0,0.0,0.0
0.0,0.0,0.0,0.0,0.0,0.0,0.0,0.0
0.0,0.0,0.0,0.0,0.0,0.0,0.0,0.0
0.0,0.0,0.0,0.0,0.0,0.0,0.0,0.0
0.0,0.0,0.0,0.0,0.0,0.0,0.0,0.0
0.0,0.0,0.0,0.0,0.0,0.0,0.0,0.0
0.0,0.0,0.0,0.0,0.0,0.0,0.0,0.0
0.0,0.0,0.0,0.0,0.0,0.0,0.0,0.0
0.0,0.0,0.0,0.0,0.0,0.0,0.0,0.0
0.0,0.0,0.0,0.0,0.0,0.0,0.0,0.0
0.0,0.0,0.0,0.0,0.0,0.0,0.0,0.0
0.0,0.0,0.0,0.0,0.0,0.0,0.0,0.0
0.0,0.0,0.0,0.0,0.0,0.0,0.0,0.0
0.0,0.0,0.0,0.0,0.0,0.0,0.0,0.0
0.0,0.0,0.0,0.0,0.0,0.0,0.0,0.0
0.0,0.0,0.0,0.0,0.0,0.0,0.0,0.0
0.0,0.0,0.0,0.0,0.0,0.0,0.0,0.0
0.0,0.0,0.0,0.0,0.0,0.0,0.0,0.0
0.0,0.0,0.0,0.0,0.0,0.0,0.0,0.0
0.0,0.0,0.0,0.0,0.0,0.0,0.0,0.0
0.0,0.0,0.0,0.0,0.0,0.0,0.0,0.0
0.0,0.0,0.0,0.0,0.0,0.0,0.0,0.0
0.0,0.0,0.0,0.0,0.0,0.0,0.0,0.0
0.0,0.0,0.0,0.0,0.0,0.0,0.0,0.0
0.0,0.0,0.0,0.0,0.0,0.0,0.0,0.0
0.0,0.0,0.0,0.0,0.0,0.0,0.0,0.0
0.0,0.0,0.0,0.0,0.0,0.0,0.0,0.0
0.0,0.0,0.0,0.0,0.0,0.0,0.0,0.0
0.0,0.0,0.0,0.0,0.0,0.0,0.0,0.0
0.0,0.0,0.0,0.0,0.0,0.0,0.0,0.0
0.0,0.0,0.0,0.0,0.0,0.0,0.0,0.0
0.0,0.0,0.0,0.0,0.0,0.0,0.0,0.0
0.0,0.0,0.0,0.0,0.0,0.0,0.0,0.0
0.0,0.0,0.0,0.0,0.0,0.0,0.0,0.0
0.0,0.0,0.0,0.0,0.0,0.0,0.0,0.0
0.0,0.0,0.0,0.0,0.0,0.0,0.0,0.0
0.0,0.0,0.0,0.0,0.0,0.0,0.0,0.0
0.0,0.0,0.0,0.0,0.0,0.0,0.0,0.0
0.0,0.0,0.0,0.0,0.0,0.0,0.0,0.0
0.0,0.0,0.0,0.0,0.0,0.0,0.0,0.0
0.0,0.0,0.0,0.0,0.0,0.0,0.0,0.0
0.0,0.0,0.0,0.0,0.0,0.0,0.0,0.0
0.0,0.0,0.0,0.0,0.0,0.0,0.0,0.0
0.0,0.0,0.0,0.0,0.0,0.0,0.0,0.0
0.0,0.0,0.0,0.0,0.0,0.0,0.0,0.0
0.0,0.0,0.0,0.0,0.0,0.0,0.0,0.0
0.0,0.0,0.0,0.0,0.0,0.0,0.0,0.0
6.8,6.8,6.8,6.8,6.8,6.8,6.8,6.8
6.8,6.8,6.8,6.8,6.8,6.8,6.8,6.8
6.8,6.8,6.8,6.8,6.8,6.8,6.8,6.8
6.8,6.8,6.8,6.8,6.8,6.8,6.8,6.8
34.1,34.1,34.1,34.1,34.1,34.1,34.1,34.1
34.1,34.1,34.1,34.1,34.1,34.1,34.1,34.1
34.1,34.1,34.1,34.1,34.1,34.1,34.1,34.1
34.1,34.1,34.1,34.1,34.1,34.1,34.1,34.1
10.3,10.3,10.3,10.3,10.3,10.3,10.3,10.3
10.3,10.3,10.3,10.3,10.3,10.3,10.3,10.3
10.3,10.3,10.3,10.3,10.3,10.3,10.3,10.3
10.3,10.3,10.3,10.3,10.3,10.3,10.3,10.3
14.5,14.5,14.5,14.5,14.5,14.5,14.5,14.5
14.5,14.5,14.5,14.5,14.5,14.5,14.5,14.5
14.5,14.5,14.5,14.5,14.5,14.5,14.5,14.5
14.5,14.5,14.5,14.5,14.5,14.5,14.5,14.5
11.1,11.1,11.1,11.1,11.1,11.1,11.1,11.1
11.1,11.1,11.1,11.1,11.1,11.1,11.1,11.1
11.1,11.1,11.1,11.1,11.1,11.1,11.1,11.1
11.1,11.1,11.1,11.1,11.1,11.1,11.1,11.1
6.0,6.0,6.0,6.0,6.0,6.0,6.0,6.0
6.0,6.0,6.0,6.0,6.0,6.0,6.0,6.0
6.0,6.0,6.0,6.0,6.0,6.0,6.0,6.0
6.0,6.0,6.0,6.0,6.0,6.0,6.0,6.0
60.6,60.6,60.6,60.6,60.6,60.6,60.6,60.6
60.6,60.6,60.6,60.6,60.6,60.6,60.6,60.6
60.6,60.6,60.6,60.6,60.6,60.6,60.6,60.6
60.6,60.6,60.6,60.6,60.6,60.6,60.6,60.6
0.0,0.0,0.0,0.0,0.0,0.0,0.0,0.0
0.0,0.0,0.0,0.0,0.0,0.0,0.0,0.0
0.0,0.0,0.0,0.0,0.0,0.0,0.0,0.0
0.0,0.0,0.0,0.0,0.0,0.0,0.0,0.0
0.0,0.0,0.0,0.0,0.0,0.0,0.0,0.0
0.0,0.0,0.0,0.0,0.0,0.0,0.0,0.0
0.0,0.0,0.0,0.0,0.0,0.0,0.0,0.0
0.0,0.0,0.0,0.0,0.0,0.0,0.0,0.0
0.0,0.0,0.0,0.0,0.0,0.0,0.0,0.0
0.0,0.0,0.0,0.0,0.0,0.0,0.0,0.0
0.0,0.0,0.0,0.0,0.0,0.0,0.0,0.0
0.0,0.0,0.0,0.0,0.0,0.0,0.0,0.0
0.0,0.0,0.0,0.0,0.0,0.0,0.0,0.0
0.0,0.0,0.0,0.0,0.0,0.0,0.0,0.0
0.0,0.0,0.0,0.0,0.0,0.0,0.0,0.0
0.0,0.0,0.0,0.0,0.0,0.0,0.0,0.0
0.0,0.0,0.0,0.0,0.0,0.0,0.0,0.0
0.0,0.0,0.0,0.0,0.0,0.0,0.0,0.0
0.0,0.0,0.0,0.0,0.0,0.0,0.0,0.0
0.0,0.0,0.0,0.0,0.0,0.0,0.0,0.0
0.0,0.0,0.0,0.0,0.0,0.0,0.0,0.0
0.0,0.0,0.0,0.0,0.0,0.0,0.0,0.0
0.0,0.0,0.0,0.0,0.0,0.0,0.0,0.0
0.0,0.0,0.0,0.0,0.0,0.0,0.0,0.0
0.0,0.0,0.0,0.0,0.0,0.0,0.0,0.0
0.0,0.0,0.0,0.0,0.0,0.0,0.0,0.0
0.0,0.0,0.0,0.0,0.0,0.0,0.0,0.0
0.0,0.0,0.0,0.0,0.0,0.0,0.0,0.0
0.0,0.0,0.0,0.0,0.0,0.0,0.0,0.0
0.0,0.0,0.0,0.0,0.0,0.0,0.0,0.0
0.0,0.0,0.0,0.0,0.0,0.0,0.0,0.0
0.0,0.0,0.0,0.0,0.0,0.0,0.0,0.0
0.0,0.0,0.0,0.0,0.0,0.0,0.0,0.0
0.0,0.0,0.0,0.0,0.0,0.0,0.0,0.0
0.0,0.0,0.0,0.0,0.0,0.0,0.0,0.0
0.0,0.0,0.0,0.0,0.0,0.0,0.0,0.0
0.0,0.0,0.0,0.0,0.0,0.0,0.0,0.0
0.0,0.0,0.0,0.0,0.0,0.0,0.0,0.0
0.0,0.0,0.0,0.0,0.0,0.0,0.0,0.0
0.0,0.0,0.0,0.0,0.0,0.0,0.0,0.0
0.0,0.0,0.0,0.0,0.0,0.0,0.0,0.0
0.0,0.0,0.0,0.0,0.0,0.0,0.0,0.0
0.0,0.0,0.0,0.0,0.0,0.0,0.0,0.0
0.0,0.0,0.0,0.0,0.0,0.0,0.0,0.0
0.0,0.0,0.0,0.0,0.0,0.0,0.0,0.0
0.0,0.0,0.0,0.0,0.0,0.0,0.0,0.0
0.0,0.0,0.0,0.0,0.0,0.0,0.0,0.0
0.0,0.0,0.0,0.0,0.0,0.0,0.0,0.0
0.0,0.0,0.0,0.0,0.0,0.0,0.0,0.0
0.0,0.0,0.0,0.0,0.0,0.0,0.0,0.0
0.0,0.0,0.0,0.0,0.0,0.0,0.0,0.0
0.0,0.0,0.0,0.0,0.0,0.0,0.0,0.0
0.0,0.0,0.0,0.0,0.0,0.0,0.0,0.0
0.0,0.0,0.0,0.0,0.0,0.0,0.0,0.0
0.0,0.0,0.0,0.0,0.0,0.0,0.0,0.0
0.0,0.0,0.0,0.0,0.0,0.0,0.0,0.0
0.0,0.0,0.0,0.0,0.0,0.0,0.0,0.0
0.0,0.0,0.0,0.0,0.0,0.0,0.0,0.0
0.0,0.0,0.0,0.0,0.0,0.0,0.0,0.0
0.0,0.0,0.0,0.0,0.0,0.0,0.0,0.0
0.9,0.9,0.9,0.9,0.9,0.9,0.9,0.9
0.9,0.9,0.9,0.9,0.9,0.9,0.9,0.9
0.9,0.9,0.9,0.9,0.9,0.9,0.9,0.9
0.9,0.9,0.9,0.9,0.9,0.9,0.9,0.9
6.0,6.0,6.0,6.0,6.0,6.0,6.0,6.0
6.0,6.0,6.0,6.0,6.0,6.0,6.0,6.0
6.0,6.0,6.0,6.0,6.0,6.0,6.0,6.0
6.0,6.0,6.0,6.0,6.0,6.0,6.0,6.0
11.1,11.1,11.1,11.1,11.1,11.1,11.1,11.1
11.1,11.1,11.1,11.1,11.1,11.1,11.1,11.1
11.1,11.1,11.1,11.1,11.1,11.1,11.1,11.1
11.1,11.1,11.1,11.1,11.1,11.1,11.1,11.1
15.4,15.4,15.4,15.4,15.4,15.4,15.4,15.4
15.4,15.4,15.4,15.4,15.4,15.4,15.4,15.4
15.4,15.4,15.4,15.4,15.4,15.4,15.4,15.4
15.4,15.4,15.4,15.4,15.4,15.4,15.4,15.4
17.1,17.1,17.1,17.1,17.1,17.1,17.1,17.1
17.1,17.1,17.1,17.1,17.1,17.1,17.1,17.1
17.1,17.1,17.1,17.1,17.1,17.1,17.1,17.1
17.1,17.1,17.1,17.1,17.1,17.1,17.1,17.1
14.6,14.6,14.6,14.6,14.6,14.6,14.6,14.6
14.6,14.6,14.6,14.6,14.6,14.6,14.6,14.6
14.6,14.6,14.6,14.6,14.6,14.6,14.6,14.6
14.6,14.6,14.6,14.6,14.6,14.6,14.6,14.6
11.1,11.1,11.1,11.1,11.1,11.1,11.1,11.1
11.1,11.1,11.1,11.1,11.1,11.1,11.1,11.1
11.1,11.1,11.1,11.1,11.1,11.1,11.1,11.1
11.1,11.1,11.1,11.1,11.1,11.1,11.1,11.1
6.0,6.0,6.0,6.0,6.0,6.0,6.0,6.0
6.0,6.0,6.0,6.0,6.0,6.0,6.0,6.0
6.0,6.0,6.0,6.0,6.0,6.0,6.0,6.0
6.0,6.0,6.0,6.0,6.0,6.0,6.0,6.0
54.2,54.2,54.2,54.2,54.2,54.2,54.2,54.2
54.2,54.2,54.2,54.2,54.2,54.2,54.2,54.2
54.2,54.2,54.2,54.2,54.2,54.2,54.2,54.2
54.2,54.2,54.2,54.2,54.2,54.2,54.2,54.2
0.0,0.0,0.0,0.0,0.0,0.0,0.0,0.0
0.0,0.0,0.0,0.0,0.0,0.0,0.0,0.0
0.0,0.0,0.0,0.0,0.0,0.0,0.0,0.0
0.0,0.0,0.0,0.0,0.0,0.0,0.0,0.0
0.0,0.0,0.0,0.0,0.0,0.0,0.0,0.0
0.0,0.0,0.0,0.0,0.0,0.0,0.0,0.0
0.0,0.0,0.0,0.0,0.0,0.0,0.0,0.0
0.0,0.0,0.0,0.0,0.0,0.0,0.0,0.0
0.0,0.0,0.0,0.0,0.0,0.0,0.0,0.0
0.0,0.0,0.0,0.0,0.0,0.0,0.0,0.0
0.0,0.0,0.0,0.0,0.0,0.0,0.0,0.0
0.0,0.0,0.0,0.0,0.0,0.0,0.0,0.0
0.0,0.0,0.0,0.0,0.0,0.0,0.0,0.0
0.0,0.0,0.0,0.0,0.0,0.0,0.0,0.0
0.0,0.0,0.0,0.0,0.0,0.0,0.0,0.0
0.0,0.0,0.0,0.0,0.0,0.0,0.0,0.0
0.0,0.0,0.0,0.0,0.0,0.0,0.0,0.0
0.0,0.0,0.0,0.0,0.0,0.0,0.0,0.0
0.0,0.0,0.0,0.0,0.0,0.0,0.0,0.0
0.0,0.0,0.0,0.0,0.0,0.0,0.0,0.0
0.0,0.0,0.0,0.0,0.0,0.0,0.0,0.0
0.0,0.0,0.0,0.0,0.0,0.0,0.0,0.0
0.0,0.0,0.0,0.0,0.0,0.0,0.0,0.0
0.0,0.0,0.0,0.0,0.0,0.0,0.0,0.0
0.0,0.0,0.0,0.0,0.0,0.0,0.0,0.0
0.0,0.0,0.0,0.0,0.0,0.0,0.0,0.0
0.0,0.0,0.0,0.0,0.0,0.0,0.0,0.0
0.0,0.0,0.0,0.0,0.0,0.0,0.0,0.0
0.0,0.0,0.0,0.0,0.0,0.0,0.0,0.0
0.0,0.0,0.0,0.0,0.0,0.0,0.0,0.0
0.0,0.0,0.0,0.0,0.0,0.0,0.0,0.0
0.0,0.0,0.0,0.0,0.0,0.0,0.0,0.0
0.0,0.0,0.0,0.0,0.0,0.0,0.0,0.0
0.0,0.0,0.0,0.0,0.0,0.0,0.0,0.0
0.0,0.0,0.0,0.0,0.0,0.0,0.0,0.0
0.0,0.0,0.0,0.0,0.0,0.0,0.0,0.0
0.0,0.0,0.0,0.0,0.0,0.0,0.0,0.0
0.0,0.0,0.0,0.0,0.0,0.0,0.0,0.0
0.0,0.0,0.0,0.0,0.0,0.0,0.0,0.0
0.0,0.0,0.0,0.0,0.0,0.0,0.0,0.0
0.0,0.0,0.0,0.0,0.0,0.0,0.0,0.0
0.0,0.0,0.0,0.0,0.0,0.0,0.0,0.0
0.0,0.0,0.0,0.0,0.0,0.0,0.0,0.0
0.0,0.0,0.0,0.0,0.0,0.0,0.0,0.0
0.0,0.0,0.0,0.0,0.0,0.0,0.0,0.0
0.0,0.0,0.0,0.0,0.0,0.0,0.0,0.0
0.0,0.0,0.0,0.0,0.0,0.0,0.0,0.0
0.0,0.0,0.0,0.0,0.0,0.0,0.0,0.0
0.0,0.0,0.0,0.0,0.0,0.0,0.0,0.0
0.0,0.0,0.0,0.0,0.0,0.0,0.0,0.0
0.0,0.0,0.0,0.0,0.0,0.0,0.0,0.0
0.0,0.0,0.0,0.0,0.0,0.0,0.0,0.0
0.0,0.0,0.0,0.0,0.0,0.0,0.0,0.0
0.0,0.0,0.0,0.0,0.0,0.0,0.0,0.0
0.0,0.0,0.0,0.0,0.0,0.0,0.0,0.0
0.0,0.0,0.0,0.0,0.0,0.0,0.0,0.0
0.0,0.0,0.0,0.0,0.0,0.0,0.0,0.0
0.0,0.0,0.0,0.0,0.0,0.0,0.0,0.0
0.0,0.0,0.0,0.0,0.0,0.0,0.0,0.0
0.0,0.0,0.0,0.0,0.0,0.0,0.0,0.0
0.0,0.0,0.0,0.0,0.0,0.0,0.0,0.0
0.0,0.0,0.0,0.0,0.0,0.0,0.0,0.0
0.0,0.0,0.0,0.0,0.0,0.0,0.0,0.0
0.0,0.0,0.0,0.0,0.0,0.0,0.0,0.0
6.1,6.1,6.1,6.1,6.1,6.1,6.1,6.1
6.1,6.1,6.1,6.1,6.1,6.1,6.1,6.1
6.1,6.1,6.1,6.1,6.1,6.1,6.1,6.1
6.1,6.1,6.1,6.1,6.1,6.1,6.1,6.1
11.2,11.2,11.2,11.2,11.2,11.2,11.2,11.2
11.2,11.2,11.2,11.2,11.2,11.2,11.2,11.2
11.2,11.2,11.2,11.2,11.2,11.2,11.2,11.2
11.2,11.2,11.2,11.2,11.2,11.2,11.2,11.2
14.7,14.7,14.7,14.7,14.7,14.7,14.7,14.7
14.7,14.7,14.7,14.7,14.7,14.7,14.7,14.7
14.7,14.7,14.7,14.7,14.7,14.7,14.7,14.7
14.7,14.7,14.7,14.7,14.7,14.7,14.7,14.7
25.8,25.8,25.8,25.8,25.8,25.8,25.8,25.8
25.8,25.8,25.8,25.8,25.8,25.8,25.8,25.8
25.8,25.8,25.8,25.8,25.8,25.8,25.8,25.8
25.8,25.8,25.8,25.8,25.8,25.8,25.8,25.8
16.4,16.4,16.4,16.4,16.4,16.4,16.4,16.4
16.4,16.4,16.4,16.4,16.4,16.4,16.4,16.4
16.4,16.4,16.4,16.4,16.4,16.4,16.4,16.4
16.4,16.4,16.4,16.4,16.4,16.4,16.4,16.4
84.5,63.5,169.6,744.2,97.4,86.9,122.2,74.8
84.5,63.5,169.6,744.2,97.4,86.9,122.2,74.8
84.5,63.5,169.6,744.2,97.4,86.9,122.2,74.8
84.5,63.5,169.6,744.2,97.4,86.9,122.2,74.8
18.2,18.2,18.2,18.2,18.2,18.2,18.2,18.2
18.2,18.2,18.2,18.2,18.2,18.2,18.2,18.2
18.2,18.2,18.2,18.2,18.2,18.2,18.2,18.2
18.2,18.2,18.2,18.2,18.2,18.2,18.2,18.2
57.9,57.9,57.9,57.9,57.9,57.9,57.9,57.9
57.9,57.9,57.9,57.9,57.9,57.9,57.9,57.9
57.9,57.9,57.9,57.9,57.9,57.9,57.9,57.9
57.9,57.9,57.9,57.9,57.9,57.9,57.9,57.9
0.0,0.0,0.0,0.0,0.0,0.0,0.0,0.0
0.0,0.0,0.0,0.0,0.0,0.0,0.0,0.0
0.0,0.0,0.0,0.0,0.0,0.0,0.0,0.0
0.0,0.0,0.0,0.0,0.0,0.0,0.0,0.0
0.0,0.0,0.0,0.0,0.0,0.0,0.0,0.0
0.0,0.0,0.0,0.0,0.0,0.0,0.0,0.0
0.0,0.0,0.0,0.0,0.0,0.0,0.0,0.0
0.0,0.0,0.0,0.0,0.0,0.0,0.0,0.0
0.0,0.0,0.0,0.0,0.0,0.0,0.0,0.0
0.0,0.0,0.0,0.0,0.0,0.0,0.0,0.0
0.0,0.0,0.0,0.0,0.0,0.0,0.0,0.0
0.0,0.0,0.0,0.0,0.0,0.0,0.0,0.0
0.0,0.0,0.0,0.0,0.0,0.0,0.0,0.0
0.0,0.0,0.0,0.0,0.0,0.0,0.0,0.0
0.0,0.0,0.0,0.0,0.0,0.0,0.0,0.0
0.0,0.0,0.0,0.0,0.0,0.0,0.0,0.0
0.0,0.0,0.0,0.0,0.0,0.0,0.0,0.0
0.0,0.0,0.0,0.0,0.0,0.0,0.0,0.0
0.0,0.0,0.0,0.0,0.0,0.0,0.0,0.0
0.0,0.0,0.0,0.0,0.0,0.0,0.0,0.0
0.0,0.0,0.0,0.0,0.0,0.0,0.0,0.0
0.0,0.0,0.0,0.0,0.0,0.0,0.0,0.0
0.0,0.0,0.0,0.0,0.0,0.0,0.0,0.0
0.0,0.0,0.0,0.0,0.0,0.0,0.0,0.0
0.0,0.0,0.0,0.0,0.0,0.0,0.0,0.0
0.0,0.0,0.0,0.0,0.0,0.0,0.0,0.0
0.0,0.0,0.0,0.0,0.0,0.0,0.0,0.0
0.0,0.0,0.0,0.0,0.0,0.0,0.0,0.0
0.0,0.0,0.0,0.0,0.0,0.0,0.0,0.0
0.0,0.0,0.0,0.0,0.0,0.0,0.0,0.0
0.0,0.0,0.0,0.0,0.0,0.0,0.0,0.0
0.0,0.0,0.0,0.0,0.0,0.0,0.0,0.0
0.0,0.0,0.0,0.0,0.0,0.0,0.0,0.0
0.0,0.0,0.0,0.0,0.0,0.0,0.0,0.0
0.0,0.0,0.0,0.0,0.0,0.0,0.0,0.0
0.0,0.0,0.0,0.0,0.0,0.0,0.0,0.0
0.0,0.0,0.0,0.0,0.0,0.0,0.0,0.0
0.0,0.0,0.0,0.0,0.0,0.0,0.0,0.0
0.0,0.0,0.0,0.0,0.0,0.0,0.0,0.0
0.0,0.0,0.0,0.0,0.0,0.0,0.0,0.0
0.0,0.0,0.0,0.0,0.0,0.0,0.0,0.0
0.0,0.0,0.0,0.0,0.0,0.0,0.0,0.0
0.0,0.0,0.0,0.0,0.0,0.0,0.0,0.0
0.0,0.0,0.0,0.0,0.0,0.0,0.0,0.0
0.0,0.0,0.0,0.0,0.0,0.0,0.0,0.0
0.0,0.0,0.0,0.0,0.0,0.0,0.0,0.0
0.0,0.0,0.0,0.0,0.0,0.0,0.0,0.0
0.0,0.0,0.0,0.0,0.0,0.0,0.0,0.0
0.0,0.0,0.0,0.0,0.0,0.0,0.0,0.0
0.0,0.0,0.0,0.0,0.0,0.0,0.0,0.0
0.0,0.0,0.0,0.0,0.0,0.0,0.0,0.0
0.0,0.0,0.0,0.0,0.0,0.0,0.0,0.0
0.0,0.0,0.0,0.0,0.0,0.0,0.0,0.0
0.0,0.0,0.0,0.0,0.0,0.0,0.0,0.0
0.0,0.0,0.0,0.0,0.0,0.0,0.0,0.0
0.0,0.0,0.0,0.0,0.0,0.0,0.0,0.0
0.0,0.0,0.0,0.0,0.0,0.0,0.0,0.0
0.0,0.0,0.0,0.0,0.0,0.0,0.0,0.0
0.0,0.0,0.0,0.0,0.0,0.0,0.0,0.0
0.0,0.0,0.0,0.0,0.0,0.0,0.0,0.0
0.0,0.0,0.0,0.0,0.0,0.0,0.0,0.0
0.0,0.0,0.0,0.0,0.0,0.0,0.0,0.0
0.0,0.0,0.0,0.0,0.0,0.0,0.0,0.0
0.0,0.0,0.0,0.0,0.0,0.0,0.0,0.0
0.0,0.0,0.0,0.0,0.0,0.0,0.0,0.0
0.0,0.0,0.0,0.0,0.0,0.0,0.0,0.0
0.0,0.0,0.0,0.0,0.0,0.0,0.0,0.0
0.0,0.0,0.0,0.0,0.0,0.0,0.0,0.0
75.1,88.9,78.8,58.7,75.6,75.3,76.8,69.8
75.1,88.9,78.8,58.7,75.6,75.3,76.8,69.8
75.1,88.9,78.8,58.7,75.6,75.3,76.8,69.8
75.1,88.9,78.8,58.7,75.6,75.3,76.8,69.8
81.4,379.9,163.0,287.8,92.1,84.4,117.7,71.2
81.4,379.9,163.0,287.8,92.1,84.4,117.7,71.2
81.4,61.0,163.0,287.8,92.1,102.9,117.7,71.2
81.4,61.0,163.0,287.8,92.1,102.9,117.7,71.2
84.5,63.5,169.6,290.7,443.1,105.5,122.2,74.8
84.5,63.5,169.6,290.7,97.4,86.9,122.2,74.8
755.2,63.5,169.6,290.7,97.4,86.9,122.2,74.8
84.5,377.4,169.6,290.7,97.4,86.9,122.2,74.8
86.4,65.0,173.6,64.4,100.6,88.5,125.0,77.0
86.4,65.0,173.6,64.4,100.6,88.5,125.0,77.0
86.4,65.0,173.6,64.4,100.6,88.5,125.0,77.0
86.4,65.0,173.6,64.4,444.6,88.5,125.0,77.0
84.5,63.5,169.6,85.6,441.4,86.9,122.2,74.8
84.5,63.5,169.6,62.7,441.4,86.9,122.2,74.8
84.5,63.5,169.6,62.7,441.4,86.9,1170.2,74.8
84.5,63.5,169.6,62.7,441.4,86.9,122.2,74.8
85.1,64.0,171.0,63.2,98.5,87.4,123.2,75.5
85.1,64.0,171.0,63.2,98.5,87.4,123.2,75.5
85.1,64.0,934.1,63.2,98.5,87.4,123.2,75.5
85.1,64.0,934.1,63.2,98.5,87.4,123.2,75.5
0.0,0.0,0.0,0.0,0.0,0.0,0.0,0.0
0.0,0.0,0.0,0.0,0.0,0.0,0.0,0.0
0.0,0.0,0.0,0.0,0.0,0.0,0.0,0.0
0.0,0.0,0.0,0.0,0.0,0.0,0.0,0.0
0.0,0.0,0.0,0.0,0.0,0.0,0.0,0.0
0.0,0.0,0.0,0.0,0.0,0.0,0.0,0.0
0.0,0.0,0.0,0.0,0.0,0.0,0.0,0.0
0.0,0.0,0.0,0.0,0.0,0.0,0.0,0.0
0.0,0.0,0.0,0.0,0.0,0.0,0.0,0.0
0.0,0.0,0.0,0.0,0.0,0.0,0.0,0.0
0.0,0.0,0.0,0.0,0.0,0.0,0.0,0.0
0.0,0.0,0.0,0.0,0.0,0.0,0.0,0.0
0.0,0.0,0.0,0.0,0.0,0.0,0.0,0.0
0.0,0.0,0.0,0.0,0.0,0.0,0.0,0.0
0.0,0.0,0.0,0.0,0.0,0.0,0.0,0.0
0.0,0.0,0.0,0.0,0.0,0.0,0.0,0.0
0.0,0.0,0.0,0.0,0.0,0.0,0.0,0.0
0.0,0.0,0.0,0.0,0.0,0.0,0.0,0.0
0.0,0.0,0.0,0.0,0.0,0.0,0.0,0.0
0.0,0.0,0.0,0.0,0.0,0.0,0.0,0.0
0.0,0.0,0.0,0.0,0.0,0.0,0.0,0.0
0.0,0.0,0.0,0.0,0.0,0.0,0.0,0.0
0.0,0.0,0.0,0.0,0.0,0.0,0.0,0.0
0.0,0.0,0.0,0.0,0.0,0.0,0.0,0.0
0.0,0.0,0.0,0.0,0.0,0.0,0.0,0.0
0.0,0.0,0.0,0.0,0.0,0.0,0.0,0.0
0.0,0.0,0.0,0.0,0.0,0.0,0.0,0.0
0.0,0.0,0.0,0.0,0.0,0.0,0.0,0.0
0.0,0.0,0.0,0.0,0.0,0.0,0.0,0.0
0.0,0.0,0.0,0.0,0.0,0.0,0.0,0.0
0.0,0.0,0.0,0.0,0.0,0.0,0.0,0.0
0.0,0.0,0.0,0.0,0.0,0.0,0.0,0.0
0.0,0.0,0.0,0.0,0.0,0.0,0.0,0.0
0.0,0.0,0.0,0.0,0.0,0.0,0.0,0.0
0.0,0.0,0.0,0.0,0.0,0.0,0.0,0.0
0.0,0.0,0.0,0.0,0.0,0.0,0.0,0.0
0.0,0.0,0.0,0.0,0.0,0.0,0.0,0.0
0.0,0.0,0.0,0.0,0.0,0.0,0.0,0.0
0.0,0.0,0.0,0.0,0.0,0.0,0.0,0.0
0.0,0.0,0.0,0.0,0.0,0.0,0.0,0.0
0.0,0.0,0.0,0.0,0.0,0.0,0.0,0.0
0.0,0.0,0.0,0.0,0.0,0.0,0.0,0.0
0.0,0.0,0.0,0.0,0.0,0.0,0.0,0.0
0.0,0.0,0.0,0.0,0.0,0.0,0.0,0.0
0.0,0.0,0.0,0.0,0.0,0.0,0.0,0.0
0.0,0.0,0.0,0.0,0.0,0.0,0.0,0.0
0.0,0.0,0.0,0.0,0.0,0.0,0.0,0.0
0.0,0.0,0.0,0.0,0.0,0.0,0.0,0.0
0.0,0.0,0.0,0.0,0.0,0.0,0.0,0.0
0.0,0.0,0.0,0.0,0.0,0.0,0.0,0.0
0.0,0.0,0.0,0.0,0.0,0.0,0.0,0.0
0.0,0.0,0.0,0.0,0.0,0.0,0.0,0.0
0.0,0.0,0.0,0.0,0.0,0.0,0.0,0.0
0.0,0.0,0.0,0.0,0.0,0.0,0.0,0.0
0.0,0.0,0.0,0.0,0.0,0.0,0.0,0.0
0.0,0.0,0.0,0.0,0.0,0.0,0.0,0.0
0.0,0.0,0.0,0.0,0.0,0.0,0.0,0.0
0.0,0.0,0.0,0.0,0.0,0.0,0.0,0.0
0.0,0.0,0.0,0.0,0.0,0.0,0.0,0.0
0.0,0.0,0.0,0.0,0.0,0.0,0.0,0.0
0.0,0.0,0.0,0.0,0.0,0.0,0.0,0.0
0.0,0.0,0.0,0.0,0.0,0.0,0.0,0.0
0.0,0.0,0.0,0.0,0.0,0.0,0.0,0.0
0.0,0.0,0.0,0.0,0.0,0.0,0.0,0.0
0.0,0.0,0.0,0.0,0.0,0.0,0.0,0.0
0.0,0.0,0.0,0.0,0.0,0.0,0.0,0.0
0.0,0.0,0.0,0.0,0.0,0.0,0.0,0.0
0.0,0.0,0.0,0.0,0.0,0.0,0.0,0.0
5.3,5.3,5.3,5.3,5.3,5.3,5.3,5.3
5.3,5.3,5.3,5.3,5.3,5.3,5.3,5.3
5.3,5.3,5.3,5.3,5.3,5.3,5.3,5.3
5.3,5.3,5.3,5.3,5.3,5.3,5.3,5.3
7.9,7.9,7.9,7.9,7.9,7.9,7.9,7.9
7.9,7.9,7.9,7.9,7.9,7.9,7.9,7.9
7.9,7.9,7.9,7.9,7.9,7.9,7.9,7.9
7.9,7.9,7.9,7.9,7.9,7.9,7.9,7.9
10.5,10.5,10.5,10.5,10.5,10.5,10.5,10.5
10.5,10.5,10.5,10.5,10.5,10.5,10.5,10.5
10.5,10.5,10.5,10.5,10.5,10.5,10.5,10.5
10.5,10.5,10.5,10.5,10.5,10.5,10.5,10.5
11.4,11.4,11.4,11.4,11.4,11.4,11.4,11.4
11.4,11.4,11.4,11.4,11.4,11.4,11.4,11.4
11.4,11.4,11.4,11.4,11.4,11.4,11.4,11.4
11.4,11.4,11.4,11.4,11.4,11.4,11.4,11.4
9.6,9.6,9.6,9.6,9.6,9.6,9.6,9.6
9.6,9.6,9.6,9.6,9.6,9.6,9.6,9.6
9.6,9.6,9.6,9.6,9.6,9.6,9.6,9.6
9.6,9.6,9.6,9.6,9.6,9.6,9.6,9.6
7.9,7.9,7.9,7.9,7.9,7.9,7.9,7.9
7.9,7.9,7.9,7.9,7.9,7.9,7.9,7.9
7.9,7.9,7.9,7.9,7.9,7.9,7.9,7.9
7.9,7.9,7.9,7.9,7.9,7.9,7.9,7.9
5.3,5.3,5.3,5.3,5.3,5.3,5.3,5.3
5.3,5.3,5.3,5.3,5.3,5.3,5.3,5.3
5.3,5.3,5.3,5.3,5.3,5.3,5.3,5.3
5.3,5.3,5.3,5.3,5.3,5.3,5.3,5.3
0.0,0.0,0.0,0.0,0.0,0.0,0.0,0.0
0.0,0.0,0.0,0.0,0.0,0.0,0.0,0.0
0.0,0.0,0.0,0.0,0.0,0.0,0.0,0.0
0.0,0.0,0.0,0.0,0.0,0.0,0.0,0.0
0.0,0.0,0.0,0.0,0.0,0.0,0.0,0.0
0.0,0.0,0.0,0.0,0.0,0.0,0.0,0.0
0.0,0.0,0.0,0.0,0.0,0.0,0.0,0.0
0.0,0.0,0.0,0.0,0.0,0.0,0.0,0.0
0.0,0.0,0.0,0.0,0.0,0.0,0.0,0.0
0.0,0.0,0.0,0.0,0.0,0.0,0.0,0.0
0.0,0.0,0.0,0.0,0.0,0.0,0.0,0.0
0.0,0.0,0.0,0.0,0.0,0.0,0.0,0.0
0.0,0.0,0.0,0.0,0.0,0.0,0.0,0.0
0.0,0.0,0.0,0.0,0.0,0.0,0.0,0.0
0.0,0.0,0.0,0.0,0.0,0.0,0.0,0.0
0.0,0.0,0.0,0.0,0.0,0.0,0.0,0.0
0.0,0.0,0.0,0.0,0.0,0.0,0.0,0.0
0.0,0.0,0.0,0.0,0.0,0.0,0.0,0.0
0.0,0.0,0.0,0.0,0.0,0.0,0.0,0.0
0.0,0.0,0.0,0.0,0.0,0.0,0.0,0.0
0.0,0.0,0.0,0.0,0.0,0.0,0.0,0.0
0.0,0.0,0.0,0.0,0.0,0.0,0.0,0.0
0.0,0.0,0.0,0.0,0.0,0.0,0.0,0.0
0.0,0.0,0.0,0.0,0.0,0.0,0.0,0.0
0.0,0.0,0.0,0.0,0.0,0.0,0.0,0.0
0.0,0.0,0.0,0.0,0.0,0.0,0.0,0.0
0.0,0.0,0.0,0.0,0.0,0.0,0.0,0.0
0.0,0.0,0.0,0.0,0.0,0.0,0.0,0.0
0.0,0.0,0.0,0.0,0.0,0.0,0.0,0.0
0.0,0.0,0.0,0.0,0.0,0.0,0.0,0.0
0.0,0.0,0.0,0.0,0.0,0.0,0.0,0.0
0.0,0.0,0.0,0.0,0.0,0.0,0.0,0.0
0.0,0.0,0.0,0.0,0.0,0.0,0.0,0.0
0.0,0.0,0.0,0.0,0.0,0.0,0.0,0.0
0.0,0.0,0.0,0.0,0.0,0.0,0.0,0.0
0.0,0.0,0.0,0.0,0.0,0.0,0.0,0.0
0.0,0.0,0.0,0.0,0.0,0.0,0.0,0.0
0.0,0.0,0.0,0.0,0.0,0.0,0.0,0.0
0.0,0.0,0.0,0.0,0.0,0.0,0.0,0.0
0.0,0.0,0.0,0.0,0.0,0.0,0.0,0.0
0.0,0.0,0.0,0.0,0.0,0.0,0.0,0.0
0.0,0.0,0.0,0.0,0.0,0.0,0.0,0.0
0.0,0.0,0.0,0.0,0.0,0.0,0.0,0.0
0.0,0.0,0.0,0.0,0.0,0.0,0.0,0.0
0.0,0.0,0.0,0.0,0.0,0.0,0.0,0.0
0.0,0.0,0.0,0.0,0.0,0.0,0.0,0.0
0.0,0.0,0.0,0.0,0.0,0.0,0.0,0.0
0.0,0.0,0.0,0.0,0.0,0.0,0.0,0.0
0.0,0.0,0.0,0.0,0.0,0.0,0.0,0.0
0.0,0.0,0.0,0.0,0.0,0.0,0.0,0.0
0.0,0.0,0.0,0.0,0.0,0.0,0.0,0.0
0.0,0.0,0.0,0.0,0.0,0.0,0.0,0.0
0.0,0.0,0.0,0.0,0.0,0.0,0.0,0.0
0.0,0.0,0.0,0.0,0.0,0.0,0.0,0.0
0.0,0.0,0.0,0.0,0.0,0.0,0.0,0.0
0.0,0.0,0.0,0.0,0.0,0.0,0.0,0.0
0.0,0.0,0.0,0.0,0.0,0.0,0.0,0.0
0.0,0.0,0.0,0.0,0.0,0.0,0.0,0.0
0.0,0.0,0.0,0.0,0.0,0.0,0.0,0.0
0.0,0.0,0.0,0.0,0.0,0.0,0.0,0.0
0.0,0.0,0.0,0.0,0.0,0.0,0.0,0.0
0.0,0.0,0.0,0.0,0.0,0.0,0.0,0.0
0.0,0.0,0.0,0.0,0.0,0.0,0.0,0.0
0.0,0.0,0.0,0.0,0.0,0.0,0.0,0.0
0.0,0.0,0.0,0.0,0.0,0.0,0.0,0.0
0.0,0.0,0.0,0.0,0.0,0.0,0.0,0.0
0.0,0.0,0.0,0.0,0.0,0.0,0.0,0.0
0.0,0.0,0.0,0.0,0.0,0.0,0.0,0.0
0.0,0.0,0.0,0.0,0.0,0.0,0.0,0.0
0.0,0.0,0.0,0.0,0.0,0.0,0.0,0.0
0.0,0.0,0.0,0.0,0.0,0.0,0.0,0.0
0.0,0.0,0.0,0.0,0.0,0.0,0.0,0.0
10.4,10.4,10.4,10.4,10.4,10.4,10.4,10.4
10.4,10.4,10.4,10.4,10.4,10.4,10.4,10.4
10.4,10.4,10.4,10.4,10.4,10.4,10.4,10.4
10.4,10.4,10.4,10.4,10.4,10.4,10.4,10.4
14.7,14.7,14.7,14.7,14.7,14.7,14.7,14.7
14.7,14.7,14.7,14.7,14.7,14.7,14.7,14.7
14.7,14.7,14.7,14.7,14.7,14.7,14.7,14.7
14.7,14.7,14.7,14.7,14.7,14.7,14.7,14.7
95.8,63.5,93.2,70.3,80.9,80.4,82.1,74.8
86.7,81.8,85.6,70.3,80.5,80.3,80.9,74.8
80.3,83.0,90.0,70.3,80.7,80.3,81.5,74.8
93.7,81.9,86.2,62.7,80.5,80.3,81.0,74.8
15.6,15.6,15.6,15.6,15.6,15.6,15.6,15.6
15.6,15.6,15.6,15.6,15.6,15.6,15.6,15.6
15.6,15.6,15.6,15.6,15.6,15.6,15.6,15.6
15.6,15.6,15.6,15.6,15.6,15.6,15.6,15.6
756.5,63.5,169.6,62.7,97.4,86.9,357.2,74.8
756.5,63.5,169.6,62.7,97.4,86.9,122.2,74.8
756.5,63.5,169.6,62.7,97.4,86.9,122.2,74.8
84.5,63.5,169.6,62.7,97.4,86.9,122.2,74.8
6.1,6.1,6.1,6.1,6.1,6.1,6.1,6.1
6.1,6.1,6.1,6.1,6.1,6.1,6.1,6.1
6.1,6.1,6.1,6.1,6.1,6.1,6.1,6.1
6.1,6.1,6.1,6.1,6.1,6.1,6.1,6.1
0.0,0.0,0.0,0.0,0.0,0.0,0.0,0.0
0.0,0.0,0.0,0.0,0.0,0.0,0.0,0.0
0.0,0.0,0.0,0.0,0.0,0.0,0.0,0.0
0.0,0.0,0.0,0.0,0.0,0.0,0.0,0.0
0.0,0.0,0.0,0.0,0.0,0.0,0.0,0.0
0.0,0.0,0.0,0.0,0.0,0.0,0.0,0.0
0.0,0.0,0.0,0.0,0.0,0.0,0.0,0.0
0.0,0.0,0.0,0.0,0.0,0.0,0.0,0.0
0.0,0.0,0.0,0.0,0.0,0.0,0.0,0.0
0.0,0.0,0.0,0.0,0.0,0.0,0.0,0.0
0.0,0.0,0.0,0.0,0.0,0.0,0.0,0.0
0.0,0.0,0.0,0.0,0.0,0.0,0.0,0.0
0.0,0.0,0.0,0.0,0.0,0.0,0.0,0.0
0.0,0.0,0.0,0.0,0.0,0.0,0.0,0.0
0.0,0.0,0.0,0.0,0.0,0.0,0.0,0.0
0.0,0.0,0.0,0.0,0.0,0.0,0.0,0.0
0.0,0.0,0.0,0.0,0.0,0.0,0.0,0.0
0.0,0.0,0.0,0.0,0.0,0.0,0.0,0.0
0.0,0.0,0.0,0.0,0.0,0.0,0.0,0.0
0.0,0.0,0.0,0.0,0.0,0.0,0.0,0.0
0.0,0.0,0.0,0.0,0.0,0.0,0.0,0.0
0.0,0.0,0.0,0.0,0.0,0.0,0.0,0.0
0.0,0.0,0.0,0.0,0.0,0.0,0.0,0.0
0.0,0.0,0.0,0.0,0.0,0.0,0.0,0.0
0.0,0.0,0.0,0.0,0.0,0.0,0.0,0.0
0.0,0.0,0.0,0.0,0.0,0.0,0.0,0.0
0.0,0.0,0.0,0.0,0.0,0.0,0.0,0.0
0.0,0.0,0.0,0.0,0.0,0.0,0.0,0.0
0.0,0.0,0.0,0.0,0.0,0.0,0.0,0.0
0.0,0.0,0.0,0.0,0.0,0.0,0.0,0.0
0.0,0.0,0.0,0.0,0.0,0.0,0.0,0.0
0.0,0.0,0.0,0.0,0.0,0.0,0.0,0.0
0.0,0.0,0.0,0.0,0.0,0.0,0.0,0.0
0.0,0.0,0.0,0.0,0.0,0.0,0.0,0.0
0.0,0.0,0.0,0.0,0.0,0.0,0.0,0.0
0.0,0.0,0.0,0.0,0.0,0.0,0.0,0.0
0.0,0.0,0.0,0.0,0.0,0.0,0.0,0.0
0.0,0.0,0.0,0.0,0.0,0.0,0.0,0.0
0.0,0.0,0.0,0.0,0.0,0.0,0.0,0.0
0.0,0.0,0.0,0.0,0.0,0.0,0.0,0.0
0.0,0.0,0.0,0.0,0.0,0.0,0.0,0.0
0.0,0.0,0.0,0.0,0.0,0.0,0.0,0.0
0.0,0.0,0.0,0.0,0.0,0.0,0.0,0.0
0.0,0.0,0.0,0.0,0.0,0.0,0.0,0.0
0.0,0.0,0.0,0.0,0.0,0.0,0.0,0.0
0.0,0.0,0.0,0.0,0.0,0.0,0.0,0.0
0.0,0.0,0.0,0.0,0.0,0.0,0.0,0.0
0.0,0.0,0.0,0.0,0.0,0.0,0.0,0.0
0.0,0.0,0.0,0.0,0.0,0.0,0.0,0.0
0.0,0.0,0.0,0.0,0.0,0.0,0.0,0.0
0.0,0.0,0.0,0.0,0.0,0.0,0.0,0.0
0.0,0.0,0.0,0.0,0.0,0.0,0.0,0.0
0.0,0.0,0.0,0.0,0.0,0.0,0.0,0.0
0.0,0.0,0.0,0.0,0.0,0.0,0.0,0.0
0.0,0.0,0.0,0.0,0.0,0.0,0.0,0.0
0.0,0.0,0.0,0.0,0.0,0.0,0.0,0.0
0.0,0.0,0.0,0.0,0.0,0.0,0.0,0.0
0.0,0.0,0.0,0.0,0.0,0.0,0.0,0.0
0.0,0.0,0.0,0.0,0.0,0.0,0.0,0.0
0.0,0.0,0.0,0.0,0.0,0.0,0.0,0.0
0.0,0.0,0.0,0.0,0.0,0.0,0.0,0.0
0.0,0.0,0.0,0.0,0.0,0.0,0.0,0.0
0.0,0.0,0.0,0.0,0.0,0.0,0.0,0.0
0.0,0.0,0.0,0.0,0.0,0.0,0.0,0.0
0.0,0.0,0.0,0.0,0.0,0.0,0.0,0.0
0.0,0.0,0.0,0.0,0.0,0.0,0.0,0.0
0.0,0.0,0.0,0.0,0.0,0.0,0.0,0.0
0.0,0.0,0.0,0.0,0.0,0.0,0.0,0.0
0.0,0.0,0.0,0.0,0.0,0.0,0.0,0.0
0.0,0.0,0.0,0.0,0.0,0.0,0.0,0.0
0.0,0.0,0.0,0.0,0.0,0.0,0.0,0.0
0.0,0.0,0.0,0.0,0.0,0.0,0.0,0.0
10.6,10.6,10.6,10.6,10.6,10.6,10.6,10.6
10.6,10.6,10.6,10.6,10.6,10.6,10.6,10.6
10.6,10.6,10.6,10.6,10.6,10.6,10.6,10.6
10.6,10.6,10.6,10.6,10.6,10.6,10.6,10.6
14.9,14.9,14.9,14.9,14.9,14.9,14.9,14.9
14.9,14.9,14.9,14.9,14.9,14.9,14.9,14.9
14.9,14.9,14.9,14.9,14.9,14.9,14.9,14.9
14.9,14.9,14.9,14.9,14.9,14.9,14.9,14.9
15.7,15.7,15.7,15.7,15.7,15.7,15.7,15.7
15.7,15.7,15.7,15.7,15.7,15.7,15.7,15.7
15.7,15.7,15.7,15.7,15.7,15.7,15.7,15.7
15.7,15.7,15.7,15.7,15.7,15.7,15.7,15.7
14.8,14.8,14.8,14.8,14.8,14.8,14.8,14.8
14.8,14.8,14.8,14.8,14.8,14.8,14.8,14.8
14.8,14.8,14.8,14.8,14.8,14.8,14.8,14.8
14.8,14.8,14.8,14.8,14.8,14.8,14.8,14.8
84.5,63.5,1257.6,62.7,270.3,86.9,122.2,74.8
84.5,63.5,2345.6,62.7,97.4,86.9,122.2,74.8
84.5,63.5,2345.6,62.7,97.4,86.9,122.2,74.8
84.5,63.5,3433.6,595.7,97.4,86.9,122.2,74.8
85.1,64.0,3433.4,596.2,98.5,87.4,123.2,75.5
85.1,64.0,3433.4,596.2,98.5,87.4,123.2,75.5
85.1,64.0,3433.4,596.2,98.5,87.4,123.2,75.5
85.1,64.0,1259.0,63.2,98.5,87.4,123.2,75.5
0.0,0.0,0.0,0.0,0.0,0.0,0.0,0.0
0.0,0.0,0.0,0.0,0.0,0.0,0.0,0.0
0.0,0.0,0.0,0.0,0.0,0.0,0.0,0.0
0.0,0.0,0.0,0.0,0.0,0.0,0.0,0.0
0.0,0.0,0.0,0.0,0.0,0.0,0.0,0.0
0.0,0.0,0.0,0.0,0.0,0.0,0.0,0.0
0.0,0.0,0.0,0.0,0.0,0.0,0.0,0.0
0.0,0.0,0.0,0.0,0.0,0.0,0.0,0.0
0.0,0.0,0.0,0.0,0.0,0.0,0.0,0.0
0.0,0.0,0.0,0.0,0.0,0.0,0.0,0.0
0.0,0.0,0.0,0.0,0.0,0.0,0.0,0.0
0.0,0.0,0.0,0.0,0.0,0.0,0.0,0.0
0.0,0.0,0.0,0.0,0.0,0.0,0.0,0.0
0.0,0.0,0.0,0.0,0.0,0.0,0.0,0.0
0.0,0.0,0.0,0.0,0.0,0.0,0.0,0.0
0.0,0.0,0.0,0.0,0.0,0.0,0.0,0.0
0.0,0.0,0.0,0.0,0.0,0.0,0.0,0.0
0.0,0.0,0.0,0.0,0.0,0.0,0.0,0.0
0.0,0.0,0.0,0.0,0.0,0.0,0.0,0.0
0.0,0.0,0.0,0.0,0.0,0.0,0.0,0.0
0.0,0.0,0.0,0.0,0.0,0.0,0.0,0.0
0.0,0.0,0.0,0.0,0.0,0.0,0.0,0.0
0.0,0.0,0.0,0.0,0.0,0.0,0.0,0.0
0.0,0.0,0.0,0.0,0.0,0.0,0.0,0.0
0.0,0.0,0.0,0.0,0.0,0.0,0.0,0.0
0.0,0.0,0.0,0.0,0.0,0.0,0.0,0.0
0.0,0.0,0.0,0.0,0.0,0.0,0.0,0.0
0.0,0.0,0.0,0.0,0.0,0.0,0.0,0.0
0.0,0.0,0.0,0.0,0.0,0.0,0.0,0.0
0.0,0.0,0.0,0.0,0.0,0.0,0.0,0.0
0.0,0.0,0.0,0.0,0.0,0.0,0.0,0.0
0.0,0.0,0.0,0.0,0.0,0.0,0.0,0.0
0.0,0.0,0.0,0.0,0.0,0.0,0.0,0.0
0.0,0.0,0.0,0.0,0.0,0.0,0.0,0.0
0.0,0.0,0.0,0.0,0.0,0.0,0.0,0.0
0.0,0.0,0.0,0.0,0.0,0.0,0.0,0.0
0.0,0.0,0.0,0.0,0.0,0.0,0.0,0.0
0.0,0.0,0.0,0.0,0.0,0.0,0.0,0.0
0.0,0.0,0.0,0.0,0.0,0.0,0.0,0.0
0.0,0.0,0.0,0.0,0.0,0.0,0.0,0.0
0.0,0.0,0.0,0.0,0.0,0.0,0.0,0.0
0.0,0.0,0.0,0.0,0.0,0.0,0.0,0.0
0.0,0.0,0.0,0.0,0.0,0.0,0.0,0.0
0.0,0.0,0.0,0.0,0.0,0.0,0.0,0.0
0.0,0.0,0.0,0.0,0.0,0.0,0.0,0.0
0.0,0.0,0.0,0.0,0.0,0.0,0.0,0.0
0.0,0.0,0.0,0.0,0.0,0.0,0.0,0.0
0.0,0.0,0.0,0.0,0.0,0.0,0.0,0.0
0.0,0.0,0.0,0.0,0.0,0.0,0.0,0.0
0.0,0.0,0.0,0.0,0.0,0.0,0.0,0.0
0.0,0.0,0.0,0.0,0.0,0.0,0.0,0.0
0.0,0.0,0.0,0.0,0.0,0.0,0.0,0.0
0.0,0.0,0.0,0.0,0.0,0.0,0.0,0.0
0.0,0.0,0.0,0.0,0.0,0.0,0.0,0.0
0.0,0.0,0.0,0.0,0.0,0.0,0.0,0.0
0.0,0.0,0.0,0.0,0.0,0.0,0.0,0.0
0.0,0.0,0.0,0.0,0.0,0.0,0.0,0.0
0.0,0.0,0.0,0.0,0.0,0.0,0.0,0.0
0.0,0.0,0.0,0.0,0.0,0.0,0.0,0.0
0.0,0.0,0.0,0.0,0.0,0.0,0.0,0.0
0.0,0.0,0.0,0.0,0.0,0.0,0.0,0.0
0.0,0.0,0.0,0.0,0.0,0.0,0.0,0.0
0.0,0.0,0.0,0.0,0.0,0.0,0.0,0.0
0.0,0.0,0.0,0.0,0.0,0.0,0.0,0.0
0.0,0.0,0.0,0.0,0.0,0.0,0.0,0.0
0.0,0.0,0.0,0.0,0.0,0.0,0.0,0.0
0.0,0.0,0.0,0.0,0.0,0.0,0.0,0.0
0.0,0.0,0.0,0.0,0.0,0.0,0.0,0.0
0.0,0.0,0.0,0.0,0.0,0.0,0.0,0.0
0.0,0.0,0.0,0.0,0.0,0.0,0.0,0.0
0.0,0.0,0.0,0.0,0.0,0.0,0.0,0.0
0.0,0.0,0.0,0.0,0.0,0.0,0.0,0.0
61.0,60.0,61.9,58.7,61.1,61.0,61.4,60.8
61.0,60.0,61.9,58.7,61.1,61.0,61.4,60.8
61.0,60.0,61.9,58.7,61.1,61.0,61.4,60.8
61.0,60.0,61.9,58.7,61.1,61.0,61.4,60.8
14.0,14.0,14.0,14.0,14.0,14.0,14.0,14.0
14.0,14.0,14.0,14.0,14.0,14.0,14.0,14.0
14.0,14.0,14.0,14.0,14.0,14.0,14.0,14.0
14.0,14.0,14.0,14.0,14.0,14.0,14.0,14.0
84.5,63.5,169.6,62.7,97.4,105.5,122.2,74.8
84.5,63.5,169.6,62.7,97.4,105.5,3411.0,74.8
84.5,63.5,169.6,62.7,97.4,86.9,3411.0,74.8
84.5,63.5,169.6,74.1,212.7,86.9,3411.0,74.8
86.4,65.0,190.3,75.8,215.8,88.5,125.0,77.0
86.4,65.0,190.3,64.4,215.8,88.5,125.0,77.0
315.5,65.0,190.3,64.4,100.6,88.5,125.0,77.0
315.5,65.0,603.6,64.4,100.6,88.5,125.0,77.0
313.6,63.5,1179.0,62.7,97.4,86.9,122.2,74.8
313.6,63.5,749.0,62.7,97.4,86.9,122.2,74.8
313.6,63.5,749.0,62.7,97.4,86.9,122.2,74.8
313.6,63.5,749.0,62.7,97.4,86.9,122.2,74.8
314.3,64.0,750.3,63.2,98.5,87.4,123.2,75.5
85.1,64.0,750.3,63.2,98.5,87.4,123.2,75.5
85.1,64.0,171.0,63.2,98.5,87.4,123.2,75.5
85.1,64.0,171.0,63.2,98.5,87.4,123.2,75.5
0.0,0.0,0.0,0.0,0.0,0.0,0.0,0.0
0.0,0.0,0.0,0.0,0.0,0.0,0.0,0.0
0.0,0.0,0.0,0.0,0.0,0.0,0.0,0.0
0.0,0.0,0.0,0.0,0.0,0.0,0.0,0.0
0.0,0.0,0.0,0.0,0.0,0.0,0.0,0.0
0.0,0.0,0.0,0.0,0.0,0.0,0.0,0.0
0.0,0.0,0.0,0.0,0.0,0.0,0.0,0.0
0.0,0.0,0.0,0.0,0.0,0.0,0.0,0.0
0.0,0.0,0.0,0.0,0.0,0.0,0.0,0.0
0.0,0.0,0.0,0.0,0.0,0.0,0.0,0.0
0.0,0.0,0.0,0.0,0.0,0.0,0.0,0.0
0.0,0.0,0.0,0.0,0.0,0.0,0.0,0.0
0.0,0.0,0.0,0.0,0.0,0.0,0.0,0.0
0.0,0.0,0.0,0.0,0.0,0.0,0.0,0.0
0.0,0.0,0.0,0.0,0.0,0.0,0.0,0.0
0.0,0.0,0.0,0.0,0.0,0.0,0.0,0.0
0.0,0.0,0.0,0.0,0.0,0.0,0.0,0.0
0.0,0.0,0.0,0.0,0.0,0.0,0.0,0.0
0.0,0.0,0.0,0.0,0.0,0.0,0.0,0.0
0.0,0.0,0.0,0.0,0.0,0.0,0.0,0.0
0.0,0.0,0.0,0.0,0.0,0.0,0.0,0.0
0.0,0.0,0.0,0.0,0.0,0.0,0.0,0.0
0.0,0.0,0.0,0.0,0.0,0.0,0.0,0.0
0.0,0.0,0.0,0.0,0.0,0.0,0.0,0.0
0.0,0.0,0.0,0.0,0.0,0.0,0.0,0.0
0.0,0.0,0.0,0.0,0.0,0.0,0.0,0.0
0.0,0.0,0.0,0.0,0.0,0.0,0.0,0.0
0.0,0.0,0.0,0.0,0.0,0.0,0.0,0.0
0.0,0.0,0.0,0.0,0.0,0.0,0.0,0.0
0.0,0.0,0.0,0.0,0.0,0.0,0.0,0.0
0.0,0.0,0.0,0.0,0.0,0.0,0.0,0.0
0.0,0.0,0.0,0.0,0.0,0.0,0.0,0.0
0.0,0.0,0.0,0.0,0.0,0.0,0.0,0.0
0.0,0.0,0.0,0.0,0.0,0.0,0.0,0.0
0.0,0.0,0.0,0.0,0.0,0.0,0.0,0.0
0.0,0.0,0.0,0.0,0.0,0.0,0.0,0.0
0.0,0.0,0.0,0.0,0.0,0.0,0.0,0.0
0.0,0.0,0.0,0.0,0.0,0.0,0.0,0.0
0.0,0.0,0.0,0.0,0.0,0.0,0.0,0.0
0.0,0.0,0.0,0.0,0.0,0.0,0.0,0.0
0.0,0.0,0.0,0.0,0.0,0.0,0.0,0.0
0.0,0.0,0.0,0.0,0.0,0.0,0.0,0.0
0.0,0.0,0.0,0.0,0.0,0.0,0.0,0.0
0.0,0.0,0.0,0.0,0.0,0.0,0.0,0.0
0.0,0.0,0.0,0.0,0.0,0.0,0.0,0.0
0.0,0.0,0.0,0.0,0.0,0.0,0.0,0.0
0.0,0.0,0.0,0.0,0.0,0.0,0.0,0.0
0.0,0.0,0.0,0.0,0.0,0.0,0.0,0.0
0.0,0.0,0.0,0.0,0.0,0.0,0.0,0.0
0.0,0.0,0.0,0.0,0.0,0.0,0.0,0.0
0.0,0.0,0.0,0.0,0.0,0.0,0.0,0.0
0.0,0.0,0.0,0.0,0.0,0.0,0.0,0.0
0.0,0.0,0.0,0.0,0.0,0.0,0.0,0.0
0.0,0.0,0.0,0.0,0.0,0.0,0.0,0.0
0.0,0.0,0.0,0.0,0.0,0.0,0.0,0.0
0.0,0.0,0.0,0.0,0.0,0.0,0.0,0.0
0.0,0.0,0.0,0.0,0.0,0.0,0.0,0.0
0.0,0.0,0.0,0.0,0.0,0.0,0.0,0.0
0.0,0.0,0.0,0.0,0.0,0.0,0.0,0.0
0.0,0.0,0.0,0.0,0.0,0.0,0.0,0.0
0.0,0.0,0.0,0.0,0.0,0.0,0.0,0.0
0.0,0.0,0.0,0.0,0.0,0.0,0.0,0.0
0.0,0.0,0.0,0.0,0.0,0.0,0.0,0.0
0.0,0.0,0.0,0.0,0.0,0.0,0.0,0.0
0.0,0.0,0.0,0.0,0.0,0.0,0.0,0.0
0.0,0.0,0.0,0.0,0.0,0.0,0.0,0.0
0.0,0.0,0.0,0.0,0.0,0.0,0.0,0.0
0.0,0.0,0.0,0.0,0.0,0.0,0.0,0.0
0.0,0.0,0.0,0.0,0.0,0.0,0.0,0.0
0.0,0.0,0.0,0.0,0.0,0.0,0.0,0.0
0.0,0.0,0.0,0.0,0.0,0.0,0.0,0.0
0.0,0.0,0.0,0.0,0.0,0.0,0.0,0.0
8.0,8.0,8.0,8.0,8.0,8.0,8.0,8.0
8.0,8.0,8.0,8.0,8.0,8.0,8.0,8.0
8.0,8.0,8.0,8.0,8.0,8.0,8.0,8.0
8.0,8.0,8.0,8.0,8.0,8.0,8.0,8.0
10.6,10.6,10.6,10.6,10.6,10.6,10.6,10.6
10.6,10.6,10.6,10.6,10.6,10.6,10.6,10.6
10.6,10.6,10.6,10.6,10.6,10.6,10.6,10.6
10.6,10.6,10.6,10.6,10.6,10.6,10.6,10.6
43.0,43.0,43.0,43.0,43.0,43.0,43.0,43.0
43.0,43.0,43.0,43.0,43.0,43.0,43.0,43.0
43.0,43.0,43.0,43.0,43.0,43.0,43.0,43.0
43.0,43.0,43.0,43.0,43.0,43.0,43.0,43.0
86.4,65.0,124.7,64.4,96.7,88.5,106.1,122.6
86.4,65.0,124.7,64.4,96.7,88.5,106.1,122.6
86.4,65.0,150.7,72.0,98.8,88.5,116.1,77.0
86.4,65.0,150.7,72.0,98.8,88.5,116.1,77.0
13.2,13.2,13.2,13.2,13.2,13.2,13.2,13.2
13.2,13.2,13.2,13.2,13.2,13.2,13.2,13.2
13.2,13.2,13.2,13.2,13.2,13.2,13.2,13.2
13.2,13.2,13.2,13.2,13.2,13.2,13.2,13.2
8.8,8.8,8.8,8.8,8.8,8.8,8.8,8.8
8.8,8.8,8.8,8.8,8.8,8.8,8.8,8.8
8.8,8.8,8.8,8.8,8.8,8.8,8.8,8.8
8.8,8.8,8.8,8.8,8.8,8.8,8.8,8.8
0.0,0.0,0.0,0.0,0.0,0.0,0.0,0.0
0.0,0.0,0.0,0.0,0.0,0.0,0.0,0.0
0.0,0.0,0.0,0.0,0.0,0.0,0.0,0.0
0.0,0.0,0.0,0.0,0.0,0.0,0.0,0.0
0.0,0.0,0.0,0.0,0.0,0.0,0.0,0.0
0.0,0.0,0.0,0.0,0.0,0.0,0.0,0.0
0.0,0.0,0.0,0.0,0.0,0.0,0.0,0.0
0.0,0.0,0.0,0.0,0.0,0.0,0.0,0.0
0.0,0.0,0.0,0.0,0.0,0.0,0.0,0.0
0.0,0.0,0.0,0.0,0.0,0.0,0.0,0.0
0.0,0.0,0.0,0.0,0.0,0.0,0.0,0.0
0.0,0.0,0.0,0.0,0.0,0.0,0.0,0.0
0.0,0.0,0.0,0.0,0.0,0.0,0.0,0.0
0.0,0.0,0.0,0.0,0.0,0.0,0.0,0.0
0.0,0.0,0.0,0.0,0.0,0.0,0.0,0.0
0.0,0.0,0.0,0.0,0.0,0.0,0.0,0.0
0.0,0.0,0.0,0.0,0.0,0.0,0.0,0.0
0.0,0.0,0.0,0.0,0.0,0.0,0.0,0.0
0.0,0.0,0.0,0.0,0.0,0.0,0.0,0.0
0.0,0.0,0.0,0.0,0.0,0.0,0.0,0.0
0.0,0.0,0.0,0.0,0.0,0.0,0.0,0.0
0.0,0.0,0.0,0.0,0.0,0.0,0.0,0.0
0.0,0.0,0.0,0.0,0.0,0.0,0.0,0.0
0.0,0.0,0.0,0.0,0.0,0.0,0.0,0.0
0.0,0.0,0.0,0.0,0.0,0.0,0.0,0.0
0.0,0.0,0.0,0.0,0.0,0.0,0.0,0.0
0.0,0.0,0.0,0.0,0.0,0.0,0.0,0.0
0.0,0.0,0.0,0.0,0.0,0.0,0.0,0.0
0.0,0.0,0.0,0.0,0.0,0.0,0.0,0.0
0.0,0.0,0.0,0.0,0.0,0.0,0.0,0.0
0.0,0.0,0.0,0.0,0.0,0.0,0.0,0.0
0.0,0.0,0.0,0.0,0.0,0.0,0.0,0.0
0.0,0.0,0.0,0.0,0.0,0.0,0.0,0.0
0.0,0.0,0.0,0.0,0.0,0.0,0.0,0.0
0.0,0.0,0.0,0.0,0.0,0.0,0.0,0.0
0.0,0.0,0.0,0.0,0.0,0.0,0.0,0.0
0.0,0.0,0.0,0.0,0.0,0.0,0.0,0.0
0.0,0.0,0.0,0.0,0.0,0.0,0.0,0.0
0.0,0.0,0.0,0.0,0.0,0.0,0.0,0.0
0.0,0.0,0.0,0.0,0.0,0.0,0.0,0.0
0.0,0.0,0.0,0.0,0.0,0.0,0.0,0.0
0.0,0.0,0.0,0.0,0.0,0.0,0.0,0.0
0.0,0.0,0.0,0.0,0.0,0.0,0.0,0.0
0.0,0.0,0.0,0.0,0.0,0.0,0.0,0.0
0.0,0.0,0.0,0.0,0.0,0.0,0.0,0.0
0.0,0.0,0.0,0.0,0.0,0.0,0.0,0.0
0.0,0.0,0.0,0.0,0.0,0.0,0.0,0.0
0.0,0.0,0.0,0.0,0.0,0.0,0.0,0.0
0.0,0.0,0.0,0.0,0.0,0.0,0.0,0.0
0.0,0.0,0.0,0.0,0.0,0.0,0.0,0.0
0.0,0.0,0.0,0.0,0.0,0.0,0.0,0.0
0.0,0.0,0.0,0.0,0.0,0.0,0.0,0.0
0.0,0.0,0.0,0.0,0.0,0.0,0.0,0.0
0.0,0.0,0.0,0.0,0.0,0.0,0.0,0.0
0.0,0.0,0.0,0.0,0.0,0.0,0.0,0.0
0.0,0.0,0.0,0.0,0.0,0.0,0.0,0.0
0.0,0.0,0.0,0.0,0.0,0.0,0.0,0.0
0.0,0.0,0.0,0.0,0.0,0.0,0.0,0.0
0.0,0.0,0.0,0.0,0.0,0.0,0.0,0.0
0.0,0.0,0.0,0.0,0.0,0.0,0.0,0.0
0.0,0.0,0.0,0.0,0.0,0.0,0.0,0.0
0.0,0.0,0.0,0.0,0.0,0.0,0.0,0.0
0.0,0.0,0.0,0.0,0.0,0.0,0.0,0.0
0.0,0.0,0.0,0.0,0.0,0.0,0.0,0.0
0.0,0.0,0.0,0.0,0.0,0.0,0.0,0.0
0.0,0.0,0.0,0.0,0.0,0.0,0.0,0.0
0.0,0.0,0.0,0.0,0.0,0.0,0.0,0.0
0.0,0.0,0.0,0.0,0.0,0.0,0.0,0.0
4.4,4.4,4.4,4.4,4.4,4.4,4.4,4.4
4.4,4.4,4.4,4.4,4.4,4.4,4.4,4.4
4.4,4.4,4.4,4.4,4.4,4.4,4.4,4.4
4.4,4.4,4.4,4.4,4.4,4.4,4.4,4.4
7.0,7.0,7.0,7.0,7.0,7.0,7.0,7.0
7.0,7.0,7.0,7.0,7.0,7.0,7.0,7.0
7.0,7.0,7.0,7.0,7.0,7.0,7.0,7.0
7.0,7.0,7.0,7.0,7.0,7.0,7.0,7.0
8.7,8.7,8.7,8.7,8.7,8.7,8.7,8.7
8.7,8.7,8.7,8.7,8.7,8.7,8.7,8.7
8.7,8.7,8.7,8.7,8.7,8.7,8.7,8.7
8.7,8.7,8.7,8.7,8.7,8.7,8.7,8.7
9.6,9.6,9.6,9.6,9.6,9.6,9.6,9.6
9.6,9.6,9.6,9.6,9.6,9.6,9.6,9.6
9.6,9.6,9.6,9.6,9.6,9.6,9.6,9.6
9.6,9.6,9.6,9.6,9.6,9.6,9.6,9.6
9.6,9.6,9.6,9.6,9.6,9.6,9.6,9.6
9.6,9.6,9.6,9.6,9.6,9.6,9.6,9.6
9.6,9.6,9.6,9.6,9.6,9.6,9.6,9.6
9.6,9.6,9.6,9.6,9.6,9.6,9.6,9.6
7.0,7.0,7.0,7.0,7.0,7.0,7.0,7.0
7.0,7.0,7.0,7.0,7.0,7.0,7.0,7.0
7.0,7.0,7.0,7.0,7.0,7.0,7.0,7.0
7.0,7.0,7.0,7.0,7.0,7.0,7.0,7.0
5.2,5.2,5.2,5.2,5.2,5.2,5.2,5.2
5.2,5.2,5.2,5.2,5.2,5.2,5.2,5.2
5.2,5.2,5.2,5.2,5.2,5.2,5.2,5.2
5.2,5.2,5.2,5.2,5.2,5.2,5.2,5.2
0.0,0.0,0.0,0.0,0.0,0.0,0.0,0.0
0.0,0.0,0.0,0.0,0.0,0.0,0.0,0.0
0.0,0.0,0.0,0.0,0.0,0.0,0.0,0.0
0.0,0.0,0.0,0.0,0.0,0.0,0.0,0.0
0.0,0.0,0.0,0.0,0.0,0.0,0.0,0.0
0.0,0.0,0.0,0.0,0.0,0.0,0.0,0.0
0.0,0.0,0.0,0.0,0.0,0.0,0.0,0.0
0.0,0.0,0.0,0.0,0.0,0.0,0.0,0.0
0.0,0.0,0.0,0.0,0.0,0.0,0.0,0.0
0.0,0.0,0.0,0.0,0.0,0.0,0.0,0.0
0.0,0.0,0.0,0.0,0.0,0.0,0.0,0.0
0.0,0.0,0.0,0.0,0.0,0.0,0.0,0.0
0.0,0.0,0.0,0.0,0.0,0.0,0.0,0.0
0.0,0.0,0.0,0.0,0.0,0.0,0.0,0.0
0.0,0.0,0.0,0.0,0.0,0.0,0.0,0.0
0.0,0.0,0.0,0.0,0.0,0.0,0.0,0.0
0.0,0.0,0.0,0.0,0.0,0.0,0.0,0.0
0.0,0.0,0.0,0.0,0.0,0.0,0.0,0.0
0.0,0.0,0.0,0.0,0.0,0.0,0.0,0.0
0.0,0.0,0.0,0.0,0.0,0.0,0.0,0.0
0.0,0.0,0.0,0.0,0.0,0.0,0.0,0.0
0.0,0.0,0.0,0.0,0.0,0.0,0.0,0.0
0.0,0.0,0.0,0.0,0.0,0.0,0.0,0.0
0.0,0.0,0.0,0.0,0.0,0.0,0.0,0.0
0.0,0.0,0.0,0.0,0.0,0.0,0.0,0.0
0.0,0.0,0.0,0.0,0.0,0.0,0.0,0.0
0.0,0.0,0.0,0.0,0.0,0.0,0.0,0.0
0.0,0.0,0.0,0.0,0.0,0.0,0.0,0.0
0.0,0.0,0.0,0.0,0.0,0.0,0.0,0.0
0.0,0.0,0.0,0.0,0.0,0.0,0.0,0.0
0.0,0.0,0.0,0.0,0.0,0.0,0.0,0.0
0.0,0.0,0.0,0.0,0.0,0.0,0.0,0.0
0.0,0.0,0.0,0.0,0.0,0.0,0.0,0.0
0.0,0.0,0.0,0.0,0.0,0.0,0.0,0.0
0.0,0.0,0.0,0.0,0.0,0.0,0.0,0.0
0.0,0.0,0.0,0.0,0.0,0.0,0.0,0.0
0.0,0.0,0.0,0.0,0.0,0.0,0.0,0.0
0.0,0.0,0.0,0.0,0.0,0.0,0.0,0.0
0.0,0.0,0.0,0.0,0.0,0.0,0.0,0.0
0.0,0.0,0.0,0.0,0.0,0.0,0.0,0.0
0.0,0.0,0.0,0.0,0.0,0.0,0.0,0.0
0.0,0.0,0.0,0.0,0.0,0.0,0.0,0.0
0.0,0.0,0.0,0.0,0.0,0.0,0.0,0.0
0.0,0.0,0.0,0.0,0.0,0.0,0.0,0.0
0.0,0.0,0.0,0.0,0.0,0.0,0.0,0.0
0.0,0.0,0.0,0.0,0.0,0.0,0.0,0.0
0.0,0.0,0.0,0.0,0.0,0.0,0.0,0.0
0.0,0.0,0.0,0.0,0.0,0.0,0.0,0.0
0.0,0.0,0.0,0.0,0.0,0.0,0.0,0.0
0.0,0.0,0.0,0.0,0.0,0.0,0.0,0.0
0.0,0.0,0.0,0.0,0.0,0.0,0.0,0.0
0.0,0.0,0.0,0.0,0.0,0.0,0.0,0.0
0.0,0.0,0.0,0.0,0.0,0.0,0.0,0.0
0.0,0.0,0.0,0.0,0.0,0.0,0.0,0.0
0.0,0.0,0.0,0.0,0.0,0.0,0.0,0.0
0.0,0.0,0.0,0.0,0.0,0.0,0.0,0.0
0.0,0.0,0.0,0.0,0.0,0.0,0.0,0.0
0.0,0.0,0.0,0.0,0.0,0.0,0.0,0.0
0.0,0.0,0.0,0.0,0.0,0.0,0.0,0.0
0.0,0.0,0.0,0.0,0.0,0.0,0.0,0.0
0.0,0.0,0.0,0.0,0.0,0.0,0.0,0.0
0.0,0.0,0.0,0.0,0.0,0.0,0.0,0.0
0.0,0.0,0.0,0.0,0.0,0.0,0.0,0.0
0.0,0.0,0.0,0.0,0.0,0.0,0.0,0.0
0.0,0.0,0.0,0.0,0.0,0.0,0.0,0.0
0.0,0.0,0.0,0.0,0.0,0.0,0.0,0.0
0.0,0.0,0.0,0.0,0.0,0.0,0.0,0.0
0.0,0.0,0.0,0.0,0.0,0.0,0.0,0.0
4.3,4.3,4.3,4.3,4.3,4.3,4.3,4.3
4.3,4.3,4.3,4.3,4.3,4.3,4.3,4.3
4.3,4.3,4.3,4.3,4.3,4.3,4.3,4.3
4.3,4.3,4.3,4.3,4.3,4.3,4.3,4.3
6.1,6.1,6.1,6.1,6.1,6.1,6.1,6.1
6.1,6.1,6.1,6.1,6.1,6.1,6.1,6.1
6.1,6.1,6.1,6.1,6.1,6.1,6.1,6.1
6.1,6.1,6.1,6.1,6.1,6.1,6.1,6.1
7.8,7.8,7.8,7.8,7.8,7.8,7.8,7.8
7.8,7.8,7.8,7.8,7.8,7.8,7.8,7.8
7.8,7.8,7.8,7.8,7.8,7.8,7.8,7.8
7.8,7.8,7.8,7.8,7.8,7.8,7.8,7.8
14.6,14.6,14.6,14.6,14.6,14.6,14.6,14.6
14.6,14.6,14.6,14.6,14.6,14.6,14.6,14.6
14.6,14.6,14.6,14.6,14.6,14.6,14.6,14.6
14.6,14.6,14.6,14.6,14.6,14.6,14.6,14.6
7.7,7.7,7.7,7.7,7.7,7.7,7.7,7.7
7.7,7.7,7.7,7.7,7.7,7.7,7.7,7.7
7.7,7.7,7.7,7.7,7.7,7.7,7.7,7.7
7.7,7.7,7.7,7.7,7.7,7.7,7.7,7.7
10.3,10.3,10.3,10.3,10.3,10.3,10.3,10.3
10.3,10.3,10.3,10.3,10.3,10.3,10.3,10.3
10.3,10.3,10.3,10.3,10.3,10.3,10.3,10.3
10.3,10.3,10.3,10.3,10.3,10.3,10.3,10.3
5.2,5.2,5.2,5.2,5.2,5.2,5.2,5.2
5.2,5.2,5.2,5.2,5.2,5.2,5.2,5.2
5.2,5.2,5.2,5.2,5.2,5.2,5.2,5.2
5.2,5.2,5.2,5.2,5.2,5.2,5.2,5.2
0.0,0.0,0.0,0.0,0.0,0.0,0.0,0.0
0.0,0.0,0.0,0.0,0.0,0.0,0.0,0.0
0.0,0.0,0.0,0.0,0.0,0.0,0.0,0.0
0.0,0.0,0.0,0.0,0.0,0.0,0.0,0.0
0.0,0.0,0.0,0.0,0.0,0.0,0.0,0.0
0.0,0.0,0.0,0.0,0.0,0.0,0.0,0.0
0.0,0.0,0.0,0.0,0.0,0.0,0.0,0.0
0.0,0.0,0.0,0.0,0.0,0.0,0.0,0.0
0.0,0.0,0.0,0.0,0.0,0.0,0.0,0.0
0.0,0.0,0.0,0.0,0.0,0.0,0.0,0.0
0.0,0.0,0.0,0.0,0.0,0.0,0.0,0.0
0.0,0.0,0.0,0.0,0.0,0.0,0.0,0.0
0.0,0.0,0.0,0.0,0.0,0.0,0.0,0.0
0.0,0.0,0.0,0.0,0.0,0.0,0.0,0.0
0.0,0.0,0.0,0.0,0.0,0.0,0.0,0.0
0.0,0.0,0.0,0.0,0.0,0.0,0.0,0.0
0.0,0.0,0.0,0.0,0.0,0.0,0.0,0.0
0.0,0.0,0.0,0.0,0.0,0.0,0.0,0.0
0.0,0.0,0.0,0.0,0.0,0.0,0.0,0.0
0.0,0.0,0.0,0.0,0.0,0.0,0.0,0.0
0.0,0.0,0.0,0.0,0.0,0.0,0.0,0.0
0.0,0.0,0.0,0.0,0.0,0.0,0.0,0.0
0.0,0.0,0.0,0.0,0.0,0.0,0.0,0.0
0.0,0.0,0.0,0.0,0.0,0.0,0.0,0.0
0.0,0.0,0.0,0.0,0.0,0.0,0.0,0.0
0.0,0.0,0.0,0.0,0.0,0.0,0.0,0.0
0.0,0.0,0.0,0.0,0.0,0.0,0.0,0.0
0.0,0.0,0.0,0.0,0.0,0.0,0.0,0.0
0.0,0.0,0.0,0.0,0.0,0.0,0.0,0.0
0.0,0.0,0.0,0.0,0.0,0.0,0.0,0.0
0.0,0.0,0.0,0.0,0.0,0.0,0.0,0.0
0.0,0.0,0.0,0.0,0.0,0.0,0.0,0.0
0.0,0.0,0.0,0.0,0.0,0.0,0.0,0.0
0.0,0.0,0.0,0.0,0.0,0.0,0.0,0.0
0.0,0.0,0.0,0.0,0.0,0.0,0.0,0.0
0.0,0.0,0.0,0.0,0.0,0.0,0.0,0.0
0.0,0.0,0.0,0.0,0.0,0.0,0.0,0.0
0.0,0.0,0.0,0.0,0.0,0.0,0.0,0.0
0.0,0.0,0.0,0.0,0.0,0.0,0.0,0.0
0.0,0.0,0.0,0.0,0.0,0.0,0.0,0.0
0.0,0.0,0.0,0.0,0.0,0.0,0.0,0.0
0.0,0.0,0.0,0.0,0.0,0.0,0.0,0.0
0.0,0.0,0.0,0.0,0.0,0.0,0.0,0.0
0.0,0.0,0.0,0.0,0.0,0.0,0.0,0.0
0.0,0.0,0.0,0.0,0.0,0.0,0.0,0.0
0.0,0.0,0.0,0.0,0.0,0.0,0.0,0.0
0.0,0.0,0.0,0.0,0.0,0.0,0.0,0.0
0.0,0.0,0.0,0.0,0.0,0.0,0.0,0.0
0.0,0.0,0.0,0.0,0.0,0.0,0.0,0.0
0.0,0.0,0.0,0.0,0.0,0.0,0.0,0.0
0.0,0.0,0.0,0.0,0.0,0.0,0.0,0.0
0.0,0.0,0.0,0.0,0.0,0.0,0.0,0.0
0.0,0.0,0.0,0.0,0.0,0.0,0.0,0.0
0.0,0.0,0.0,0.0,0.0,0.0,0.0,0.0
0.0,0.0,0.0,0.0,0.0,0.0,0.0,0.0
0.0,0.0,0.0,0.0,0.0,0.0,0.0,0.0
0.0,0.0,0.0,0.0,0.0,0.0,0.0,0.0
0.0,0.0,0.0,0.0,0.0,0.0,0.0,0.0
0.0,0.0,0.0,0.0,0.0,0.0,0.0,0.0
0.0,0.0,0.0,0.0,0.0,0.0,0.0,0.0
0.0,0.0,0.0,0.0,0.0,0.0,0.0,0.0
0.0,0.0,0.0,0.0,0.0,0.0,0.0,0.0
0.0,0.0,0.0,0.0,0.0,0.0,0.0,0.0
0.0,0.0,0.0,0.0,0.0,0.0,0.0,0.0
0.0,0.0,0.0,0.0,0.0,0.0,0.0,0.0
0.0,0.0,0.0,0.0,0.0,0.0,0.0,0.0
0.0,0.0,0.0,0.0,0.0,0.0,0.0,0.0
0.0,0.0,0.0,0.0,0.0,0.0,0.0,0.0
5.1,5.1,5.1,5.1,5.1,5.1,5.1,5.1
5.1,5.1,5.1,5.1,5.1,5.1,5.1,5.1
5.1,5.1,5.1,5.1,5.1,5.1,5.1,5.1
5.1,5.1,5.1,5.1,5.1,5.1,5.1,5.1
6.8,6.8,6.8,6.8,6.8,6.8,6.8,6.8
6.8,6.8,6.8,6.8,6.8,6.8,6.8,6.8
6.8,6.8,6.8,6.8,6.8,6.8,6.8,6.8
6.8,6.8,6.8,6.8,6.8,6.8,6.8,6.8
9.4,9.4,9.4,9.4,9.4,9.4,9.4,9.4
9.4,9.4,9.4,9.4,9.4,9.4,9.4,9.4
9.4,9.4,9.4,9.4,9.4,9.4,9.4,9.4
9.4,9.4,9.4,9.4,9.4,9.4,9.4,9.4
49.4,49.4,49.4,49.4,49.4,49.4,49.4,49.4
49.4,49.4,49.4,49.4,49.4,49.4,49.4,49.4
49.4,49.4,49.4,49.4,49.4,49.4,49.4,49.4
49.4,49.4,49.4,49.4,49.4,49.4,49.4,49.4
12.8,12.8,12.8,12.8,12.8,12.8,12.8,12.8
12.8,12.8,12.8,12.8,12.8,12.8,12.8,12.8
12.8,12.8,12.8,12.8,12.8,12.8,12.8,12.8
12.8,12.8,12.8,12.8,12.8,12.8,12.8,12.8
10.3,10.3,10.3,10.3,10.3,10.3,10.3,10.3
10.3,10.3,10.3,10.3,10.3,10.3,10.3,10.3
10.3,10.3,10.3,10.3,10.3,10.3,10.3,10.3
10.3,10.3,10.3,10.3,10.3,10.3,10.3,10.3
85.1,64.0,171.0,63.2,98.5,87.4,123.2,75.5
85.1,64.0,171.0,63.2,98.5,87.4,123.2,75.5
85.1,64.0,171.0,63.2,98.5,87.4,123.2,75.5
85.1,64.0,171.0,63.2,98.5,87.4,123.2,75.5
0.0,0.0,0.0,0.0,0.0,0.0,0.0,0.0
0.0,0.0,0.0,0.0,0.0,0.0,0.0,0.0
0.0,0.0,0.0,0.0,0.0,0.0,0.0,0.0
0.0,0.0,0.0,0.0,0.0,0.0,0.0,0.0
0.0,0.0,0.0,0.0,0.0,0.0,0.0,0.0
0.0,0.0,0.0,0.0,0.0,0.0,0.0,0.0
0.0,0.0,0.0,0.0,0.0,0.0,0.0,0.0
0.0,0.0,0.0,0.0,0.0,0.0,0.0,0.0
0.0,0.0,0.0,0.0,0.0,0.0,0.0,0.0
0.0,0.0,0.0,0.0,0.0,0.0,0.0,0.0
0.0,0.0,0.0,0.0,0.0,0.0,0.0,0.0
0.0,0.0,0.0,0.0,0.0,0.0,0.0,0.0
0.0,0.0,0.0,0.0,0.0,0.0,0.0,0.0
0.0,0.0,0.0,0.0,0.0,0.0,0.0,0.0
0.0,0.0,0.0,0.0,0.0,0.0,0.0,0.0
0.0,0.0,0.0,0.0,0.0,0.0,0.0,0.0
0.0,0.0,0.0,0.0,0.0,0.0,0.0,0.0
0.0,0.0,0.0,0.0,0.0,0.0,0.0,0.0
0.0,0.0,0.0,0.0,0.0,0.0,0.0,0.0
0.0,0.0,0.0,0.0,0.0,0.0,0.0,0.0
0.0,0.0,0.0,0.0,0.0,0.0,0.0,0.0
0.0,0.0,0.0,0.0,0.0,0.0,0.0,0.0
0.0,0.0,0.0,0.0,0.0,0.0,0.0,0.0
0.0,0.0,0.0,0.0,0.0,0.0,0.0,0.0
0.0,0.0,0.0,0.0,0.0,0.0,0.0,0.0
0.0,0.0,0.0,0.0,0.0,0.0,0.0,0.0
0.0,0.0,0.0,0.0,0.0,0.0,0.0,0.0
0.0,0.0,0.0,0.0,0.0,0.0,0.0,0.0
0.0,0.0,0.0,0.0,0.0,0.0,0.0,0.0
0.0,0.0,0.0,0.0,0.0,0.0,0.0,0.0
0.0,0.0,0.0,0.0,0.0,0.0,0.0,0.0
0.0,0.0,0.0,0.0,0.0,0.0,0.0,0.0
0.0,0.0,0.0,0.0,0.0,0.0,0.0,0.0
0.0,0.0,0.0,0.0,0.0,0.0,0.0,0.0
0.0,0.0,0.0,0.0,0.0,0.0,0.0,0.0
0.0,0.0,0.0,0.0,0.0,0.0,0.0,0.0
0.0,0.0,0.0,0.0,0.0,0.0,0.0,0.0
0.0,0.0,0.0,0.0,0.0,0.0,0.0,0.0
0.0,0.0,0.0,0.0,0.0,0.0,0.0,0.0
0.0,0.0,0.0,0.0,0.0,0.0,0.0,0.0
0.0,0.0,0.0,0.0,0.0,0.0,0.0,0.0
0.0,0.0,0.0,0.0,0.0,0.0,0.0,0.0
0.0,0.0,0.0,0.0,0.0,0.0,0.0,0.0
0.0,0.0,0.0,0.0,0.0,0.0,0.0,0.0
0.0,0.0,0.0,0.0,0.0,0.0,0.0,0.0
0.0,0.0,0.0,0.0,0.0,0.0,0.0,0.0
0.0,0.0,0.0,0.0,0.0,0.0,0.0,0.0
0.0,0.0,0.0,0.0,0.0,0.0,0.0,0.0
0.0,0.0,0.0,0.0,0.0,0.0,0.0,0.0
0.0,0.0,0.0,0.0,0.0,0.0,0.0,0.0
0.0,0.0,0.0,0.0,0.0,0.0,0.0,0.0
0.0,0.0,0.0,0.0,0.0,0.0,0.0,0.0
0.0,0.0,0.0,0.0,0.0,0.0,0.0,0.0
0.0,0.0,0.0,0.0,0.0,0.0,0.0,0.0
0.0,0.0,0.0,0.0,0.0,0.0,0.0,0.0
0.0,0.0,0.0,0.0,0.0,0.0,0.0,0.0
0.0,0.0,0.0,0.0,0.0,0.0,0.0,0.0
0.0,0.0,0.0,0.0,0.0,0.0,0.0,0.0
0.0,0.0,0.0,0.0,0.0,0.0,0.0,0.0
0.0,0.0,0.0,0.0,0.0,0.0,0.0,0.0
0.0,0.0,0.0,0.0,0.0,0.0,0.0,0.0
0.0,0.0,0.0,0.0,0.0,0.0,0.0,0.0
0.0,0.0,0.0,0.0,0.0,0.0,0.0,0.0
0.0,0.0,0.0,0.0,0.0,0.0,0.0,0.0
0.0,0.0,0.0,0.0,0.0,0.0,0.0,0.0
0.0,0.0,0.0,0.0,0.0,0.0,0.0,0.0
0.0,0.0,0.0,0.0,0.0,0.0,0.0,0.0
0.0,0.0,0.0,0.0,0.0,0.0,0.0,0.0
4.3,4.3,4.3,4.3,4.3,4.3,4.3,4.3
4.3,4.3,4.3,4.3,4.3,4.3,4.3,4.3
4.3,4.3,4.3,4.3,4.3,4.3,4.3,4.3
4.3,4.3,4.3,4.3,4.3,4.3,4.3,4.3
9.5,9.5,9.5,9.5,9.5,9.5,9.5,9.5
9.5,9.5,9.5,9.5,9.5,9.5,9.5,9.5
9.5,9.5,9.5,9.5,9.5,9.5,9.5,9.5
9.5,9.5,9.5,9.5,9.5,9.5,9.5,9.5
13.8,13.8,13.8,13.8,13.8,13.8,13.8,13.8
13.8,13.8,13.8,13.8,13.8,13.8,13.8,13.8
13.8,13.8,13.8,13.8,13.8,13.8,13.8,13.8
13.8,13.8,13.8,13.8,13.8,13.8,13.8,13.8
15.5,15.5,15.5,15.5,15.5,15.5,15.5,15.5
15.5,15.5,15.5,15.5,15.5,15.5,15.5,15.5
15.5,15.5,15.5,15.5,15.5,15.5,15.5,15.5
15.5,15.5,15.5,15.5,15.5,15.5,15.5,15.5
12.9,12.9,12.9,12.9,12.9,12.9,12.9,12.9
12.9,12.9,12.9,12.9,12.9,12.9,12.9,12.9
12.9,12.9,12.9,12.9,12.9,12.9,12.9,12.9
12.9,12.9,12.9,12.9,12.9,12.9,12.9,12.9
9.5,9.5,9.5,9.5,9.5,9.5,9.5,9.5
9.5,9.5,9.5,9.5,9.5,9.5,9.5,9.5
9.5,9.5,9.5,9.5,9.5,9.5,9.5,9.5
9.5,9.5,9.5,9.5,9.5,9.5,9.5,9.5
5.2,5.2,5.2,5.2,5.2,5.2,5.2,5.2
5.2,5.2,5.2,5.2,5.2,5.2,5.2,5.2
5.2,5.2,5.2,5.2,5.2,5.2,5.2,5.2
5.2,5.2,5.2,5.2,5.2,5.2,5.2,5.2
0.0,0.0,0.0,0.0,0.0,0.0,0.0,0.0
0.0,0.0,0.0,0.0,0.0,0.0,0.0,0.0
0.0,0.0,0.0,0.0,0.0,0.0,0.0,0.0
0.0,0.0,0.0,0.0,0.0,0.0,0.0,0.0
0.0,0.0,0.0,0.0,0.0,0.0,0.0,0.0
0.0,0.0,0.0,0.0,0.0,0.0,0.0,0.0
0.0,0.0,0.0,0.0,0.0,0.0,0.0,0.0
0.0,0.0,0.0,0.0,0.0,0.0,0.0,0.0
0.0,0.0,0.0,0.0,0.0,0.0,0.0,0.0
0.0,0.0,0.0,0.0,0.0,0.0,0.0,0.0
0.0,0.0,0.0,0.0,0.0,0.0,0.0,0.0
0.0,0.0,0.0,0.0,0.0,0.0,0.0,0.0
0.0,0.0,0.0,0.0,0.0,0.0,0.0,0.0
0.0,0.0,0.0,0.0,0.0,0.0,0.0,0.0
0.0,0.0,0.0,0.0,0.0,0.0,0.0,0.0
0.0,0.0,0.0,0.0,0.0,0.0,0.0,0.0
0.0,0.0,0.0,0.0,0.0,0.0,0.0,0.0
0.0,0.0,0.0,0.0,0.0,0.0,0.0,0.0
0.0,0.0,0.0,0.0,0.0,0.0,0.0,0.0
0.0,0.0,0.0,0.0,0.0,0.0,0.0,0.0
0.0,0.0,0.0,0.0,0.0,0.0,0.0,0.0
0.0,0.0,0.0,0.0,0.0,0.0,0.0,0.0
0.0,0.0,0.0,0.0,0.0,0.0,0.0,0.0
0.0,0.0,0.0,0.0,0.0,0.0,0.0,0.0
0.0,0.0,0.0,0.0,0.0,0.0,0.0,0.0
0.0,0.0,0.0,0.0,0.0,0.0,0.0,0.0
0.0,0.0,0.0,0.0,0.0,0.0,0.0,0.0
0.0,0.0,0.0,0.0,0.0,0.0,0.0,0.0
0.0,0.0,0.0,0.0,0.0,0.0,0.0,0.0
0.0,0.0,0.0,0.0,0.0,0.0,0.0,0.0
0.0,0.0,0.0,0.0,0.0,0.0,0.0,0.0
0.0,0.0,0.0,0.0,0.0,0.0,0.0,0.0
0.0,0.0,0.0,0.0,0.0,0.0,0.0,0.0
0.0,0.0,0.0,0.0,0.0,0.0,0.0,0.0
0.0,0.0,0.0,0.0,0.0,0.0,0.0,0.0
0.0,0.0,0.0,0.0,0.0,0.0,0.0,0.0
0.0,0.0,0.0,0.0,0.0,0.0,0.0,0.0
0.0,0.0,0.0,0.0,0.0,0.0,0.0,0.0
0.0,0.0,0.0,0.0,0.0,0.0,0.0,0.0
0.0,0.0,0.0,0.0,0.0,0.0,0.0,0.0
0.0,0.0,0.0,0.0,0.0,0.0,0.0,0.0
0.0,0.0,0.0,0.0,0.0,0.0,0.0,0.0
0.0,0.0,0.0,0.0,0.0,0.0,0.0,0.0
0.0,0.0,0.0,0.0,0.0,0.0,0.0,0.0
0.0,0.0,0.0,0.0,0.0,0.0,0.0,0.0
0.0,0.0,0.0,0.0,0.0,0.0,0.0,0.0
0.0,0.0,0.0,0.0,0.0,0.0,0.0,0.0
0.0,0.0,0.0,0.0,0.0,0.0,0.0,0.0
0.0,0.0,0.0,0.0,0.0,0.0,0.0,0.0
0.0,0.0,0.0,0.0,0.0,0.0,0.0,0.0
0.0,0.0,0.0,0.0,0.0,0.0,0.0,0.0
0.0,0.0,0.0,0.0,0.0,0.0,0.0,0.0
0.0,0.0,0.0,0.0,0.0,0.0,0.0,0.0
0.0,0.0,0.0,0.0,0.0,0.0,0.0,0.0
0.0,0.0,0.0,0.0,0.0,0.0,0.0,0.0
0.0,0.0,0.0,0.0,0.0,0.0,0.0,0.0
0.0,0.0,0.0,0.0,0.0,0.0,0.0,0.0
0.0,0.0,0.0,0.0,0.0,0.0,0.0,0.0
0.0,0.0,0.0,0.0,0.0,0.0,0.0,0.0
0.0,0.0,0.0,0.0,0.0,0.0,0.0,0.0
0.0,0.0,0.0,0.0,0.0,0.0,0.0,0.0
0.0,0.0,0.0,0.0,0.0,0.0,0.0,0.0
0.0,0.0,0.0,0.0,0.0,0.0,0.0,0.0
0.0,0.0,0.0,0.0,0.0,0.0,0.0,0.0
0.0,0.0,0.0,0.0,0.0,0.0,0.0,0.0
0.0,0.0,0.0,0.0,0.0,0.0,0.0,0.0
0.0,0.0,0.0,0.0,0.0,0.0,0.0,0.0
0.0,0.0,0.0,0.0,0.0,0.0,0.0,0.0
23.8,23.8,23.8,23.8,23.8,23.8,23.8,23.8
23.8,23.8,23.8,23.8,23.8,23.8,23.8,23.8
23.8,23.8,23.8,23.8,23.8,23.8,23.8,23.8
23.8,23.8,23.8,23.8,23.8,23.8,23.8,23.8
48.5,48.5,48.5,48.5,48.5,48.5,48.5,48.5
48.5,48.5,48.5,48.5,48.5,48.5,48.5,48.5
48.5,48.5,48.5,48.5,48.5,48.5,48.5,48.5
48.5,48.5,48.5,48.5,48.5,48.5,48.5,48.5
81.4,61.0,129.8,59.8,89.1,84.4,103.8,71.2
81.4,61.0,129.8,59.8,89.1,84.4,103.8,71.2
81.4,61.0,129.8,59.8,89.1,84.4,103.8,71.2
81.4,61.0,129.8,59.8,89.1,84.4,103.8,71.2
84.5,63.5,153.3,62.7,97.4,420.0,122.2,74.8
84.5,63.5,153.3,62.7,97.4,420.0,122.2,74.8
84.5,63.5,169.6,62.7,97.4,86.9,122.2,74.8
84.5,63.5,169.6,62.7,97.4,86.9,122.2,348.2
24.4,24.4,24.4,24.4,24.4,24.4,24.4,24.4
24.4,24.4,24.4,24.4,24.4,24.4,24.4,24.4
24.4,24.4,24.4,24.4,24.4,24.4,24.4,24.4
24.4,24.4,24.4,24.4,24.4,24.4,24.4,24.4
59.1,59.1,59.1,59.1,59.1,59.1,59.1,59.1
59.1,59.1,59.1,59.1,59.1,59.1,59.1,59.1
59.1,59.1,59.1,59.1,59.1,59.1,59.1,59.1
59.1,59.1,59.1,59.1,59.1,59.1,59.1,59.1
11.3,11.3,11.3,11.3,11.3,11.3,11.3,11.3
11.3,11.3,11.3,11.3,11.3,11.3,11.3,11.3
11.3,11.3,11.3,11.3,11.3,11.3,11.3,11.3
11.3,11.3,11.3,11.3,11.3,11.3,11.3,11.3
0.0,0.0,0.0,0.0,0.0,0.0,0.0,0.0
0.0,0.0,0.0,0.0,0.0,0.0,0.0,0.0
0.0,0.0,0.0,0.0,0.0,0.0,0.0,0.0
0.0,0.0,0.0,0.0,0.0,0.0,0.0,0.0
0.0,0.0,0.0,0.0,0.0,0.0,0.0,0.0
0.0,0.0,0.0,0.0,0.0,0.0,0.0,0.0
0.0,0.0,0.0,0.0,0.0,0.0,0.0,0.0
0.0,0.0,0.0,0.0,0.0,0.0,0.0,0.0
0.0,0.0,0.0,0.0,0.0,0.0,0.0,0.0
0.0,0.0,0.0,0.0,0.0,0.0,0.0,0.0
0.0,0.0,0.0,0.0,0.0,0.0,0.0,0.0
0.0,0.0,0.0,0.0,0.0,0.0,0.0,0.0
0.0,0.0,0.0,0.0,0.0,0.0,0.0,0.0
0.0,0.0,0.0,0.0,0.0,0.0,0.0,0.0
0.0,0.0,0.0,0.0,0.0,0.0,0.0,0.0
0.0,0.0,0.0,0.0,0.0,0.0,0.0,0.0
0.0,0.0,0.0,0.0,0.0,0.0,0.0,0.0
0.0,0.0,0.0,0.0,0.0,0.0,0.0,0.0
0.0,0.0,0.0,0.0,0.0,0.0,0.0,0.0
0.0,0.0,0.0,0.0,0.0,0.0,0.0,0.0
0.0,0.0,0.0,0.0,0.0,0.0,0.0,0.0
0.0,0.0,0.0,0.0,0.0,0.0,0.0,0.0
0.0,0.0,0.0,0.0,0.0,0.0,0.0,0.0
0.0,0.0,0.0,0.0,0.0,0.0,0.0,0.0
0.0,0.0,0.0,0.0,0.0,0.0,0.0,0.0
0.0,0.0,0.0,0.0,0.0,0.0,0.0,0.0
0.0,0.0,0.0,0.0,0.0,0.0,0.0,0.0
0.0,0.0,0.0,0.0,0.0,0.0,0.0,0.0
0.0,0.0,0.0,0.0,0.0,0.0,0.0,0.0
0.0,0.0,0.0,0.0,0.0,0.0,0.0,0.0
0.0,0.0,0.0,0.0,0.0,0.0,0.0,0.0
0.0,0.0,0.0,0.0,0.0,0.0,0.0,0.0
0.0,0.0,0.0,0.0,0.0,0.0,0.0,0.0
0.0,0.0,0.0,0.0,0.0,0.0,0.0,0.0
0.0,0.0,0.0,0.0,0.0,0.0,0.0,0.0
0.0,0.0,0.0,0.0,0.0,0.0,0.0,0.0
0.0,0.0,0.0,0.0,0.0,0.0,0.0,0.0
0.0,0.0,0.0,0.0,0.0,0.0,0.0,0.0
0.0,0.0,0.0,0.0,0.0,0.0,0.0,0.0
0.0,0.0,0.0,0.0,0.0,0.0,0.0,0.0
0.0,0.0,0.0,0.0,0.0,0.0,0.0,0.0
0.0,0.0,0.0,0.0,0.0,0.0,0.0,0.0
0.0,0.0,0.0,0.0,0.0,0.0,0.0,0.0
0.0,0.0,0.0,0.0,0.0,0.0,0.0,0.0
0.0,0.0,0.0,0.0,0.0,0.0,0.0,0.0
0.0,0.0,0.0,0.0,0.0,0.0,0.0,0.0
0.0,0.0,0.0,0.0,0.0,0.0,0.0,0.0
0.0,0.0,0.0,0.0,0.0,0.0,0.0,0.0
0.0,0.0,0.0,0.0,0.0,0.0,0.0,0.0
0.0,0.0,0.0,0.0,0.0,0.0,0.0,0.0
0.0,0.0,0.0,0.0,0.0,0.0,0.0,0.0
0.0,0.0,0.0,0.0,0.0,0.0,0.0,0.0
0.0,0.0,0.0,0.0,0.0,0.0,0.0,0.0
0.0,0.0,0.0,0.0,0.0,0.0,0.0,0.0
0.0,0.0,0.0,0.0,0.0,0.0,0.0,0.0
0.0,0.0,0.0,0.0,0.0,0.0,0.0,0.0
0.0,0.0,0.0,0.0,0.0,0.0,0.0,0.0
0.0,0.0,0.0,0.0,0.0,0.0,0.0,0.0
0.0,0.0,0.0,0.0,0.0,0.0,0.0,0.0
0.0,0.0,0.0,0.0,0.0,0.0,0.0,0.0
0.0,0.0,0.0,0.0,0.0,0.0,0.0,0.0
0.0,0.0,0.0,0.0,0.0,0.0,0.0,0.0
0.0,0.0,0.0,0.0,0.0,0.0,0.0,0.0
0.0,0.0,0.0,0.0,0.0,0.0,0.0,0.0
0.0,0.0,0.0,0.0,0.0,0.0,0.0,0.0
0.0,0.0,0.0,0.0,0.0,0.0,0.0,0.0
0.0,0.0,0.0,0.0,0.0,0.0,0.0,0.0
0.0,0.0,0.0,0.0,0.0,0.0,0.0,0.0
4.4,4.4,4.4,4.4,4.4,4.4,4.4,4.4
4.4,4.4,4.4,4.4,4.4,4.4,4.4,4.4
4.4,4.4,4.4,4.4,4.4,4.4,4.4,4.4
4.4,4.4,4.4,4.4,4.4,4.4,4.4,4.4
7.0,7.0,7.0,7.0,7.0,7.0,7.0,7.0
7.0,7.0,7.0,7.0,7.0,7.0,7.0,7.0
7.0,7.0,7.0,7.0,7.0,7.0,7.0,7.0
7.0,7.0,7.0,7.0,7.0,7.0,7.0,7.0
9.6,9.6,9.6,9.6,9.6,9.6,9.6,9.6
9.6,9.6,9.6,9.6,9.6,9.6,9.6,9.6
9.6,9.6,9.6,9.6,9.6,9.6,9.6,9.6
9.6,9.6,9.6,9.6,9.6,9.6,9.6,9.6
10.4,10.4,10.4,10.4,10.4,10.4,10.4,10.4
10.4,10.4,10.4,10.4,10.4,10.4,10.4,10.4
10.4,10.4,10.4,10.4,10.4,10.4,10.4,10.4
10.4,10.4,10.4,10.4,10.4,10.4,10.4,10.4
13.0,13.0,13.0,13.0,13.0,13.0,13.0,13.0
13.0,13.0,13.0,13.0,13.0,13.0,13.0,13.0
13.0,13.0,13.0,13.0,13.0,13.0,13.0,13.0
13.0,13.0,13.0,13.0,13.0,13.0,13.0,13.0
10.4,10.4,10.4,10.4,10.4,10.4,10.4,10.4
10.4,10.4,10.4,10.4,10.4,10.4,10.4,10.4
10.4,10.4,10.4,10.4,10.4,10.4,10.4,10.4
10.4,10.4,10.4,10.4,10.4,10.4,10.4,10.4
6.9,6.9,6.9,6.9,6.9,6.9,6.9,6.9
6.9,6.9,6.9,6.9,6.9,6.9,6.9,6.9
6.9,6.9,6.9,6.9,6.9,6.9,6.9,6.9
6.9,6.9,6.9,6.9,6.9,6.9,6.9,6.9
0.0,0.0,0.0,0.0,0.0,0.0,0.0,0.0
0.0,0.0,0.0,0.0,0.0,0.0,0.0,0.0
0.0,0.0,0.0,0.0,0.0,0.0,0.0,0.0
0.0,0.0,0.0,0.0,0.0,0.0,0.0,0.0
0.0,0.0,0.0,0.0,0.0,0.0,0.0,0.0
0.0,0.0,0.0,0.0,0.0,0.0,0.0,0.0
0.0,0.0,0.0,0.0,0.0,0.0,0.0,0.0
0.0,0.0,0.0,0.0,0.0,0.0,0.0,0.0
0.0,0.0,0.0,0.0,0.0,0.0,0.0,0.0
0.0,0.0,0.0,0.0,0.0,0.0,0.0,0.0
0.0,0.0,0.0,0.0,0.0,0.0,0.0,0.0
0.0,0.0,0.0,0.0,0.0,0.0,0.0,0.0
0.0,0.0,0.0,0.0,0.0,0.0,0.0,0.0
0.0,0.0,0.0,0.0,0.0,0.0,0.0,0.0
0.0,0.0,0.0,0.0,0.0,0.0,0.0,0.0
0.0,0.0,0.0,0.0,0.0,0.0,0.0,0.0
0.0,0.0,0.0,0.0,0.0,0.0,0.0,0.0
0.0,0.0,0.0,0.0,0.0,0.0,0.0,0.0
0.0,0.0,0.0,0.0,0.0,0.0,0.0,0.0
0.0,0.0,0.0,0.0,0.0,0.0,0.0,0.0
0.0,0.0,0.0,0.0,0.0,0.0,0.0,0.0
0.0,0.0,0.0,0.0,0.0,0.0,0.0,0.0
0.0,0.0,0.0,0.0,0.0,0.0,0.0,0.0
0.0,0.0,0.0,0.0,0.0,0.0,0.0,0.0
0.0,0.0,0.0,0.0,0.0,0.0,0.0,0.0
0.0,0.0,0.0,0.0,0.0,0.0,0.0,0.0
0.0,0.0,0.0,0.0,0.0,0.0,0.0,0.0
0.0,0.0,0.0,0.0,0.0,0.0,0.0,0.0
0.0,0.0,0.0,0.0,0.0,0.0,0.0,0.0
0.0,0.0,0.0,0.0,0.0,0.0,0.0,0.0
0.0,0.0,0.0,0.0,0.0,0.0,0.0,0.0
0.0,0.0,0.0,0.0,0.0,0.0,0.0,0.0
0.0,0.0,0.0,0.0,0.0,0.0,0.0,0.0
0.0,0.0,0.0,0.0,0.0,0.0,0.0,0.0
0.0,0.0,0.0,0.0,0.0,0.0,0.0,0.0
0.0,0.0,0.0,0.0,0.0,0.0,0.0,0.0
0.0,0.0,0.0,0.0,0.0,0.0,0.0,0.0
0.0,0.0,0.0,0.0,0.0,0.0,0.0,0.0
0.0,0.0,0.0,0.0,0.0,0.0,0.0,0.0
0.0,0.0,0.0,0.0,0.0,0.0,0.0,0.0
0.0,0.0,0.0,0.0,0.0,0.0,0.0,0.0
0.0,0.0,0.0,0.0,0.0,0.0,0.0,0.0
0.0,0.0,0.0,0.0,0.0,0.0,0.0,0.0
0.0,0.0,0.0,0.0,0.0,0.0,0.0,0.0
0.0,0.0,0.0,0.0,0.0,0.0,0.0,0.0
0.0,0.0,0.0,0.0,0.0,0.0,0.0,0.0
0.0,0.0,0.0,0.0,0.0,0.0,0.0,0.0
0.0,0.0,0.0,0.0,0.0,0.0,0.0,0.0
0.0,0.0,0.0,0.0,0.0,0.0,0.0,0.0
0.0,0.0,0.0,0.0,0.0,0.0,0.0,0.0
0.0,0.0,0.0,0.0,0.0,0.0,0.0,0.0
0.0,0.0,0.0,0.0,0.0,0.0,0.0,0.0
0.0,0.0,0.0,0.0,0.0,0.0,0.0,0.0
0.0,0.0,0.0,0.0,0.0,0.0,0.0,0.0
0.0,0.0,0.0,0.0,0.0,0.0,0.0,0.0
0.0,0.0,0.0,0.0,0.0,0.0,0.0,0.0
0.0,0.0,0.0,0.0,0.0,0.0,0.0,0.0
0.0,0.0,0.0,0.0,0.0,0.0,0.0,0.0
0.0,0.0,0.0,0.0,0.0,0.0,0.0,0.0
0.0,0.0,0.0,0.0,0.0,0.0,0.0,0.0
0.0,0.0,0.0,0.0,0.0,0.0,0.0,0.0
0.0,0.0,0.0,0.0,0.0,0.0,0.0,0.0
0.0,0.0,0.0,0.0,0.0,0.0,0.0,0.0
0.0,0.0,0.0,0.0,0.0,0.0,0.0,0.0
0.0,0.0,0.0,0.0,0.0,0.0,0.0,0.0
0.0,0.0,0.0,0.0,0.0,0.0,0.0,0.0
0.0,0.0,0.0,0.0,0.0,0.0,0.0,0.0
0.0,0.0,0.0,0.0,0.0,0.0,0.0,0.0
0.0,0.0,0.0,0.0,0.0,0.0,0.0,0.0
0.0,0.0,0.0,0.0,0.0,0.0,0.0,0.0
0.0,0.0,0.0,0.0,0.0,0.0,0.0,0.0
0.0,0.0,0.0,0.0,0.0,0.0,0.0,0.0
45.2,45.2,45.2,45.2,45.2,45.2,45.2,45.2
45.2,45.2,45.2,45.2,45.2,45.2,45.2,45.2
45.2,45.2,45.2,45.2,45.2,45.2,45.2,45.2
45.2,45.2,45.2,45.2,45.2,45.2,45.2,45.2
1089.4,61.0,163.0,59.8,92.1,84.4,117.7,71.2
1089.4,61.0,163.0,59.8,92.1,84.4,117.7,71.2
1089.4,61.0,163.0,59.8,92.1,84.4,117.7,71.2
81.4,61.0,163.0,59.8,92.1,84.4,117.7,71.2
84.5,63.5,133.2,62.7,97.4,86.9,186.4,74.8
84.5,63.5,108.2,62.7,97.4,175.5,122.9,74.8
141.4,63.5,103.3,62.7,97.4,136.0,110.4,74.8
84.5,63.5,169.6,62.7,97.4,86.9,122.2,74.8
14.0,14.0,14.0,14.0,14.0,14.0,14.0,14.0
14.0,14.0,14.0,14.0,14.0,14.0,14.0,14.0
14.0,14.0,14.0,14.0,14.0,14.0,14.0,14.0
14.0,14.0,14.0,14.0,14.0,14.0,14.0,14.0
10.5,10.5,10.5,10.5,10.5,10.5,10.5,10.5
10.5,10.5,10.5,10.5,10.5,10.5,10.5,10.5
10.5,10.5,10.5,10.5,10.5,10.5,10.5,10.5
10.5,10.5,10.5,10.5,10.5,10.5,10.5,10.5
5.3,5.3,5.3,5.3,5.3,5.3,5.3,5.3
5.3,5.3,5.3,5.3,5.3,5.3,5.3,5.3
5.3,5.3,5.3,5.3,5.3,5.3,5.3,5.3
5.3,5.3,5.3,5.3,5.3,5.3,5.3,5.3
0.0,0.0,0.0,0.0,0.0,0.0,0.0,0.0
0.0,0.0,0.0,0.0,0.0,0.0,0.0,0.0
0.0,0.0,0.0,0.0,0.0,0.0,0.0,0.0
0.0,0.0,0.0,0.0,0.0,0.0,0.0,0.0
0.0,0.0,0.0,0.0,0.0,0.0,0.0,0.0
0.0,0.0,0.0,0.0,0.0,0.0,0.0,0.0
0.0,0.0,0.0,0.0,0.0,0.0,0.0,0.0
0.0,0.0,0.0,0.0,0.0,0.0,0.0,0.0
0.0,0.0,0.0,0.0,0.0,0.0,0.0,0.0
0.0,0.0,0.0,0.0,0.0,0.0,0.0,0.0
0.0,0.0,0.0,0.0,0.0,0.0,0.0,0.0
0.0,0.0,0.0,0.0,0.0,0.0,0.0,0.0
0.0,0.0,0.0,0.0,0.0,0.0,0.0,0.0
0.0,0.0,0.0,0.0,0.0,0.0,0.0,0.0
0.0,0.0,0.0,0.0,0.0,0.0,0.0,0.0
0.0,0.0,0.0,0.0,0.0,0.0,0.0,0.0
0.0,0.0,0.0,0.0,0.0,0.0,0.0,0.0
0.0,0.0,0.0,0.0,0.0,0.0,0.0,0.0
0.0,0.0,0.0,0.0,0.0,0.0,0.0,0.0
0.0,0.0,0.0,0.0,0.0,0.0,0.0,0.0
0.0,0.0,0.0,0.0,0.0,0.0,0.0,0.0
0.0,0.0,0.0,0.0,0.0,0.0,0.0,0.0
0.0,0.0,0.0,0.0,0.0,0.0,0.0,0.0
0.0,0.0,0.0,0.0,0.0,0.0,0.0,0.0
0.0,0.0,0.0,0.0,0.0,0.0,0.0,0.0
0.0,0.0,0.0,0.0,0.0,0.0,0.0,0.0
0.0,0.0,0.0,0.0,0.0,0.0,0.0,0.0
0.0,0.0,0.0,0.0,0.0,0.0,0.0,0.0
0.0,0.0,0.0,0.0,0.0,0.0,0.0,0.0
0.0,0.0,0.0,0.0,0.0,0.0,0.0,0.0
0.0,0.0,0.0,0.0,0.0,0.0,0.0,0.0
0.0,0.0,0.0,0.0,0.0,0.0,0.0,0.0
0.0,0.0,0.0,0.0,0.0,0.0,0.0,0.0
0.0,0.0,0.0,0.0,0.0,0.0,0.0,0.0
0.0,0.0,0.0,0.0,0.0,0.0,0.0,0.0
0.0,0.0,0.0,0.0,0.0,0.0,0.0,0.0
0.0,0.0,0.0,0.0,0.0,0.0,0.0,0.0
0.0,0.0,0.0,0.0,0.0,0.0,0.0,0.0
0.0,0.0,0.0,0.0,0.0,0.0,0.0,0.0
0.0,0.0,0.0,0.0,0.0,0.0,0.0,0.0
0.0,0.0,0.0,0.0,0.0,0.0,0.0,0.0
0.0,0.0,0.0,0.0,0.0,0.0,0.0,0.0
0.0,0.0,0.0,0.0,0.0,0.0,0.0,0.0
0.0,0.0,0.0,0.0,0.0,0.0,0.0,0.0
0.0,0.0,0.0,0.0,0.0,0.0,0.0,0.0
0.0,0.0,0.0,0.0,0.0,0.0,0.0,0.0
0.0,0.0,0.0,0.0,0.0,0.0,0.0,0.0
0.0,0.0,0.0,0.0,0.0,0.0,0.0,0.0
0.0,0.0,0.0,0.0,0.0,0.0,0.0,0.0
0.0,0.0,0.0,0.0,0.0,0.0,0.0,0.0
0.0,0.0,0.0,0.0,0.0,0.0,0.0,0.0
0.0,0.0,0.0,0.0,0.0,0.0,0.0,0.0
0.0,0.0,0.0,0.0,0.0,0.0,0.0,0.0
0.0,0.0,0.0,0.0,0.0,0.0,0.0,0.0
0.0,0.0,0.0,0.0,0.0,0.0,0.0,0.0
0.0,0.0,0.0,0.0,0.0,0.0,0.0,0.0
0.0,0.0,0.0,0.0,0.0,0.0,0.0,0.0
0.0,0.0,0.0,0.0,0.0,0.0,0.0,0.0
0.0,0.0,0.0,0.0,0.0,0.0,0.0,0.0
0.0,0.0,0.0,0.0,0.0,0.0,0.0,0.0
0.0,0.0,0.0,0.0,0.0,0.0,0.0,0.0
0.0,0.0,0.0,0.0,0.0,0.0,0.0,0.0
0.0,0.0,0.0,0.0,0.0,0.0,0.0,0.0
0.0,0.0,0.0,0.0,0.0,0.0,0.0,0.0
0.0,0.0,0.0,0.0,0.0,0.0,0.0,0.0
0.0,0.0,0.0,0.0,0.0,0.0,0.0,0.0
0.0,0.0,0.0,0.0,0.0,0.0,0.0,0.0
0.0,0.0,0.0,0.0,0.0,0.0,0.0,0.0
4.4,4.4,4.4,4.4,4.4,4.4,4.4,4.4
4.4,4.4,4.4,4.4,4.4,4.4,4.4,4.4
4.4,4.4,4.4,4.4,4.4,4.4,4.4,4.4
4.4,4.4,4.4,4.4,4.4,4.4,4.4,4.4
8.7,8.7,8.7,8.7,8.7,8.7,8.7,8.7
8.7,8.7,8.7,8.7,8.7,8.7,8.7,8.7
8.7,8.7,8.7,8.7,8.7,8.7,8.7,8.7
8.7,8.7,8.7,8.7,8.7,8.7,8.7,8.7
9.6,9.6,9.6,9.6,9.6,9.6,9.6,9.6
9.6,9.6,9.6,9.6,9.6,9.6,9.6,9.6
9.6,9.6,9.6,9.6,9.6,9.6,9.6,9.6
9.6,9.6,9.6,9.6,9.6,9.6,9.6,9.6
9.6,9.6,9.6,9.6,9.6,9.6,9.6,9.6
9.6,9.6,9.6,9.6,9.6,9.6,9.6,9.6
9.6,9.6,9.6,9.6,9.6,9.6,9.6,9.6
9.6,9.6,9.6,9.6,9.6,9.6,9.6,9.6
8.7,8.7,8.7,8.7,8.7,8.7,8.7,8.7
8.7,8.7,8.7,8.7,8.7,8.7,8.7,8.7
8.7,8.7,8.7,8.7,8.7,8.7,8.7,8.7
8.7,8.7,8.7,8.7,8.7,8.7,8.7,8.7
6.9,6.9,6.9,6.9,6.9,6.9,6.9,6.9
6.9,6.9,6.9,6.9,6.9,6.9,6.9,6.9
6.9,6.9,6.9,6.9,6.9,6.9,6.9,6.9
6.9,6.9,6.9,6.9,6.9,6.9,6.9,6.9
5.2,5.2,5.2,5.2,5.2,5.2,5.2,5.2
5.2,5.2,5.2,5.2,5.2,5.2,5.2,5.2
5.2,5.2,5.2,5.2,5.2,5.2,5.2,5.2
5.2,5.2,5.2,5.2,5.2,5.2,5.2,5.2
0.0,0.0,0.0,0.0,0.0,0.0,0.0,0.0
0.0,0.0,0.0,0.0,0.0,0.0,0.0,0.0
0.0,0.0,0.0,0.0,0.0,0.0,0.0,0.0
0.0,0.0,0.0,0.0,0.0,0.0,0.0,0.0
0.0,0.0,0.0,0.0,0.0,0.0,0.0,0.0
0.0,0.0,0.0,0.0,0.0,0.0,0.0,0.0
0.0,0.0,0.0,0.0,0.0,0.0,0.0,0.0
0.0,0.0,0.0,0.0,0.0,0.0,0.0,0.0
0.0,0.0,0.0,0.0,0.0,0.0,0.0,0.0
0.0,0.0,0.0,0.0,0.0,0.0,0.0,0.0
0.0,0.0,0.0,0.0,0.0,0.0,0.0,0.0
0.0,0.0,0.0,0.0,0.0,0.0,0.0,0.0
0.0,0.0,0.0,0.0,0.0,0.0,0.0,0.0
0.0,0.0,0.0,0.0,0.0,0.0,0.0,0.0
0.0,0.0,0.0,0.0,0.0,0.0,0.0,0.0
0.0,0.0,0.0,0.0,0.0,0.0,0.0,0.0
0.0,0.0,0.0,0.0,0.0,0.0,0.0,0.0
0.0,0.0,0.0,0.0,0.0,0.0,0.0,0.0
0.0,0.0,0.0,0.0,0.0,0.0,0.0,0.0
0.0,0.0,0.0,0.0,0.0,0.0,0.0,0.0
0.0,0.0,0.0,0.0,0.0,0.0,0.0,0.0
0.0,0.0,0.0,0.0,0.0,0.0,0.0,0.0
0.0,0.0,0.0,0.0,0.0,0.0,0.0,0.0
0.0,0.0,0.0,0.0,0.0,0.0,0.0,0.0
0.0,0.0,0.0,0.0,0.0,0.0,0.0,0.0
0.0,0.0,0.0,0.0,0.0,0.0,0.0,0.0
0.0,0.0,0.0,0.0,0.0,0.0,0.0,0.0
0.0,0.0,0.0,0.0,0.0,0.0,0.0,0.0
0.0,0.0,0.0,0.0,0.0,0.0,0.0,0.0
0.0,0.0,0.0,0.0,0.0,0.0,0.0,0.0
0.0,0.0,0.0,0.0,0.0,0.0,0.0,0.0
0.0,0.0,0.0,0.0,0.0,0.0,0.0,0.0
0.0,0.0,0.0,0.0,0.0,0.0,0.0,0.0
0.0,0.0,0.0,0.0,0.0,0.0,0.0,0.0
0.0,0.0,0.0,0.0,0.0,0.0,0.0,0.0
0.0,0.0,0.0,0.0,0.0,0.0,0.0,0.0
0.0,0.0,0.0,0.0,0.0,0.0,0.0,0.0
0.0,0.0,0.0,0.0,0.0,0.0,0.0,0.0
0.0,0.0,0.0,0.0,0.0,0.0,0.0,0.0
0.0,0.0,0.0,0.0,0.0,0.0,0.0,0.0
0.0,0.0,0.0,0.0,0.0,0.0,0.0,0.0
0.0,0.0,0.0,0.0,0.0,0.0,0.0,0.0
0.0,0.0,0.0,0.0,0.0,0.0,0.0,0.0
0.0,0.0,0.0,0.0,0.0,0.0,0.0,0.0
0.0,0.0,0.0,0.0,0.0,0.0,0.0,0.0
0.0,0.0,0.0,0.0,0.0,0.0,0.0,0.0
0.0,0.0,0.0,0.0,0.0,0.0,0.0,0.0
0.0,0.0,0.0,0.0,0.0,0.0,0.0,0.0
0.0,0.0,0.0,0.0,0.0,0.0,0.0,0.0
0.0,0.0,0.0,0.0,0.0,0.0,0.0,0.0
0.0,0.0,0.0,0.0,0.0,0.0,0.0,0.0
0.0,0.0,0.0,0.0,0.0,0.0,0.0,0.0
0.0,0.0,0.0,0.0,0.0,0.0,0.0,0.0
0.0,0.0,0.0,0.0,0.0,0.0,0.0,0.0
0.0,0.0,0.0,0.0,0.0,0.0,0.0,0.0
0.0,0.0,0.0,0.0,0.0,0.0,0.0,0.0
0.0,0.0,0.0,0.0,0.0,0.0,0.0,0.0
0.0,0.0,0.0,0.0,0.0,0.0,0.0,0.0
0.0,0.0,0.0,0.0,0.0,0.0,0.0,0.0
0.0,0.0,0.0,0.0,0.0,0.0,0.0,0.0
0.0,0.0,0.0,0.0,0.0,0.0,0.0,0.0
0.0,0.0,0.0,0.0,0.0,0.0,0.0,0.0
0.0,0.0,0.0,0.0,0.0,0.0,0.0,0.0
0.0,0.0,0.0,0.0,0.0,0.0,0.0,0.0
0.0,0.0,0.0,0.0,0.0,0.0,0.0,0.0
0.0,0.0,0.0,0.0,0.0,0.0,0.0,0.0
0.0,0.0,0.0,0.0,0.0,0.0,0.0,0.0
0.0,0.0,0.0,0.0,0.0,0.0,0.0,0.0
0.0,0.0,0.0,0.0,0.0,0.0,0.0,0.0
0.0,0.0,0.0,0.0,0.0,0.0,0.0,0.0
0.0,0.0,0.0,0.0,0.0,0.0,0.0,0.0
0.0,0.0,0.0,0.0,0.0,0.0,0.0,0.0
55.5,55.5,55.5,55.5,55.5,55.5,55.5,55.5
55.5,55.5,55.5,55.5,55.5,55.5,55.5,55.5
55.5,55.5,55.5,55.5,55.5,55.5,55.5,55.5
55.5,55.5,55.5,55.5,55.5,55.5,55.5,55.5
13.0,13.0,13.0,13.0,13.0,13.0,13.0,13.0
13.0,13.0,13.0,13.0,13.0,13.0,13.0,13.0
13.0,13.0,13.0,13.0,13.0,13.0,13.0,13.0
13.0,13.0,13.0,13.0,13.0,13.0,13.0,13.0
14.6,14.6,14.6,14.6,14.6,14.6,14.6,14.6
14.6,14.6,14.6,14.6,14.6,14.6,14.6,14.6
14.6,14.6,14.6,14.6,14.6,14.6,14.6,14.6
14.6,14.6,14.6,14.6,14.6,14.6,14.6,14.6
13.8,13.8,13.8,13.8,13.8,13.8,13.8,13.8
13.8,13.8,13.8,13.8,13.8,13.8,13.8,13.8
13.8,13.8,13.8,13.8,13.8,13.8,13.8,13.8
13.8,13.8,13.8,13.8,13.8,13.8,13.8,13.8
10.3,10.3,10.3,10.3,10.3,10.3,10.3,10.3
10.3,10.3,10.3,10.3,10.3,10.3,10.3,10.3
10.3,10.3,10.3,10.3,10.3,10.3,10.3,10.3
10.3,10.3,10.3,10.3,10.3,10.3,10.3,10.3
85.1,64.0,171.0,63.2,98.5,87.4,692.6,75.5
85.1,64.0,171.0,63.2,98.5,87.4,692.6,75.5
85.1,64.0,171.0,63.2,98.5,87.4,692.6,75.5
85.1,64.0,171.0,63.2,98.5,87.4,123.2,75.5
0.0,0.0,0.0,0.0,0.0,0.0,0.0,0.0
0.0,0.0,0.0,0.0,0.0,0.0,0.0,0.0
0.0,0.0,0.0,0.0,0.0,0.0,0.0,0.0
0.0,0.0,0.0,0.0,0.0,0.0,0.0,0.0
0.0,0.0,0.0,0.0,0.0,0.0,0.0,0.0
0.0,0.0,0.0,0.0,0.0,0.0,0.0,0.0
0.0,0.0,0.0,0.0,0.0,0.0,0.0,0.0
0.0,0.0,0.0,0.0,0.0,0.0,0.0,0.0
0.0,0.0,0.0,0.0,0.0,0.0,0.0,0.0
0.0,0.0,0.0,0.0,0.0,0.0,0.0,0.0
0.0,0.0,0.0,0.0,0.0,0.0,0.0,0.0
0.0,0.0,0.0,0.0,0.0,0.0,0.0,0.0
0.0,0.0,0.0,0.0,0.0,0.0,0.0,0.0
0.0,0.0,0.0,0.0,0.0,0.0,0.0,0.0
0.0,0.0,0.0,0.0,0.0,0.0,0.0,0.0
0.0,0.0,0.0,0.0,0.0,0.0,0.0,0.0
0.0,0.0,0.0,0.0,0.0,0.0,0.0,0.0
0.0,0.0,0.0,0.0,0.0,0.0,0.0,0.0
0.0,0.0,0.0,0.0,0.0,0.0,0.0,0.0
0.0,0.0,0.0,0.0,0.0,0.0,0.0,0.0
0.0,0.0,0.0,0.0,0.0,0.0,0.0,0.0
0.0,0.0,0.0,0.0,0.0,0.0,0.0,0.0
0.0,0.0,0.0,0.0,0.0,0.0,0.0,0.0
0.0,0.0,0.0,0.0,0.0,0.0,0.0,0.0
0.0,0.0,0.0,0.0,0.0,0.0,0.0,0.0
0.0,0.0,0.0,0.0,0.0,0.0,0.0,0.0
0.0,0.0,0.0,0.0,0.0,0.0,0.0,0.0
0.0,0.0,0.0,0.0,0.0,0.0,0.0,0.0
0.0,0.0,0.0,0.0,0.0,0.0,0.0,0.0
0.0,0.0,0.0,0.0,0.0,0.0,0.0,0.0
0.0,0.0,0.0,0.0,0.0,0.0,0.0,0.0
0.0,0.0,0.0,0.0,0.0,0.0,0.0,0.0
0.0,0.0,0.0,0.0,0.0,0.0,0.0,0.0
0.0,0.0,0.0,0.0,0.0,0.0,0.0,0.0
0.0,0.0,0.0,0.0,0.0,0.0,0.0,0.0
0.0,0.0,0.0,0.0,0.0,0.0,0.0,0.0
0.0,0.0,0.0,0.0,0.0,0.0,0.0,0.0
0.0,0.0,0.0,0.0,0.0,0.0,0.0,0.0
0.0,0.0,0.0,0.0,0.0,0.0,0.0,0.0
0.0,0.0,0.0,0.0,0.0,0.0,0.0,0.0
0.0,0.0,0.0,0.0,0.0,0.0,0.0,0.0
0.0,0.0,0.0,0.0,0.0,0.0,0.0,0.0
0.0,0.0,0.0,0.0,0.0,0.0,0.0,0.0
0.0,0.0,0.0,0.0,0.0,0.0,0.0,0.0
0.0,0.0,0.0,0.0,0.0,0.0,0.0,0.0
0.0,0.0,0.0,0.0,0.0,0.0,0.0,0.0
0.0,0.0,0.0,0.0,0.0,0.0,0.0,0.0
0.0,0.0,0.0,0.0,0.0,0.0,0.0,0.0
0.0,0.0,0.0,0.0,0.0,0.0,0.0,0.0
0.0,0.0,0.0,0.0,0.0,0.0,0.0,0.0
0.0,0.0,0.0,0.0,0.0,0.0,0.0,0.0
0.0,0.0,0.0,0.0,0.0,0.0,0.0,0.0
0.0,0.0,0.0,0.0,0.0,0.0,0.0,0.0
0.0,0.0,0.0,0.0,0.0,0.0,0.0,0.0
0.0,0.0,0.0,0.0,0.0,0.0,0.0,0.0
0.0,0.0,0.0,0.0,0.0,0.0,0.0,0.0
0.0,0.0,0.0,0.0,0.0,0.0,0.0,0.0
0.0,0.0,0.0,0.0,0.0,0.0,0.0,0.0
0.0,0.0,0.0,0.0,0.0,0.0,0.0,0.0
0.0,0.0,0.0,0.0,0.0,0.0,0.0,0.0
0.0,0.0,0.0,0.0,0.0,0.0,0.0,0.0
0.0,0.0,0.0,0.0,0.0,0.0,0.0,0.0
0.0,0.0,0.0,0.0,0.0,0.0,0.0,0.0
0.0,0.0,0.0,0.0,0.0,0.0,0.0,0.0
0.0,0.0,0.0,0.0,0.0,0.0,0.0,0.0
0.0,0.0,0.0,0.0,0.0,0.0,0.0,0.0
0.0,0.0,0.0,0.0,0.0,0.0,0.0,0.0
0.0,0.0,0.0,0.0,0.0,0.0,0.0,0.0
0.0,0.0,0.0,0.0,0.0,0.0,0.0,0.0
0.0,0.0,0.0,0.0,0.0,0.0,0.0,0.0
0.0,0.0,0.0,0.0,0.0,0.0,0.0,0.0
0.0,0.0,0.0,0.0,0.0,0.0,0.0,0.0
47.5,47.5,47.5,47.5,47.5,47.5,47.5,47.5
47.5,47.5,47.5,47.5,47.5,47.5,47.5,47.5
47.5,47.5,47.5,47.5,47.5,47.5,47.5,47.5
47.5,47.5,47.5,47.5,47.5,47.5,47.5,47.5
81.4,61.0,163.0,59.8,92.1,84.4,117.7,71.2
81.4,61.0,163.0,59.8,92.1,84.4,117.7,71.2
81.4,61.0,163.0,59.8,92.1,84.4,117.7,71.2
752.1,261.0,163.0,59.8,92.1,84.4,117.7,71.2
84.5,118.4,102.8,62.7,90.8,86.9,94.9,74.8
84.5,63.5,139.2,62.7,94.4,86.9,109.8,74.8
84.5,63.5,139.2,62.7,94.4,86.9,109.8,74.8
131.8,63.5,92.6,85.6,89.8,86.9,90.8,74.8
86.4,169.6,173.6,64.4,100.6,88.5,125.0,77.0
86.4,169.6,173.6,64.4,273.5,88.5,125.0,77.0
86.4,169.6,173.6,64.4,273.5,107.0,125.0,77.0
86.4,65.0,522.7,64.4,100.6,107.0,125.0,77.0
84.5,63.5,283.2,62.7,97.4,105.5,114.1,74.8
84.5,63.5,169.6,62.7,97.4,86.9,122.2,74.8
84.5,63.5,169.6,62.7,97.4,86.9,122.2,74.8
84.5,63.5,169.6,62.7,97.4,86.9,122.2,74.8
13.8,13.8,13.8,13.8,13.8,13.8,13.8,13.8
13.8,13.8,13.8,13.8,13.8,13.8,13.8,13.8
13.8,13.8,13.8,13.8,13.8,13.8,13.8,13.8
13.8,13.8,13.8,13.8,13.8,13.8,13.8,13.8
0.0,0.0,0.0,0.0,0.0,0.0,0.0,0.0
0.0,0.0,0.0,0.0,0.0,0.0,0.0,0.0
0.0,0.0,0.0,0.0,0.0,0.0,0.0,0.0
0.0,0.0,0.0,0.0,0.0,0.0,0.0,0.0
0.0,0.0,0.0,0.0,0.0,0.0,0.0,0.0
0.0,0.0,0.0,0.0,0.0,0.0,0.0,0.0
0.0,0.0,0.0,0.0,0.0,0.0,0.0,0.0
0.0,0.0,0.0,0.0,0.0,0.0,0.0,0.0
0.0,0.0,0.0,0.0,0.0,0.0,0.0,0.0
0.0,0.0,0.0,0.0,0.0,0.0,0.0,0.0
0.0,0.0,0.0,0.0,0.0,0.0,0.0,0.0
0.0,0.0,0.0,0.0,0.0,0.0,0.0,0.0
0.0,0.0,0.0,0.0,0.0,0.0,0.0,0.0
0.0,0.0,0.0,0.0,0.0,0.0,0.0,0.0
0.0,0.0,0.0,0.0,0.0,0.0,0.0,0.0
0.0,0.0,0.0,0.0,0.0,0.0,0.0,0.0
0.0,0.0,0.0,0.0,0.0,0.0,0.0,0.0
0.0,0.0,0.0,0.0,0.0,0.0,0.0,0.0
0.0,0.0,0.0,0.0,0.0,0.0,0.0,0.0
0.0,0.0,0.0,0.0,0.0,0.0,0.0,0.0
0.0,0.0,0.0,0.0,0.0,0.0,0.0,0.0
0.0,0.0,0.0,0.0,0.0,0.0,0.0,0.0
0.0,0.0,0.0,0.0,0.0,0.0,0.0,0.0
0.0,0.0,0.0,0.0,0.0,0.0,0.0,0.0
0.0,0.0,0.0,0.0,0.0,0.0,0.0,0.0
0.0,0.0,0.0,0.0,0.0,0.0,0.0,0.0
0.0,0.0,0.0,0.0,0.0,0.0,0.0,0.0
0.0,0.0,0.0,0.0,0.0,0.0,0.0,0.0
0.0,0.0,0.0,0.0,0.0,0.0,0.0,0.0
0.0,0.0,0.0,0.0,0.0,0.0,0.0,0.0
0.0,0.0,0.0,0.0,0.0,0.0,0.0,0.0
0.0,0.0,0.0,0.0,0.0,0.0,0.0,0.0
0.0,0.0,0.0,0.0,0.0,0.0,0.0,0.0
0.0,0.0,0.0,0.0,0.0,0.0,0.0,0.0
0.0,0.0,0.0,0.0,0.0,0.0,0.0,0.0
0.0,0.0,0.0,0.0,0.0,0.0,0.0,0.0
0.0,0.0,0.0,0.0,0.0,0.0,0.0,0.0
0.0,0.0,0.0,0.0,0.0,0.0,0.0,0.0
0.0,0.0,0.0,0.0,0.0,0.0,0.0,0.0
0.0,0.0,0.0,0.0,0.0,0.0,0.0,0.0
0.0,0.0,0.0,0.0,0.0,0.0,0.0,0.0
0.0,0.0,0.0,0.0,0.0,0.0,0.0,0.0
0.0,0.0,0.0,0.0,0.0,0.0,0.0,0.0
0.0,0.0,0.0,0.0,0.0,0.0,0.0,0.0
0.0,0.0,0.0,0.0,0.0,0.0,0.0,0.0
0.0,0.0,0.0,0.0,0.0,0.0,0.0,0.0
0.0,0.0,0.0,0.0,0.0,0.0,0.0,0.0
0.0,0.0,0.0,0.0,0.0,0.0,0.0,0.0
0.0,0.0,0.0,0.0,0.0,0.0,0.0,0.0
0.0,0.0,0.0,0.0,0.0,0.0,0.0,0.0
0.0,0.0,0.0,0.0,0.0,0.0,0.0,0.0
0.0,0.0,0.0,0.0,0.0,0.0,0.0,0.0
0.0,0.0,0.0,0.0,0.0,0.0,0.0,0.0
0.0,0.0,0.0,0.0,0.0,0.0,0.0,0.0
0.0,0.0,0.0,0.0,0.0,0.0,0.0,0.0
0.0,0.0,0.0,0.0,0.0,0.0,0.0,0.0
0.0,0.0,0.0,0.0,0.0,0.0,0.0,0.0
0.0,0.0,0.0,0.0,0.0,0.0,0.0,0.0
0.0,0.0,0.0,0.0,0.0,0.0,0.0,0.0
0.0,0.0,0.0,0.0,0.0,0.0,0.0,0.0
0.0,0.0,0.0,0.0,0.0,0.0,0.0,0.0
0.0,0.0,0.0,0.0,0.0,0.0,0.0,0.0
0.0,0.0,0.0,0.0,0.0,0.0,0.0,0.0
0.0,0.0,0.0,0.0,0.0,0.0,0.0,0.0
0.0,0.0,0.0,0.0,0.0,0.0,0.0,0.0
0.0,0.0,0.0,0.0,0.0,0.0,0.0,0.0
0.0,0.0,0.0,0.0,0.0,0.0,0.0,0.0
0.0,0.0,0.0,0.0,0.0,0.0,0.0,0.0
4.3,4.3,4.3,4.3,4.3,4.3,4.3,4.3
4.3,4.3,4.3,4.3,4.3,4.3,4.3,4.3
4.3,4.3,4.3,4.3,4.3,4.3,4.3,4.3
4.3,4.3,4.3,4.3,4.3,4.3,4.3,4.3
6.1,6.1,6.1,6.1,6.1,6.1,6.1,6.1
6.1,6.1,6.1,6.1,6.1,6.1,6.1,6.1
6.1,6.1,6.1,6.1,6.1,6.1,6.1,6.1
6.1,6.1,6.1,6.1,6.1,6.1,6.1,6.1
7.8,7.8,7.8,7.8,7.8,7.8,7.8,7.8
7.8,7.8,7.8,7.8,7.8,7.8,7.8,7.8
7.8,7.8,7.8,7.8,7.8,7.8,7.8,7.8
7.8,7.8,7.8,7.8,7.8,7.8,7.8,7.8
7.8,7.8,7.8,7.8,7.8,7.8,7.8,7.8
7.8,7.8,7.8,7.8,7.8,7.8,7.8,7.8
7.8,7.8,7.8,7.8,7.8,7.8,7.8,7.8
7.8,7.8,7.8,7.8,7.8,7.8,7.8,7.8
9.5,9.5,9.5,9.5,9.5,9.5,9.5,9.5
9.5,9.5,9.5,9.5,9.5,9.5,9.5,9.5
9.5,9.5,9.5,9.5,9.5,9.5,9.5,9.5
9.5,9.5,9.5,9.5,9.5,9.5,9.5,9.5
7.8,7.8,7.8,7.8,7.8,7.8,7.8,7.8
7.8,7.8,7.8,7.8,7.8,7.8,7.8,7.8
7.8,7.8,7.8,7.8,7.8,7.8,7.8,7.8
7.8,7.8,7.8,7.8,7.8,7.8,7.8,7.8
5.2,5.2,5.2,5.2,5.2,5.2,5.2,5.2
5.2,5.2,5.2,5.2,5.2,5.2,5.2,5.2
5.2,5.2,5.2,5.2,5.2,5.2,5.2,5.2
5.2,5.2,5.2,5.2,5.2,5.2,5.2,5.2
0.0,0.0,0.0,0.0,0.0,0.0,0.0,0.0
0.0,0.0,0.0,0.0,0.0,0.0,0.0,0.0
0.0,0.0,0.0,0.0,0.0,0.0,0.0,0.0
0.0,0.0,0.0,0.0,0.0,0.0,0.0,0.0
0.0,0.0,0.0,0.0,0.0,0.0,0.0,0.0
0.0,0.0,0.0,0.0,0.0,0.0,0.0,0.0
0.0,0.0,0.0,0.0,0.0,0.0,0.0,0.0
0.0,0.0,0.0,0.0,0.0,0.0,0.0,0.0
0.0,0.0,0.0,0.0,0.0,0.0,0.0,0.0
0.0,0.0,0.0,0.0,0.0,0.0,0.0,0.0
0.0,0.0,0.0,0.0,0.0,0.0,0.0,0.0
0.0,0.0,0.0,0.0,0.0,0.0,0.0,0.0
0.0,0.0,0.0,0.0,0.0,0.0,0.0,0.0
0.0,0.0,0.0,0.0,0.0,0.0,0.0,0.0
0.0,0.0,0.0,0.0,0.0,0.0,0.0,0.0
0.0,0.0,0.0,0.0,0.0,0.0,0.0,0.0
0.0,0.0,0.0,0.0,0.0,0.0,0.0,0.0
0.0,0.0,0.0,0.0,0.0,0.0,0.0,0.0
0.0,0.0,0.0,0.0,0.0,0.0,0.0,0.0
0.0,0.0,0.0,0.0,0.0,0.0,0.0,0.0
0.0,0.0,0.0,0.0,0.0,0.0,0.0,0.0
0.0,0.0,0.0,0.0,0.0,0.0,0.0,0.0
0.0,0.0,0.0,0.0,0.0,0.0,0.0,0.0
0.0,0.0,0.0,0.0,0.0,0.0,0.0,0.0
0.0,0.0,0.0,0.0,0.0,0.0,0.0,0.0
0.0,0.0,0.0,0.0,0.0,0.0,0.0,0.0
0.0,0.0,0.0,0.0,0.0,0.0,0.0,0.0
0.0,0.0,0.0,0.0,0.0,0.0,0.0,0.0
0.0,0.0,0.0,0.0,0.0,0.0,0.0,0.0
0.0,0.0,0.0,0.0,0.0,0.0,0.0,0.0
0.0,0.0,0.0,0.0,0.0,0.0,0.0,0.0
0.0,0.0,0.0,0.0,0.0,0.0,0.0,0.0
0.0,0.0,0.0,0.0,0.0,0.0,0.0,0.0
0.0,0.0,0.0,0.0,0.0,0.0,0.0,0.0
0.0,0.0,0.0,0.0,0.0,0.0,0.0,0.0
0.0,0.0,0.0,0.0,0.0,0.0,0.0,0.0
0.0,0.0,0.0,0.0,0.0,0.0,0.0,0.0
0.0,0.0,0.0,0.0,0.0,0.0,0.0,0.0
0.0,0.0,0.0,0.0,0.0,0.0,0.0,0.0
0.0,0.0,0.0,0.0,0.0,0.0,0.0,0.0
0.0,0.0,0.0,0.0,0.0,0.0,0.0,0.0
0.0,0.0,0.0,0.0,0.0,0.0,0.0,0.0
0.0,0.0,0.0,0.0,0.0,0.0,0.0,0.0
0.0,0.0,0.0,0.0,0.0,0.0,0.0,0.0
0.0,0.0,0.0,0.0,0.0,0.0,0.0,0.0
0.0,0.0,0.0,0.0,0.0,0.0,0.0,0.0
0.0,0.0,0.0,0.0,0.0,0.0,0.0,0.0
0.0,0.0,0.0,0.0,0.0,0.0,0.0,0.0
0.0,0.0,0.0,0.0,0.0,0.0,0.0,0.0
0.0,0.0,0.0,0.0,0.0,0.0,0.0,0.0
0.0,0.0,0.0,0.0,0.0,0.0,0.0,0.0
0.0,0.0,0.0,0.0,0.0,0.0,0.0,0.0
0.0,0.0,0.0,0.0,0.0,0.0,0.0,0.0
0.0,0.0,0.0,0.0,0.0,0.0,0.0,0.0
0.0,0.0,0.0,0.0,0.0,0.0,0.0,0.0
0.0,0.0,0.0,0.0,0.0,0.0,0.0,0.0
0.0,0.0,0.0,0.0,0.0,0.0,0.0,0.0
0.0,0.0,0.0,0.0,0.0,0.0,0.0,0.0
0.0,0.0,0.0,0.0,0.0,0.0,0.0,0.0
0.0,0.0,0.0,0.0,0.0,0.0,0.0,0.0
0.0,0.0,0.0,0.0,0.0,0.0,0.0,0.0
0.0,0.0,0.0,0.0,0.0,0.0,0.0,0.0
0.0,0.0,0.0,0.0,0.0,0.0,0.0,0.0
0.0,0.0,0.0,0.0,0.0,0.0,0.0,0.0
0.0,0.0,0.0,0.0,0.0,0.0,0.0,0.0
0.0,0.0,0.0,0.0,0.0,0.0,0.0,0.0
0.0,0.0,0.0,0.0,0.0,0.0,0.0,0.0
0.0,0.0,0.0,0.0,0.0,0.0,0.0,0.0
4.3,4.3,4.3,4.3,4.3,4.3,4.3,4.3
4.3,4.3,4.3,4.3,4.3,4.3,4.3,4.3
4.3,4.3,4.3,4.3,4.3,4.3,4.3,4.3
4.3,4.3,4.3,4.3,4.3,4.3,4.3,4.3
6.8,6.8,6.8,6.8,6.8,6.8,6.8,6.8
6.8,6.8,6.8,6.8,6.8,6.8,6.8,6.8
6.8,6.8,6.8,6.8,6.8,6.8,6.8,6.8
6.8,6.8,6.8,6.8,6.8,6.8,6.8,6.8
8.5,8.5,8.5,8.5,8.5,8.5,8.5,8.5
8.5,8.5,8.5,8.5,8.5,8.5,8.5,8.5
8.5,8.5,8.5,8.5,8.5,8.5,8.5,8.5
8.5,8.5,8.5,8.5,8.5,8.5,8.5,8.5
63.3,63.3,63.4,62.7,63.5,63.3,63.4,63.3
63.7,63.3,63.3,62.7,63.3,63.3,63.3,63.3
63.7,63.3,63.3,62.7,63.3,63.3,63.3,63.3
63.6,63.3,63.3,62.7,63.3,63.3,63.4,63.3
727.4,65.0,173.6,64.4,100.6,88.5,281.6,77.0
86.4,65.0,173.6,64.4,100.6,88.5,281.6,77.0
86.4,65.0,173.6,64.4,100.6,88.5,125.0,77.0
86.4,221.9,173.6,64.4,100.6,88.5,125.0,77.0
634.6,184.0,199.3,62.7,97.4,86.9,122.2,74.8
84.5,63.5,694.0,62.7,97.4,86.9,122.2,74.8
84.5,763.7,169.6,62.7,97.4,86.9,122.2,74.8
84.5,763.7,169.6,62.7,97.4,86.9,122.2,74.8
85.1,253.9,123.3,63.2,98.5,87.4,114.6,75.5
85.1,253.9,123.3,63.2,98.5,87.4,114.6,75.5
85.1,253.9,123.3,63.2,98.5,87.4,114.6,75.5
85.1,253.9,123.3,63.2,98.5,87.4,114.6,75.5
0.0,0.0,0.0,0.0,0.0,0.0,0.0,0.0
0.0,0.0,0.0,0.0,0.0,0.0,0.0,0.0
0.0,0.0,0.0,0.0,0.0,0.0,0.0,0.0
0.0,0.0,0.0,0.0,0.0,0.0,0.0,0.0
0.0,0.0,0.0,0.0,0.0,0.0,0.0,0.0
0.0,0.0,0.0,0.0,0.0,0.0,0.0,0.0
0.0,0.0,0.0,0.0,0.0,0.0,0.0,0.0
0.0,0.0,0.0,0.0,0.0,0.0,0.0,0.0
0.0,0.0,0.0,0.0,0.0,0.0,0.0,0.0
0.0,0.0,0.0,0.0,0.0,0.0,0.0,0.0
0.0,0.0,0.0,0.0,0.0,0.0,0.0,0.0
0.0,0.0,0.0,0.0,0.0,0.0,0.0,0.0
0.0,0.0,0.0,0.0,0.0,0.0,0.0,0.0
0.0,0.0,0.0,0.0,0.0,0.0,0.0,0.0
0.0,0.0,0.0,0.0,0.0,0.0,0.0,0.0
0.0,0.0,0.0,0.0,0.0,0.0,0.0,0.0
0.0,0.0,0.0,0.0,0.0,0.0,0.0,0.0
0.0,0.0,0.0,0.0,0.0,0.0,0.0,0.0
0.0,0.0,0.0,0.0,0.0,0.0,0.0,0.0
0.0,0.0,0.0,0.0,0.0,0.0,0.0,0.0
0.0,0.0,0.0,0.0,0.0,0.0,0.0,0.0
0.0,0.0,0.0,0.0,0.0,0.0,0.0,0.0
0.0,0.0,0.0,0.0,0.0,0.0,0.0,0.0
0.0,0.0,0.0,0.0,0.0,0.0,0.0,0.0
0.0,0.0,0.0,0.0,0.0,0.0,0.0,0.0
0.0,0.0,0.0,0.0,0.0,0.0,0.0,0.0
0.0,0.0,0.0,0.0,0.0,0.0,0.0,0.0
0.0,0.0,0.0,0.0,0.0,0.0,0.0,0.0
0.0,0.0,0.0,0.0,0.0,0.0,0.0,0.0
0.0,0.0,0.0,0.0,0.0,0.0,0.0,0.0
0.0,0.0,0.0,0.0,0.0,0.0,0.0,0.0
0.0,0.0,0.0,0.0,0.0,0.0,0.0,0.0
0.0,0.0,0.0,0.0,0.0,0.0,0.0,0.0
0.0,0.0,0.0,0.0,0.0,0.0,0.0,0.0
0.0,0.0,0.0,0.0,0.0,0.0,0.0,0.0
0.0,0.0,0.0,0.0,0.0,0.0,0.0,0.0
0.0,0.0,0.0,0.0,0.0,0.0,0.0,0.0
0.0,0.0,0.0,0.0,0.0,0.0,0.0,0.0
0.0,0.0,0.0,0.0,0.0,0.0,0.0,0.0
0.0,0.0,0.0,0.0,0.0,0.0,0.0,0.0
0.0,0.0,0.0,0.0,0.0,0.0,0.0,0.0
0.0,0.0,0.0,0.0,0.0,0.0,0.0,0.0
0.0,0.0,0.0,0.0,0.0,0.0,0.0,0.0
0.0,0.0,0.0,0.0,0.0,0.0,0.0,0.0
0.0,0.0,0.0,0.0,0.0,0.0,0.0,0.0
0.0,0.0,0.0,0.0,0.0,0.0,0.0,0.0
0.0,0.0,0.0,0.0,0.0,0.0,0.0,0.0
0.0,0.0,0.0,0.0,0.0,0.0,0.0,0.0
0.0,0.0,0.0,0.0,0.0,0.0,0.0,0.0
0.0,0.0,0.0,0.0,0.0,0.0,0.0,0.0
0.0,0.0,0.0,0.0,0.0,0.0,0.0,0.0
0.0,0.0,0.0,0.0,0.0,0.0,0.0,0.0
0.0,0.0,0.0,0.0,0.0,0.0,0.0,0.0
0.0,0.0,0.0,0.0,0.0,0.0,0.0,0.0
0.0,0.0,0.0,0.0,0.0,0.0,0.0,0.0
0.0,0.0,0.0,0.0,0.0,0.0,0.0,0.0
0.0,0.0,0.0,0.0,0.0,0.0,0.0,0.0
0.0,0.0,0.0,0.0,0.0,0.0,0.0,0.0
0.0,0.0,0.0,0.0,0.0,0.0,0.0,0.0
0.0,0.0,0.0,0.0,0.0,0.0,0.0,0.0
0.0,0.0,0.0,0.0,0.0,0.0,0.0,0.0
0.0,0.0,0.0,0.0,0.0,0.0,0.0,0.0
0.0,0.0,0.0,0.0,0.0,0.0,0.0,0.0
0.0,0.0,0.0,0.0,0.0,0.0,0.0,0.0
0.0,0.0,0.0,0.0,0.0,0.0,0.0,0.0
0.0,0.0,0.0,0.0,0.0,0.0,0.0,0.0
0.0,0.0,0.0,0.0,0.0,0.0,0.0,0.0
0.0,0.0,0.0,0.0,0.0,0.0,0.0,0.0
0.0,0.0,0.0,0.0,0.0,0.0,0.0,0.0
0.0,0.0,0.0,0.0,0.0,0.0,0.0,0.0
0.0,0.0,0.0,0.0,0.0,0.0,0.0,0.0
0.0,0.0,0.0,0.0,0.0,0.0,0.0,0.0
29.3,29.3,29.3,29.3,29.3,29.3,29.3,29.3
29.3,29.3,29.3,29.3,29.3,29.3,29.3,29.3
29.3,29.3,29.3,29.3,29.3,29.3,29.3,29.3
29.3,29.3,29.3,29.3,29.3,29.3,29.3,29.3
81.4,61.0,163.0,59.8,92.1,84.4,117.7,71.2
81.4,61.0,163.0,59.8,92.1,84.4,117.7,71.2
81.4,61.0,163.0,59.8,92.1,84.4,117.7,71.2
81.4,61.0,163.0,59.8,92.1,84.4,117.7,71.2
84.5,63.5,169.6,62.7,97.4,86.9,122.2,74.8
84.5,63.5,169.6,62.7,97.4,86.9,122.2,74.8
84.5,63.5,119.0,62.7,313.8,86.9,115.5,74.8
84.5,63.5,118.9,70.3,306.3,86.9,115.5,74.8
77.5,79.7,79.2,72.0,77.7,77.5,78.1,77.0
77.5,79.8,79.0,72.0,77.7,77.5,78.1,77.0
78.6,65.0,90.5,64.4,80.5,78.8,83.8,77.0
78.6,65.0,90.5,64.4,80.5,78.8,83.8,77.0
56.8,56.8,56.8,56.8,56.8,56.8,56.8,56.8
56.8,56.8,56.8,56.8,56.8,56.8,56.8,56.8
56.8,56.8,56.8,56.8,56.8,56.8,56.8,56.8
56.8,56.8,56.8,56.8,56.8,56.8,56.8,56.8
31.2,31.2,31.2,31.2,31.2,31.2,31.2,31.2
31.2,31.2,31.2,31.2,31.2,31.2,31.2,31.2
31.2,31.2,31.2,31.2,31.2,31.2,31.2,31.2
31.2,31.2,31.2,31.2,31.2,31.2,31.2,31.2
0.0,0.0,0.0,0.0,0.0,0.0,0.0,0.0
0.0,0.0,0.0,0.0,0.0,0.0,0.0,0.0
0.0,0.0,0.0,0.0,0.0,0.0,0.0,0.0
0.0,0.0,0.0,0.0,0.0,0.0,0.0,0.0
0.0,0.0,0.0,0.0,0.0,0.0,0.0,0.0
0.0,0.0,0.0,0.0,0.0,0.0,0.0,0.0
0.0,0.0,0.0,0.0,0.0,0.0,0.0,0.0
0.0,0.0,0.0,0.0,0.0,0.0,0.0,0.0
0.0,0.0,0.0,0.0,0.0,0.0,0.0,0.0
0.0,0.0,0.0,0.0,0.0,0.0,0.0,0.0
0.0,0.0,0.0,0.0,0.0,0.0,0.0,0.0
0.0,0.0,0.0,0.0,0.0,0.0,0.0,0.0
0.0,0.0,0.0,0.0,0.0,0.0,0.0,0.0
0.0,0.0,0.0,0.0,0.0,0.0,0.0,0.0
0.0,0.0,0.0,0.0,0.0,0.0,0.0,0.0
0.0,0.0,0.0,0.0,0.0,0.0,0.0,0.0
0.0,0.0,0.0,0.0,0.0,0.0,0.0,0.0
0.0,0.0,0.0,0.0,0.0,0.0,0.0,0.0
0.0,0.0,0.0,0.0,0.0,0.0,0.0,0.0
0.0,0.0,0.0,0.0,0.0,0.0,0.0,0.0
0.0,0.0,0.0,0.0,0.0,0.0,0.0,0.0
0.0,0.0,0.0,0.0,0.0,0.0,0.0,0.0
0.0,0.0,0.0,0.0,0.0,0.0,0.0,0.0
0.0,0.0,0.0,0.0,0.0,0.0,0.0,0.0
0.0,0.0,0.0,0.0,0.0,0.0,0.0,0.0
0.0,0.0,0.0,0.0,0.0,0.0,0.0,0.0
0.0,0.0,0.0,0.0,0.0,0.0,0.0,0.0
0.0,0.0,0.0,0.0,0.0,0.0,0.0,0.0
0.0,0.0,0.0,0.0,0.0,0.0,0.0,0.0
0.0,0.0,0.0,0.0,0.0,0.0,0.0,0.0
0.0,0.0,0.0,0.0,0.0,0.0,0.0,0.0
0.0,0.0,0.0,0.0,0.0,0.0,0.0,0.0
0.0,0.0,0.0,0.0,0.0,0.0,0.0,0.0
0.0,0.0,0.0,0.0,0.0,0.0,0.0,0.0
0.0,0.0,0.0,0.0,0.0,0.0,0.0,0.0
0.0,0.0,0.0,0.0,0.0,0.0,0.0,0.0
0.0,0.0,0.0,0.0,0.0,0.0,0.0,0.0
0.0,0.0,0.0,0.0,0.0,0.0,0.0,0.0
0.0,0.0,0.0,0.0,0.0,0.0,0.0,0.0
0.0,0.0,0.0,0.0,0.0,0.0,0.0,0.0
0.0,0.0,0.0,0.0,0.0,0.0,0.0,0.0
0.0,0.0,0.0,0.0,0.0,0.0,0.0,0.0
0.0,0.0,0.0,0.0,0.0,0.0,0.0,0.0
0.0,0.0,0.0,0.0,0.0,0.0,0.0,0.0
0.0,0.0,0.0,0.0,0.0,0.0,0.0,0.0
0.0,0.0,0.0,0.0,0.0,0.0,0.0,0.0
0.0,0.0,0.0,0.0,0.0,0.0,0.0,0.0
0.0,0.0,0.0,0.0,0.0,0.0,0.0,0.0
0.0,0.0,0.0,0.0,0.0,0.0,0.0,0.0
0.0,0.0,0.0,0.0,0.0,0.0,0.0,0.0
0.0,0.0,0.0,0.0,0.0,0.0,0.0,0.0
0.0,0.0,0.0,0.0,0.0,0.0,0.0,0.0
0.0,0.0,0.0,0.0,0.0,0.0,0.0,0.0
0.0,0.0,0.0,0.0,0.0,0.0,0.0,0.0
0.0,0.0,0.0,0.0,0.0,0.0,0.0,0.0
0.0,0.0,0.0,0.0,0.0,0.0,0.0,0.0
0.0,0.0,0.0,0.0,0.0,0.0,0.0,0.0
0.0,0.0,0.0,0.0,0.0,0.0,0.0,0.0
0.0,0.0,0.0,0.0,0.0,0.0,0.0,0.0
0.0,0.0,0.0,0.0,0.0,0.0,0.0,0.0
0.0,0.0,0.0,0.0,0.0,0.0,0.0,0.0
0.0,0.0,0.0,0.0,0.0,0.0,0.0,0.0
0.0,0.0,0.0,0.0,0.0,0.0,0.0,0.0
0.0,0.0,0.0,0.0,0.0,0.0,0.0,0.0
0.0,0.0,0.0,0.0,0.0,0.0,0.0,0.0
0.0,0.0,0.0,0.0,0.0,0.0,0.0,0.0
0.0,0.0,0.0,0.0,0.0,0.0,0.0,0.0
0.0,0.0,0.0,0.0,0.0,0.0,0.0,0.0
5.2,5.2,5.2,5.2,5.2,5.2,5.2,5.2
5.2,5.2,5.2,5.2,5.2,5.2,5.2,5.2
5.2,5.2,5.2,5.2,5.2,5.2,5.2,5.2
5.2,5.2,5.2,5.2,5.2,5.2,5.2,5.2
7.7,7.7,7.7,7.7,7.7,7.7,7.7,7.7
7.7,7.7,7.7,7.7,7.7,7.7,7.7,7.7
7.7,7.7,7.7,7.7,7.7,7.7,7.7,7.7
7.7,7.7,7.7,7.7,7.7,7.7,7.7,7.7
9.4,9.4,9.4,9.4,9.4,9.4,9.4,9.4
9.4,9.4,9.4,9.4,9.4,9.4,9.4,9.4
9.4,9.4,9.4,9.4,9.4,9.4,9.4,9.4
9.4,9.4,9.4,9.4,9.4,9.4,9.4,9.4
7.7,7.7,7.7,7.7,7.7,7.7,7.7,7.7
7.7,7.7,7.7,7.7,7.7,7.7,7.7,7.7
7.7,7.7,7.7,7.7,7.7,7.7,7.7,7.7
7.7,7.7,7.7,7.7,7.7,7.7,7.7,7.7
17.9,17.9,17.9,17.9,17.9,17.9,17.9,17.9
17.9,17.9,17.9,17.9,17.9,17.9,17.9,17.9
17.9,17.9,17.9,17.9,17.9,17.9,17.9,17.9
17.9,17.9,17.9,17.9,17.9,17.9,17.9,17.9
13.6,13.6,13.6,13.6,13.6,13.6,13.6,13.6
13.6,13.6,13.6,13.6,13.6,13.6,13.6,13.6
13.6,13.6,13.6,13.6,13.6,13.6,13.6,13.6
13.6,13.6,13.6,13.6,13.6,13.6,13.6,13.6
8.5,8.5,8.5,8.5,8.5,8.5,8.5,8.5
8.5,8.5,8.5,8.5,8.5,8.5,8.5,8.5
8.5,8.5,8.5,8.5,8.5,8.5,8.5,8.5
8.5,8.5,8.5,8.5,8.5,8.5,8.5,8.5
0.0,0.0,0.0,0.0,0.0,0.0,0.0,0.0
0.0,0.0,0.0,0.0,0.0,0.0,0.0,0.0
0.0,0.0,0.0,0.0,0.0,0.0,0.0,0.0
0.0,0.0,0.0,0.0,0.0,0.0,0.0,0.0
0.0,0.0,0.0,0.0,0.0,0.0,0.0,0.0
0.0,0.0,0.0,0.0,0.0,0.0,0.0,0.0
0.0,0.0,0.0,0.0,0.0,0.0,0.0,0.0
0.0,0.0,0.0,0.0,0.0,0.0,0.0,0.0
0.0,0.0,0.0,0.0,0.0,0.0,0.0,0.0
0.0,0.0,0.0,0.0,0.0,0.0,0.0,0.0
0.0,0.0,0.0,0.0,0.0,0.0,0.0,0.0
0.0,0.0,0.0,0.0,0.0,0.0,0.0,0.0
0.0,0.0,0.0,0.0,0.0,0.0,0.0,0.0
0.0,0.0,0.0,0.0,0.0,0.0,0.0,0.0
0.0,0.0,0.0,0.0,0.0,0.0,0.0,0.0
0.0,0.0,0.0,0.0,0.0,0.0,0.0,0.0
0.0,0.0,0.0,0.0,0.0,0.0,0.0,0.0
0.0,0.0,0.0,0.0,0.0,0.0,0.0,0.0
0.0,0.0,0.0,0.0,0.0,0.0,0.0,0.0
0.0,0.0,0.0,0.0,0.0,0.0,0.0,0.0
0.0,0.0,0.0,0.0,0.0,0.0,0.0,0.0
0.0,0.0,0.0,0.0,0.0,0.0,0.0,0.0
0.0,0.0,0.0,0.0,0.0,0.0,0.0,0.0
0.0,0.0,0.0,0.0,0.0,0.0,0.0,0.0
0.0,0.0,0.0,0.0,0.0,0.0,0.0,0.0
0.0,0.0,0.0,0.0,0.0,0.0,0.0,0.0
0.0,0.0,0.0,0.0,0.0,0.0,0.0,0.0
0.0,0.0,0.0,0.0,0.0,0.0,0.0,0.0
0.0,0.0,0.0,0.0,0.0,0.0,0.0,0.0
0.0,0.0,0.0,0.0,0.0,0.0,0.0,0.0
0.0,0.0,0.0,0.0,0.0,0.0,0.0,0.0
0.0,0.0,0.0,0.0,0.0,0.0,0.0,0.0
0.0,0.0,0.0,0.0,0.0,0.0,0.0,0.0
0.0,0.0,0.0,0.0,0.0,0.0,0.0,0.0
0.0,0.0,0.0,0.0,0.0,0.0,0.0,0.0
0.0,0.0,0.0,0.0,0.0,0.0,0.0,0.0
0.0,0.0,0.0,0.0,0.0,0.0,0.0,0.0
0.0,0.0,0.0,0.0,0.0,0.0,0.0,0.0
0.0,0.0,0.0,0.0,0.0,0.0,0.0,0.0
0.0,0.0,0.0,0.0,0.0,0.0,0.0,0.0
0.0,0.0,0.0,0.0,0.0,0.0,0.0,0.0
0.0,0.0,0.0,0.0,0.0,0.0,0.0,0.0
0.0,0.0,0.0,0.0,0.0,0.0,0.0,0.0
0.0,0.0,0.0,0.0,0.0,0.0,0.0,0.0
0.0,0.0,0.0,0.0,0.0,0.0,0.0,0.0
0.0,0.0,0.0,0.0,0.0,0.0,0.0,0.0
0.0,0.0,0.0,0.0,0.0,0.0,0.0,0.0
0.0,0.0,0.0,0.0,0.0,0.0,0.0,0.0
0.0,0.0,0.0,0.0,0.0,0.0,0.0,0.0
0.0,0.0,0.0,0.0,0.0,0.0,0.0,0.0
0.0,0.0,0.0,0.0,0.0,0.0,0.0,0.0
0.0,0.0,0.0,0.0,0.0,0.0,0.0,0.0
0.0,0.0,0.0,0.0,0.0,0.0,0.0,0.0
0.0,0.0,0.0,0.0,0.0,0.0,0.0,0.0
0.0,0.0,0.0,0.0,0.0,0.0,0.0,0.0
0.0,0.0,0.0,0.0,0.0,0.0,0.0,0.0
0.0,0.0,0.0,0.0,0.0,0.0,0.0,0.0
0.0,0.0,0.0,0.0,0.0,0.0,0.0,0.0
0.0,0.0,0.0,0.0,0.0,0.0,0.0,0.0
0.0,0.0,0.0,0.0,0.0,0.0,0.0,0.0
0.0,0.0,0.0,0.0,0.0,0.0,0.0,0.0
0.0,0.0,0.0,0.0,0.0,0.0,0.0,0.0
0.0,0.0,0.0,0.0,0.0,0.0,0.0,0.0
0.0,0.0,0.0,0.0,0.0,0.0,0.0,0.0
0.0,0.0,0.0,0.0,0.0,0.0,0.0,0.0
0.0,0.0,0.0,0.0,0.0,0.0,0.0,0.0
0.0,0.0,0.0,0.0,0.0,0.0,0.0,0.0
0.0,0.0,0.0,0.0,0.0,0.0,0.0,0.0
4.3,4.3,4.3,4.3,4.3,4.3,4.3,4.3
4.3,4.3,4.3,4.3,4.3,4.3,4.3,4.3
4.3,4.3,4.3,4.3,4.3,4.3,4.3,4.3
4.3,4.3,4.3,4.3,4.3,4.3,4.3,4.3
6.0,6.0,6.0,6.0,6.0,6.0,6.0,6.0
6.0,6.0,6.0,6.0,6.0,6.0,6.0,6.0
6.0,6.0,6.0,6.0,6.0,6.0,6.0,6.0
6.0,6.0,6.0,6.0,6.0,6.0,6.0,6.0
8.5,8.5,8.5,8.5,8.5,8.5,8.5,8.5
8.5,8.5,8.5,8.5,8.5,8.5,8.5,8.5
8.5,8.5,8.5,8.5,8.5,8.5,8.5,8.5
8.5,8.5,8.5,8.5,8.5,8.5,8.5,8.5
7.7,7.7,7.7,7.7,7.7,7.7,7.7,7.7
7.7,7.7,7.7,7.7,7.7,7.7,7.7,7.7
7.7,7.7,7.7,7.7,7.7,7.7,7.7,7.7
7.7,7.7,7.7,7.7,7.7,7.7,7.7,7.7
7.7,7.7,7.7,7.7,7.7,7.7,7.7,7.7
7.7,7.7,7.7,7.7,7.7,7.7,7.7,7.7
7.7,7.7,7.7,7.7,7.7,7.7,7.7,7.7
7.7,7.7,7.7,7.7,7.7,7.7,7.7,7.7
6.0,6.0,6.0,6.0,6.0,6.0,6.0,6.0
6.0,6.0,6.0,6.0,6.0,6.0,6.0,6.0
6.0,6.0,6.0,6.0,6.0,6.0,6.0,6.0
6.0,6.0,6.0,6.0,6.0,6.0,6.0,6.0
4.3,4.3,4.3,4.3,4.3,4.3,4.3,4.3
4.3,4.3,4.3,4.3,4.3,4.3,4.3,4.3
4.3,4.3,4.3,4.3,4.3,4.3,4.3,4.3
4.3,4.3,4.3,4.3,4.3,4.3,4.3,4.3
0.0,0.0,0.0,0.0,0.0,0.0,0.0,0.0
0.0,0.0,0.0,0.0,0.0,0.0,0.0,0.0
0.0,0.0,0.0,0.0,0.0,0.0,0.0,0.0
0.0,0.0,0.0,0.0,0.0,0.0,0.0,0.0
0.0,0.0,0.0,0.0,0.0,0.0,0.0,0.0
0.0,0.0,0.0,0.0,0.0,0.0,0.0,0.0
0.0,0.0,0.0,0.0,0.0,0.0,0.0,0.0
0.0,0.0,0.0,0.0,0.0,0.0,0.0,0.0
0.0,0.0,0.0,0.0,0.0,0.0,0.0,0.0
0.0,0.0,0.0,0.0,0.0,0.0,0.0,0.0
0.0,0.0,0.0,0.0,0.0,0.0,0.0,0.0
0.0,0.0,0.0,0.0,0.0,0.0,0.0,0.0
0.0,0.0,0.0,0.0,0.0,0.0,0.0,0.0
0.0,0.0,0.0,0.0,0.0,0.0,0.0,0.0
0.0,0.0,0.0,0.0,0.0,0.0,0.0,0.0
0.0,0.0,0.0,0.0,0.0,0.0,0.0,0.0
0.0,0.0,0.0,0.0,0.0,0.0,0.0,0.0
0.0,0.0,0.0,0.0,0.0,0.0,0.0,0.0
0.0,0.0,0.0,0.0,0.0,0.0,0.0,0.0
0.0,0.0,0.0,0.0,0.0,0.0,0.0,0.0
0.0,0.0,0.0,0.0,0.0,0.0,0.0,0.0
0.0,0.0,0.0,0.0,0.0,0.0,0.0,0.0
0.0,0.0,0.0,0.0,0.0,0.0,0.0,0.0
0.0,0.0,0.0,0.0,0.0,0.0,0.0,0.0
0.0,0.0,0.0,0.0,0.0,0.0,0.0,0.0
0.0,0.0,0.0,0.0,0.0,0.0,0.0,0.0
0.0,0.0,0.0,0.0,0.0,0.0,0.0,0.0
0.0,0.0,0.0,0.0,0.0,0.0,0.0,0.0
0.0,0.0,0.0,0.0,0.0,0.0,0.0,0.0
0.0,0.0,0.0,0.0,0.0,0.0,0.0,0.0
0.0,0.0,0.0,0.0,0.0,0.0,0.0,0.0
0.0,0.0,0.0,0.0,0.0,0.0,0.0,0.0
0.0,0.0,0.0,0.0,0.0,0.0,0.0,0.0
0.0,0.0,0.0,0.0,0.0,0.0,0.0,0.0
0.0,0.0,0.0,0.0,0.0,0.0,0.0,0.0
0.0,0.0,0.0,0.0,0.0,0.0,0.0,0.0
0.0,0.0,0.0,0.0,0.0,0.0,0.0,0.0
0.0,0.0,0.0,0.0,0.0,0.0,0.0,0.0
0.0,0.0,0.0,0.0,0.0,0.0,0.0,0.0
0.0,0.0,0.0,0.0,0.0,0.0,0.0,0.0
0.0,0.0,0.0,0.0,0.0,0.0,0.0,0.0
0.0,0.0,0.0,0.0,0.0,0.0,0.0,0.0
0.0,0.0,0.0,0.0,0.0,0.0,0.0,0.0
0.0,0.0,0.0,0.0,0.0,0.0,0.0,0.0
0.0,0.0,0.0,0.0,0.0,0.0,0.0,0.0
0.0,0.0,0.0,0.0,0.0,0.0,0.0,0.0
0.0,0.0,0.0,0.0,0.0,0.0,0.0,0.0
0.0,0.0,0.0,0.0,0.0,0.0,0.0,0.0
0.0,0.0,0.0,0.0,0.0,0.0,0.0,0.0
0.0,0.0,0.0,0.0,0.0,0.0,0.0,0.0
0.0,0.0,0.0,0.0,0.0,0.0,0.0,0.0
0.0,0.0,0.0,0.0,0.0,0.0,0.0,0.0
0.0,0.0,0.0,0.0,0.0,0.0,0.0,0.0
0.0,0.0,0.0,0.0,0.0,0.0,0.0,0.0
0.0,0.0,0.0,0.0,0.0,0.0,0.0,0.0
0.0,0.0,0.0,0.0,0.0,0.0,0.0,0.0
0.0,0.0,0.0,0.0,0.0,0.0,0.0,0.0
0.0,0.0,0.0,0.0,0.0,0.0,0.0,0.0
0.0,0.0,0.0,0.0,0.0,0.0,0.0,0.0
0.0,0.0,0.0,0.0,0.0,0.0,0.0,0.0
0.0,0.0,0.0,0.0,0.0,0.0,0.0,0.0
0.0,0.0,0.0,0.0,0.0,0.0,0.0,0.0
0.0,0.0,0.0,0.0,0.0,0.0,0.0,0.0
0.0,0.0,0.0,0.0,0.0,0.0,0.0,0.0
0.0,0.0,0.0,0.0,0.0,0.0,0.0,0.0
0.0,0.0,0.0,0.0,0.0,0.0,0.0,0.0
0.0,0.0,0.0,0.0,0.0,0.0,0.0,0.0
0.0,0.0,0.0,0.0,0.0,0.0,0.0,0.0
0.0,0.0,0.0,0.0,0.0,0.0,0.0,0.0
0.0,0.0,0.0,0.0,0.0,0.0,0.0,0.0
0.0,0.0,0.0,0.0,0.0,0.0,0.0,0.0
0.0,0.0,0.0,0.0,0.0,0.0,0.0,0.0
32.5,32.5,32.5,32.5,32.5,32.5,32.5,32.5
32.5,32.5,32.5,32.5,32.5,32.5,32.5,32.5
32.5,32.5,32.5,32.5,32.5,32.5,32.5,32.5
32.5,32.5,32.5,32.5,32.5,32.5,32.5,32.5
81.4,61.0,406.0,59.8,92.1,84.4,117.7,71.2
81.4,61.0,406.0,59.8,92.1,84.4,117.7,71.2
81.4,61.0,406.0,59.8,92.1,84.4,117.7,71.2
81.4,61.0,406.0,59.8,92.1,84.4,117.7,71.2
14.6,14.6,14.6,14.6,14.6,14.6,14.6,14.6
14.6,14.6,14.6,14.6,14.6,14.6,14.6,14.6
14.6,14.6,14.6,14.6,14.6,14.6,14.6,14.6
14.6,14.6,14.6,14.6,14.6,14.6,14.6,14.6
13.8,13.8,13.8,13.8,13.8,13.8,13.8,13.8
13.8,13.8,13.8,13.8,13.8,13.8,13.8,13.8
13.8,13.8,13.8,13.8,13.8,13.8,13.8,13.8
13.8,13.8,13.8,13.8,13.8,13.8,13.8,13.8
84.5,63.5,169.6,62.7,2517.5,86.9,122.2,74.8
84.5,63.5,169.6,62.7,2517.5,86.9,122.2,74.8
84.5,63.5,169.6,62.7,2517.5,86.9,798.2,74.8
84.5,63.5,169.6,62.7,97.4,86.9,798.2,74.8
5.2,5.2,5.2,5.2,5.2,5.2,5.2,5.2
5.2,5.2,5.2,5.2,5.2,5.2,5.2,5.2
5.2,5.2,5.2,5.2,5.2,5.2,5.2,5.2
5.2,5.2,5.2,5.2,5.2,5.2,5.2,5.2
0.0,0.0,0.0,0.0,0.0,0.0,0.0,0.0
0.0,0.0,0.0,0.0,0.0,0.0,0.0,0.0
0.0,0.0,0.0,0.0,0.0,0.0,0.0,0.0
0.0,0.0,0.0,0.0,0.0,0.0,0.0,0.0
0.0,0.0,0.0,0.0,0.0,0.0,0.0,0.0
0.0,0.0,0.0,0.0,0.0,0.0,0.0,0.0
0.0,0.0,0.0,0.0,0.0,0.0,0.0,0.0
0.0,0.0,0.0,0.0,0.0,0.0,0.0,0.0
0.0,0.0,0.0,0.0,0.0,0.0,0.0,0.0
0.0,0.0,0.0,0.0,0.0,0.0,0.0,0.0
0.0,0.0,0.0,0.0,0.0,0.0,0.0,0.0
0.0,0.0,0.0,0.0,0.0,0.0,0.0,0.0
0.0,0.0,0.0,0.0,0.0,0.0,0.0,0.0
0.0,0.0,0.0,0.0,0.0,0.0,0.0,0.0
0.0,0.0,0.0,0.0,0.0,0.0,0.0,0.0
0.0,0.0,0.0,0.0,0.0,0.0,0.0,0.0
0.0,0.0,0.0,0.0,0.0,0.0,0.0,0.0
0.0,0.0,0.0,0.0,0.0,0.0,0.0,0.0
0.0,0.0,0.0,0.0,0.0,0.0,0.0,0.0
0.0,0.0,0.0,0.0,0.0,0.0,0.0,0.0
0.0,0.0,0.0,0.0,0.0,0.0,0.0,0.0
0.0,0.0,0.0,0.0,0.0,0.0,0.0,0.0
0.0,0.0,0.0,0.0,0.0,0.0,0.0,0.0
0.0,0.0,0.0,0.0,0.0,0.0,0.0,0.0
0.0,0.0,0.0,0.0,0.0,0.0,0.0,0.0
0.0,0.0,0.0,0.0,0.0,0.0,0.0,0.0
0.0,0.0,0.0,0.0,0.0,0.0,0.0,0.0
0.0,0.0,0.0,0.0,0.0,0.0,0.0,0.0
0.0,0.0,0.0,0.0,0.0,0.0,0.0,0.0
0.0,0.0,0.0,0.0,0.0,0.0,0.0,0.0
0.0,0.0,0.0,0.0,0.0,0.0,0.0,0.0
0.0,0.0,0.0,0.0,0.0,0.0,0.0,0.0
0.0,0.0,0.0,0.0,0.0,0.0,0.0,0.0
0.0,0.0,0.0,0.0,0.0,0.0,0.0,0.0
0.0,0.0,0.0,0.0,0.0,0.0,0.0,0.0
0.0,0.0,0.0,0.0,0.0,0.0,0.0,0.0
0.0,0.0,0.0,0.0,0.0,0.0,0.0,0.0
0.0,0.0,0.0,0.0,0.0,0.0,0.0,0.0
0.0,0.0,0.0,0.0,0.0,0.0,0.0,0.0
0.0,0.0,0.0,0.0,0.0,0.0,0.0,0.0
0.0,0.0,0.0,0.0,0.0,0.0,0.0,0.0
0.0,0.0,0.0,0.0,0.0,0.0,0.0,0.0
0.0,0.0,0.0,0.0,0.0,0.0,0.0,0.0
0.0,0.0,0.0,0.0,0.0,0.0,0.0,0.0
0.0,0.0,0.0,0.0,0.0,0.0,0.0,0.0
0.0,0.0,0.0,0.0,0.0,0.0,0.0,0.0
0.0,0.0,0.0,0.0,0.0,0.0,0.0,0.0
0.0,0.0,0.0,0.0,0.0,0.0,0.0,0.0
0.0,0.0,0.0,0.0,0.0,0.0,0.0,0.0
0.0,0.0,0.0,0.0,0.0,0.0,0.0,0.0
0.0,0.0,0.0,0.0,0.0,0.0,0.0,0.0
0.0,0.0,0.0,0.0,0.0,0.0,0.0,0.0
0.0,0.0,0.0,0.0,0.0,0.0,0.0,0.0
0.0,0.0,0.0,0.0,0.0,0.0,0.0,0.0
0.0,0.0,0.0,0.0,0.0,0.0,0.0,0.0
0.0,0.0,0.0,0.0,0.0,0.0,0.0,0.0
0.0,0.0,0.0,0.0,0.0,0.0,0.0,0.0
0.0,0.0,0.0,0.0,0.0,0.0,0.0,0.0
0.0,0.0,0.0,0.0,0.0,0.0,0.0,0.0
0.0,0.0,0.0,0.0,0.0,0.0,0.0,0.0
0.0,0.0,0.0,0.0,0.0,0.0,0.0,0.0
0.0,0.0,0.0,0.0,0.0,0.0,0.0,0.0
0.0,0.0,0.0,0.0,0.0,0.0,0.0,0.0
0.0,0.0,0.0,0.0,0.0,0.0,0.0,0.0
0.0,0.0,0.0,0.0,0.0,0.0,0.0,0.0
0.0,0.0,0.0,0.0,0.0,0.0,0.0,0.0
0.0,0.0,0.0,0.0,0.0,0.0,0.0,0.0
0.0,0.0,0.0,0.0,0.0,0.0,0.0,0.0
4.3,4.3,4.3,4.3,4.3,4.3,4.3,4.3
4.3,4.3,4.3,4.3,4.3,4.3,4.3,4.3
4.3,4.3,4.3,4.3,4.3,4.3,4.3,4.3
4.3,4.3,4.3,4.3,4.3,4.3,4.3,4.3
8.6,8.6,8.6,8.6,8.6,8.6,8.6,8.6
8.6,8.6,8.6,8.6,8.6,8.6,8.6,8.6
8.6,8.6,8.6,8.6,8.6,8.6,8.6,8.6
8.6,8.6,8.6,8.6,8.6,8.6,8.6,8.6
8.6,8.6,8.6,8.6,8.6,8.6,8.6,8.6
8.6,8.6,8.6,8.6,8.6,8.6,8.6,8.6
8.6,8.6,8.6,8.6,8.6,8.6,8.6,8.6
8.6,8.6,8.6,8.6,8.6,8.6,8.6,8.6
9.5,9.5,9.5,9.5,9.5,9.5,9.5,9.5
9.5,9.5,9.5,9.5,9.5,9.5,9.5,9.5
9.5,9.5,9.5,9.5,9.5,9.5,9.5,9.5
9.5,9.5,9.5,9.5,9.5,9.5,9.5,9.5
8.6,8.6,8.6,8.6,8.6,8.6,8.6,8.6
8.6,8.6,8.6,8.6,8.6,8.6,8.6,8.6
8.6,8.6,8.6,8.6,8.6,8.6,8.6,8.6
8.6,8.6,8.6,8.6,8.6,8.6,8.6,8.6
6.9,6.9,6.9,6.9,6.9,6.9,6.9,6.9
6.9,6.9,6.9,6.9,6.9,6.9,6.9,6.9
6.9,6.9,6.9,6.9,6.9,6.9,6.9,6.9
6.9,6.9,6.9,6.9,6.9,6.9,6.9,6.9
5.2,5.2,5.2,5.2,5.2,5.2,5.2,5.2
5.2,5.2,5.2,5.2,5.2,5.2,5.2,5.2
5.2,5.2,5.2,5.2,5.2,5.2,5.2,5.2
5.2,5.2,5.2,5.2,5.2,5.2,5.2,5.2
0.0,0.0,0.0,0.0,0.0,0.0,0.0,0.0
0.0,0.0,0.0,0.0,0.0,0.0,0.0,0.0
0.0,0.0,0.0,0.0,0.0,0.0,0.0,0.0
0.0,0.0,0.0,0.0,0.0,0.0,0.0,0.0
0.0,0.0,0.0,0.0,0.0,0.0,0.0,0.0
0.0,0.0,0.0,0.0,0.0,0.0,0.0,0.0
0.0,0.0,0.0,0.0,0.0,0.0,0.0,0.0
0.0,0.0,0.0,0.0,0.0,0.0,0.0,0.0
0.0,0.0,0.0,0.0,0.0,0.0,0.0,0.0
0.0,0.0,0.0,0.0,0.0,0.0,0.0,0.0
0.0,0.0,0.0,0.0,0.0,0.0,0.0,0.0
0.0,0.0,0.0,0.0,0.0,0.0,0.0,0.0
0.0,0.0,0.0,0.0,0.0,0.0,0.0,0.0
0.0,0.0,0.0,0.0,0.0,0.0,0.0,0.0
0.0,0.0,0.0,0.0,0.0,0.0,0.0,0.0
0.0,0.0,0.0,0.0,0.0,0.0,0.0,0.0
0.0,0.0,0.0,0.0,0.0,0.0,0.0,0.0
0.0,0.0,0.0,0.0,0.0,0.0,0.0,0.0
0.0,0.0,0.0,0.0,0.0,0.0,0.0,0.0
0.0,0.0,0.0,0.0,0.0,0.0,0.0,0.0
0.0,0.0,0.0,0.0,0.0,0.0,0.0,0.0
0.0,0.0,0.0,0.0,0.0,0.0,0.0,0.0
0.0,0.0,0.0,0.0,0.0,0.0,0.0,0.0
0.0,0.0,0.0,0.0,0.0,0.0,0.0,0.0
0.0,0.0,0.0,0.0,0.0,0.0,0.0,0.0
0.0,0.0,0.0,0.0,0.0,0.0,0.0,0.0
0.0,0.0,0.0,0.0,0.0,0.0,0.0,0.0
0.0,0.0,0.0,0.0,0.0,0.0,0.0,0.0
0.0,0.0,0.0,0.0,0.0,0.0,0.0,0.0
0.0,0.0,0.0,0.0,0.0,0.0,0.0,0.0
0.0,0.0,0.0,0.0,0.0,0.0,0.0,0.0
0.0,0.0,0.0,0.0,0.0,0.0,0.0,0.0
0.0,0.0,0.0,0.0,0.0,0.0,0.0,0.0
0.0,0.0,0.0,0.0,0.0,0.0,0.0,0.0
0.0,0.0,0.0,0.0,0.0,0.0,0.0,0.0
0.0,0.0,0.0,0.0,0.0,0.0,0.0,0.0
0.0,0.0,0.0,0.0,0.0,0.0,0.0,0.0
0.0,0.0,0.0,0.0,0.0,0.0,0.0,0.0
0.0,0.0,0.0,0.0,0.0,0.0,0.0,0.0
0.0,0.0,0.0,0.0,0.0,0.0,0.0,0.0
0.0,0.0,0.0,0.0,0.0,0.0,0.0,0.0
0.0,0.0,0.0,0.0,0.0,0.0,0.0,0.0
0.0,0.0,0.0,0.0,0.0,0.0,0.0,0.0
0.0,0.0,0.0,0.0,0.0,0.0,0.0,0.0
0.0,0.0,0.0,0.0,0.0,0.0,0.0,0.0
0.0,0.0,0.0,0.0,0.0,0.0,0.0,0.0
0.0,0.0,0.0,0.0,0.0,0.0,0.0,0.0
0.0,0.0,0.0,0.0,0.0,0.0,0.0,0.0
0.0,0.0,0.0,0.0,0.0,0.0,0.0,0.0
0.0,0.0,0.0,0.0,0.0,0.0,0.0,0.0
0.0,0.0,0.0,0.0,0.0,0.0,0.0,0.0
0.0,0.0,0.0,0.0,0.0,0.0,0.0,0.0
0.0,0.0,0.0,0.0,0.0,0.0,0.0,0.0
0.0,0.0,0.0,0.0,0.0,0.0,0.0,0.0
0.0,0.0,0.0,0.0,0.0,0.0,0.0,0.0
0.0,0.0,0.0,0.0,0.0,0.0,0.0,0.0
0.0,0.0,0.0,0.0,0.0,0.0,0.0,0.0
0.0,0.0,0.0,0.0,0.0,0.0,0.0,0.0
0.0,0.0,0.0,0.0,0.0,0.0,0.0,0.0
0.0,0.0,0.0,0.0,0.0,0.0,0.0,0.0
0.0,0.0,0.0,0.0,0.0,0.0,0.0,0.0
0.0,0.0,0.0,0.0,0.0,0.0,0.0,0.0
0.0,0.0,0.0,0.0,0.0,0.0,0.0,0.0
0.0,0.0,0.0,0.0,0.0,0.0,0.0,0.0
0.0,0.0,0.0,0.0,0.0,0.0,0.0,0.0
0.0,0.0,0.0,0.0,0.0,0.0,0.0,0.0
0.0,0.0,0.0,0.0,0.0,0.0,0.0,0.0
0.0,0.0,0.0,0.0,0.0,0.0,0.0,0.0
0.0,0.0,0.0,0.0,0.0,0.0,0.0,0.0
0.0,0.0,0.0,0.0,0.0,0.0,0.0,0.0
0.0,0.0,0.0,0.0,0.0,0.0,0.0,0.0
0.0,0.0,0.0,0.0,0.0,0.0,0.0,0.0
7.8,7.8,7.8,7.8,7.8,7.8,7.8,7.8
7.8,7.8,7.8,7.8,7.8,7.8,7.8,7.8
7.8,7.8,7.8,7.8,7.8,7.8,7.8,7.8
7.8,7.8,7.8,7.8,7.8,7.8,7.8,7.8
12.1,12.1,12.1,12.1,12.1,12.1,12.1,12.1
12.1,12.1,12.1,12.1,12.1,12.1,12.1,12.1
12.1,12.1,12.1,12.1,12.1,12.1,12.1,12.1
12.1,12.1,12.1,12.1,12.1,12.1,12.1,12.1
13.8,13.8,13.8,13.8,13.8,13.8,13.8,13.8
13.8,13.8,13.8,13.8,13.8,13.8,13.8,13.8
13.8,13.8,13.8,13.8,13.8,13.8,13.8,13.8
13.8,13.8,13.8,13.8,13.8,13.8,13.8,13.8
13.8,13.8,13.8,13.8,13.8,13.8,13.8,13.8
13.8,13.8,13.8,13.8,13.8,13.8,13.8,13.8
13.8,13.8,13.8,13.8,13.8,13.8,13.8,13.8
13.8,13.8,13.8,13.8,13.8,13.8,13.8,13.8
10.3,10.3,10.3,10.3,10.3,10.3,10.3,10.3
10.3,10.3,10.3,10.3,10.3,10.3,10.3,10.3
10.3,10.3,10.3,10.3,10.3,10.3,10.3,10.3
10.3,10.3,10.3,10.3,10.3,10.3,10.3,10.3
5.2,5.2,5.2,5.2,5.2,5.2,5.2,5.2
5.2,5.2,5.2,5.2,5.2,5.2,5.2,5.2
5.2,5.2,5.2,5.2,5.2,5.2,5.2,5.2
5.2,5.2,5.2,5.2,5.2,5.2,5.2,5.2
0.0,0.0,0.0,0.0,0.0,0.0,0.0,0.0
0.0,0.0,0.0,0.0,0.0,0.0,0.0,0.0
0.0,0.0,0.0,0.0,0.0,0.0,0.0,0.0
0.0,0.0,0.0,0.0,0.0,0.0,0.0,0.0
0.0,0.0,0.0,0.0,0.0,0.0,0.0,0.0
0.0,0.0,0.0,0.0,0.0,0.0,0.0,0.0
0.0,0.0,0.0,0.0,0.0,0.0,0.0,0.0
0.0,0.0,0.0,0.0,0.0,0.0,0.0,0.0
0.0,0.0,0.0,0.0,0.0,0.0,0.0,0.0
0.0,0.0,0.0,0.0,0.0,0.0,0.0,0.0
0.0,0.0,0.0,0.0,0.0,0.0,0.0,0.0
0.0,0.0,0.0,0.0,0.0,0.0,0.0,0.0
0.0,0.0,0.0,0.0,0.0,0.0,0.0,0.0
0.0,0.0,0.0,0.0,0.0,0.0,0.0,0.0
0.0,0.0,0.0,0.0,0.0,0.0,0.0,0.0
0.0,0.0,0.0,0.0,0.0,0.0,0.0,0.0
0.0,0.0,0.0,0.0,0.0,0.0,0.0,0.0
0.0,0.0,0.0,0.0,0.0,0.0,0.0,0.0
0.0,0.0,0.0,0.0,0.0,0.0,0.0,0.0
0.0,0.0,0.0,0.0,0.0,0.0,0.0,0.0
0.0,0.0,0.0,0.0,0.0,0.0,0.0,0.0
0.0,0.0,0.0,0.0,0.0,0.0,0.0,0.0
0.0,0.0,0.0,0.0,0.0,0.0,0.0,0.0
0.0,0.0,0.0,0.0,0.0,0.0,0.0,0.0
0.0,0.0,0.0,0.0,0.0,0.0,0.0,0.0
0.0,0.0,0.0,0.0,0.0,0.0,0.0,0.0
0.0,0.0,0.0,0.0,0.0,0.0,0.0,0.0
0.0,0.0,0.0,0.0,0.0,0.0,0.0,0.0
0.0,0.0,0.0,0.0,0.0,0.0,0.0,0.0
0.0,0.0,0.0,0.0,0.0,0.0,0.0,0.0
0.0,0.0,0.0,0.0,0.0,0.0,0.0,0.0
0.0,0.0,0.0,0.0,0.0,0.0,0.0,0.0
0.0,0.0,0.0,0.0,0.0,0.0,0.0,0.0
0.0,0.0,0.0,0.0,0.0,0.0,0.0,0.0
0.0,0.0,0.0,0.0,0.0,0.0,0.0,0.0
0.0,0.0,0.0,0.0,0.0,0.0,0.0,0.0
0.0,0.0,0.0,0.0,0.0,0.0,0.0,0.0
0.0,0.0,0.0,0.0,0.0,0.0,0.0,0.0
0.0,0.0,0.0,0.0,0.0,0.0,0.0,0.0
0.0,0.0,0.0,0.0,0.0,0.0,0.0,0.0
0.0,0.0,0.0,0.0,0.0,0.0,0.0,0.0
0.0,0.0,0.0,0.0,0.0,0.0,0.0,0.0
0.0,0.0,0.0,0.0,0.0,0.0,0.0,0.0
0.0,0.0,0.0,0.0,0.0,0.0,0.0,0.0
0.0,0.0,0.0,0.0,0.0,0.0,0.0,0.0
0.0,0.0,0.0,0.0,0.0,0.0,0.0,0.0
0.0,0.0,0.0,0.0,0.0,0.0,0.0,0.0
0.0,0.0,0.0,0.0,0.0,0.0,0.0,0.0
0.0,0.0,0.0,0.0,0.0,0.0,0.0,0.0
0.0,0.0,0.0,0.0,0.0,0.0,0.0,0.0
0.0,0.0,0.0,0.0,0.0,0.0,0.0,0.0
0.0,0.0,0.0,0.0,0.0,0.0,0.0,0.0
0.0,0.0,0.0,0.0,0.0,0.0,0.0,0.0
0.0,0.0,0.0,0.0,0.0,0.0,0.0,0.0
0.0,0.0,0.0,0.0,0.0,0.0,0.0,0.0
0.0,0.0,0.0,0.0,0.0,0.0,0.0,0.0
0.0,0.0,0.0,0.0,0.0,0.0,0.0,0.0
0.0,0.0,0.0,0.0,0.0,0.0,0.0,0.0
0.0,0.0,0.0,0.0,0.0,0.0,0.0,0.0
0.0,0.0,0.0,0.0,0.0,0.0,0.0,0.0
0.0,0.0,0.0,0.0,0.0,0.0,0.0,0.0
0.0,0.0,0.0,0.0,0.0,0.0,0.0,0.0
0.0,0.0,0.0,0.0,0.0,0.0,0.0,0.0
0.0,0.0,0.0,0.0,0.0,0.0,0.0,0.0
0.0,0.0,0.0,0.0,0.0,0.0,0.0,0.0
0.0,0.0,0.0,0.0,0.0,0.0,0.0,0.0
0.0,0.0,0.0,0.0,0.0,0.0,0.0,0.0
0.0,0.0,0.0,0.0,0.0,0.0,0.0,0.0
0.0,0.0,0.0,0.0,0.0,0.0,0.0,0.0
0.0,0.0,0.0,0.0,0.0,0.0,0.0,0.0
0.0,0.0,0.0,0.0,0.0,0.0,0.0,0.0
0.0,0.0,0.0,0.0,0.0,0.0,0.0,0.0
8.6,8.6,8.6,8.6,8.6,8.6,8.6,8.6
8.6,8.6,8.6,8.6,8.6,8.6,8.6,8.6
8.6,8.6,8.6,8.6,8.6,8.6,8.6,8.6
8.6,8.6,8.6,8.6,8.6,8.6,8.6,8.6
81.4,61.0,163.0,59.8,92.1,84.4,117.7,71.2
81.4,61.0,163.0,59.8,92.1,84.4,117.7,71.2
81.4,61.0,163.0,59.8,92.1,84.4,117.7,207.9
81.4,61.0,163.0,59.8,92.1,84.4,117.7,207.9
14.5,14.5,14.5,14.5,14.5,14.5,14.5,14.5
14.5,14.5,14.5,14.5,14.5,14.5,14.5,14.5
14.5,14.5,14.5,14.5,14.5,14.5,14.5,14.5
14.5,14.5,14.5,14.5,14.5,14.5,14.5,14.5
13.7,13.7,13.7,13.7,13.7,13.7,13.7,13.7
13.7,13.7,13.7,13.7,13.7,13.7,13.7,13.7
13.7,13.7,13.7,13.7,13.7,13.7,13.7,13.7
13.7,13.7,13.7,13.7,13.7,13.7,13.7,13.7
10.3,10.3,10.3,10.3,10.3,10.3,10.3,10.3
10.3,10.3,10.3,10.3,10.3,10.3,10.3,10.3
10.3,10.3,10.3,10.3,10.3,10.3,10.3,10.3
10.3,10.3,10.3,10.3,10.3,10.3,10.3,10.3
5.1,5.1,5.1,5.1,5.1,5.1,5.1,5.1
5.1,5.1,5.1,5.1,5.1,5.1,5.1,5.1
5.1,5.1,5.1,5.1,5.1,5.1,5.1,5.1
5.1,5.1,5.1,5.1,5.1,5.1,5.1,5.1
0.0,0.0,0.0,0.0,0.0,0.0,0.0,0.0
0.0,0.0,0.0,0.0,0.0,0.0,0.0,0.0
0.0,0.0,0.0,0.0,0.0,0.0,0.0,0.0
0.0,0.0,0.0,0.0,0.0,0.0,0.0,0.0
0.0,0.0,0.0,0.0,0.0,0.0,0.0,0.0
0.0,0.0,0.0,0.0,0.0,0.0,0.0,0.0
0.0,0.0,0.0,0.0,0.0,0.0,0.0,0.0
0.0,0.0,0.0,0.0,0.0,0.0,0.0,0.0
0.0,0.0,0.0,0.0,0.0,0.0,0.0,0.0
0.0,0.0,0.0,0.0,0.0,0.0,0.0,0.0
0.0,0.0,0.0,0.0,0.0,0.0,0.0,0.0
0.0,0.0,0.0,0.0,0.0,0.0,0.0,0.0
0.0,0.0,0.0,0.0,0.0,0.0,0.0,0.0
0.0,0.0,0.0,0.0,0.0,0.0,0.0,0.0
0.0,0.0,0.0,0.0,0.0,0.0,0.0,0.0
0.0,0.0,0.0,0.0,0.0,0.0,0.0,0.0
0.0,0.0,0.0,0.0,0.0,0.0,0.0,0.0
0.0,0.0,0.0,0.0,0.0,0.0,0.0,0.0
0.0,0.0,0.0,0.0,0.0,0.0,0.0,0.0
0.0,0.0,0.0,0.0,0.0,0.0,0.0,0.0
0.0,0.0,0.0,0.0,0.0,0.0,0.0,0.0
0.0,0.0,0.0,0.0,0.0,0.0,0.0,0.0
0.0,0.0,0.0,0.0,0.0,0.0,0.0,0.0
0.0,0.0,0.0,0.0,0.0,0.0,0.0,0.0
0.0,0.0,0.0,0.0,0.0,0.0,0.0,0.0
0.0,0.0,0.0,0.0,0.0,0.0,0.0,0.0
0.0,0.0,0.0,0.0,0.0,0.0,0.0,0.0
0.0,0.0,0.0,0.0,0.0,0.0,0.0,0.0
0.0,0.0,0.0,0.0,0.0,0.0,0.0,0.0
0.0,0.0,0.0,0.0,0.0,0.0,0.0,0.0
0.0,0.0,0.0,0.0,0.0,0.0,0.0,0.0
0.0,0.0,0.0,0.0,0.0,0.0,0.0,0.0
0.0,0.0,0.0,0.0,0.0,0.0,0.0,0.0
0.0,0.0,0.0,0.0,0.0,0.0,0.0,0.0
0.0,0.0,0.0,0.0,0.0,0.0,0.0,0.0
0.0,0.0,0.0,0.0,0.0,0.0,0.0,0.0
0.0,0.0,0.0,0.0,0.0,0.0,0.0,0.0
0.0,0.0,0.0,0.0,0.0,0.0,0.0,0.0
0.0,0.0,0.0,0.0,0.0,0.0,0.0,0.0
0.0,0.0,0.0,0.0,0.0,0.0,0.0,0.0
0.0,0.0,0.0,0.0,0.0,0.0,0.0,0.0
0.0,0.0,0.0,0.0,0.0,0.0,0.0,0.0
0.0,0.0,0.0,0.0,0.0,0.0,0.0,0.0
0.0,0.0,0.0,0.0,0.0,0.0,0.0,0.0
0.0,0.0,0.0,0.0,0.0,0.0,0.0,0.0
0.0,0.0,0.0,0.0,0.0,0.0,0.0,0.0
0.0,0.0,0.0,0.0,0.0,0.0,0.0,0.0
0.0,0.0,0.0,0.0,0.0,0.0,0.0,0.0
0.0,0.0,0.0,0.0,0.0,0.0,0.0,0.0
0.0,0.0,0.0,0.0,0.0,0.0,0.0,0.0
0.0,0.0,0.0,0.0,0.0,0.0,0.0,0.0
0.0,0.0,0.0,0.0,0.0,0.0,0.0,0.0
0.0,0.0,0.0,0.0,0.0,0.0,0.0,0.0
0.0,0.0,0.0,0.0,0.0,0.0,0.0,0.0
0.0,0.0,0.0,0.0,0.0,0.0,0.0,0.0
0.0,0.0,0.0,0.0,0.0,0.0,0.0,0.0
0.0,0.0,0.0,0.0,0.0,0.0,0.0,0.0
0.0,0.0,0.0,0.0,0.0,0.0,0.0,0.0
0.0,0.0,0.0,0.0,0.0,0.0,0.0,0.0
0.0,0.0,0.0,0.0,0.0,0.0,0.0,0.0
0.0,0.0,0.0,0.0,0.0,0.0,0.0,0.0
0.0,0.0,0.0,0.0,0.0,0.0,0.0,0.0
0.0,0.0,0.0,0.0,0.0,0.0,0.0,0.0
0.0,0.0,0.0,0.0,0.0,0.0,0.0,0.0
0.0,0.0,0.0,0.0,0.0,0.0,0.0,0.0
0.0,0.0,0.0,0.0,0.0,0.0,0.0,0.0
0.0,0.0,0.0,0.0,0.0,0.0,0.0,0.0
0.0,0.0,0.0,0.0,0.0,0.0,0.0,0.0
3.5,3.5,3.5,3.5,3.5,3.5,3.5,3.5
3.5,3.5,3.5,3.5,3.5,3.5,3.5,3.5
3.5,3.5,3.5,3.5,3.5,3.5,3.5,3.5
3.5,3.5,3.5,3.5,3.5,3.5,3.5,3.5
7.8,7.8,7.8,7.8,7.8,7.8,7.8,7.8
7.8,7.8,7.8,7.8,7.8,7.8,7.8,7.8
7.8,7.8,7.8,7.8,7.8,7.8,7.8,7.8
7.8,7.8,7.8,7.8,7.8,7.8,7.8,7.8
12.1,12.1,12.1,12.1,12.1,12.1,12.1,12.1
12.1,12.1,12.1,12.1,12.1,12.1,12.1,12.1
12.1,12.1,12.1,12.1,12.1,12.1,12.1,12.1
12.1,12.1,12.1,12.1,12.1,12.1,12.1,12.1
13.8,13.8,13.8,13.8,13.8,13.8,13.8,13.8
13.8,13.8,13.8,13.8,13.8,13.8,13.8,13.8
13.8,13.8,13.8,13.8,13.8,13.8,13.8,13.8
13.8,13.8,13.8,13.8,13.8,13.8,13.8,13.8
12.9,12.9,12.9,12.9,12.9,12.9,12.9,12.9
12.9,12.9,12.9,12.9,12.9,12.9,12.9,12.9
12.9,12.9,12.9,12.9,12.9,12.9,12.9,12.9
12.9,12.9,12.9,12.9,12.9,12.9,12.9,12.9
84.5,63.5,169.6,62.7,97.4,86.9,122.2,74.8
84.5,63.5,169.6,62.7,97.4,86.9,122.2,74.8
84.5,63.5,169.6,62.7,97.4,86.9,122.2,74.8
84.5,63.5,169.6,62.7,97.4,86.9,122.2,74.8
85.1,64.0,171.0,63.2,98.5,87.4,123.2,75.5
85.1,64.0,171.0,63.2,98.5,87.4,123.2,75.5
85.1,64.0,171.0,63.2,98.5,87.4,123.2,75.5
85.1,64.0,797.2,63.2,98.5,87.4,123.2,75.5
0.0,0.0,0.0,0.0,0.0,0.0,0.0,0.0
0.0,0.0,0.0,0.0,0.0,0.0,0.0,0.0
0.0,0.0,0.0,0.0,0.0,0.0,0.0,0.0
0.0,0.0,0.0,0.0,0.0,0.0,0.0,0.0
0.0,0.0,0.0,0.0,0.0,0.0,0.0,0.0
0.0,0.0,0.0,0.0,0.0,0.0,0.0,0.0
0.0,0.0,0.0,0.0,0.0,0.0,0.0,0.0
0.0,0.0,0.0,0.0,0.0,0.0,0.0,0.0
0.0,0.0,0.0,0.0,0.0,0.0,0.0,0.0
0.0,0.0,0.0,0.0,0.0,0.0,0.0,0.0
0.0,0.0,0.0,0.0,0.0,0.0,0.0,0.0
0.0,0.0,0.0,0.0,0.0,0.0,0.0,0.0
0.0,0.0,0.0,0.0,0.0,0.0,0.0,0.0
0.0,0.0,0.0,0.0,0.0,0.0,0.0,0.0
0.0,0.0,0.0,0.0,0.0,0.0,0.0,0.0
0.0,0.0,0.0,0.0,0.0,0.0,0.0,0.0
0.0,0.0,0.0,0.0,0.0,0.0,0.0,0.0
0.0,0.0,0.0,0.0,0.0,0.0,0.0,0.0
0.0,0.0,0.0,0.0,0.0,0.0,0.0,0.0
0.0,0.0,0.0,0.0,0.0,0.0,0.0,0.0
0.0,0.0,0.0,0.0,0.0,0.0,0.0,0.0
0.0,0.0,0.0,0.0,0.0,0.0,0.0,0.0
0.0,0.0,0.0,0.0,0.0,0.0,0.0,0.0
0.0,0.0,0.0,0.0,0.0,0.0,0.0,0.0
0.0,0.0,0.0,0.0,0.0,0.0,0.0,0.0
0.0,0.0,0.0,0.0,0.0,0.0,0.0,0.0
0.0,0.0,0.0,0.0,0.0,0.0,0.0,0.0
0.0,0.0,0.0,0.0,0.0,0.0,0.0,0.0
0.0,0.0,0.0,0.0,0.0,0.0,0.0,0.0
0.0,0.0,0.0,0.0,0.0,0.0,0.0,0.0
0.0,0.0,0.0,0.0,0.0,0.0,0.0,0.0
0.0,0.0,0.0,0.0,0.0,0.0,0.0,0.0
0.0,0.0,0.0,0.0,0.0,0.0,0.0,0.0
0.0,0.0,0.0,0.0,0.0,0.0,0.0,0.0
0.0,0.0,0.0,0.0,0.0,0.0,0.0,0.0
0.0,0.0,0.0,0.0,0.0,0.0,0.0,0.0
0.0,0.0,0.0,0.0,0.0,0.0,0.0,0.0
0.0,0.0,0.0,0.0,0.0,0.0,0.0,0.0
0.0,0.0,0.0,0.0,0.0,0.0,0.0,0.0
0.0,0.0,0.0,0.0,0.0,0.0,0.0,0.0
0.0,0.0,0.0,0.0,0.0,0.0,0.0,0.0
0.0,0.0,0.0,0.0,0.0,0.0,0.0,0.0
0.0,0.0,0.0,0.0,0.0,0.0,0.0,0.0
0.0,0.0,0.0,0.0,0.0,0.0,0.0,0.0
0.0,0.0,0.0,0.0,0.0,0.0,0.0,0.0
0.0,0.0,0.0,0.0,0.0,0.0,0.0,0.0
0.0,0.0,0.0,0.0,0.0,0.0,0.0,0.0
0.0,0.0,0.0,0.0,0.0,0.0,0.0,0.0
0.0,0.0,0.0,0.0,0.0,0.0,0.0,0.0
0.0,0.0,0.0,0.0,0.0,0.0,0.0,0.0
0.0,0.0,0.0,0.0,0.0,0.0,0.0,0.0
0.0,0.0,0.0,0.0,0.0,0.0,0.0,0.0
0.0,0.0,0.0,0.0,0.0,0.0,0.0,0.0
0.0,0.0,0.0,0.0,0.0,0.0,0.0,0.0
0.0,0.0,0.0,0.0,0.0,0.0,0.0,0.0
0.0,0.0,0.0,0.0,0.0,0.0,0.0,0.0
0.0,0.0,0.0,0.0,0.0,0.0,0.0,0.0
0.0,0.0,0.0,0.0,0.0,0.0,0.0,0.0
0.0,0.0,0.0,0.0,0.0,0.0,0.0,0.0
0.0,0.0,0.0,0.0,0.0,0.0,0.0,0.0
0.0,0.0,0.0,0.0,0.0,0.0,0.0,0.0
0.0,0.0,0.0,0.0,0.0,0.0,0.0,0.0
0.0,0.0,0.0,0.0,0.0,0.0,0.0,0.0
0.0,0.0,0.0,0.0,0.0,0.0,0.0,0.0
0.0,0.0,0.0,0.0,0.0,0.0,0.0,0.0
0.0,0.0,0.0,0.0,0.0,0.0,0.0,0.0
0.0,0.0,0.0,0.0,0.0,0.0,0.0,0.0
0.0,0.0,0.0,0.0,0.0,0.0,0.0,0.0
4.4,4.4,4.4,4.4,4.4,4.4,4.4,4.4
4.4,4.4,4.4,4.4,4.4,4.4,4.4,4.4
4.4,4.4,4.4,4.4,4.4,4.4,4.4,4.4
4.4,4.4,4.4,4.4,4.4,4.4,4.4,4.4
7.0,7.0,7.0,7.0,7.0,7.0,7.0,7.0
7.0,7.0,7.0,7.0,7.0,7.0,7.0,7.0
7.0,7.0,7.0,7.0,7.0,7.0,7.0,7.0
7.0,7.0,7.0,7.0,7.0,7.0,7.0,7.0
8.7,8.7,8.7,8.7,8.7,8.7,8.7,8.7
8.7,8.7,8.7,8.7,8.7,8.7,8.7,8.7
8.7,8.7,8.7,8.7,8.7,8.7,8.7,8.7
8.7,8.7,8.7,8.7,8.7,8.7,8.7,8.7
9.6,9.6,9.6,9.6,9.6,9.6,9.6,9.6
9.6,9.6,9.6,9.6,9.6,9.6,9.6,9.6
9.6,9.6,9.6,9.6,9.6,9.6,9.6,9.6
9.6,9.6,9.6,9.6,9.6,9.6,9.6,9.6
9.6,9.6,9.6,9.6,9.6,9.6,9.6,9.6
9.6,9.6,9.6,9.6,9.6,9.6,9.6,9.6
9.6,9.6,9.6,9.6,9.6,9.6,9.6,9.6
9.6,9.6,9.6,9.6,9.6,9.6,9.6,9.6
7.8,7.8,7.8,7.8,7.8,7.8,7.8,7.8
7.8,7.8,7.8,7.8,7.8,7.8,7.8,7.8
7.8,7.8,7.8,7.8,7.8,7.8,7.8,7.8
7.8,7.8,7.8,7.8,7.8,7.8,7.8,7.8
85.1,64.0,171.0,63.2,98.5,87.4,410.5,75.5
85.1,64.0,171.0,63.2,98.5,87.4,410.5,75.5
85.1,64.0,171.0,63.2,98.5,87.4,410.5,75.5
85.1,64.0,171.0,63.2,98.5,87.4,410.5,75.5
0.9,0.9,0.9,0.9,0.9,0.9,0.9,0.9
0.9,0.9,0.9,0.9,0.9,0.9,0.9,0.9
0.9,0.9,0.9,0.9,0.9,0.9,0.9,0.9
0.9,0.9,0.9,0.9,0.9,0.9,0.9,0.9
0.0,0.0,0.0,0.0,0.0,0.0,0.0,0.0
0.0,0.0,0.0,0.0,0.0,0.0,0.0,0.0
0.0,0.0,0.0,0.0,0.0,0.0,0.0,0.0
0.0,0.0,0.0,0.0,0.0,0.0,0.0,0.0
0.0,0.0,0.0,0.0,0.0,0.0,0.0,0.0
0.0,0.0,0.0,0.0,0.0,0.0,0.0,0.0
0.0,0.0,0.0,0.0,0.0,0.0,0.0,0.0
0.0,0.0,0.0,0.0,0.0,0.0,0.0,0.0
0.0,0.0,0.0,0.0,0.0,0.0,0.0,0.0
0.0,0.0,0.0,0.0,0.0,0.0,0.0,0.0
0.0,0.0,0.0,0.0,0.0,0.0,0.0,0.0
0.0,0.0,0.0,0.0,0.0,0.0,0.0,0.0
0.0,0.0,0.0,0.0,0.0,0.0,0.0,0.0
0.0,0.0,0.0,0.0,0.0,0.0,0.0,0.0
0.0,0.0,0.0,0.0,0.0,0.0,0.0,0.0
0.0,0.0,0.0,0.0,0.0,0.0,0.0,0.0
0.0,0.0,0.0,0.0,0.0,0.0,0.0,0.0
0.0,0.0,0.0,0.0,0.0,0.0,0.0,0.0
0.0,0.0,0.0,0.0,0.0,0.0,0.0,0.0
0.0,0.0,0.0,0.0,0.0,0.0,0.0,0.0
0.0,0.0,0.0,0.0,0.0,0.0,0.0,0.0
0.0,0.0,0.0,0.0,0.0,0.0,0.0,0.0
0.0,0.0,0.0,0.0,0.0,0.0,0.0,0.0
0.0,0.0,0.0,0.0,0.0,0.0,0.0,0.0
0.0,0.0,0.0,0.0,0.0,0.0,0.0,0.0
0.0,0.0,0.0,0.0,0.0,0.0,0.0,0.0
0.0,0.0,0.0,0.0,0.0,0.0,0.0,0.0
0.0,0.0,0.0,0.0,0.0,0.0,0.0,0.0
0.0,0.0,0.0,0.0,0.0,0.0,0.0,0.0
0.0,0.0,0.0,0.0,0.0,0.0,0.0,0.0
0.0,0.0,0.0,0.0,0.0,0.0,0.0,0.0
0.0,0.0,0.0,0.0,0.0,0.0,0.0,0.0
0.0,0.0,0.0,0.0,0.0,0.0,0.0,0.0
0.0,0.0,0.0,0.0,0.0,0.0,0.0,0.0
0.0,0.0,0.0,0.0,0.0,0.0,0.0,0.0
0.0,0.0,0.0,0.0,0.0,0.0,0.0,0.0
0.0,0.0,0.0,0.0,0.0,0.0,0.0,0.0
0.0,0.0,0.0,0.0,0.0,0.0,0.0,0.0
0.0,0.0,0.0,0.0,0.0,0.0,0.0,0.0
0.0,0.0,0.0,0.0,0.0,0.0,0.0,0.0
0.0,0.0,0.0,0.0,0.0,0.0,0.0,0.0
0.0,0.0,0.0,0.0,0.0,0.0,0.0,0.0
0.0,0.0,0.0,0.0,0.0,0.0,0.0,0.0
0.0,0.0,0.0,0.0,0.0,0.0,0.0,0.0
0.0,0.0,0.0,0.0,0.0,0.0,0.0,0.0
0.0,0.0,0.0,0.0,0.0,0.0,0.0,0.0
0.0,0.0,0.0,0.0,0.0,0.0,0.0,0.0
0.0,0.0,0.0,0.0,0.0,0.0,0.0,0.0
0.0,0.0,0.0,0.0,0.0,0.0,0.0,0.0
0.0,0.0,0.0,0.0,0.0,0.0,0.0,0.0
0.0,0.0,0.0,0.0,0.0,0.0,0.0,0.0
0.0,0.0,0.0,0.0,0.0,0.0,0.0,0.0
0.0,0.0,0.0,0.0,0.0,0.0,0.0,0.0
0.0,0.0,0.0,0.0,0.0,0.0,0.0,0.0
0.0,0.0,0.0,0.0,0.0,0.0,0.0,0.0
0.0,0.0,0.0,0.0,0.0,0.0,0.0,0.0
0.0,0.0,0.0,0.0,0.0,0.0,0.0,0.0
0.0,0.0,0.0,0.0,0.0,0.0,0.0,0.0
0.0,0.0,0.0,0.0,0.0,0.0,0.0,0.0
0.0,0.0,0.0,0.0,0.0,0.0,0.0,0.0
0.0,0.0,0.0,0.0,0.0,0.0,0.0,0.0
0.0,0.0,0.0,0.0,0.0,0.0,0.0,0.0
0.0,0.0,0.0,0.0,0.0,0.0,0.0,0.0
0.0,0.0,0.0,0.0,0.0,0.0,0.0,0.0
0.0,0.0,0.0,0.0,0.0,0.0,0.0,0.0
0.0,0.0,0.0,0.0,0.0,0.0,0.0,0.0
0.0,0.0,0.0,0.0,0.0,0.0,0.0,0.0
0.0,0.0,0.0,0.0,0.0,0.0,0.0,0.0
34.7,34.7,34.7,34.7,34.7,34.7,34.7,34.7
34.7,34.7,34.7,34.7,34.7,34.7,34.7,34.7
34.7,34.7,34.7,34.7,34.7,34.7,34.7,34.7
34.7,34.7,34.7,34.7,34.7,34.7,34.7,34.7
81.4,61.0,163.0,59.8,92.1,84.4,117.7,71.2
263.1,61.0,163.0,59.8,92.1,84.4,117.7,71.2
1148.8,61.0,163.0,67.5,92.1,84.4,117.7,71.2
263.1,61.0,187.9,67.5,92.1,84.4,117.7,71.2
14.7,14.7,14.7,14.7,14.7,14.7,14.7,14.7
14.7,14.7,14.7,14.7,14.7,14.7,14.7,14.7
14.7,14.7,14.7,14.7,14.7,14.7,14.7,14.7
14.7,14.7,14.7,14.7,14.7,14.7,14.7,14.7
86.4,65.0,670.9,64.4,100.6,88.5,125.0,77.0
86.4,65.0,670.9,64.4,100.6,88.5,125.0,77.0
717.7,65.0,640.3,64.4,100.6,144.1,2646.3,77.0
721.5,65.0,642.3,64.4,100.6,88.5,2696.2,77.0
739.9,63.5,651.7,62.7,97.4,86.9,2893.4,74.8
774.9,63.5,667.0,62.7,97.4,86.9,122.2,74.8
774.9,63.5,667.0,62.7,97.4,86.9,122.2,74.8
84.5,63.5,667.0,62.7,97.4,86.9,122.2,74.8
85.1,64.0,668.3,285.2,98.5,87.4,123.2,75.5
85.1,64.0,668.3,285.2,98.5,87.4,123.2,75.5
85.1,64.0,668.3,285.2,98.5,87.4,123.2,75.5
85.1,64.0,171.0,285.2,98.5,87.4,123.2,75.5
72.5,65.5,73.9,75.6,72.7,72.5,73.1,72.4
72.5,65.5,73.9,75.6,72.7,72.5,73.1,72.4
72.5,65.5,73.9,75.6,72.7,72.5,73.1,72.4
72.5,65.5,73.9,75.6,72.7,72.5,73.1,72.4
0.0,0.0,0.0,0.0,0.0,0.0,0.0,0.0
0.0,0.0,0.0,0.0,0.0,0.0,0.0,0.0
0.0,0.0,0.0,0.0,0.0,0.0,0.0,0.0
0.0,0.0,0.0,0.0,0.0,0.0,0.0,0.0
0.0,0.0,0.0,0.0,0.0,0.0,0.0,0.0
0.0,0.0,0.0,0.0,0.0,0.0,0.0,0.0
0.0,0.0,0.0,0.0,0.0,0.0,0.0,0.0
0.0,0.0,0.0,0.0,0.0,0.0,0.0,0.0
0.0,0.0,0.0,0.0,0.0,0.0,0.0,0.0
0.0,0.0,0.0,0.0,0.0,0.0,0.0,0.0
0.0,0.0,0.0,0.0,0.0,0.0,0.0,0.0
0.0,0.0,0.0,0.0,0.0,0.0,0.0,0.0
0.0,0.0,0.0,0.0,0.0,0.0,0.0,0.0
0.0,0.0,0.0,0.0,0.0,0.0,0.0,0.0
0.0,0.0,0.0,0.0,0.0,0.0,0.0,0.0
0.0,0.0,0.0,0.0,0.0,0.0,0.0,0.0
0.0,0.0,0.0,0.0,0.0,0.0,0.0,0.0
0.0,0.0,0.0,0.0,0.0,0.0,0.0,0.0
0.0,0.0,0.0,0.0,0.0,0.0,0.0,0.0
0.0,0.0,0.0,0.0,0.0,0.0,0.0,0.0
0.0,0.0,0.0,0.0,0.0,0.0,0.0,0.0
0.0,0.0,0.0,0.0,0.0,0.0,0.0,0.0
0.0,0.0,0.0,0.0,0.0,0.0,0.0,0.0
0.0,0.0,0.0,0.0,0.0,0.0,0.0,0.0
0.0,0.0,0.0,0.0,0.0,0.0,0.0,0.0
0.0,0.0,0.0,0.0,0.0,0.0,0.0,0.0
0.0,0.0,0.0,0.0,0.0,0.0,0.0,0.0
0.0,0.0,0.0,0.0,0.0,0.0,0.0,0.0
0.0,0.0,0.0,0.0,0.0,0.0,0.0,0.0
0.0,0.0,0.0,0.0,0.0,0.0,0.0,0.0
0.0,0.0,0.0,0.0,0.0,0.0,0.0,0.0
0.0,0.0,0.0,0.0,0.0,0.0,0.0,0.0
0.0,0.0,0.0,0.0,0.0,0.0,0.0,0.0
0.0,0.0,0.0,0.0,0.0,0.0,0.0,0.0
0.0,0.0,0.0,0.0,0.0,0.0,0.0,0.0
0.0,0.0,0.0,0.0,0.0,0.0,0.0,0.0
0.0,0.0,0.0,0.0,0.0,0.0,0.0,0.0
0.0,0.0,0.0,0.0,0.0,0.0,0.0,0.0
0.0,0.0,0.0,0.0,0.0,0.0,0.0,0.0
0.0,0.0,0.0,0.0,0.0,0.0,0.0,0.0
0.0,0.0,0.0,0.0,0.0,0.0,0.0,0.0
0.0,0.0,0.0,0.0,0.0,0.0,0.0,0.0
0.0,0.0,0.0,0.0,0.0,0.0,0.0,0.0
0.0,0.0,0.0,0.0,0.0,0.0,0.0,0.0
0.0,0.0,0.0,0.0,0.0,0.0,0.0,0.0
0.0,0.0,0.0,0.0,0.0,0.0,0.0,0.0
0.0,0.0,0.0,0.0,0.0,0.0,0.0,0.0
0.0,0.0,0.0,0.0,0.0,0.0,0.0,0.0
0.0,0.0,0.0,0.0,0.0,0.0,0.0,0.0
0.0,0.0,0.0,0.0,0.0,0.0,0.0,0.0
0.0,0.0,0.0,0.0,0.0,0.0,0.0,0.0
0.0,0.0,0.0,0.0,0.0,0.0,0.0,0.0
0.0,0.0,0.0,0.0,0.0,0.0,0.0,0.0
0.0,0.0,0.0,0.0,0.0,0.0,0.0,0.0
0.0,0.0,0.0,0.0,0.0,0.0,0.0,0.0
0.0,0.0,0.0,0.0,0.0,0.0,0.0,0.0
0.0,0.0,0.0,0.0,0.0,0.0,0.0,0.0
0.0,0.0,0.0,0.0,0.0,0.0,0.0,0.0
0.0,0.0,0.0,0.0,0.0,0.0,0.0,0.0
0.0,0.0,0.0,0.0,0.0,0.0,0.0,0.0
0.0,0.0,0.0,0.0,0.0,0.0,0.0,0.0
0.0,0.0,0.0,0.0,0.0,0.0,0.0,0.0
0.0,0.0,0.0,0.0,0.0,0.0,0.0,0.0
0.0,0.0,0.0,0.0,0.0,0.0,0.0,0.0
16.6,16.6,16.6,16.6,16.6,16.6,16.6,16.6
16.6,16.6,16.6,16.6,16.6,16.6,16.6,16.6
16.6,16.6,16.6,16.6,16.6,16.6,16.6,16.6
16.6,16.6,16.6,16.6,16.6,16.6,16.6,16.6
39.2,39.2,39.2,39.2,39.2,39.2,39.2,39.2
39.2,39.2,39.2,39.2,39.2,39.2,39.2,39.2
39.2,39.2,39.2,39.2,39.2,39.2,39.2,39.2
39.2,39.2,39.2,39.2,39.2,39.2,39.2,39.2
58.2,58.2,58.2,58.2,58.2,58.2,58.2,58.2
58.2,58.2,58.2,58.2,58.2,58.2,58.2,58.2
58.2,58.2,58.2,58.2,58.2,58.2,58.2,58.2
58.2,58.2,58.2,58.2,58.2,58.2,58.2,58.2
46.0,46.0,46.0,46.0,46.0,46.0,46.0,46.0
46.0,46.0,46.0,46.0,46.0,46.0,46.0,46.0
46.0,46.0,46.0,46.0,46.0,46.0,46.0,46.0
46.0,46.0,46.0,46.0,46.0,46.0,46.0,46.0
11.3,11.3,11.3,11.3,11.3,11.3,11.3,11.3
11.3,11.3,11.3,11.3,11.3,11.3,11.3,11.3
11.3,11.3,11.3,11.3,11.3,11.3,11.3,11.3
11.3,11.3,11.3,11.3,11.3,11.3,11.3,11.3
8.7,8.7,8.7,8.7,8.7,8.7,8.7,8.7
8.7,8.7,8.7,8.7,8.7,8.7,8.7,8.7
8.7,8.7,8.7,8.7,8.7,8.7,8.7,8.7
8.7,8.7,8.7,8.7,8.7,8.7,8.7,8.7
6.1,6.1,6.1,6.1,6.1,6.1,6.1,6.1
6.1,6.1,6.1,6.1,6.1,6.1,6.1,6.1
6.1,6.1,6.1,6.1,6.1,6.1,6.1,6.1
6.1,6.1,6.1,6.1,6.1,6.1,6.1,6.1
87.0,65.5,174.9,64.9,101.7,89.0,125.9,77.7
87.0,65.5,174.9,64.9,101.7,89.0,125.9,77.7
87.0,65.5,174.9,64.9,101.7,89.0,125.9,77.7
87.0,65.5,174.9,64.9,101.7,89.0,125.9,77.7
0.0,0.0,0.0,0.0,0.0,0.0,0.0,0.0
0.0,0.0,0.0,0.0,0.0,0.0,0.0,0.0
0.0,0.0,0.0,0.0,0.0,0.0,0.0,0.0
0.0,0.0,0.0,0.0,0.0,0.0,0.0,0.0
0.0,0.0,0.0,0.0,0.0,0.0,0.0,0.0
0.0,0.0,0.0,0.0,0.0,0.0,0.0,0.0
0.0,0.0,0.0,0.0,0.0,0.0,0.0,0.0
0.0,0.0,0.0,0.0,0.0,0.0,0.0,0.0
0.0,0.0,0.0,0.0,0.0,0.0,0.0,0.0
0.0,0.0,0.0,0.0,0.0,0.0,0.0,0.0
0.0,0.0,0.0,0.0,0.0,0.0,0.0,0.0
0.0,0.0,0.0,0.0,0.0,0.0,0.0,0.0
0.0,0.0,0.0,0.0,0.0,0.0,0.0,0.0
0.0,0.0,0.0,0.0,0.0,0.0,0.0,0.0
0.0,0.0,0.0,0.0,0.0,0.0,0.0,0.0
0.0,0.0,0.0,0.0,0.0,0.0,0.0,0.0
0.0,0.0,0.0,0.0,0.0,0.0,0.0,0.0
0.0,0.0,0.0,0.0,0.0,0.0,0.0,0.0
0.0,0.0,0.0,0.0,0.0,0.0,0.0,0.0
0.0,0.0,0.0,0.0,0.0,0.0,0.0,0.0
0.0,0.0,0.0,0.0,0.0,0.0,0.0,0.0
0.0,0.0,0.0,0.0,0.0,0.0,0.0,0.0
0.0,0.0,0.0,0.0,0.0,0.0,0.0,0.0
0.0,0.0,0.0,0.0,0.0,0.0,0.0,0.0
0.0,0.0,0.0,0.0,0.0,0.0,0.0,0.0
0.0,0.0,0.0,0.0,0.0,0.0,0.0,0.0
0.0,0.0,0.0,0.0,0.0,0.0,0.0,0.0
0.0,0.0,0.0,0.0,0.0,0.0,0.0,0.0
0.0,0.0,0.0,0.0,0.0,0.0,0.0,0.0
0.0,0.0,0.0,0.0,0.0,0.0,0.0,0.0
0.0,0.0,0.0,0.0,0.0,0.0,0.0,0.0
0.0,0.0,0.0,0.0,0.0,0.0,0.0,0.0
0.0,0.0,0.0,0.0,0.0,0.0,0.0,0.0
0.0,0.0,0.0,0.0,0.0,0.0,0.0,0.0
0.0,0.0,0.0,0.0,0.0,0.0,0.0,0.0
0.0,0.0,0.0,0.0,0.0,0.0,0.0,0.0
0.0,0.0,0.0,0.0,0.0,0.0,0.0,0.0
0.0,0.0,0.0,0.0,0.0,0.0,0.0,0.0
0.0,0.0,0.0,0.0,0.0,0.0,0.0,0.0
0.0,0.0,0.0,0.0,0.0,0.0,0.0,0.0
0.0,0.0,0.0,0.0,0.0,0.0,0.0,0.0
0.0,0.0,0.0,0.0,0.0,0.0,0.0,0.0
0.0,0.0,0.0,0.0,0.0,0.0,0.0,0.0
0.0,0.0,0.0,0.0,0.0,0.0,0.0,0.0
0.0,0.0,0.0,0.0,0.0,0.0,0.0,0.0
0.0,0.0,0.0,0.0,0.0,0.0,0.0,0.0
0.0,0.0,0.0,0.0,0.0,0.0,0.0,0.0
0.0,0.0,0.0,0.0,0.0,0.0,0.0,0.0
0.0,0.0,0.0,0.0,0.0,0.0,0.0,0.0
0.0,0.0,0.0,0.0,0.0,0.0,0.0,0.0
0.0,0.0,0.0,0.0,0.0,0.0,0.0,0.0
0.0,0.0,0.0,0.0,0.0,0.0,0.0,0.0
0.0,0.0,0.0,0.0,0.0,0.0,0.0,0.0
0.0,0.0,0.0,0.0,0.0,0.0,0.0,0.0
0.0,0.0,0.0,0.0,0.0,0.0,0.0,0.0
0.0,0.0,0.0,0.0,0.0,0.0,0.0,0.0
0.0,0.0,0.0,0.0,0.0,0.0,0.0,0.0
0.0,0.0,0.0,0.0,0.0,0.0,0.0,0.0
0.0,0.0,0.0,0.0,0.0,0.0,0.0,0.0
0.0,0.0,0.0,0.0,0.0,0.0,0.0,0.0
0.0,0.0,0.0,0.0,0.0,0.0,0.0,0.0
0.0,0.0,0.0,0.0,0.0,0.0,0.0,0.0
0.0,0.0,0.0,0.0,0.0,0.0,0.0,0.0
0.0,0.0,0.0,0.0,0.0,0.0,0.0,0.0
3.5,3.5,3.5,3.5,3.5,3.5,3.5,3.5
3.5,3.5,3.5,3.5,3.5,3.5,3.5,3.5
3.5,3.5,3.5,3.5,3.5,3.5,3.5,3.5
3.5,3.5,3.5,3.5,3.5,3.5,3.5,3.5
7.9,7.9,7.9,7.9,7.9,7.9,7.9,7.9
7.9,7.9,7.9,7.9,7.9,7.9,7.9,7.9
7.9,7.9,7.9,7.9,7.9,7.9,7.9,7.9
7.9,7.9,7.9,7.9,7.9,7.9,7.9,7.9
7.9,7.9,7.9,7.9,7.9,7.9,7.9,7.9
7.9,7.9,7.9,7.9,7.9,7.9,7.9,7.9
7.9,7.9,7.9,7.9,7.9,7.9,7.9,7.9
7.9,7.9,7.9,7.9,7.9,7.9,7.9,7.9
8.7,8.7,8.7,8.7,8.7,8.7,8.7,8.7
8.7,8.7,8.7,8.7,8.7,8.7,8.7,8.7
8.7,8.7,8.7,8.7,8.7,8.7,8.7,8.7
8.7,8.7,8.7,8.7,8.7,8.7,8.7,8.7
7.8,7.8,7.8,7.8,7.8,7.8,7.8,7.8
7.8,7.8,7.8,7.8,7.8,7.8,7.8,7.8
7.8,7.8,7.8,7.8,7.8,7.8,7.8,7.8
7.8,7.8,7.8,7.8,7.8,7.8,7.8,7.8
7.0,7.0,7.0,7.0,7.0,7.0,7.0,7.0
7.0,7.0,7.0,7.0,7.0,7.0,7.0,7.0
7.0,7.0,7.0,7.0,7.0,7.0,7.0,7.0
7.0,7.0,7.0,7.0,7.0,7.0,7.0,7.0
5.3,5.3,5.3,5.3,5.3,5.3,5.3,5.3
5.3,5.3,5.3,5.3,5.3,5.3,5.3,5.3
5.3,5.3,5.3,5.3,5.3,5.3,5.3,5.3
5.3,5.3,5.3,5.3,5.3,5.3,5.3,5.3
0.9,0.9,0.9,0.9,0.9,0.9,0.9,0.9
0.9,0.9,0.9,0.9,0.9,0.9,0.9,0.9
0.9,0.9,0.9,0.9,0.9,0.9,0.9,0.9
0.9,0.9,0.9,0.9,0.9,0.9,0.9,0.9
0.0,0.0,0.0,0.0,0.0,0.0,0.0,0.0
0.0,0.0,0.0,0.0,0.0,0.0,0.0,0.0
0.0,0.0,0.0,0.0,0.0,0.0,0.0,0.0
0.0,0.0,0.0,0.0,0.0,0.0,0.0,0.0
0.0,0.0,0.0,0.0,0.0,0.0,0.0,0.0
0.0,0.0,0.0,0.0,0.0,0.0,0.0,0.0
0.0,0.0,0.0,0.0,0.0,0.0,0.0,0.0
0.0,0.0,0.0,0.0,0.0,0.0,0.0,0.0
0.0,0.0,0.0,0.0,0.0,0.0,0.0,0.0
0.0,0.0,0.0,0.0,0.0,0.0,0.0,0.0
0.0,0.0,0.0,0.0,0.0,0.0,0.0,0.0
0.0,0.0,0.0,0.0,0.0,0.0,0.0,0.0
0.0,0.0,0.0,0.0,0.0,0.0,0.0,0.0
0.0,0.0,0.0,0.0,0.0,0.0,0.0,0.0
0.0,0.0,0.0,0.0,0.0,0.0,0.0,0.0
0.0,0.0,0.0,0.0,0.0,0.0,0.0,0.0
0.0,0.0,0.0,0.0,0.0,0.0,0.0,0.0
0.0,0.0,0.0,0.0,0.0,0.0,0.0,0.0
0.0,0.0,0.0,0.0,0.0,0.0,0.0,0.0
0.0,0.0,0.0,0.0,0.0,0.0,0.0,0.0
0.0,0.0,0.0,0.0,0.0,0.0,0.0,0.0
0.0,0.0,0.0,0.0,0.0,0.0,0.0,0.0
0.0,0.0,0.0,0.0,0.0,0.0,0.0,0.0
0.0,0.0,0.0,0.0,0.0,0.0,0.0,0.0
0.0,0.0,0.0,0.0,0.0,0.0,0.0,0.0
0.0,0.0,0.0,0.0,0.0,0.0,0.0,0.0
0.0,0.0,0.0,0.0,0.0,0.0,0.0,0.0
0.0,0.0,0.0,0.0,0.0,0.0,0.0,0.0
0.0,0.0,0.0,0.0,0.0,0.0,0.0,0.0
0.0,0.0,0.0,0.0,0.0,0.0,0.0,0.0
0.0,0.0,0.0,0.0,0.0,0.0,0.0,0.0
0.0,0.0,0.0,0.0,0.0,0.0,0.0,0.0
0.0,0.0,0.0,0.0,0.0,0.0,0.0,0.0
0.0,0.0,0.0,0.0,0.0,0.0,0.0,0.0
0.0,0.0,0.0,0.0,0.0,0.0,0.0,0.0
0.0,0.0,0.0,0.0,0.0,0.0,0.0,0.0
0.0,0.0,0.0,0.0,0.0,0.0,0.0,0.0
0.0,0.0,0.0,0.0,0.0,0.0,0.0,0.0
0.0,0.0,0.0,0.0,0.0,0.0,0.0,0.0
0.0,0.0,0.0,0.0,0.0,0.0,0.0,0.0
0.0,0.0,0.0,0.0,0.0,0.0,0.0,0.0
0.0,0.0,0.0,0.0,0.0,0.0,0.0,0.0
0.0,0.0,0.0,0.0,0.0,0.0,0.0,0.0
0.0,0.0,0.0,0.0,0.0,0.0,0.0,0.0
0.0,0.0,0.0,0.0,0.0,0.0,0.0,0.0
0.0,0.0,0.0,0.0,0.0,0.0,0.0,0.0
0.0,0.0,0.0,0.0,0.0,0.0,0.0,0.0
0.0,0.0,0.0,0.0,0.0,0.0,0.0,0.0
0.0,0.0,0.0,0.0,0.0,0.0,0.0,0.0
0.0,0.0,0.0,0.0,0.0,0.0,0.0,0.0
0.0,0.0,0.0,0.0,0.0,0.0,0.0,0.0
0.0,0.0,0.0,0.0,0.0,0.0,0.0,0.0
0.0,0.0,0.0,0.0,0.0,0.0,0.0,0.0
0.0,0.0,0.0,0.0,0.0,0.0,0.0,0.0
0.0,0.0,0.0,0.0,0.0,0.0,0.0,0.0
0.0,0.0,0.0,0.0,0.0,0.0,0.0,0.0
0.0,0.0,0.0,0.0,0.0,0.0,0.0,0.0
0.0,0.0,0.0,0.0,0.0,0.0,0.0,0.0
0.0,0.0,0.0,0.0,0.0,0.0,0.0,0.0
0.0,0.0,0.0,0.0,0.0,0.0,0.0,0.0
0.0,0.0,0.0,0.0,0.0,0.0,0.0,0.0
0.0,0.0,0.0,0.0,0.0,0.0,0.0,0.0
0.0,0.0,0.0,0.0,0.0,0.0,0.0,0.0
0.0,0.0,0.0,0.0,0.0,0.0,0.0,0.0
0.0,0.0,0.0,0.0,0.0,0.0,0.0,0.0
0.0,0.0,0.0,0.0,0.0,0.0,0.0,0.0
0.0,0.0,0.0,0.0,0.0,0.0,0.0,0.0
0.0,0.0,0.0,0.0,0.0,0.0,0.0,0.0
2.6,2.6,2.6,2.6,2.6,2.6,2.6,2.6
2.6,2.6,2.6,2.6,2.6,2.6,2.6,2.6
2.6,2.6,2.6,2.6,2.6,2.6,2.6,2.6
2.6,2.6,2.6,2.6,2.6,2.6,2.6,2.6
81.4,61.0,163.0,59.8,92.1,84.4,419.7,71.2
81.4,61.0,163.0,59.8,92.1,84.4,419.7,71.2
81.4,61.0,163.0,59.8,92.1,84.4,419.7,71.2
81.4,61.0,163.0,59.8,92.1,84.4,419.7,71.2
84.5,63.5,169.6,62.7,97.4,86.9,424.2,74.8
84.5,220.4,169.6,62.7,97.4,86.9,122.2,74.8
84.5,220.4,194.6,62.7,97.4,86.9,122.2,74.8
84.5,63.5,194.6,62.7,97.4,142.6,122.2,74.8
86.4,65.0,173.6,64.4,100.6,88.5,125.0,77.0
86.4,65.0,173.6,87.3,100.6,88.5,125.0,77.0
86.4,65.0,173.6,64.4,100.6,88.5,125.0,77.0
86.4,65.0,173.6,64.4,100.6,88.5,125.0,5013.4
84.5,63.5,169.6,62.7,97.4,86.9,278.8,74.8
84.5,63.5,169.6,62.7,97.4,86.9,278.8,74.8
84.5,63.5,169.6,62.7,97.4,86.9,278.8,74.8
84.5,63.5,169.6,62.7,97.4,86.9,122.2,74.8
85.1,64.0,446.3,63.2,98.5,87.4,123.2,75.5
85.1,64.0,446.3,63.2,98.5,87.4,123.2,75.5
85.1,64.0,446.3,63.2,98.5,87.4,123.2,75.5
85.1,64.0,446.3,63.2,98.5,87.4,123.2,75.5
87.0,65.5,450.3,64.9,101.7,89.0,125.9,77.7
87.0,74.5,450.3,64.9,101.7,89.0,125.9,77.7
87.0,74.5,450.3,64.9,101.7,89.0,125.9,77.7
87.0,74.5,450.3,64.9,101.7,89.0,125.9,77.7
0.0,0.0,0.0,0.0,0.0,0.0,0.0,0.0
0.0,0.0,0.0,0.0,0.0,0.0,0.0,0.0
0.0,0.0,0.0,0.0,0.0,0.0,0.0,0.0
0.0,0.0,0.0,0.0,0.0,0.0,0.0,0.0
0.0,0.0,0.0,0.0,0.0,0.0,0.0,0.0
0.0,0.0,0.0,0.0,0.0,0.0,0.0,0.0
0.0,0.0,0.0,0.0,0.0,0.0,0.0,0.0
0.0,0.0,0.0,0.0,0.0,0.0,0.0,0.0
0.0,0.0,0.0,0.0,0.0,0.0,0.0,0.0
0.0,0.0,0.0,0.0,0.0,0.0,0.0,0.0
0.0,0.0,0.0,0.0,0.0,0.0,0.0,0.0
0.0,0.0,0.0,0.0,0.0,0.0,0.0,0.0
0.0,0.0,0.0,0.0,0.0,0.0,0.0,0.0
0.0,0.0,0.0,0.0,0.0,0.0,0.0,0.0
0.0,0.0,0.0,0.0,0.0,0.0,0.0,0.0
0.0,0.0,0.0,0.0,0.0,0.0,0.0,0.0
0.0,0.0,0.0,0.0,0.0,0.0,0.0,0.0
0.0,0.0,0.0,0.0,0.0,0.0,0.0,0.0
0.0,0.0,0.0,0.0,0.0,0.0,0.0,0.0
0.0,0.0,0.0,0.0,0.0,0.0,0.0,0.0
0.0,0.0,0.0,0.0,0.0,0.0,0.0,0.0
0.0,0.0,0.0,0.0,0.0,0.0,0.0,0.0
0.0,0.0,0.0,0.0,0.0,0.0,0.0,0.0
0.0,0.0,0.0,0.0,0.0,0.0,0.0,0.0
0.0,0.0,0.0,0.0,0.0,0.0,0.0,0.0
0.0,0.0,0.0,0.0,0.0,0.0,0.0,0.0
0.0,0.0,0.0,0.0,0.0,0.0,0.0,0.0
0.0,0.0,0.0,0.0,0.0,0.0,0.0,0.0
0.0,0.0,0.0,0.0,0.0,0.0,0.0,0.0
0.0,0.0,0.0,0.0,0.0,0.0,0.0,0.0
0.0,0.0,0.0,0.0,0.0,0.0,0.0,0.0
0.0,0.0,0.0,0.0,0.0,0.0,0.0,0.0
0.0,0.0,0.0,0.0,0.0,0.0,0.0,0.0
0.0,0.0,0.0,0.0,0.0,0.0,0.0,0.0
0.0,0.0,0.0,0.0,0.0,0.0,0.0,0.0
0.0,0.0,0.0,0.0,0.0,0.0,0.0,0.0
0.0,0.0,0.0,0.0,0.0,0.0,0.0,0.0
0.0,0.0,0.0,0.0,0.0,0.0,0.0,0.0
0.0,0.0,0.0,0.0,0.0,0.0,0.0,0.0
0.0,0.0,0.0,0.0,0.0,0.0,0.0,0.0
0.0,0.0,0.0,0.0,0.0,0.0,0.0,0.0
0.0,0.0,0.0,0.0,0.0,0.0,0.0,0.0
0.0,0.0,0.0,0.0,0.0,0.0,0.0,0.0
0.0,0.0,0.0,0.0,0.0,0.0,0.0,0.0
0.0,0.0,0.0,0.0,0.0,0.0,0.0,0.0
0.0,0.0,0.0,0.0,0.0,0.0,0.0,0.0
0.0,0.0,0.0,0.0,0.0,0.0,0.0,0.0
0.0,0.0,0.0,0.0,0.0,0.0,0.0,0.0
0.0,0.0,0.0,0.0,0.0,0.0,0.0,0.0
0.0,0.0,0.0,0.0,0.0,0.0,0.0,0.0
0.0,0.0,0.0,0.0,0.0,0.0,0.0,0.0
0.0,0.0,0.0,0.0,0.0,0.0,0.0,0.0
0.0,0.0,0.0,0.0,0.0,0.0,0.0,0.0
0.0,0.0,0.0,0.0,0.0,0.0,0.0,0.0
0.0,0.0,0.0,0.0,0.0,0.0,0.0,0.0
0.0,0.0,0.0,0.0,0.0,0.0,0.0,0.0
0.0,0.0,0.0,0.0,0.0,0.0,0.0,0.0
0.0,0.0,0.0,0.0,0.0,0.0,0.0,0.0
0.0,0.0,0.0,0.0,0.0,0.0,0.0,0.0
0.0,0.0,0.0,0.0,0.0,0.0,0.0,0.0
0.0,0.0,0.0,0.0,0.0,0.0,0.0,0.0
0.0,0.0,0.0,0.0,0.0,0.0,0.0,0.0
0.0,0.0,0.0,0.0,0.0,0.0,0.0,0.0
0.0,0.0,0.0,0.0,0.0,0.0,0.0,0.0
3.5,3.5,3.5,3.5,3.5,3.5,3.5,3.5
3.5,3.5,3.5,3.5,3.5,3.5,3.5,3.5
3.5,3.5,3.5,3.5,3.5,3.5,3.5,3.5
3.5,3.5,3.5,3.5,3.5,3.5,3.5,3.5
6.1,6.1,6.1,6.1,6.1,6.1,6.1,6.1
6.1,6.1,6.1,6.1,6.1,6.1,6.1,6.1
6.1,6.1,6.1,6.1,6.1,6.1,6.1,6.1
6.1,6.1,6.1,6.1,6.1,6.1,6.1,6.1
7.9,7.9,7.9,7.9,7.9,7.9,7.9,7.9
7.9,7.9,7.9,7.9,7.9,7.9,7.9,7.9
7.9,7.9,7.9,7.9,7.9,7.9,7.9,7.9
7.9,7.9,7.9,7.9,7.9,7.9,7.9,7.9
15.7,15.7,15.7,15.7,15.7,15.7,15.7,15.7
15.7,15.7,15.7,15.7,15.7,15.7,15.7,15.7
15.7,15.7,15.7,15.7,15.7,15.7,15.7,15.7
15.7,15.7,15.7,15.7,15.7,15.7,15.7,15.7
13.9,13.9,13.9,13.9,13.9,13.9,13.9,13.9
13.9,13.9,13.9,13.9,13.9,13.9,13.9,13.9
13.9,13.9,13.9,13.9,13.9,13.9,13.9,13.9
13.9,13.9,13.9,13.9,13.9,13.9,13.9,13.9
10.5,10.5,10.5,10.5,10.5,10.5,10.5,10.5
10.5,10.5,10.5,10.5,10.5,10.5,10.5,10.5
10.5,10.5,10.5,10.5,10.5,10.5,10.5,10.5
10.5,10.5,10.5,10.5,10.5,10.5,10.5,10.5
6.1,6.1,6.1,6.1,6.1,6.1,6.1,6.1
6.1,6.1,6.1,6.1,6.1,6.1,6.1,6.1
6.1,6.1,6.1,6.1,6.1,6.1,6.1,6.1
6.1,6.1,6.1,6.1,6.1,6.1,6.1,6.1
87.0,65.5,125.7,64.9,101.7,89.0,246.6,77.7
87.0,65.5,174.9,64.9,101.7,89.0,125.9,77.7
87.0,65.5,174.9,64.9,101.7,89.0,125.9,77.7
87.0,65.5,174.9,64.9,101.7,89.0,125.9,77.7
0.0,0.0,0.0,0.0,0.0,0.0,0.0,0.0
0.0,0.0,0.0,0.0,0.0,0.0,0.0,0.0
0.0,0.0,0.0,0.0,0.0,0.0,0.0,0.0
0.0,0.0,0.0,0.0,0.0,0.0,0.0,0.0
0.0,0.0,0.0,0.0,0.0,0.0,0.0,0.0
0.0,0.0,0.0,0.0,0.0,0.0,0.0,0.0
0.0,0.0,0.0,0.0,0.0,0.0,0.0,0.0
0.0,0.0,0.0,0.0,0.0,0.0,0.0,0.0
0.0,0.0,0.0,0.0,0.0,0.0,0.0,0.0
0.0,0.0,0.0,0.0,0.0,0.0,0.0,0.0
0.0,0.0,0.0,0.0,0.0,0.0,0.0,0.0
0.0,0.0,0.0,0.0,0.0,0.0,0.0,0.0
0.0,0.0,0.0,0.0,0.0,0.0,0.0,0.0
0.0,0.0,0.0,0.0,0.0,0.0,0.0,0.0
0.0,0.0,0.0,0.0,0.0,0.0,0.0,0.0
0.0,0.0,0.0,0.0,0.0,0.0,0.0,0.0
0.0,0.0,0.0,0.0,0.0,0.0,0.0,0.0
0.0,0.0,0.0,0.0,0.0,0.0,0.0,0.0
0.0,0.0,0.0,0.0,0.0,0.0,0.0,0.0
0.0,0.0,0.0,0.0,0.0,0.0,0.0,0.0
0.0,0.0,0.0,0.0,0.0,0.0,0.0,0.0
0.0,0.0,0.0,0.0,0.0,0.0,0.0,0.0
0.0,0.0,0.0,0.0,0.0,0.0,0.0,0.0
0.0,0.0,0.0,0.0,0.0,0.0,0.0,0.0
0.0,0.0,0.0,0.0,0.0,0.0,0.0,0.0
0.0,0.0,0.0,0.0,0.0,0.0,0.0,0.0
0.0,0.0,0.0,0.0,0.0,0.0,0.0,0.0
0.0,0.0,0.0,0.0,0.0,0.0,0.0,0.0
