0.0,0.0,0.0,0.0,0.0,0.0
0.0,0.0,0.0,0.0,0.0,0.0
0.0,0.0,0.0,0.0,0.0,0.0
0.0,0.0,0.0,0.0,0.0,0.0
0.0,0.0,0.0,0.0,0.0,0.0
0.0,0.0,0.0,0.0,0.0,0.0
0.0,0.0,0.0,0.0,0.0,0.0
0.0,0.0,0.0,0.0,0.0,0.0
0.0,0.0,0.0,0.0,0.0,0.0
0.0,0.0,0.0,0.0,0.0,0.0
0.0,0.0,0.0,0.0,0.0,0.0
0.0,0.0,0.0,0.0,0.0,0.0
0.0,0.0,0.0,0.0,0.0,0.0
0.0,0.0,0.0,0.0,0.0,0.0
0.0,0.0,0.0,0.0,0.0,0.0
0.0,0.0,0.0,0.0,0.0,0.0
0.0,0.0,0.0,0.0,0.0,0.0
0.0,0.0,0.0,0.0,0.0,0.0
0.0,0.0,0.0,0.0,0.0,0.0
0.0,0.0,0.0,0.0,0.0,0.0
0.0,0.0,0.0,0.0,0.0,0.0
0.0,0.0,0.0,0.0,0.0,0.0
0.0,0.0,0.0,0.0,0.0,0.0
0.0,0.0,0.0,0.0,0.0,0.0
0.0,0.0,0.0,0.0,0.0,0.0
0.0,0.0,0.0,0.0,0.0,0.0
0.0,0.0,0.0,0.0,0.0,0.0
0.0,0.0,0.0,0.0,0.0,0.0
0.0,0.0,0.0,0.0,0.0,0.0
0.0,0.0,0.0,0.0,0.0,0.0
0.0,0.0,0.0,0.0,0.0,0.0
0.0,0.0,0.0,0.0,0.0,0.0
0.0,0.0,0.0,0.0,0.0,0.0
0.0,0.0,0.0,0.0,0.0,0.0
0.0,0.0,0.0,0.0,0.0,0.0
0.0,0.0,0.0,0.0,0.0,0.0
257.7,725.6,777.4,778.4,857.7,762.9
392.8,712.9,759.1,759.9,794.2,740.9
693.3,693.3,693.3,693.3,693.3,693.3
693.3,693.3,693.3,693.3,693.3,693.3
1230.1,1315.6,2729.4,2736.7,3064.8,2419.9
1410.5,1302.9,2685.8,2692.9,3000.8,2403.5
1115.3,1225.3,2793.5,2805.9,3158.5,2398.0
1170.0,1294.8,2775.9,2787.2,3072.9,2395.7
100.3,100.3,100.3,100.3,100.3,100.3
100.3,100.3,100.3,100.3,100.3,100.3
100.3,100.3,100.3,100.3,100.3,100.3
100.3,100.3,100.3,100.3,100.3,100.3
110.1,110.1,110.1,110.1,110.1,110.1
110.1,110.1,110.1,110.1,110.1,110.1
110.1,110.1,110.1,110.1,110.1,110.1
110.1,110.1,110.1,110.1,110.1,110.1
110.0,110.0,110.0,110.0,110.0,110.0
110.0,110.0,110.0,110.0,110.0,110.0
110.0,110.0,110.0,110.0,110.0,110.0
110.0,110.0,110.0,110.0,110.0,110.0
90.2,90.2,90.2,90.2,90.2,90.2
90.2,90.2,90.2,90.2,90.2,90.2
90.2,90.2,90.2,90.2,90.2,90.2
90.2,90.2,90.2,90.2,90.2,90.2
60.3,60.3,60.3,60.3,60.3,60.3
60.3,60.3,60.3,60.3,60.3,60.3
60.3,60.3,60.3,60.3,60.3,60.3
60.3,60.3,60.3,60.3,60.3,60.3
20.2,20.2,20.2,20.2,20.2,20.2
20.2,20.2,20.2,20.2,20.2,20.2
20.2,20.2,20.2,20.2,20.2,20.2
20.2,20.2,20.2,20.2,20.2,20.2
0.0,0.0,0.0,0.0,0.0,0.0
0.0,0.0,0.0,0.0,0.0,0.0
0.0,0.0,0.0,0.0,0.0,0.0
0.0,0.0,0.0,0.0,0.0,0.0
0.0,0.0,0.0,0.0,0.0,0.0
0.0,0.0,0.0,0.0,0.0,0.0
0.0,0.0,0.0,0.0,0.0,0.0
0.0,0.0,0.0,0.0,0.0,0.0
0.0,0.0,0.0,0.0,0.0,0.0
0.0,0.0,0.0,0.0,0.0,0.0
0.0,0.0,0.0,0.0,0.0,0.0
0.0,0.0,0.0,0.0,0.0,0.0
0.0,0.0,0.0,0.0,0.0,0.0
0.0,0.0,0.0,0.0,0.0,0.0
0.0,0.0,0.0,0.0,0.0,0.0
0.0,0.0,0.0,0.0,0.0,0.0
0.0,0.0,0.0,0.0,0.0,0.0
0.0,0.0,0.0,0.0,0.0,0.0
0.0,0.0,0.0,0.0,0.0,0.0
0.0,0.0,0.0,0.0,0.0,0.0
0.0,0.0,0.0,0.0,0.0,0.0
0.0,0.0,0.0,0.0,0.0,0.0
0.0,0.0,0.0,0.0,0.0,0.0
0.0,0.0,0.0,0.0,0.0,0.0
0.0,0.0,0.0,0.0,0.0,0.0
0.0,0.0,0.0,0.0,0.0,0.0
0.0,0.0,0.0,0.0,0.0,0.0
0.0,0.0,0.0,0.0,0.0,0.0
0.0,0.0,0.0,0.0,0.0,0.0
0.0,0.0,0.0,0.0,0.0,0.0
0.0,0.0,0.0,0.0,0.0,0.0
0.0,0.0,0.0,0.0,0.0,0.0
0.0,0.0,0.0,0.0,0.0,0.0
0.0,0.0,0.0,0.0,0.0,0.0
0.0,0.0,0.0,0.0,0.0,0.0
0.0,0.0,0.0,0.0,0.0,0.0
0.0,0.0,0.0,0.0,0.0,0.0
0.0,0.0,0.0,0.0,0.0,0.0
0.0,0.0,0.0,0.0,0.0,0.0
0.0,0.0,0.0,0.0,0.0,0.0
0.0,0.0,0.0,0.0,0.0,0.0
0.0,0.0,0.0,0.0,0.0,0.0
0.0,0.0,0.0,0.0,0.0,0.0
0.0,0.0,0.0,0.0,0.0,0.0
0.0,0.0,0.0,0.0,0.0,0.0
0.0,0.0,0.0,0.0,0.0,0.0
0.0,0.0,0.0,0.0,0.0,0.0
0.0,0.0,0.0,0.0,0.0,0.0
0.0,0.0,0.0,0.0,0.0,0.0
0.0,0.0,0.0,0.0,0.0,0.0
0.0,0.0,0.0,0.0,0.0,0.0
0.0,0.0,0.0,0.0,0.0,0.0
0.0,0.0,0.0,0.0,0.0,0.0
0.0,0.0,0.0,0.0,0.0,0.0
0.0,0.0,0.0,0.0,0.0,0.0
0.0,0.0,0.0,0.0,0.0,0.0
0.0,0.0,0.0,0.0,0.0,0.0
0.0,0.0,0.0,0.0,0.0,0.0
0.0,0.0,0.0,0.0,0.0,0.0
0.0,0.0,0.0,0.0,0.0,0.0
0.0,0.0,0.0,0.0,0.0,0.0
0.0,0.0,0.0,0.0,0.0,0.0
0.0,0.0,0.0,0.0,0.0,0.0
0.0,0.0,0.0,0.0,0.0,0.0
1165.9,1573.2,1649.4,1650.8,1768.0,1645.7
1190.0,1560.8,1643.7,1645.1,1768.7,1644.6
1175.1,1565.4,1650.2,1651.6,1766.0,1644.6
1177.2,1533.4,1650.8,1652.3,1786.6,1652.5
80.8,80.8,80.8,80.8,80.8,80.8
80.8,80.8,80.8,80.8,80.8,80.8
80.8,80.8,80.8,80.8,80.8,80.8
80.8,80.8,80.8,80.8,80.8,80.8
100.7,100.7,100.7,100.7,100.7,100.7
100.7,100.7,100.7,100.7,100.7,100.7
100.7,100.7,100.7,100.7,100.7,100.7
100.7,100.7,100.7,100.7,100.7,100.7
110.5,110.5,110.5,110.5,110.5,110.5
110.5,110.5,110.5,110.5,110.5,110.5
110.5,110.5,110.5,110.5,110.5,110.5
110.5,110.5,110.5,110.5,110.5,110.5
110.5,110.5,110.5,110.5,110.5,110.5
110.5,110.5,110.5,110.5,110.5,110.5
110.5,110.5,110.5,110.5,110.5,110.5
110.5,110.5,110.5,110.5,110.5,110.5
90.5,90.5,90.5,90.5,90.5,90.5
90.5,90.5,90.5,90.5,90.5,90.5
90.5,90.5,90.5,90.5,90.5,90.5
90.5,90.5,90.5,90.5,90.5,90.5
60.4,60.4,60.4,60.4,60.4,60.4
60.4,60.4,60.4,60.4,60.4,60.4
60.4,60.4,60.4,60.4,60.4,60.4
60.4,60.4,60.4,60.4,60.4,60.4
20.2,20.2,20.2,20.2,20.2,20.2
20.2,20.2,20.2,20.2,20.2,20.2
20.2,20.2,20.2,20.2,20.2,20.2
22.5,0.0,35.4,33.3,0.0,29.8
0.0,0.0,0.0,0.0,0.0,0.0
0.0,0.0,0.0,0.0,0.0,0.0
0.0,0.0,0.0,0.0,0.0,0.0
0.0,0.0,0.0,0.0,0.0,0.0
0.0,0.0,0.0,0.0,0.0,0.0
0.0,0.0,0.0,0.0,0.0,0.0
0.0,0.0,0.0,0.0,0.0,0.0
0.0,0.0,0.0,0.0,0.0,0.0
0.0,0.0,0.0,0.0,0.0,0.0
0.0,0.0,0.0,0.0,0.0,0.0
0.0,0.0,0.0,0.0,0.0,0.0
0.0,0.0,0.0,0.0,0.0,0.0
0.0,0.0,0.0,0.0,0.0,0.0
0.0,0.0,0.0,0.0,0.0,0.0
0.0,0.0,0.0,0.0,0.0,0.0
0.0,0.0,0.0,0.0,0.0,0.0
0.0,0.0,0.0,0.0,0.0,0.0
0.0,0.0,0.0,0.0,0.0,0.0
0.0,0.0,0.0,0.0,0.0,0.0
0.0,0.0,0.0,0.0,0.0,0.0
0.0,0.0,0.0,0.0,0.0,0.0
0.0,0.0,0.0,0.0,0.0,0.0
0.0,0.0,0.0,0.0,0.0,0.0
0.0,0.0,0.0,0.0,0.0,0.0
0.0,0.0,0.0,0.0,0.0,0.0
0.0,0.0,0.0,0.0,0.0,0.0
0.0,0.0,0.0,0.0,0.0,0.0
0.0,0.0,0.0,0.0,0.0,0.0
0.0,0.0,0.0,0.0,0.0,0.0
0.0,0.0,0.0,0.0,0.0,0.0
0.0,0.0,0.0,0.0,0.0,0.0
0.0,0.0,0.0,0.0,0.0,0.0
0.0,0.0,0.0,0.0,0.0,0.0
0.0,0.0,0.0,0.0,0.0,0.0
0.0,0.0,0.0,0.0,0.0,0.0
0.0,0.0,0.0,0.0,0.0,0.0
0.0,0.0,0.0,0.0,0.0,0.0
0.0,0.0,0.0,0.0,0.0,0.0
0.0,0.0,0.0,0.0,0.0,0.0
0.0,0.0,0.0,0.0,0.0,0.0
0.0,0.0,0.0,0.0,0.0,0.0
0.0,0.0,0.0,0.0,0.0,0.0
0.0,0.0,0.0,0.0,0.0,0.0
0.0,0.0,0.0,0.0,0.0,0.0
0.0,0.0,0.0,0.0,0.0,0.0
0.0,0.0,0.0,0.0,0.0,0.0
0.0,0.0,0.0,0.0,0.0,0.0
0.0,0.0,0.0,0.0,0.0,0.0
0.0,0.0,0.0,0.0,0.0,0.0
0.0,0.0,0.0,0.0,0.0,0.0
0.0,0.0,0.0,0.0,0.0,0.0
0.0,0.0,0.0,0.0,0.0,0.0
0.0,0.0,0.0,0.0,0.0,0.0
0.0,0.0,0.0,0.0,0.0,0.0
0.0,0.0,0.0,0.0,0.0,0.0
0.0,0.0,0.0,0.0,0.0,0.0
0.0,0.0,0.0,0.0,0.0,0.0
0.0,0.0,0.0,0.0,0.0,0.0
0.0,0.0,0.0,0.0,0.0,0.0
0.0,0.0,0.0,0.0,0.0,0.0
0.0,0.0,0.0,0.0,0.0,0.0
0.0,0.0,0.0,0.0,0.0,0.0
0.0,0.0,0.0,0.0,0.0,0.0
0.0,0.0,0.0,0.0,0.0,0.0
40.1,40.1,40.1,40.1,40.1,40.1
40.1,40.1,40.1,40.1,40.1,40.1
0.0,0.0,0.0,0.0,0.0,0.0
0.0,0.0,0.0,0.0,0.0,0.0
332.4,0.0,0.0,0.0,0.0,0.0
349.4,0.0,0.0,0.0,0.0,0.0
336.4,0.0,0.0,0.0,0.0,0.0
343.7,0.0,0.0,0.0,0.0,0.0
430.8,27.8,66.8,55.7,64.6,89.1
323.3,196.8,311.0,310.7,327.0,363.4
99.9,99.9,99.9,99.9,99.9,99.9
99.9,99.9,99.9,99.9,99.9,99.9
140.2,169.6,172.3,172.4,176.5,185.0
115.3,154.1,174.9,175.1,184.3,212.4
138.4,169.6,172.3,172.3,176.4,187.0
132.3,169.5,173.4,173.5,179.3,188.1
109.7,146.6,170.5,170.7,189.1,169.0
147.0,159.7,161.6,161.6,164.5,161.4
159.3,159.3,159.3,159.3,159.3,159.3
159.3,159.3,159.3,159.3,159.3,159.3
129.5,129.5,129.5,129.5,129.5,129.5
116.6,132.8,130.6,134.8,131.9,130.5
129.5,129.5,129.5,129.5,129.5,129.5
129.5,129.5,129.5,129.5,129.5,129.5
69.9,69.9,69.9,69.9,69.9,69.9
69.9,69.9,69.9,69.9,69.9,69.9
69.9,69.9,69.9,69.9,69.9,69.9
69.9,69.9,69.9,69.9,69.9,69.9
20.0,20.0,20.0,20.0,20.0,20.0
20.0,20.0,20.0,20.0,20.0,20.0
20.0,20.0,20.0,20.0,20.0,20.0
20.0,20.0,20.0,20.0,20.0,20.0
0.0,0.0,0.0,0.0,0.0,0.0
0.0,0.0,0.0,0.0,0.0,0.0
0.0,0.0,0.0,0.0,0.0,0.0
0.0,0.0,0.0,0.0,0.0,0.0
0.0,0.0,0.0,0.0,0.0,0.0
0.0,0.0,0.0,0.0,0.0,0.0
0.0,0.0,0.0,0.0,0.0,0.0
0.0,0.0,0.0,0.0,0.0,0.0
0.0,0.0,0.0,0.0,0.0,0.0
0.0,0.0,0.0,0.0,0.0,0.0
0.0,0.0,0.0,0.0,0.0,0.0
0.0,0.0,0.0,0.0,0.0,0.0
0.0,0.0,0.0,0.0,0.0,0.0
0.0,0.0,0.0,0.0,0.0,0.0
0.0,0.0,0.0,0.0,0.0,0.0
0.0,0.0,0.0,0.0,0.0,0.0
0.0,0.0,0.0,0.0,0.0,0.0
0.0,0.0,0.0,0.0,0.0,0.0
0.0,0.0,0.0,0.0,0.0,0.0
0.0,0.0,0.0,0.0,0.0,0.0
0.0,0.0,0.0,0.0,0.0,0.0
0.0,0.0,0.0,0.0,0.0,0.0
0.0,0.0,0.0,0.0,0.0,0.0
0.0,0.0,0.0,0.0,0.0,0.0
0.0,0.0,0.0,0.0,0.0,0.0
0.0,0.0,0.0,0.0,0.0,0.0
0.0,0.0,0.0,0.0,0.0,0.0
0.0,0.0,0.0,0.0,0.0,0.0
0.0,0.0,0.0,0.0,0.0,0.0
0.0,0.0,0.0,0.0,0.0,0.0
0.0,0.0,0.0,0.0,0.0,0.0
0.0,0.0,0.0,0.0,0.0,0.0
0.0,0.0,0.0,0.0,0.0,0.0
0.0,0.0,0.0,0.0,0.0,0.0
0.0,0.0,0.0,0.0,0.0,0.0
0.0,0.0,0.0,0.0,0.0,0.0
0.0,0.0,0.0,0.0,0.0,0.0
0.0,0.0,0.0,0.0,0.0,0.0
0.0,0.0,0.0,0.0,0.0,0.0
0.0,0.0,0.0,0.0,0.0,0.0
0.0,0.0,0.0,0.0,0.0,0.0
0.0,0.0,0.0,0.0,0.0,0.0
0.0,0.0,0.0,0.0,0.0,0.0
0.0,0.0,0.0,0.0,0.0,0.0
0.0,0.0,0.0,0.0,0.0,0.0
0.0,0.0,0.0,0.0,0.0,0.0
0.0,0.0,0.0,0.0,0.0,0.0
0.0,0.0,0.0,0.0,0.0,0.0
0.0,0.0,0.0,0.0,0.0,0.0
0.0,0.0,0.0,0.0,0.0,0.0
0.0,0.0,0.0,0.0,0.0,0.0
0.0,0.0,0.0,0.0,0.0,0.0
0.0,0.0,0.0,0.0,0.0,0.0
0.0,0.0,0.0,0.0,0.0,0.0
0.0,0.0,0.0,0.0,0.0,0.0
0.0,0.0,0.0,0.0,0.0,0.0
0.0,0.0,0.0,0.0,0.0,0.0
0.0,0.0,0.0,0.0,0.0,0.0
0.0,0.0,0.0,0.0,0.0,0.0
0.0,0.0,0.0,0.0,0.0,0.0
0.0,0.0,0.0,0.0,0.0,0.0
0.0,0.0,0.0,0.0,0.0,0.0
0.0,0.0,0.0,0.0,0.0,0.0
0.0,0.0,0.0,0.0,0.0,0.0
50.3,50.3,50.3,50.3,50.3,50.3
50.3,50.3,50.3,50.3,50.3,50.3
50.3,50.3,50.3,50.3,50.3,50.3
50.3,50.3,50.3,50.3,50.3,50.3
70.3,70.3,70.3,70.3,70.3,70.3
70.3,70.3,70.3,70.3,70.3,70.3
70.3,70.3,70.3,70.3,70.3,70.3
70.3,70.3,70.3,70.3,70.3,70.3
100.1,100.1,100.1,100.1,100.1,100.1
100.1,100.1,100.1,100.1,100.1,100.1
100.1,100.1,100.1,100.1,100.1,100.1
100.1,100.1,100.1,100.1,100.1,100.1
109.5,109.5,109.5,109.5,109.5,109.5
109.5,109.5,109.5,109.5,109.5,109.5
109.5,109.5,109.5,109.5,109.5,109.5
109.5,109.5,109.5,109.5,109.5,109.5
108.9,108.9,108.9,108.9,108.9,108.9
108.9,108.9,108.9,108.9,108.9,108.9
108.9,108.9,108.9,108.9,108.9,108.9
108.9,108.9,108.9,108.9,108.9,108.9
88.8,88.8,88.8,88.8,88.8,88.8
88.8,88.8,88.8,88.8,88.8,88.8
88.8,88.8,88.8,88.8,88.8,88.8
88.8,88.8,88.8,88.8,88.8,88.8
69.2,69.2,69.2,69.2,69.2,69.2
69.2,69.2,69.2,69.2,69.2,69.2
69.2,69.2,69.2,69.2,69.2,69.2
69.2,69.2,69.2,69.2,69.2,69.2
29.7,29.7,29.7,29.7,29.7,29.7
29.7,29.7,29.7,29.7,29.7,29.7
29.7,29.7,29.7,29.7,29.7,29.7
29.7,29.7,29.7,29.7,29.7,29.7
0.0,0.0,0.0,0.0,0.0,0.0
0.0,0.0,0.0,0.0,0.0,0.0
0.0,0.0,0.0,0.0,0.0,0.0
0.0,0.0,0.0,0.0,0.0,0.0
0.0,0.0,0.0,0.0,0.0,0.0
0.0,0.0,0.0,0.0,0.0,0.0
0.0,0.0,0.0,0.0,0.0,0.0
0.0,0.0,0.0,0.0,0.0,0.0
0.0,0.0,0.0,0.0,0.0,0.0
0.0,0.0,0.0,0.0,0.0,0.0
0.0,0.0,0.0,0.0,0.0,0.0
0.0,0.0,0.0,0.0,0.0,0.0
0.0,0.0,0.0,0.0,0.0,0.0
0.0,0.0,0.0,0.0,0.0,0.0
0.0,0.0,0.0,0.0,0.0,0.0
0.0,0.0,0.0,0.0,0.0,0.0
0.0,0.0,0.0,0.0,0.0,0.0
0.0,0.0,0.0,0.0,0.0,0.0
0.0,0.0,0.0,0.0,0.0,0.0
0.0,0.0,0.0,0.0,0.0,0.0
0.0,0.0,0.0,0.0,0.0,0.0
0.0,0.0,0.0,0.0,0.0,0.0
0.0,0.0,0.0,0.0,0.0,0.0
0.0,0.0,0.0,0.0,0.0,0.0
0.0,0.0,0.0,0.0,0.0,0.0
0.0,0.0,0.0,0.0,0.0,0.0
0.0,0.0,0.0,0.0,0.0,0.0
0.0,0.0,0.0,0.0,0.0,0.0
0.0,0.0,0.0,0.0,0.0,0.0
0.0,0.0,0.0,0.0,0.0,0.0
0.0,0.0,0.0,0.0,0.0,0.0
0.0,0.0,0.0,0.0,0.0,0.0
0.0,0.0,0.0,0.0,0.0,0.0
0.0,0.0,0.0,0.0,0.0,0.0
0.0,0.0,0.0,0.0,0.0,0.0
0.0,0.0,0.0,0.0,0.0,0.0
0.0,0.0,0.0,0.0,0.0,0.0
0.0,0.0,0.0,0.0,0.0,0.0
0.0,0.0,0.0,0.0,0.0,0.0
0.0,0.0,0.0,0.0,0.0,0.0
0.0,0.0,0.0,0.0,0.0,0.0
0.0,0.0,0.0,0.0,0.0,0.0
0.0,0.0,0.0,0.0,0.0,0.0
0.0,0.0,0.0,0.0,0.0,0.0
0.0,0.0,0.0,0.0,0.0,0.0
0.0,0.0,0.0,0.0,0.0,0.0
0.0,0.0,0.0,0.0,0.0,0.0
0.0,0.0,0.0,0.0,0.0,0.0
0.0,0.0,0.0,0.0,0.0,0.0
0.0,0.0,0.0,0.0,0.0,0.0
0.0,0.0,0.0,0.0,0.0,0.0
0.0,0.0,0.0,0.0,0.0,0.0
0.0,0.0,0.0,0.0,0.0,0.0
0.0,0.0,0.0,0.0,0.0,0.0
0.0,0.0,0.0,0.0,0.0,0.0
0.0,0.0,0.0,0.0,0.0,0.0
0.0,0.0,0.0,0.0,0.0,0.0
0.0,0.0,0.0,0.0,0.0,0.0
0.0,0.0,0.0,0.0,0.0,0.0
0.0,0.0,0.0,0.0,0.0,0.0
0.0,0.0,0.0,0.0,0.0,0.0
0.0,0.0,0.0,0.0,0.0,0.0
0.0,0.0,0.0,0.0,0.0,0.0
0.0,0.0,0.0,0.0,0.0,0.0
50.0,50.0,50.0,50.0,50.0,50.0
50.0,50.0,50.0,50.0,50.0,50.0
50.0,50.0,50.0,50.0,50.0,50.0
50.0,50.0,50.0,50.0,50.0,50.0
79.9,79.9,79.9,79.9,79.9,79.9
79.9,79.9,79.9,79.9,79.9,79.9
79.9,79.9,79.9,79.9,79.9,79.9
79.9,79.9,79.9,79.9,79.9,79.9
159.4,159.4,159.4,159.4,159.4,159.4
159.4,159.4,159.4,159.4,159.4,159.4
159.4,159.4,159.4,159.4,159.4,159.4
159.4,159.4,159.4,159.4,159.4,159.4
119.4,119.4,119.4,119.4,119.4,119.4
119.4,119.4,119.4,119.4,119.4,119.4
119.4,119.4,119.4,119.4,119.4,119.4
119.4,119.4,119.4,119.4,119.4,119.4
109.5,109.5,109.5,109.5,109.5,109.5
109.5,109.5,109.5,109.5,109.5,109.5
109.5,109.5,109.5,109.5,109.5,109.5
109.5,109.5,109.5,109.5,109.5,109.5
89.7,89.7,89.7,89.7,89.7,89.7
89.7,89.7,89.7,89.7,89.7,89.7
89.7,89.7,89.7,89.7,89.7,89.7
89.7,89.7,89.7,89.7,89.7,89.7
69.9,69.9,69.9,69.9,69.9,69.9
69.9,69.9,69.9,69.9,69.9,69.9
69.9,69.9,69.9,69.9,69.9,69.9
69.9,69.9,69.9,69.9,69.9,69.9
30.1,30.1,30.1,30.1,30.1,30.1
30.1,30.1,30.1,30.1,30.1,30.1
30.1,30.1,30.1,30.1,30.1,30.1
30.1,30.1,30.1,30.1,30.1,30.1
0.0,0.0,0.0,0.0,0.0,0.0
0.0,0.0,0.0,0.0,0.0,0.0
0.0,0.0,0.0,0.0,0.0,0.0
0.0,0.0,0.0,0.0,0.0,0.0
0.0,0.0,0.0,0.0,0.0,0.0
0.0,0.0,0.0,0.0,0.0,0.0
0.0,0.0,0.0,0.0,0.0,0.0
0.0,0.0,0.0,0.0,0.0,0.0
0.0,0.0,0.0,0.0,0.0,0.0
0.0,0.0,0.0,0.0,0.0,0.0
0.0,0.0,0.0,0.0,0.0,0.0
0.0,0.0,0.0,0.0,0.0,0.0
0.0,0.0,0.0,0.0,0.0,0.0
0.0,0.0,0.0,0.0,0.0,0.0
0.0,0.0,0.0,0.0,0.0,0.0
0.0,0.0,0.0,0.0,0.0,0.0
0.0,0.0,0.0,0.0,0.0,0.0
0.0,0.0,0.0,0.0,0.0,0.0
0.0,0.0,0.0,0.0,0.0,0.0
0.0,0.0,0.0,0.0,0.0,0.0
0.0,0.0,0.0,0.0,0.0,0.0
0.0,0.0,0.0,0.0,0.0,0.0
0.0,0.0,0.0,0.0,0.0,0.0
0.0,0.0,0.0,0.0,0.0,0.0
0.0,0.0,0.0,0.0,0.0,0.0
0.0,0.0,0.0,0.0,0.0,0.0
0.0,0.0,0.0,0.0,0.0,0.0
0.0,0.0,0.0,0.0,0.0,0.0
0.0,0.0,0.0,0.0,0.0,0.0
0.0,0.0,0.0,0.0,0.0,0.0
0.0,0.0,0.0,0.0,0.0,0.0
0.0,0.0,0.0,0.0,0.0,0.0
0.0,0.0,0.0,0.0,0.0,0.0
0.0,0.0,0.0,0.0,0.0,0.0
0.0,0.0,0.0,0.0,0.0,0.0
0.0,0.0,0.0,0.0,0.0,0.0
0.0,0.0,0.0,0.0,0.0,0.0
0.0,0.0,0.0,0.0,0.0,0.0
0.0,0.0,0.0,0.0,0.0,0.0
0.0,0.0,0.0,0.0,0.0,0.0
0.0,0.0,0.0,0.0,0.0,0.0
0.0,0.0,0.0,0.0,0.0,0.0
0.0,0.0,0.0,0.0,0.0,0.0
0.0,0.0,0.0,0.0,0.0,0.0
0.0,0.0,0.0,0.0,0.0,0.0
0.0,0.0,0.0,0.0,0.0,0.0
0.0,0.0,0.0,0.0,0.0,0.0
0.0,0.0,0.0,0.0,0.0,0.0
0.0,0.0,0.0,0.0,0.0,0.0
0.0,0.0,0.0,0.0,0.0,0.0
0.0,0.0,0.0,0.0,0.0,0.0
0.0,0.0,0.0,0.0,0.0,0.0
0.0,0.0,0.0,0.0,0.0,0.0
0.0,0.0,0.0,0.0,0.0,0.0
0.0,0.0,0.0,0.0,0.0,0.0
0.0,0.0,0.0,0.0,0.0,0.0
0.0,0.0,0.0,0.0,0.0,0.0
0.0,0.0,0.0,0.0,0.0,0.0
0.0,0.0,0.0,0.0,0.0,0.0
0.0,0.0,0.0,0.0,0.0,0.0
0.0,0.0,0.0,0.0,0.0,0.0
0.0,0.0,0.0,0.0,0.0,0.0
0.0,0.0,0.0,0.0,0.0,0.0
0.0,0.0,0.0,0.0,0.0,0.0
50.3,50.3,50.3,50.3,50.3,50.3
50.3,50.3,50.3,50.3,50.3,50.3
53.3,8.8,59.1,57.7,65.5,57.6
52.8,29.3,54.7,54.1,57.0,54.1
73.7,20.5,79.1,79.4,86.0,84.0
73.8,0.0,81.7,84.1,102.4,80.7
74.1,0.0,90.7,85.6,91.9,80.5
73.3,0.0,85.4,87.7,93.8,82.6
93.2,0.0,109.5,115.2,123.6,101.8
93.7,0.0,113.5,117.6,117.6,100.9
0.0,0.0,127.4,159.5,141.0,115.4
0.0,102.1,115.2,191.1,134.9,0.0
56.3,136.2,146.2,195.7,54.4,75.0
66.8,163.0,66.8,213.5,64.6,89.1
7.0,253.7,7.0,379.8,6.8,9.4
0.0,318.5,0.0,345.3,0.0,0.0
0.0,408.0,0.0,316.1,0.0,0.0
0.0,410.6,0.0,313.5,0.0,0.0
0.0,226.8,200.6,296.7,0.0,0.0
0.0,180.4,218.4,325.3,0.0,0.0
100.6,100.6,100.6,100.6,100.6,100.6
24.6,129.6,191.6,201.2,23.8,32.8
73.8,136.4,124.0,99.5,71.4,98.5
35.2,226.0,232.3,29.3,34.0,46.9
0.0,103.6,115.1,0.0,204.4,0.0
74.9,11.9,97.6,0.0,238.7,0.0
78.1,0.0,87.2,0.0,131.0,126.6
73.4,0.0,83.9,0.0,106.8,159.0
31.3,0.0,35.4,35.6,30.3,49.0
35.2,0.0,41.4,43.6,0.0,61.3
33.2,34.4,36.1,37.0,10.2,30.5
30.3,30.3,30.3,30.3,30.3,30.3
0.0,0.0,0.0,0.0,0.0,0.0
0.0,0.0,0.0,0.0,0.0,0.0
0.0,0.0,0.0,0.0,0.0,0.0
0.0,0.0,0.0,0.0,0.0,0.0
0.0,0.0,0.0,0.0,0.0,0.0
0.0,0.0,0.0,0.0,0.0,0.0
0.0,0.0,0.0,0.0,0.0,0.0
0.0,0.0,0.0,0.0,0.0,0.0
0.0,0.0,0.0,0.0,0.0,0.0
0.0,0.0,0.0,0.0,0.0,0.0
0.0,0.0,0.0,0.0,0.0,0.0
0.0,0.0,0.0,0.0,0.0,0.0
0.0,0.0,0.0,0.0,0.0,0.0
0.0,0.0,0.0,0.0,0.0,0.0
0.0,0.0,0.0,0.0,0.0,0.0
0.0,0.0,0.0,0.0,0.0,0.0
0.0,0.0,0.0,0.0,0.0,0.0
0.0,0.0,0.0,0.0,0.0,0.0
0.0,0.0,0.0,0.0,0.0,0.0
0.0,0.0,0.0,0.0,0.0,0.0
0.0,0.0,0.0,0.0,0.0,0.0
0.0,0.0,0.0,0.0,0.0,0.0
0.0,0.0,0.0,0.0,0.0,0.0
0.0,0.0,0.0,0.0,0.0,0.0
0.0,0.0,0.0,0.0,0.0,0.0
0.0,0.0,0.0,0.0,0.0,0.0
0.0,0.0,0.0,0.0,0.0,0.0
0.0,0.0,0.0,0.0,0.0,0.0
0.0,0.0,0.0,0.0,0.0,0.0
0.0,0.0,0.0,0.0,0.0,0.0
0.0,0.0,0.0,0.0,0.0,0.0
0.0,0.0,0.0,0.0,0.0,0.0
0.0,0.0,0.0,0.0,0.0,0.0
0.0,0.0,0.0,0.0,0.0,0.0
0.0,0.0,0.0,0.0,0.0,0.0
0.0,0.0,0.0,0.0,0.0,0.0
0.0,0.0,0.0,0.0,0.0,0.0
0.0,0.0,0.0,0.0,0.0,0.0
0.0,0.0,0.0,0.0,0.0,0.0
0.0,0.0,0.0,0.0,0.0,0.0
0.0,0.0,0.0,0.0,0.0,0.0
0.0,0.0,0.0,0.0,0.0,0.0
0.0,0.0,0.0,0.0,0.0,0.0
0.0,0.0,0.0,0.0,0.0,0.0
0.0,0.0,0.0,0.0,0.0,0.0
0.0,0.0,0.0,0.0,0.0,0.0
0.0,0.0,0.0,0.0,0.0,0.0
0.0,0.0,0.0,0.0,0.0,0.0
0.0,0.0,0.0,0.0,0.0,0.0
0.0,0.0,0.0,0.0,0.0,0.0
0.0,0.0,0.0,0.0,0.0,0.0
0.0,0.0,0.0,0.0,0.0,0.0
0.0,0.0,0.0,0.0,0.0,0.0
0.0,0.0,0.0,0.0,0.0,0.0
0.0,0.0,0.0,0.0,0.0,0.0
0.0,0.0,0.0,0.0,0.0,0.0
0.0,0.0,0.0,0.0,0.0,0.0
0.0,0.0,0.0,0.0,0.0,0.0
0.0,0.0,0.0,0.0,0.0,0.0
0.0,0.0,0.0,0.0,0.0,0.0
0.0,0.0,0.0,0.0,0.0,0.0
0.0,0.0,0.0,0.0,0.0,0.0
0.0,0.0,0.0,0.0,0.0,0.0
0.0,0.0,0.0,0.0,0.0,0.0
51.1,51.1,51.1,51.1,51.1,51.1
51.1,51.1,51.1,51.1,51.1,51.1
51.1,51.1,51.1,51.1,51.1,51.1
51.1,51.1,51.1,51.1,51.1,51.1
71.3,71.3,71.3,71.3,71.3,71.3
71.3,71.3,71.3,71.3,71.3,71.3
71.3,71.3,71.3,71.3,71.3,71.3
71.3,71.3,71.3,71.3,71.3,71.3
152.4,152.4,152.4,152.4,152.4,152.4
152.4,152.4,152.4,152.4,152.4,152.4
152.4,152.4,152.4,152.4,152.4,152.4
152.4,152.4,152.4,152.4,152.4,152.4
101.4,101.4,101.4,101.4,101.4,101.4
101.4,101.4,101.4,101.4,101.4,101.4
101.4,101.4,101.4,101.4,101.4,101.4
101.4,101.4,101.4,101.4,101.4,101.4
172.1,172.1,172.1,172.1,172.1,172.1
172.1,172.1,172.1,172.1,172.1,172.1
172.1,172.1,172.1,172.1,172.1,172.1
172.1,172.1,172.1,172.1,172.1,172.1
131.7,131.7,131.7,131.7,131.7,131.7
131.7,131.7,131.7,131.7,131.7,131.7
131.7,131.7,131.7,131.7,131.7,131.7
131.7,131.7,131.7,131.7,131.7,131.7
162.5,162.5,162.5,162.5,162.5,162.5
162.5,162.5,162.5,162.5,162.5,162.5
162.5,162.5,162.5,162.5,162.5,162.5
162.5,162.5,162.5,162.5,162.5,162.5
20.4,20.4,20.4,20.4,20.4,20.4
20.4,20.4,20.4,20.4,20.4,20.4
7.0,86.2,7.0,5.9,6.8,9.4
21.1,8.8,21.1,17.6,20.4,28.1
0.8,0.8,0.8,0.8,0.8,0.8
0.0,0.0,0.0,0.0,0.0,0.0
0.0,0.0,0.0,0.0,0.0,0.0
0.0,0.0,0.0,0.0,0.0,0.0
0.0,0.0,0.0,0.0,0.0,0.0
0.0,0.0,0.0,0.0,0.0,0.0
0.0,0.0,0.0,0.0,0.0,0.0
0.0,0.0,0.0,0.0,0.0,0.0
0.0,0.0,0.0,0.0,0.0,0.0
0.0,0.0,0.0,0.0,0.0,0.0
0.0,0.0,0.0,0.0,0.0,0.0
0.0,0.0,0.0,0.0,0.0,0.0
0.0,0.0,0.0,0.0,0.0,0.0
0.0,0.0,0.0,0.0,0.0,0.0
0.0,0.0,0.0,0.0,0.0,0.0
0.0,0.0,0.0,0.0,0.0,0.0
0.0,0.0,0.0,0.0,0.0,0.0
0.0,0.0,0.0,0.0,0.0,0.0
0.0,0.0,0.0,0.0,0.0,0.0
0.0,0.0,0.0,0.0,0.0,0.0
0.0,0.0,0.0,0.0,0.0,0.0
0.0,0.0,0.0,0.0,0.0,0.0
0.0,0.0,0.0,0.0,0.0,0.0
0.0,0.0,0.0,0.0,0.0,0.0
0.0,0.0,0.0,0.0,0.0,0.0
0.0,0.0,0.0,0.0,0.0,0.0
0.0,0.0,0.0,0.0,0.0,0.0
0.0,0.0,0.0,0.0,0.0,0.0
0.0,0.0,0.0,0.0,0.0,0.0
0.0,0.0,0.0,0.0,0.0,0.0
0.0,0.0,0.0,0.0,0.0,0.0
0.0,0.0,0.0,0.0,0.0,0.0
0.0,0.0,0.0,0.0,0.0,0.0
0.0,0.0,0.0,0.0,0.0,0.0
0.0,0.0,0.0,0.0,0.0,0.0
0.0,0.0,0.0,0.0,0.0,0.0
0.0,0.0,0.0,0.0,0.0,0.0
0.0,0.0,0.0,0.0,0.0,0.0
0.0,0.0,0.0,0.0,0.0,0.0
0.0,0.0,0.0,0.0,0.0,0.0
0.0,0.0,0.0,0.0,0.0,0.0
0.0,0.0,0.0,0.0,0.0,0.0
0.0,0.0,0.0,0.0,0.0,0.0
0.0,0.0,0.0,0.0,0.0,0.0
0.0,0.0,0.0,0.0,0.0,0.0
0.0,0.0,0.0,0.0,0.0,0.0
0.0,0.0,0.0,0.0,0.0,0.0
0.0,0.0,0.0,0.0,0.0,0.0
0.0,0.0,0.0,0.0,0.0,0.0
0.0,0.0,0.0,0.0,0.0,0.0
0.0,0.0,0.0,0.0,0.0,0.0
0.0,0.0,0.0,0.0,0.0,0.0
0.0,0.0,0.0,0.0,0.0,0.0
0.0,0.0,0.0,0.0,0.0,0.0
0.0,0.0,0.0,0.0,0.0,0.0
0.0,0.0,0.0,0.0,0.0,0.0
0.0,0.0,0.0,0.0,0.0,0.0
0.0,0.0,0.0,0.0,0.0,0.0
0.0,0.0,0.0,0.0,0.0,0.0
0.0,0.0,0.0,0.0,0.0,0.0
0.0,0.0,0.0,0.0,0.0,0.0
0.0,0.0,0.0,0.0,0.0,0.0
0.0,0.0,0.0,0.0,0.0,0.0
0.0,0.0,0.0,0.0,0.0,0.0
744.8,1244.9,1680.4,716.2,3179.5,329.9
1004.2,1560.5,1807.1,1373.3,3064.6,688.8
928.9,1507.4,1623.1,1408.2,2580.4,691.3
1090.6,1523.3,1636.9,1506.3,2057.8,924.3
101.8,101.8,101.8,101.8,101.8,101.8
101.8,101.8,101.8,101.8,101.8,101.8
101.8,101.8,101.8,101.8,101.8,101.8
101.8,101.8,101.8,101.8,101.8,101.8
152.0,152.0,152.0,152.0,152.0,152.0
152.0,152.0,152.0,152.0,152.0,152.0
152.0,152.0,152.0,152.0,152.0,152.0
152.0,152.0,152.0,152.0,152.0,152.0
181.8,181.8,181.8,181.8,181.8,181.8
181.8,181.8,181.8,181.8,181.8,181.8
181.8,181.8,181.8,181.8,181.8,181.8
104.4,187.3,189.8,209.0,197.2,202.9
131.8,175.0,176.8,186.1,175.6,182.5
171.3,171.3,171.3,171.3,171.3,171.3
171.3,171.3,171.3,171.3,171.3,171.3
0.0,295.4,318.1,364.8,0.0,49.5
35.2,14.7,35.2,29.3,34.0,46.9
70.3,29.3,70.3,58.6,68.0,93.8
31.6,13.2,31.6,26.4,30.6,42.2
0.0,0.0,0.0,0.0,0.0,0.0
0.0,0.0,0.0,0.0,0.0,0.0
0.0,0.0,0.0,0.0,0.0,0.0
0.0,0.0,0.0,0.0,739.1,0.0
0.0,0.0,0.0,0.0,1006.8,231.0
0.0,0.0,0.0,0.0,1021.9,314.6
231.0,0.0,0.0,0.0,1010.5,319.3
377.9,26.4,63.3,52.7,1079.3,400.2
386.1,27.8,66.8,1255.9,1090.2,407.2
326.3,4.4,10.5,1395.7,1024.5,334.6
318.2,0.0,0.0,1394.7,1018.1,317.0
320.5,874.8,0.0,1389.5,1018.1,318.2
27.7,27.7,27.7,27.7,27.7,27.7
0.0,0.0,0.0,0.0,0.0,0.0
0.0,0.0,0.0,0.0,0.0,0.0
0.0,0.0,0.0,0.0,0.0,0.0
0.0,0.0,0.0,0.0,0.0,0.0
0.0,0.0,0.0,0.0,0.0,0.0
0.0,0.0,0.0,0.0,0.0,0.0
0.0,0.0,0.0,0.0,0.0,0.0
0.0,0.0,0.0,0.0,0.0,0.0
0.0,0.0,0.0,0.0,0.0,0.0
0.0,0.0,0.0,0.0,0.0,0.0
0.0,0.0,0.0,0.0,0.0,0.0
0.0,0.0,0.0,0.0,0.0,0.0
0.0,0.0,0.0,0.0,0.0,0.0
0.0,0.0,0.0,0.0,0.0,0.0
0.0,0.0,0.0,0.0,0.0,0.0
0.0,0.0,0.0,0.0,0.0,0.0
0.0,0.0,0.0,0.0,0.0,0.0
0.0,0.0,0.0,0.0,0.0,0.0
0.0,0.0,0.0,0.0,0.0,0.0
0.0,0.0,0.0,0.0,0.0,0.0
0.0,0.0,0.0,0.0,0.0,0.0
0.0,0.0,0.0,0.0,0.0,0.0
0.0,0.0,0.0,0.0,0.0,0.0
0.0,0.0,0.0,0.0,0.0,0.0
0.0,0.0,0.0,0.0,0.0,0.0
0.0,0.0,0.0,0.0,0.0,0.0
0.0,0.0,0.0,0.0,0.0,0.0
0.0,0.0,0.0,0.0,0.0,0.0
0.0,0.0,0.0,0.0,0.0,0.0
0.0,0.0,0.0,0.0,0.0,0.0
0.0,0.0,0.0,0.0,0.0,0.0
0.0,0.0,0.0,0.0,0.0,0.0
0.0,0.0,0.0,0.0,0.0,0.0
0.0,0.0,0.0,0.0,0.0,0.0
0.0,0.0,0.0,0.0,0.0,0.0
0.0,0.0,0.0,0.0,0.0,0.0
0.0,0.0,0.0,0.0,0.0,0.0
0.0,0.0,0.0,0.0,0.0,0.0
0.0,0.0,0.0,0.0,0.0,0.0
0.0,0.0,0.0,0.0,0.0,0.0
0.0,0.0,0.0,0.0,0.0,0.0
0.0,0.0,0.0,0.0,0.0,0.0
0.0,0.0,0.0,0.0,0.0,0.0
0.0,0.0,0.0,0.0,0.0,0.0
0.0,0.0,0.0,0.0,0.0,0.0
0.0,0.0,0.0,0.0,0.0,0.0
0.0,0.0,0.0,0.0,0.0,0.0
0.0,0.0,0.0,0.0,0.0,0.0
0.0,0.0,0.0,0.0,0.0,0.0
0.0,0.0,0.0,0.0,0.0,0.0
0.0,0.0,0.0,0.0,0.0,0.0
0.0,0.0,0.0,0.0,0.0,0.0
0.0,0.0,0.0,0.0,0.0,0.0
0.0,0.0,0.0,0.0,0.0,0.0
0.0,0.0,0.0,0.0,0.0,0.0
0.0,0.0,0.0,0.0,0.0,0.0
0.0,0.0,0.0,0.0,0.0,0.0
0.0,0.0,0.0,0.0,0.0,0.0
0.0,0.0,0.0,0.0,0.0,0.0
0.0,0.0,0.0,0.0,0.0,0.0
50.6,50.6,50.6,50.6,50.6,50.6
50.6,50.6,50.6,50.6,50.6,50.6
50.6,50.6,50.6,50.6,50.6,50.6
50.6,50.6,50.6,50.6,50.6,50.6
80.8,80.8,80.8,80.8,80.8,80.8
80.8,80.8,80.8,80.8,80.8,80.8
80.8,80.8,80.8,80.8,80.8,80.8
80.8,80.8,80.8,80.8,80.8,80.8
100.8,100.8,100.8,100.8,100.8,100.8
100.8,100.8,100.8,100.8,100.8,100.8
100.8,100.8,100.8,100.8,100.8,100.8
100.8,100.8,100.8,100.8,100.8,100.8
120.8,120.8,120.8,120.8,120.8,120.8
120.8,120.8,120.8,120.8,120.8,120.8
120.8,120.8,120.8,120.8,120.8,120.8
120.8,120.8,120.8,120.8,120.8,120.8
110.7,110.7,110.7,110.7,110.7,110.7
110.7,110.7,110.7,110.7,110.7,110.7
110.7,110.7,110.7,110.7,110.7,110.7
110.7,110.7,110.7,110.7,110.7,110.7
100.7,100.7,100.7,100.7,100.7,100.7
100.7,100.7,100.7,100.7,100.7,100.7
100.7,100.7,100.7,100.7,100.7,100.7
93.1,100.7,101.1,102.9,104.3,101.9
70.5,70.5,70.5,70.5,70.5,70.5
70.5,70.5,70.5,70.5,70.5,70.5
70.5,70.5,70.5,70.5,70.5,70.5
70.5,70.5,70.5,70.5,70.5,70.5
40.3,40.3,40.3,40.3,40.3,40.3
40.3,40.3,40.3,40.3,40.3,40.3
40.3,40.3,40.3,40.3,40.3,40.3
58.4,0.0,0.0,0.0,103.6,79.9
0.0,0.0,0.0,0.0,0.0,0.0
0.0,0.0,0.0,0.0,0.0,0.0
0.0,0.0,0.0,0.0,0.0,0.0
0.0,0.0,0.0,0.0,0.0,0.0
0.0,0.0,0.0,0.0,0.0,0.0
0.0,0.0,0.0,0.0,0.0,0.0
0.0,0.0,0.0,0.0,0.0,0.0
0.0,0.0,0.0,0.0,0.0,0.0
0.0,0.0,0.0,0.0,0.0,0.0
0.0,0.0,0.0,0.0,0.0,0.0
0.0,0.0,0.0,0.0,0.0,0.0
0.0,0.0,0.0,0.0,0.0,0.0
0.0,0.0,0.0,0.0,0.0,0.0
0.0,0.0,0.0,0.0,0.0,0.0
0.0,0.0,0.0,0.0,0.0,0.0
0.0,0.0,0.0,0.0,0.0,0.0
0.0,0.0,0.0,0.0,0.0,0.0
0.0,0.0,0.0,0.0,0.0,0.0
0.0,0.0,0.0,0.0,0.0,0.0
0.0,0.0,0.0,0.0,0.0,0.0
0.0,0.0,0.0,0.0,0.0,0.0
0.0,0.0,0.0,0.0,0.0,0.0
0.0,0.0,0.0,0.0,0.0,0.0
0.0,0.0,0.0,0.0,0.0,0.0
0.0,0.0,0.0,0.0,0.0,0.0
0.0,0.0,0.0,0.0,0.0,0.0
0.0,0.0,0.0,0.0,0.0,0.0
0.0,0.0,0.0,0.0,0.0,0.0
0.0,0.0,0.0,0.0,0.0,0.0
0.0,0.0,0.0,0.0,0.0,0.0
0.0,0.0,0.0,0.0,0.0,0.0
0.0,0.0,0.0,0.0,0.0,0.0
0.0,0.0,0.0,0.0,0.0,0.0
0.0,0.0,0.0,0.0,0.0,0.0
0.0,0.0,0.0,0.0,0.0,0.0
0.0,0.0,0.0,0.0,0.0,0.0
0.0,0.0,0.0,0.0,0.0,0.0
0.0,0.0,0.0,0.0,0.0,0.0
0.0,0.0,0.0,0.0,0.0,0.0
0.0,0.0,0.0,0.0,0.0,0.0
0.0,0.0,0.0,0.0,0.0,0.0
0.0,0.0,0.0,0.0,0.0,0.0
0.0,0.0,0.0,0.0,0.0,0.0
0.0,0.0,0.0,0.0,0.0,0.0
0.0,0.0,0.0,0.0,0.0,0.0
0.0,0.0,0.0,0.0,0.0,0.0
0.0,0.0,0.0,0.0,0.0,0.0
0.0,0.0,0.0,0.0,0.0,0.0
0.0,0.0,0.0,0.0,0.0,0.0
0.0,0.0,0.0,0.0,0.0,0.0
0.0,0.0,0.0,0.0,0.0,0.0
0.0,0.0,0.0,0.0,0.0,0.0
0.0,0.0,0.0,0.0,0.0,0.0
0.0,0.0,0.0,0.0,0.0,0.0
0.0,0.0,0.0,0.0,0.0,0.0
0.0,0.0,0.0,0.0,0.0,0.0
0.0,0.0,0.0,0.0,0.0,0.0
0.0,0.0,0.0,0.0,0.0,0.0
0.0,0.0,0.0,0.0,0.0,0.0
0.0,0.0,0.0,0.0,0.0,0.0
0.0,0.0,0.0,0.0,0.0,0.0
0.0,0.0,0.0,0.0,0.0,0.0
0.0,0.0,0.0,0.0,0.0,0.0
0.0,0.0,0.0,0.0,0.0,0.0
50.5,50.5,50.5,50.5,50.5,50.5
50.5,50.5,50.5,50.5,50.5,50.5
50.5,50.5,50.5,50.5,50.5,50.5
50.5,50.5,50.5,50.5,50.5,50.5
100.7,100.7,100.7,100.7,100.7,100.7
100.7,100.7,100.7,100.7,100.7,100.7
100.7,100.7,100.7,100.7,100.7,100.7
100.7,100.7,100.7,100.7,100.7,100.7
160.5,160.5,160.5,160.5,160.5,160.5
160.5,160.5,160.5,160.5,160.5,160.5
160.5,160.5,160.5,160.5,160.5,160.5
160.5,160.5,160.5,160.5,160.5,160.5
180.0,180.0,180.0,180.0,180.0,180.0
180.0,180.0,180.0,180.0,180.0,180.0
180.0,180.0,180.0,180.0,180.0,180.0
180.0,180.0,180.0,180.0,180.0,180.0
169.9,169.9,169.9,169.9,169.9,169.9
169.9,169.9,169.9,169.9,169.9,169.9
188.3,170.2,304.0,332.8,10.2,14.1
188.4,211.4,294.3,309.4,6.8,9.4
148.5,153.6,181.2,179.3,74.8,103.2
140.1,140.1,140.1,140.1,140.1,140.1
140.1,140.1,140.1,140.1,140.1,140.1
140.1,140.1,140.1,140.1,140.1,140.1
70.3,70.3,70.3,70.3,70.3,70.3
77.8,81.8,144.3,93.4,10.2,14.1
76.5,101.1,128.5,99.3,6.8,9.4
70.3,70.3,70.3,70.3,70.3,70.3
40.3,40.3,40.3,40.3,40.3,40.3
40.3,40.3,40.3,40.3,40.3,40.3
44.3,42.5,44.2,51.9,49.3,9.4
40.3,40.3,40.3,40.3,40.3,40.3
0.0,0.0,0.0,0.0,0.0,0.0
0.0,0.0,0.0,0.0,0.0,0.0
0.0,0.0,0.0,0.0,0.0,0.0
0.0,0.0,0.0,0.0,0.0,0.0
0.0,0.0,0.0,0.0,0.0,0.0
0.0,0.0,0.0,0.0,0.0,0.0
0.0,0.0,0.0,0.0,0.0,0.0
0.0,0.0,0.0,0.0,0.0,0.0
0.0,0.0,0.0,0.0,0.0,0.0
0.0,0.0,0.0,0.0,0.0,0.0
0.0,0.0,0.0,0.0,0.0,0.0
0.0,0.0,0.0,0.0,0.0,0.0
0.0,0.0,0.0,0.0,0.0,0.0
0.0,0.0,0.0,0.0,0.0,0.0
0.0,0.0,0.0,0.0,0.0,0.0
0.0,0.0,0.0,0.0,0.0,0.0
0.0,0.0,0.0,0.0,0.0,0.0
0.0,0.0,0.0,0.0,0.0,0.0
0.0,0.0,0.0,0.0,0.0,0.0
0.0,0.0,0.0,0.0,0.0,0.0
0.0,0.0,0.0,0.0,0.0,0.0
0.0,0.0,0.0,0.0,0.0,0.0
0.0,0.0,0.0,0.0,0.0,0.0
0.0,0.0,0.0,0.0,0.0,0.0
0.0,0.0,0.0,0.0,0.0,0.0
0.0,0.0,0.0,0.0,0.0,0.0
0.0,0.0,0.0,0.0,0.0,0.0
0.0,0.0,0.0,0.0,0.0,0.0
0.0,0.0,0.0,0.0,0.0,0.0
0.0,0.0,0.0,0.0,0.0,0.0
0.0,0.0,0.0,0.0,0.0,0.0
0.0,0.0,0.0,0.0,0.0,0.0
0.0,0.0,0.0,0.0,0.0,0.0
0.0,0.0,0.0,0.0,0.0,0.0
0.0,0.0,0.0,0.0,0.0,0.0
0.0,0.0,0.0,0.0,0.0,0.0
0.0,0.0,0.0,0.0,0.0,0.0
0.0,0.0,0.0,0.0,0.0,0.0
0.0,0.0,0.0,0.0,0.0,0.0
0.0,0.0,0.0,0.0,0.0,0.0
0.0,0.0,0.0,0.0,0.0,0.0
0.0,0.0,0.0,0.0,0.0,0.0
0.0,0.0,0.0,0.0,0.0,0.0
0.0,0.0,0.0,0.0,0.0,0.0
0.0,0.0,0.0,0.0,0.0,0.0
0.0,0.0,0.0,0.0,0.0,0.0
0.0,0.0,0.0,0.0,0.0,0.0
0.0,0.0,0.0,0.0,0.0,0.0
0.0,0.0,0.0,0.0,0.0,0.0
0.0,0.0,0.0,0.0,0.0,0.0
0.0,0.0,0.0,0.0,0.0,0.0
0.0,0.0,0.0,0.0,0.0,0.0
0.0,0.0,0.0,0.0,0.0,0.0
0.0,0.0,0.0,0.0,0.0,0.0
0.0,0.0,0.0,0.0,0.0,0.0
0.0,0.0,0.0,0.0,0.0,0.0
0.0,0.0,0.0,0.0,0.0,0.0
0.0,0.0,0.0,0.0,0.0,0.0
0.0,0.0,0.0,0.0,0.0,0.0
0.0,0.0,0.0,0.0,0.0,0.0
0.0,0.0,0.0,0.0,0.0,0.0
0.0,0.0,0.0,0.0,0.0,0.0
0.0,0.0,0.0,0.0,0.0,0.0
0.0,0.0,0.0,0.0,0.0,0.0
50.7,50.7,50.7,50.7,50.7,50.7
50.7,50.7,50.7,50.7,50.7,50.7
50.7,50.7,50.7,50.7,50.7,50.7
50.7,50.7,50.7,50.7,50.7,50.7
101.2,101.2,101.2,101.2,101.2,101.2
95.3,101.6,103.2,103.8,101.4,101.5
101.2,101.2,101.2,101.2,101.2,101.2
101.2,101.2,101.2,101.2,101.2,101.2
151.3,151.3,151.3,151.3,151.3,151.3
151.3,151.3,151.3,151.3,151.3,151.3
151.3,151.3,151.3,151.3,151.3,151.3
151.3,151.3,151.3,151.3,151.3,151.3
181.1,181.1,181.1,181.1,181.1,181.1
181.1,181.1,181.1,181.1,181.1,181.1
181.1,181.1,181.1,181.1,181.1,181.1
181.1,181.1,181.1,181.1,181.1,181.1
181.0,181.0,181.0,181.0,181.0,181.0
186.6,126.5,196.4,182.6,211.5,182.2
183.0,159.9,186.7,182.1,192.2,181.9
181.0,181.0,181.0,181.0,181.0,181.0
140.9,140.9,140.9,140.9,140.9,140.9
140.9,140.9,140.9,140.9,140.9,140.9
140.9,140.9,140.9,140.9,140.9,140.9
141.7,133.1,143.0,141.2,145.0,141.2
80.7,80.7,80.7,80.7,80.7,80.7
80.7,80.7,80.7,80.7,80.7,80.7
80.7,80.7,80.7,80.7,80.7,80.7
80.7,80.7,80.7,80.7,80.7,80.7
30.4,30.4,30.4,30.4,30.4,30.4
32.5,19.0,32.5,31.4,32.2,34.5
30.4,30.4,30.4,30.4,30.4,30.4
30.4,30.4,30.4,30.4,30.4,30.4
0.0,0.0,0.0,0.0,0.0,0.0
0.0,0.0,0.0,0.0,0.0,0.0
0.0,0.0,0.0,0.0,0.0,0.0
0.0,0.0,0.0,0.0,0.0,0.0
0.0,0.0,0.0,0.0,0.0,0.0
0.0,0.0,0.0,0.0,0.0,0.0
0.0,0.0,0.0,0.0,0.0,0.0
0.0,0.0,0.0,0.0,0.0,0.0
0.0,0.0,0.0,0.0,0.0,0.0
0.0,0.0,0.0,0.0,0.0,0.0
0.0,0.0,0.0,0.0,0.0,0.0
0.0,0.0,0.0,0.0,0.0,0.0
0.0,0.0,0.0,0.0,0.0,0.0
0.0,0.0,0.0,0.0,0.0,0.0
0.0,0.0,0.0,0.0,0.0,0.0
0.0,0.0,0.0,0.0,0.0,0.0
0.0,0.0,0.0,0.0,0.0,0.0
0.0,0.0,0.0,0.0,0.0,0.0
0.0,0.0,0.0,0.0,0.0,0.0
0.0,0.0,0.0,0.0,0.0,0.0
0.0,0.0,0.0,0.0,0.0,0.0
0.0,0.0,0.0,0.0,0.0,0.0
0.0,0.0,0.0,0.0,0.0,0.0
0.0,0.0,0.0,0.0,0.0,0.0
0.0,0.0,0.0,0.0,0.0,0.0
0.0,0.0,0.0,0.0,0.0,0.0
0.0,0.0,0.0,0.0,0.0,0.0
0.0,0.0,0.0,0.0,0.0,0.0
0.0,0.0,0.0,0.0,0.0,0.0
0.0,0.0,0.0,0.0,0.0,0.0
0.0,0.0,0.0,0.0,0.0,0.0
0.0,0.0,0.0,0.0,0.0,0.0
0.0,0.0,0.0,0.0,0.0,0.0
0.0,0.0,0.0,0.0,0.0,0.0
0.0,0.0,0.0,0.0,0.0,0.0
0.0,0.0,0.0,0.0,0.0,0.0
0.0,0.0,0.0,0.0,0.0,0.0
0.0,0.0,0.0,0.0,0.0,0.0
0.0,0.0,0.0,0.0,0.0,0.0
0.0,0.0,0.0,0.0,0.0,0.0
0.0,0.0,0.0,0.0,0.0,0.0
0.0,0.0,0.0,0.0,0.0,0.0
0.0,0.0,0.0,0.0,0.0,0.0
0.0,0.0,0.0,0.0,0.0,0.0
0.0,0.0,0.0,0.0,0.0,0.0
0.0,0.0,0.0,0.0,0.0,0.0
0.0,0.0,0.0,0.0,0.0,0.0
0.0,0.0,0.0,0.0,0.0,0.0
0.0,0.0,0.0,0.0,0.0,0.0
0.0,0.0,0.0,0.0,0.0,0.0
0.0,0.0,0.0,0.0,0.0,0.0
0.0,0.0,0.0,0.0,0.0,0.0
0.0,0.0,0.0,0.0,0.0,0.0
0.0,0.0,0.0,0.0,0.0,0.0
0.0,0.0,0.0,0.0,0.0,0.0
0.0,0.0,0.0,0.0,0.0,0.0
0.0,0.0,0.0,0.0,0.0,0.0
0.0,0.0,0.0,0.0,0.0,0.0
0.0,0.0,0.0,0.0,0.0,0.0
0.0,0.0,0.0,0.0,0.0,0.0
0.0,0.0,0.0,0.0,0.0,0.0
0.0,0.0,0.0,0.0,0.0,0.0
0.0,0.0,0.0,0.0,0.0,0.0
0.0,0.0,0.0,0.0,0.0,0.0
50.6,50.6,50.6,50.6,50.6,50.6
50.6,50.6,50.6,50.6,50.6,50.6
50.6,50.6,50.6,50.6,50.6,50.6
50.6,50.6,50.6,50.6,50.6,50.6
101.2,101.2,101.2,101.2,101.2,101.2
101.2,101.2,101.2,101.2,101.2,101.2
101.2,101.2,101.2,101.2,101.2,101.2
101.2,101.2,101.2,101.2,101.2,101.2
161.7,161.7,161.7,161.7,161.7,161.7
161.7,161.7,161.7,161.7,161.7,161.7
161.7,161.7,161.7,161.7,161.7,161.7
161.7,161.7,161.7,161.7,161.7,161.7
191.7,191.7,191.7,191.7,191.7,191.7
191.7,191.7,191.7,191.7,191.7,191.7
191.7,191.7,191.7,191.7,191.7,191.7
191.7,191.7,191.7,191.7,191.7,191.7
189.1,116.4,183.0,183.1,223.8,193.4
181.5,181.5,181.5,181.5,181.5,181.5
186.2,139.2,183.3,183.3,207.5,189.3
188.9,117.4,183.1,183.2,222.9,193.4
141.2,141.2,141.2,141.2,141.2,141.2
141.2,141.2,141.2,141.2,141.2,141.2
141.9,129.0,142.1,142.2,147.2,144.8
141.2,141.2,141.2,141.2,141.2,141.2
90.5,90.9,90.9,90.9,91.0,91.0
90.9,90.9,90.9,90.9,90.9,90.9
90.9,90.9,90.9,90.9,90.9,90.9
90.9,90.9,90.9,90.9,90.9,90.9
30.3,30.3,30.3,30.3,30.3,30.3
30.3,30.3,30.3,30.3,30.3,30.3
30.3,30.3,30.3,30.3,30.3,30.3
30.3,30.3,30.3,30.3,30.3,30.3
0.0,0.0,0.0,0.0,0.0,0.0
0.0,0.0,0.0,0.0,0.0,0.0
0.0,0.0,0.0,0.0,0.0,0.0
0.0,0.0,0.0,0.0,0.0,0.0
0.0,0.0,0.0,0.0,0.0,0.0
0.0,0.0,0.0,0.0,0.0,0.0
0.0,0.0,0.0,0.0,0.0,0.0
0.0,0.0,0.0,0.0,0.0,0.0
0.0,0.0,0.0,0.0,0.0,0.0
0.0,0.0,0.0,0.0,0.0,0.0
0.0,0.0,0.0,0.0,0.0,0.0
0.0,0.0,0.0,0.0,0.0,0.0
0.0,0.0,0.0,0.0,0.0,0.0
0.0,0.0,0.0,0.0,0.0,0.0
0.0,0.0,0.0,0.0,0.0,0.0
0.0,0.0,0.0,0.0,0.0,0.0
0.0,0.0,0.0,0.0,0.0,0.0
0.0,0.0,0.0,0.0,0.0,0.0
0.0,0.0,0.0,0.0,0.0,0.0
0.0,0.0,0.0,0.0,0.0,0.0
0.0,0.0,0.0,0.0,0.0,0.0
0.0,0.0,0.0,0.0,0.0,0.0
0.0,0.0,0.0,0.0,0.0,0.0
0.0,0.0,0.0,0.0,0.0,0.0
0.0,0.0,0.0,0.0,0.0,0.0
0.0,0.0,0.0,0.0,0.0,0.0
0.0,0.0,0.0,0.0,0.0,0.0
0.0,0.0,0.0,0.0,0.0,0.0
0.0,0.0,0.0,0.0,0.0,0.0
0.0,0.0,0.0,0.0,0.0,0.0
0.0,0.0,0.0,0.0,0.0,0.0
0.0,0.0,0.0,0.0,0.0,0.0
0.0,0.0,0.0,0.0,0.0,0.0
0.0,0.0,0.0,0.0,0.0,0.0
0.0,0.0,0.0,0.0,0.0,0.0
0.0,0.0,0.0,0.0,0.0,0.0
0.0,0.0,0.0,0.0,0.0,0.0
0.0,0.0,0.0,0.0,0.0,0.0
0.0,0.0,0.0,0.0,0.0,0.0
0.0,0.0,0.0,0.0,0.0,0.0
0.0,0.0,0.0,0.0,0.0,0.0
0.0,0.0,0.0,0.0,0.0,0.0
0.0,0.0,0.0,0.0,0.0,0.0
0.0,0.0,0.0,0.0,0.0,0.0
0.0,0.0,0.0,0.0,0.0,0.0
0.0,0.0,0.0,0.0,0.0,0.0
0.0,0.0,0.0,0.0,0.0,0.0
0.0,0.0,0.0,0.0,0.0,0.0
0.0,0.0,0.0,0.0,0.0,0.0
0.0,0.0,0.0,0.0,0.0,0.0
0.0,0.0,0.0,0.0,0.0,0.0
0.0,0.0,0.0,0.0,0.0,0.0
0.0,0.0,0.0,0.0,0.0,0.0
0.0,0.0,0.0,0.0,0.0,0.0
0.0,0.0,0.0,0.0,0.0,0.0
0.0,0.0,0.0,0.0,0.0,0.0
0.0,0.0,0.0,0.0,0.0,0.0
0.0,0.0,0.0,0.0,0.0,0.0
0.0,0.0,0.0,0.0,0.0,0.0
0.0,0.0,0.0,0.0,0.0,0.0
0.0,0.0,0.0,0.0,0.0,0.0
0.0,0.0,0.0,0.0,0.0,0.0
0.0,0.0,0.0,0.0,0.0,0.0
0.0,0.0,0.0,0.0,0.0,0.0
35.2,370.1,1093.4,703.3,5736.6,89.6
0.0,375.8,2365.7,1827.9,3481.1,42.7
497.6,244.6,2830.8,2197.6,2510.7,805.0
129.6,0.0,2349.5,1787.7,3802.9,357.4
0.0,546.1,2453.5,2166.3,3602.5,172.4
0.0,451.1,2077.9,4520.8,2964.4,42.7
14.1,321.3,2358.1,4344.7,52.1,61.5
404.4,180.4,2703.2,3114.7,3066.7,539.2
995.3,995.3,995.3,995.3,995.3,995.3
818.9,1256.9,1160.5,1872.3,802.4,61.0
1047.5,1062.5,1102.1,1529.2,97.6,1133.2
1066.5,1016.3,1007.0,1246.1,370.4,1265.7
680.5,680.5,680.5,680.5,680.5,680.5
191.7,191.7,191.7,191.7,191.7,191.7
191.7,191.7,191.7,191.7,191.7,191.7
191.7,191.7,191.7,191.7,191.7,191.7
191.3,191.3,191.3,191.3,191.3,191.3
191.3,191.3,191.3,191.3,191.3,191.3
199.8,200.4,215.0,215.9,98.6,218.1
250.0,319.3,35.2,67.3,34.0,442.1
237.8,282.5,10.5,8.8,10.2,357.2
151.2,151.2,151.2,151.2,151.2,151.2
151.2,151.2,151.2,151.2,151.2,151.2
151.2,151.2,151.2,151.2,151.2,151.2
713.9,615.8,549.8,527.1,1396.5,1261.8
119.6,694.5,87.5,206.2,1143.1,57.7
399.1,64.5,1396.0,772.2,3763.2,103.2
374.4,271.0,56.3,746.8,92.1,75.0
327.5,1332.0,10.5,706.1,255.3,14.1
324.0,512.0,7.0,703.2,1036.2,9.4
340.1,23.2,10.5,708.7,1028.3,14.1
544.3,125.5,7.0,703.2,1021.1,9.4
338.1,519.1,10.5,698.4,1024.5,14.1
325.2,512.0,253.1,753.3,1024.9,9.4
641.9,537.9,640.2,1895.6,963.8,320.6
383.7,539.4,650.0,836.7,933.0,1657.1
49.4,517.8,943.1,172.1,997.0,462.3
488.4,510.1,652.3,2282.8,941.4,124.9
259.9,501.5,1240.0,0.0,916.4,2082.1
289.2,488.3,1861.2,0.0,1624.4,736.8
565.5,0.0,1051.2,1062.1,884.4,1436.9
307.1,115.3,664.8,968.5,1403.7,1540.6
24.9,400.5,444.3,430.7,514.7,426.5
0.0,0.0,0.0,0.0,0.0,0.0
0.0,0.0,0.0,0.0,0.0,0.0
0.0,0.0,0.0,0.0,0.0,0.0
0.0,0.0,0.0,0.0,0.0,0.0
0.0,0.0,0.0,0.0,0.0,0.0
0.0,0.0,0.0,0.0,0.0,0.0
0.0,0.0,0.0,0.0,0.0,0.0
0.0,0.0,0.0,0.0,0.0,0.0
0.0,0.0,0.0,0.0,0.0,0.0
0.0,0.0,0.0,0.0,0.0,0.0
0.0,0.0,0.0,0.0,0.0,0.0
0.0,0.0,0.0,0.0,0.0,0.0
0.0,0.0,0.0,0.0,0.0,0.0
0.0,0.0,0.0,0.0,0.0,0.0
0.0,0.0,0.0,0.0,0.0,0.0
0.0,0.0,0.0,0.0,0.0,0.0
0.0,0.0,0.0,0.0,0.0,0.0
0.0,0.0,0.0,0.0,0.0,0.0
0.0,0.0,0.0,0.0,0.0,0.0
0.0,0.0,0.0,0.0,0.0,0.0
0.0,0.0,0.0,0.0,0.0,0.0
0.0,0.0,0.0,0.0,0.0,0.0
0.0,0.0,0.0,0.0,0.0,0.0
0.0,0.0,0.0,0.0,0.0,0.0
0.0,0.0,0.0,0.0,0.0,0.0
0.0,0.0,0.0,0.0,0.0,0.0
0.0,0.0,0.0,0.0,0.0,0.0
0.0,0.0,0.0,0.0,0.0,0.0
0.0,0.0,0.0,0.0,0.0,0.0
0.0,0.0,0.0,0.0,0.0,0.0
0.0,0.0,0.0,0.0,0.0,0.0
0.0,0.0,0.0,0.0,0.0,0.0
0.0,0.0,0.0,0.0,0.0,0.0
0.0,0.0,0.0,0.0,0.0,0.0
0.0,0.0,0.0,0.0,0.0,0.0
0.0,0.0,0.0,0.0,0.0,0.0
0.0,0.0,0.0,0.0,0.0,0.0
0.0,0.0,0.0,0.0,0.0,0.0
0.0,0.0,0.0,0.0,0.0,0.0
0.0,0.0,0.0,0.0,0.0,0.0
0.0,0.0,0.0,0.0,0.0,0.0
0.0,0.0,0.0,0.0,0.0,0.0
0.0,0.0,0.0,0.0,0.0,0.0
0.0,0.0,0.0,0.0,0.0,0.0
0.0,0.0,0.0,0.0,0.0,0.0
0.0,0.0,0.0,0.0,0.0,0.0
0.0,0.0,0.0,0.0,0.0,0.0
0.0,0.0,0.0,0.0,0.0,0.0
0.0,0.0,0.0,0.0,0.0,0.0
0.0,0.0,0.0,0.0,0.0,0.0
0.0,0.0,0.0,0.0,0.0,0.0
0.0,0.0,0.0,0.0,0.0,0.0
0.0,0.0,0.0,0.0,0.0,0.0
1319.9,1664.9,1733.2,1669.7,1873.7,1705.0
1242.1,1686.5,1739.2,1684.7,1890.4,1723.4
1492.3,1524.5,1721.1,1699.1,1806.9,1722.3
1664.2,1511.2,1679.7,1676.5,1737.7,1697.0
1509.1,1673.3,3256.9,2598.0,7232.7,4119.7
1442.4,2026.9,3809.2,1980.4,6668.5,3643.5
1492.6,1949.4,3895.1,2263.6,6306.0,3426.7
1336.9,1955.1,2562.7,2763.0,6599.8,3736.9
1763.6,2106.3,2240.2,3374.7,6786.3,4142.3
1494.0,1516.4,1779.8,3211.9,6918.2,3796.2
1514.6,1264.2,1761.3,3964.9,6691.1,3695.6
1265.7,1415.2,1795.3,4320.9,6537.8,3697.5
1699.9,1842.2,2770.0,5595.0,7750.9,4970.5
736.7,1322.0,1698.2,4656.1,7713.4,4302.2
717.5,1274.4,1993.2,4299.8,5829.7,3227.5
671.5,794.0,2075.6,4022.0,6287.2,3061.5
843.8,860.1,1950.4,2340.9,2976.9,2202.1
814.2,1056.8,2012.4,2232.0,2770.6,2288.2
664.3,906.1,1923.3,2293.5,2868.2,2518.8
909.6,1028.7,1962.6,2241.4,2851.1,2180.8
994.1,994.1,994.1,994.1,994.1,994.1
994.1,994.1,994.1,994.1,994.1,994.1
981.4,994.7,995.8,998.5,998.4,995.8
976.2,994.5,997.1,997.5,999.3,1000.0
924.3,924.3,924.3,924.3,924.3,924.3
924.3,924.3,924.3,924.3,924.3,924.3
924.3,924.3,924.3,924.3,924.3,924.3
924.3,924.3,924.3,924.3,924.3,924.3
874.0,874.0,874.0,874.0,874.0,874.0
874.0,874.0,874.0,874.0,874.0,874.0
496.3,582.5,189.9,3218.0,183.6,573.7
225.0,515.7,7.0,3331.9,6.8,315.7
130.2,130.2,130.2,130.2,130.2,130.2
0.0,0.0,0.0,0.0,0.0,0.0
0.0,0.0,0.0,0.0,0.0,0.0
0.0,0.0,0.0,0.0,0.0,0.0
0.0,0.0,0.0,0.0,0.0,0.0
0.0,0.0,0.0,0.0,0.0,0.0
0.0,0.0,0.0,0.0,0.0,0.0
0.0,0.0,0.0,0.0,0.0,0.0
0.0,0.0,0.0,0.0,0.0,0.0
0.0,0.0,0.0,0.0,0.0,0.0
0.0,0.0,0.0,0.0,0.0,0.0
0.0,0.0,0.0,0.0,0.0,0.0
0.0,0.0,0.0,0.0,0.0,0.0
0.0,0.0,0.0,0.0,0.0,0.0
0.0,0.0,0.0,0.0,0.0,0.0
0.0,0.0,0.0,0.0,0.0,0.0
0.0,0.0,0.0,0.0,0.0,0.0
0.0,0.0,0.0,0.0,0.0,0.0
0.0,0.0,0.0,0.0,0.0,0.0
0.0,0.0,0.0,0.0,0.0,0.0
0.0,0.0,0.0,0.0,0.0,0.0
0.0,0.0,0.0,0.0,0.0,0.0
0.0,0.0,0.0,0.0,0.0,0.0
0.0,0.0,0.0,0.0,0.0,0.0
0.0,0.0,0.0,0.0,0.0,0.0
0.0,0.0,0.0,0.0,0.0,0.0
0.0,0.0,0.0,0.0,0.0,0.0
0.0,0.0,0.0,0.0,0.0,0.0
0.0,0.0,0.0,0.0,0.0,0.0
0.0,0.0,0.0,0.0,0.0,0.0
0.0,0.0,0.0,0.0,0.0,0.0
0.0,0.0,0.0,0.0,0.0,0.0
0.0,0.0,0.0,0.0,0.0,0.0
0.0,0.0,0.0,0.0,0.0,0.0
0.0,0.0,0.0,0.0,0.0,0.0
0.0,0.0,0.0,0.0,0.0,0.0
0.0,0.0,0.0,0.0,0.0,0.0
0.0,0.0,0.0,0.0,0.0,0.0
0.0,0.0,0.0,0.0,0.0,0.0
0.0,0.0,0.0,0.0,0.0,0.0
0.0,0.0,0.0,0.0,0.0,0.0
0.0,0.0,0.0,0.0,0.0,0.0
0.0,0.0,0.0,0.0,0.0,0.0
0.0,0.0,0.0,0.0,0.0,0.0
0.0,0.0,0.0,0.0,0.0,0.0
0.0,0.0,0.0,0.0,0.0,0.0
0.0,0.0,0.0,0.0,0.0,0.0
0.0,0.0,0.0,0.0,0.0,0.0
0.0,0.0,0.0,0.0,0.0,0.0
0.0,0.0,0.0,0.0,0.0,0.0
0.0,0.0,0.0,0.0,0.0,0.0
0.0,0.0,0.0,0.0,0.0,0.0
0.0,0.0,0.0,0.0,0.0,0.0
0.0,0.0,0.0,0.0,0.0,0.0
0.0,0.0,0.0,0.0,0.0,0.0
0.0,0.0,0.0,0.0,0.0,0.0
0.0,0.0,0.0,0.0,0.0,0.0
0.0,0.0,0.0,0.0,0.0,0.0
0.0,0.0,0.0,0.0,0.0,0.0
0.0,0.0,0.0,0.0,0.0,0.0
0.0,0.0,0.0,0.0,0.0,0.0
0.0,0.0,0.0,0.0,0.0,0.0
0.0,0.0,0.0,0.0,0.0,0.0
0.0,0.0,0.0,0.0,0.0,0.0
50.6,50.6,50.6,50.6,50.6,50.6
50.6,50.6,50.6,50.6,50.6,50.6
50.6,50.6,50.6,50.6,50.6,50.6
50.6,50.6,50.6,50.6,50.6,50.6
80.8,80.8,80.8,80.8,80.8,80.8
80.8,80.8,80.8,80.8,80.8,80.8
80.8,80.8,80.8,80.8,80.8,80.8
80.8,80.8,80.8,80.8,80.8,80.8
111.4,181.7,183.2,180.3,194.2,175.7
122.1,181.9,175.9,176.9,195.6,174.1
97.9,197.8,181.6,181.7,190.6,176.9
171.1,171.1,171.1,171.1,171.1,171.1
200.9,200.9,200.9,200.9,200.9,200.9
200.9,200.9,200.9,200.9,200.9,200.9
200.9,200.9,200.9,200.9,200.9,200.9
200.9,200.9,200.9,200.9,200.9,200.9
197.4,208.7,231.7,0.0,309.4,197.4
194.5,201.0,237.6,0.0,276.1,235.5
195.0,199.5,204.0,0.0,280.2,265.8
199.0,29.3,210.4,58.6,383.1,264.1
95.8,7.3,101.4,14.7,175.4,148.9
0.0,0.0,0.0,0.0,260.6,282.9
0.0,0.0,0.0,0.0,0.0,543.5
0.0,0.0,543.5,0.0,0.0,0.0
70.6,70.6,70.6,70.6,70.6,70.6
70.6,70.6,70.6,70.6,70.6,70.6
70.6,70.6,70.6,70.6,70.6,70.6
70.6,70.6,70.6,70.6,70.6,70.6
40.4,40.4,40.4,40.4,40.4,40.4
40.4,40.4,40.4,40.4,40.4,40.4
40.4,40.4,40.4,40.4,40.4,40.4
40.4,40.4,40.4,40.4,40.4,40.4
0.0,0.0,0.0,0.0,0.0,0.0
0.0,0.0,0.0,0.0,0.0,0.0
0.0,0.0,0.0,0.0,0.0,0.0
0.0,0.0,0.0,0.0,0.0,0.0
0.0,0.0,0.0,0.0,0.0,0.0
0.0,0.0,0.0,0.0,0.0,0.0
0.0,0.0,0.0,0.0,0.0,0.0
0.0,0.0,0.0,0.0,0.0,0.0
0.0,0.0,0.0,0.0,0.0,0.0
0.0,0.0,0.0,0.0,0.0,0.0
0.0,0.0,0.0,0.0,0.0,0.0
0.0,0.0,0.0,0.0,0.0,0.0
0.0,0.0,0.0,0.0,0.0,0.0
0.0,0.0,0.0,0.0,0.0,0.0
0.0,0.0,0.0,0.0,0.0,0.0
0.0,0.0,0.0,0.0,0.0,0.0
0.0,0.0,0.0,0.0,0.0,0.0
0.0,0.0,0.0,0.0,0.0,0.0
0.0,0.0,0.0,0.0,0.0,0.0
0.0,0.0,0.0,0.0,0.0,0.0
0.0,0.0,0.0,0.0,0.0,0.0
0.0,0.0,0.0,0.0,0.0,0.0
0.0,0.0,0.0,0.0,0.0,0.0
0.0,0.0,0.0,0.0,0.0,0.0
0.0,0.0,0.0,0.0,0.0,0.0
0.0,0.0,0.0,0.0,0.0,0.0
0.0,0.0,0.0,0.0,0.0,0.0
0.0,0.0,0.0,0.0,0.0,0.0
0.0,0.0,0.0,0.0,0.0,0.0
0.0,0.0,0.0,0.0,0.0,0.0
0.0,0.0,0.0,0.0,0.0,0.0
0.0,0.0,0.0,0.0,0.0,0.0
0.0,0.0,0.0,0.0,0.0,0.0
0.0,0.0,0.0,0.0,0.0,0.0
0.0,0.0,0.0,0.0,0.0,0.0
0.0,0.0,0.0,0.0,0.0,0.0
0.0,0.0,0.0,0.0,0.0,0.0
0.0,0.0,0.0,0.0,0.0,0.0
0.0,0.0,0.0,0.0,0.0,0.0
0.0,0.0,0.0,0.0,0.0,0.0
0.0,0.0,0.0,0.0,0.0,0.0
0.0,0.0,0.0,0.0,0.0,0.0
0.0,0.0,0.0,0.0,0.0,0.0
0.0,0.0,0.0,0.0,0.0,0.0
0.0,0.0,0.0,0.0,0.0,0.0
0.0,0.0,0.0,0.0,0.0,0.0
0.0,0.0,0.0,0.0,0.0,0.0
0.0,0.0,0.0,0.0,0.0,0.0
0.0,0.0,0.0,0.0,0.0,0.0
0.0,0.0,0.0,0.0,0.0,0.0
0.0,0.0,0.0,0.0,0.0,0.0
0.0,0.0,0.0,0.0,0.0,0.0
0.0,0.0,0.0,0.0,0.0,0.0
0.0,0.0,0.0,0.0,0.0,0.0
0.0,0.0,0.0,0.0,0.0,0.0
0.0,0.0,0.0,0.0,0.0,0.0
0.0,0.0,0.0,0.0,0.0,0.0
0.0,0.0,0.0,0.0,0.0,0.0
0.0,0.0,0.0,0.0,0.0,0.0
0.0,0.0,0.0,0.0,0.0,0.0
0.0,0.0,0.0,0.0,0.0,0.0
0.0,0.0,0.0,0.0,0.0,0.0
0.0,0.0,0.0,0.0,0.0,0.0
0.0,0.0,0.0,0.0,0.0,0.0
105.6,420.9,274.4,1716.8,574.0,569.3
134.6,179.9,349.9,1529.7,2809.1,635.6
155.9,208.3,405.1,1910.2,1119.0,646.3
166.1,222.0,431.7,2485.4,846.4,406.2
178.8,209.9,414.1,961.7,797.3,402.1
234.2,261.2,595.0,513.7,948.5,510.1
746.9,190.0,789.3,373.0,1504.1,347.6
110.6,110.6,110.6,110.6,110.6,110.6
170.6,170.6,170.6,170.6,170.6,170.6
170.6,170.6,170.6,170.6,170.6,170.6
9.8,182.9,184.0,189.9,201.1,256.2
52.7,184.8,210.4,192.5,200.0,183.4
302.0,349.5,49.2,386.8,47.6,488.5
311.5,332.4,84.4,70.3,344.5,480.7
289.6,5.9,312.7,11.7,539.5,464.3
281.9,5.9,472.7,11.7,444.2,407.4
201.6,5.9,312.4,11.7,329.5,281.7
59.8,24.9,341.4,49.8,373.6,293.2
84.4,207.5,245.5,70.3,290.9,244.2
42.2,199.5,224.2,35.2,416.0,225.7
14.1,161.4,166.0,11.7,362.4,187.6
14.1,156.0,172.9,151.2,241.1,167.9
45.7,155.0,166.8,157.9,213.8,163.9
107.4,152.5,156.4,153.2,177.0,156.7
100.6,100.6,100.6,100.6,100.6,100.6
100.6,100.6,100.6,100.6,100.6,100.6
100.6,100.6,100.6,100.6,100.6,100.6
100.6,100.6,100.6,100.6,100.6,100.6
40.5,32.2,40.5,47.4,40.5,41.2
28.1,40.4,28.1,70.0,27.2,48.4
0.0,60.2,0.0,65.9,0.0,116.2
0.0,58.4,0.0,69.6,0.0,114.2
0.0,0.0,0.0,0.0,0.0,0.0
0.0,0.0,0.0,0.0,0.0,0.0
0.0,0.0,0.0,0.0,0.0,0.0
0.0,0.0,0.0,0.0,0.0,0.0
0.0,0.0,0.0,0.0,0.0,0.0
0.0,0.0,0.0,0.0,0.0,0.0
0.0,0.0,0.0,0.0,0.0,0.0
0.0,0.0,0.0,0.0,0.0,0.0
0.0,0.0,0.0,0.0,0.0,0.0
0.0,0.0,0.0,0.0,0.0,0.0
0.0,0.0,0.0,0.0,0.0,0.0
0.0,0.0,0.0,0.0,0.0,0.0
0.0,0.0,0.0,0.0,0.0,0.0
0.0,0.0,0.0,0.0,0.0,0.0
0.0,0.0,0.0,0.0,0.0,0.0
0.0,0.0,0.0,0.0,0.0,0.0
0.0,0.0,0.0,0.0,0.0,0.0
0.0,0.0,0.0,0.0,0.0,0.0
0.0,0.0,0.0,0.0,0.0,0.0
0.0,0.0,0.0,0.0,0.0,0.0
0.0,0.0,0.0,0.0,0.0,0.0
0.0,0.0,0.0,0.0,0.0,0.0
0.0,0.0,0.0,0.0,0.0,0.0
0.0,0.0,0.0,0.0,0.0,0.0
0.0,0.0,0.0,0.0,0.0,0.0
0.0,0.0,0.0,0.0,0.0,0.0
0.0,0.0,0.0,0.0,0.0,0.0
0.0,0.0,0.0,0.0,0.0,0.0
0.0,0.0,0.0,0.0,0.0,0.0
0.0,0.0,0.0,0.0,0.0,0.0
0.0,0.0,0.0,0.0,0.0,0.0
0.0,0.0,0.0,0.0,0.0,0.0
0.0,0.0,0.0,0.0,0.0,0.0
0.0,0.0,0.0,0.0,0.0,0.0
0.0,0.0,0.0,0.0,0.0,0.0
0.0,0.0,0.0,0.0,0.0,0.0
0.0,0.0,0.0,0.0,0.0,0.0
0.0,0.0,0.0,0.0,0.0,0.0
0.0,0.0,0.0,0.0,0.0,0.0
0.0,0.0,0.0,0.0,0.0,0.0
0.0,0.0,0.0,0.0,0.0,0.0
0.0,0.0,0.0,0.0,0.0,0.0
0.0,0.0,0.0,0.0,0.0,0.0
0.0,0.0,0.0,0.0,0.0,0.0
0.0,0.0,0.0,0.0,0.0,0.0
0.0,0.0,0.0,0.0,0.0,0.0
0.0,0.0,0.0,0.0,0.0,0.0
0.0,0.0,0.0,0.0,0.0,0.0
0.0,0.0,0.0,0.0,0.0,0.0
0.0,0.0,0.0,0.0,0.0,0.0
0.0,0.0,0.0,0.0,0.0,0.0
0.0,0.0,0.0,0.0,0.0,0.0
0.0,0.0,0.0,0.0,0.0,0.0
0.0,0.0,0.0,0.0,0.0,0.0
0.0,0.0,0.0,0.0,0.0,0.0
0.0,0.0,0.0,0.0,0.0,0.0
0.0,0.0,0.0,0.0,0.0,0.0
0.0,0.0,0.0,0.0,0.0,0.0
0.0,0.0,0.0,0.0,0.0,0.0
0.0,0.0,0.0,0.0,0.0,0.0
0.0,0.0,0.0,0.0,0.0,0.0
0.0,0.0,0.0,0.0,0.0,0.0
0.0,0.0,0.0,0.0,0.0,0.0
0.0,0.0,0.0,0.0,0.0,0.0
52.0,30.8,55.2,55.3,58.8,53.1
51.4,41.0,52.6,52.9,54.1,53.2
53.5,19.0,59.1,57.0,65.1,51.4
56.8,0.0,71.3,65.7,59.9,51.5
121.5,121.5,121.5,121.5,121.5,121.5
121.5,121.5,121.5,121.5,121.5,121.5
121.5,121.5,121.5,121.5,121.5,121.5
121.5,121.5,121.5,121.5,121.5,121.5
175.7,174.0,172.0,152.4,183.3,172.1
180.7,182.1,62.1,249.3,341.2,14.1
178.6,183.9,131.3,213.0,205.4,117.2
179.3,175.3,221.0,199.6,216.8,37.5
223.1,238.1,105.5,257.7,303.9,140.7
319.0,33.5,7.0,368.8,531.2,9.4
298.4,33.2,10.5,774.5,10.2,14.1
230.7,230.7,230.7,230.7,230.7,230.7
211.3,211.3,211.3,211.3,211.3,211.3
211.3,211.3,211.3,211.3,211.3,211.3
119.3,219.5,231.0,213.7,219.9,264.3
132.5,167.3,239.8,216.2,226.0,285.9
161.0,161.0,161.0,161.0,161.0,161.0
163.0,141.2,166.1,161.9,163.4,170.5
161.0,161.0,161.0,161.0,161.0,161.0
161.0,161.0,161.0,161.0,161.0,161.0
100.8,100.8,100.8,100.8,100.8,100.8
100.8,100.8,100.8,100.8,100.8,100.8
100.8,100.8,100.8,100.8,100.8,100.8
100.8,100.8,100.8,100.8,100.8,100.8
692.3,30.8,1600.1,1133.3,71.4,98.5
418.9,44.0,1563.9,1057.6,102.0,140.7
399.0,267.1,1634.0,1369.0,81.6,112.5
480.3,667.0,1347.8,1494.6,958.8,347.3
0.0,0.0,0.0,0.0,0.0,0.0
0.0,0.0,0.0,0.0,0.0,0.0
0.0,0.0,0.0,0.0,0.0,0.0
0.0,0.0,0.0,0.0,0.0,0.0
0.0,0.0,0.0,0.0,0.0,0.0
0.0,0.0,0.0,0.0,0.0,0.0
0.0,0.0,0.0,0.0,0.0,0.0
0.0,0.0,0.0,0.0,0.0,0.0
0.0,0.0,0.0,0.0,0.0,0.0
0.0,0.0,0.0,0.0,0.0,0.0
0.0,0.0,0.0,0.0,0.0,0.0
0.0,0.0,0.0,0.0,0.0,0.0
0.0,0.0,0.0,0.0,0.0,0.0
0.0,0.0,0.0,0.0,0.0,0.0
0.0,0.0,0.0,0.0,0.0,0.0
0.0,0.0,0.0,0.0,0.0,0.0
0.0,0.0,0.0,0.0,0.0,0.0
0.0,0.0,0.0,0.0,0.0,0.0
0.0,0.0,0.0,0.0,0.0,0.0
0.0,0.0,0.0,0.0,0.0,0.0
0.0,0.0,0.0,0.0,0.0,0.0
0.0,0.0,0.0,0.0,0.0,0.0
0.0,0.0,0.0,0.0,0.0,0.0
0.0,0.0,0.0,0.0,0.0,0.0
0.0,0.0,0.0,0.0,0.0,0.0
0.0,0.0,0.0,0.0,0.0,0.0
0.0,0.0,0.0,0.0,0.0,0.0
0.0,0.0,0.0,0.0,0.0,0.0
0.0,0.0,0.0,0.0,0.0,0.0
0.0,0.0,0.0,0.0,0.0,0.0
0.0,0.0,0.0,0.0,0.0,0.0
0.0,0.0,0.0,0.0,0.0,0.0
0.0,0.0,0.0,0.0,0.0,0.0
0.0,0.0,0.0,0.0,0.0,0.0
0.0,0.0,0.0,0.0,0.0,0.0
0.0,0.0,0.0,0.0,0.0,0.0
0.0,0.0,0.0,0.0,0.0,0.0
0.0,0.0,0.0,0.0,0.0,0.0
0.0,0.0,0.0,0.0,0.0,0.0
0.0,0.0,0.0,0.0,0.0,0.0
0.0,0.0,0.0,0.0,0.0,0.0
0.0,0.0,0.0,0.0,0.0,0.0
0.0,0.0,0.0,0.0,0.0,0.0
0.0,0.0,0.0,0.0,0.0,0.0
0.0,0.0,0.0,0.0,0.0,0.0
0.0,0.0,0.0,0.0,0.0,0.0
0.0,0.0,0.0,0.0,0.0,0.0
0.0,0.0,0.0,0.0,0.0,0.0
0.0,0.0,0.0,0.0,0.0,0.0
0.0,0.0,0.0,0.0,0.0,0.0
0.0,0.0,0.0,0.0,0.0,0.0
0.0,0.0,0.0,0.0,0.0,0.0
0.0,0.0,0.0,0.0,0.0,0.0
0.0,0.0,0.0,0.0,0.0,0.0
0.0,0.0,0.0,0.0,0.0,0.0
0.0,0.0,0.0,0.0,0.0,0.0
0.0,0.0,0.0,0.0,0.0,0.0
0.0,0.0,0.0,0.0,0.0,0.0
0.0,0.0,0.0,0.0,0.0,0.0
0.0,0.0,0.0,0.0,0.0,0.0
0.0,0.0,0.0,0.0,0.0,0.0
0.0,0.0,0.0,0.0,0.0,0.0
0.0,0.0,0.0,0.0,0.0,0.0
0.0,0.0,0.0,0.0,0.0,0.0
413.4,632.3,3255.2,2780.7,1464.9,1072.1
417.2,637.7,1702.0,1157.2,1465.5,1263.0
448.0,680.8,1980.2,1435.9,1596.6,2417.1
412.3,631.4,3032.8,3030.4,1419.2,1988.2
500.7,577.6,603.6,605.5,590.4,577.8
119.8,119.8,119.8,119.8,119.8,119.8
119.8,119.8,119.8,119.8,119.8,119.8
113.9,120.2,120.3,120.4,123.9,120.1
98.0,177.8,172.2,181.6,213.4,175.6
145.1,174.5,170.6,173.4,183.2,171.8
95.5,177.9,170.6,177.7,223.2,173.7
134.1,159.8,171.0,176.6,203.8,173.4
205.1,209.4,210.2,211.3,212.3,210.7
91.2,121.9,212.3,275.2,318.7,239.5
128.3,171.6,217.9,262.5,241.8,236.8
116.1,155.2,218.5,283.5,239.3,246.2
112.0,149.6,208.1,269.0,227.0,234.1
110.0,147.0,208.0,271.9,227.6,235.3
200.0,200.0,200.0,200.0,200.0,200.0
200.0,200.0,200.0,200.0,200.0,200.0
160.2,160.2,160.2,160.2,160.2,160.2
160.2,160.2,160.2,160.2,160.2,160.2
160.2,160.2,160.2,160.2,160.2,160.2
106.8,142.7,172.8,173.1,194.7,171.1
100.5,100.5,100.5,100.5,100.5,100.5
100.5,100.5,100.5,100.5,100.5,100.5
100.5,100.5,100.5,100.5,100.5,100.5
100.5,100.5,100.5,100.5,100.5,100.5
40.3,40.3,40.3,40.3,40.3,40.3
40.3,40.3,40.3,40.3,40.3,40.3
40.3,40.3,40.3,40.3,40.3,40.3
40.3,40.3,40.3,40.3,40.3,40.3
0.0,0.0,0.0,0.0,0.0,0.0
0.0,0.0,0.0,0.0,0.0,0.0
0.0,0.0,0.0,0.0,0.0,0.0
0.0,0.0,0.0,0.0,0.0,0.0
0.0,0.0,0.0,0.0,0.0,0.0
0.0,0.0,0.0,0.0,0.0,0.0
0.0,0.0,0.0,0.0,0.0,0.0
0.0,0.0,0.0,0.0,0.0,0.0
0.0,0.0,0.0,0.0,0.0,0.0
0.0,0.0,0.0,0.0,0.0,0.0
0.0,0.0,0.0,0.0,0.0,0.0
0.0,0.0,0.0,0.0,0.0,0.0
0.0,0.0,0.0,0.0,0.0,0.0
0.0,0.0,0.0,0.0,0.0,0.0
0.0,0.0,0.0,0.0,0.0,0.0
0.0,0.0,0.0,0.0,0.0,0.0
0.0,0.0,0.0,0.0,0.0,0.0
0.0,0.0,0.0,0.0,0.0,0.0
0.0,0.0,0.0,0.0,0.0,0.0
0.0,0.0,0.0,0.0,0.0,0.0
0.0,0.0,0.0,0.0,0.0,0.0
0.0,0.0,0.0,0.0,0.0,0.0
0.0,0.0,0.0,0.0,0.0,0.0
0.0,0.0,0.0,0.0,0.0,0.0
0.0,0.0,0.0,0.0,0.0,0.0
0.0,0.0,0.0,0.0,0.0,0.0
0.0,0.0,0.0,0.0,0.0,0.0
0.0,0.0,0.0,0.0,0.0,0.0
0.0,0.0,0.0,0.0,0.0,0.0
0.0,0.0,0.0,0.0,0.0,0.0
0.0,0.0,0.0,0.0,0.0,0.0
0.0,0.0,0.0,0.0,0.0,0.0
0.0,0.0,0.0,0.0,0.0,0.0
0.0,0.0,0.0,0.0,0.0,0.0
0.0,0.0,0.0,0.0,0.0,0.0
0.0,0.0,0.0,0.0,0.0,0.0
0.0,0.0,0.0,0.0,0.0,0.0
0.0,0.0,0.0,0.0,0.0,0.0
0.0,0.0,0.0,0.0,0.0,0.0
0.0,0.0,0.0,0.0,0.0,0.0
0.0,0.0,0.0,0.0,0.0,0.0
0.0,0.0,0.0,0.0,0.0,0.0
0.0,0.0,0.0,0.0,0.0,0.0
0.0,0.0,0.0,0.0,0.0,0.0
0.0,0.0,0.0,0.0,0.0,0.0
0.0,0.0,0.0,0.0,0.0,0.0
0.0,0.0,0.0,0.0,0.0,0.0
0.0,0.0,0.0,0.0,0.0,0.0
0.0,0.0,0.0,0.0,0.0,0.0
0.0,0.0,0.0,0.0,0.0,0.0
0.0,0.0,0.0,0.0,0.0,0.0
0.0,0.0,0.0,0.0,0.0,0.0
0.0,0.0,0.0,0.0,0.0,0.0
0.0,0.0,0.0,0.0,0.0,0.0
0.0,0.0,0.0,0.0,0.0,0.0
0.0,0.0,0.0,0.0,0.0,0.0
0.0,0.0,0.0,0.0,0.0,0.0
0.0,0.0,0.0,0.0,0.0,0.0
0.0,0.0,0.0,0.0,0.0,0.0
0.0,0.0,0.0,0.0,0.0,0.0
0.0,0.0,0.0,0.0,0.0,0.0
0.0,0.0,0.0,0.0,0.0,0.0
0.0,0.0,0.0,0.0,0.0,0.0
0.0,0.0,0.0,0.0,0.0,0.0
949.0,625.1,1472.6,2241.6,460.8,1959.8
854.2,1699.3,765.1,2339.0,381.0,1690.6
988.1,1829.0,926.5,2679.3,653.1,384.4
611.8,1546.4,769.0,3124.7,384.0,519.7
98.4,1646.5,792.3,1576.8,442.7,549.3
174.4,1805.0,928.0,388.3,648.2,689.8
133.2,1323.4,809.0,255.0,507.2,402.5
115.6,314.8,841.4,303.4,1515.9,588.0
109.6,177.1,541.2,287.7,761.5,450.9
100.4,197.9,188.5,199.6,213.7,191.3
142.2,184.0,183.9,196.4,195.7,189.1
182.6,168.0,188.3,184.1,185.5,183.0
211.9,198.5,216.9,213.1,214.2,214.0
212.5,187.7,221.9,213.1,216.7,216.6
211.4,211.4,211.4,211.4,211.4,211.4
211.4,211.4,211.4,211.4,211.4,211.4
201.2,201.2,201.2,201.2,201.2,201.2
203.0,167.1,204.1,207.6,220.7,204.5
205.3,153.5,203.0,215.7,225.1,204.6
201.2,201.2,201.2,201.2,201.2,201.2
161.1,161.1,161.1,161.1,161.1,161.1
161.1,161.1,161.1,161.1,161.1,161.1
161.1,161.1,161.1,161.1,161.1,161.1
161.1,161.1,161.1,161.1,161.1,161.1
423.2,164.0,318.8,995.9,1012.1,434.3
466.2,443.6,415.4,639.7,1729.8,390.8
246.8,701.2,381.0,384.7,1670.4,358.5
177.8,717.0,417.0,416.1,1696.1,403.5
207.1,524.1,63.3,52.7,1056.7,84.4
315.8,497.7,0.0,0.0,429.9,0.0
315.8,214.9,0.0,894.3,0.0,0.0
413.1,136.4,265.2,1165.7,459.3,249.6
434.8,165.3,1207.3,967.2,556.6,302.4
309.0,233.5,1343.4,458.3,786.1,427.2
200.4,267.8,1157.4,842.0,901.7,490.0
249.1,268.2,534.9,1222.3,872.4,530.9
120.5,144.9,285.1,979.5,480.2,275.2
604.3,123.4,253.5,926.6,415.4,225.8
497.3,0.0,716.3,684.4,0.0,0.0
453.0,0.0,504.7,295.5,0.0,0.0
0.0,0.0,390.3,0.0,0.0,0.0
120.4,161.0,1641.1,1601.8,542.0,484.2
325.0,19.0,1311.4,1388.7,44.2,366.1
540.6,17.6,324.3,1069.5,40.8,361.5
618.6,0.0,0.0,681.8,0.0,156.7
589.7,8.5,0.0,481.6,0.0,0.0
0.0,0.0,0.0,0.0,0.0,0.0
0.0,0.0,0.0,0.0,0.0,0.0
0.0,0.0,0.0,0.0,0.0,0.0
0.0,0.0,0.0,0.0,0.0,0.0
0.0,0.0,0.0,0.0,0.0,0.0
0.0,0.0,0.0,0.0,0.0,0.0
0.0,0.0,0.0,0.0,0.0,0.0
0.0,0.0,0.0,0.0,0.0,0.0
0.0,0.0,0.0,0.0,0.0,0.0
0.0,0.0,0.0,0.0,0.0,0.0
0.0,0.0,0.0,0.0,0.0,0.0
0.0,0.0,0.0,0.0,0.0,0.0
0.0,0.0,0.0,0.0,0.0,0.0
0.0,0.0,0.0,0.0,0.0,0.0
0.0,0.0,0.0,0.0,0.0,0.0
0.0,0.0,0.0,0.0,0.0,0.0
0.0,0.0,0.0,0.0,0.0,0.0
0.0,0.0,0.0,0.0,0.0,0.0
0.0,0.0,0.0,0.0,0.0,0.0
0.0,0.0,0.0,0.0,0.0,0.0
0.0,0.0,0.0,0.0,0.0,0.0
0.0,0.0,0.0,0.0,0.0,0.0
0.0,0.0,0.0,0.0,0.0,0.0
0.0,0.0,0.0,0.0,0.0,0.0
0.0,0.0,0.0,0.0,0.0,0.0
0.0,0.0,0.0,0.0,0.0,0.0
0.0,0.0,0.0,0.0,0.0,0.0
0.0,0.0,0.0,0.0,0.0,0.0
0.0,0.0,0.0,0.0,0.0,0.0
0.0,0.0,0.0,0.0,0.0,0.0
0.0,0.0,0.0,0.0,0.0,0.0
0.0,0.0,0.0,0.0,0.0,0.0
0.0,0.0,0.0,0.0,0.0,0.0
0.0,0.0,0.0,0.0,0.0,0.0
0.0,0.0,0.0,0.0,0.0,0.0
0.0,0.0,0.0,0.0,0.0,0.0
0.0,0.0,0.0,0.0,0.0,0.0
0.0,0.0,0.0,0.0,0.0,0.0
0.0,0.0,0.0,0.0,0.0,0.0
0.0,0.0,0.0,0.0,0.0,0.0
0.0,0.0,0.0,0.0,0.0,0.0
0.0,0.0,0.0,0.0,0.0,0.0
0.0,0.0,0.0,0.0,0.0,0.0
0.0,0.0,0.0,0.0,0.0,0.0
0.0,0.0,0.0,0.0,0.0,0.0
0.0,0.0,0.0,0.0,0.0,0.0
0.0,0.0,0.0,0.0,0.0,0.0
0.0,0.0,0.0,0.0,0.0,0.0
0.0,0.0,0.0,0.0,0.0,0.0
0.0,0.0,0.0,0.0,0.0,0.0
61.0,61.0,61.0,61.0,61.0,61.0
61.0,61.0,61.0,61.0,61.0,61.0
61.0,61.0,61.0,61.0,61.0,61.0
61.0,61.0,61.0,61.0,61.0,61.0
91.5,91.5,91.5,91.5,91.5,91.5
91.5,91.5,91.5,91.5,91.5,91.5
91.5,91.5,91.5,91.5,91.5,91.5
91.5,91.5,91.5,91.5,91.5,91.5
122.0,122.0,122.0,122.0,122.0,122.0
122.0,122.0,122.0,122.0,122.0,122.0
122.0,122.0,122.0,122.0,122.0,122.0
122.0,122.0,122.0,122.0,122.0,122.0
142.1,142.1,142.1,142.1,142.1,142.1
142.1,142.1,142.1,142.1,142.1,142.1
142.1,142.1,142.1,142.1,142.1,142.1
142.1,142.1,142.1,142.1,142.1,142.1
111.6,111.6,111.6,111.6,111.6,111.6
111.6,111.6,111.6,111.6,111.6,111.6
111.6,111.6,111.6,111.6,111.6,111.6
111.6,111.6,111.6,111.6,111.6,111.6
162.3,162.3,162.3,162.3,162.3,162.3
162.3,162.3,162.3,162.3,162.3,162.3
162.3,162.3,162.3,162.3,162.3,162.3
162.3,162.3,162.3,162.3,162.3,162.3
71.2,71.2,71.2,71.2,71.2,71.2
71.2,71.2,71.2,71.2,71.2,71.2
71.2,71.2,71.2,71.2,71.2,71.2
71.2,71.2,71.2,71.2,71.2,71.2
51.0,51.0,51.0,51.0,51.0,51.0
55.8,59.3,60.6,5.9,68.5,56.0
55.6,58.7,60.1,8.8,67.2,55.7
51.0,51.0,51.0,51.0,51.0,51.0
0.0,0.0,0.0,0.0,0.0,0.0
0.0,0.0,0.0,0.0,0.0,0.0
0.0,0.0,0.0,0.0,0.0,0.0
0.0,0.0,0.0,0.0,0.0,0.0
0.0,0.0,0.0,0.0,0.0,0.0
0.0,0.0,0.0,0.0,0.0,0.0
0.0,0.0,0.0,0.0,0.0,0.0
0.0,0.0,0.0,0.0,0.0,0.0
0.0,0.0,0.0,0.0,0.0,0.0
0.0,0.0,0.0,0.0,0.0,0.0
0.0,0.0,0.0,0.0,0.0,0.0
0.0,0.0,0.0,0.0,0.0,0.0
0.0,0.0,0.0,0.0,0.0,0.0
0.0,0.0,0.0,0.0,0.0,0.0
0.0,0.0,0.0,0.0,0.0,0.0
0.0,0.0,0.0,0.0,0.0,0.0
0.0,0.0,0.0,0.0,0.0,0.0
0.0,0.0,0.0,0.0,0.0,0.0
0.0,0.0,0.0,0.0,0.0,0.0
0.0,0.0,0.0,0.0,0.0,0.0
0.0,0.0,0.0,0.0,0.0,0.0
0.0,0.0,0.0,0.0,0.0,0.0
0.0,0.0,0.0,0.0,0.0,0.0
0.0,0.0,0.0,0.0,0.0,0.0
0.0,0.0,0.0,0.0,0.0,0.0
0.0,0.0,0.0,0.0,0.0,0.0
0.0,0.0,0.0,0.0,0.0,0.0
0.0,0.0,0.0,0.0,0.0,0.0
0.0,0.0,0.0,0.0,0.0,0.0
0.0,0.0,0.0,0.0,0.0,0.0
0.0,0.0,0.0,0.0,0.0,0.0
0.0,0.0,0.0,0.0,0.0,0.0
0.0,0.0,0.0,0.0,0.0,0.0
0.0,0.0,0.0,0.0,0.0,0.0
0.0,0.0,0.0,0.0,0.0,0.0
0.0,0.0,0.0,0.0,0.0,0.0
0.0,0.0,0.0,0.0,0.0,0.0
0.0,0.0,0.0,0.0,0.0,0.0
0.0,0.0,0.0,0.0,0.0,0.0
0.0,0.0,0.0,0.0,0.0,0.0
0.0,0.0,0.0,0.0,0.0,0.0
0.0,0.0,0.0,0.0,0.0,0.0
0.0,0.0,0.0,0.0,0.0,0.0
0.0,0.0,0.0,0.0,0.0,0.0
0.0,0.0,0.0,0.0,0.0,0.0
0.0,0.0,0.0,0.0,0.0,0.0
0.0,0.0,0.0,0.0,0.0,0.0
0.0,0.0,0.0,0.0,0.0,0.0
0.0,0.0,0.0,0.0,0.0,0.0
0.0,0.0,0.0,0.0,0.0,0.0
0.0,0.0,0.0,0.0,0.0,0.0
0.0,0.0,0.0,0.0,0.0,0.0
0.0,0.0,0.0,0.0,0.0,0.0
0.0,0.0,0.0,0.0,0.0,0.0
0.0,0.0,0.0,0.0,0.0,0.0
0.0,0.0,0.0,0.0,0.0,0.0
0.0,0.0,0.0,0.0,0.0,0.0
0.0,0.0,0.0,0.0,0.0,0.0
0.0,0.0,0.0,0.0,0.0,0.0
0.0,0.0,0.0,0.0,0.0,0.0
0.0,0.0,0.0,0.0,0.0,0.0
0.0,0.0,0.0,0.0,0.0,0.0
0.0,0.0,0.0,0.0,0.0,0.0
0.0,0.0,0.0,0.0,0.0,0.0
61.2,61.2,61.2,61.2,61.2,61.2
61.2,61.2,61.2,61.2,61.2,61.2
61.2,61.2,61.2,61.2,61.2,61.2
61.2,61.2,61.2,61.2,61.2,61.2
101.4,101.4,101.4,101.4,101.4,101.4
101.4,101.4,101.4,101.4,101.4,101.4
101.4,101.4,101.4,101.4,101.4,101.4
101.4,101.4,101.4,101.4,101.4,101.4
202.1,202.1,202.1,202.1,202.1,202.1
202.1,202.1,202.1,202.1,202.1,202.1
202.1,202.1,202.1,202.1,202.1,202.1
202.1,202.1,202.1,202.1,202.1,202.1
713.8,1052.1,2551.5,5224.1,3172.1,1790.3
606.1,1651.8,1892.6,4654.1,3097.6,1792.3
934.3,1606.2,1749.9,3467.1,3232.0,1627.8
1029.0,1723.6,2053.4,2657.8,3215.6,2852.5
1015.2,1015.2,1015.2,1015.2,1015.2,1015.2
669.8,941.9,1051.6,1145.9,1146.2,1135.7
1008.9,1015.4,1016.0,1017.8,1017.4,1015.6
881.8,1029.2,1037.2,1032.0,1071.9,1039.0
695.4,976.5,978.1,966.7,1008.6,1042.9
788.9,956.8,969.8,978.1,1000.9,973.6
847.6,951.4,962.5,965.4,976.4,964.8
881.0,949.3,955.5,967.5,967.4,947.3
710.4,933.9,943.0,978.4,982.7,938.8
914.5,914.5,914.5,914.5,914.5,914.5
950.6,763.5,935.9,937.1,964.6,935.3
935.2,1336.5,993.7,750.9,1034.5,436.5
458.4,483.1,487.9,455.3,512.7,304.0
50.9,50.9,50.9,50.9,50.9,50.9
50.9,50.9,50.9,50.9,50.9,50.9
50.9,50.9,50.9,50.9,50.9,50.9
0.0,0.0,0.0,0.0,0.0,0.0
0.0,0.0,0.0,0.0,0.0,0.0
0.0,0.0,0.0,0.0,0.0,0.0
0.0,0.0,0.0,0.0,0.0,0.0
0.0,0.0,0.0,0.0,0.0,0.0
0.0,0.0,0.0,0.0,0.0,0.0
0.0,0.0,0.0,0.0,0.0,0.0
0.0,0.0,0.0,0.0,0.0,0.0
0.0,0.0,0.0,0.0,0.0,0.0
0.0,0.0,0.0,0.0,0.0,0.0
0.0,0.0,0.0,0.0,0.0,0.0
0.0,0.0,0.0,0.0,0.0,0.0
0.0,0.0,0.0,0.0,0.0,0.0
0.0,0.0,0.0,0.0,0.0,0.0
0.0,0.0,0.0,0.0,0.0,0.0
0.0,0.0,0.0,0.0,0.0,0.0
0.0,0.0,0.0,0.0,0.0,0.0
0.0,0.0,0.0,0.0,0.0,0.0
0.0,0.0,0.0,0.0,0.0,0.0
0.0,0.0,0.0,0.0,0.0,0.0
0.0,0.0,0.0,0.0,0.0,0.0
0.0,0.0,0.0,0.0,0.0,0.0
0.0,0.0,0.0,0.0,0.0,0.0
0.0,0.0,0.0,0.0,0.0,0.0
0.0,0.0,0.0,0.0,0.0,0.0
0.0,0.0,0.0,0.0,0.0,0.0
0.0,0.0,0.0,0.0,0.0,0.0
0.0,0.0,0.0,0.0,0.0,0.0
0.0,0.0,0.0,0.0,0.0,0.0
0.0,0.0,0.0,0.0,0.0,0.0
0.0,0.0,0.0,0.0,0.0,0.0
0.0,0.0,0.0,0.0,0.0,0.0
0.0,0.0,0.0,0.0,0.0,0.0
0.0,0.0,0.0,0.0,0.0,0.0
0.0,0.0,0.0,0.0,0.0,0.0
0.0,0.0,0.0,0.0,0.0,0.0
0.0,0.0,0.0,0.0,0.0,0.0
0.0,0.0,0.0,0.0,0.0,0.0
0.0,0.0,0.0,0.0,0.0,0.0
0.0,0.0,0.0,0.0,0.0,0.0
0.0,0.0,0.0,0.0,0.0,0.0
0.0,0.0,0.0,0.0,0.0,0.0
0.0,0.0,0.0,0.0,0.0,0.0
0.0,0.0,0.0,0.0,0.0,0.0
0.0,0.0,0.0,0.0,0.0,0.0
0.0,0.0,0.0,0.0,0.0,0.0
0.0,0.0,0.0,0.0,0.0,0.0
0.0,0.0,0.0,0.0,0.0,0.0
0.0,0.0,0.0,0.0,0.0,0.0
0.0,0.0,0.0,0.0,0.0,0.0
0.0,0.0,0.0,0.0,0.0,0.0
0.0,0.0,0.0,0.0,0.0,0.0
0.0,0.0,0.0,0.0,0.0,0.0
0.0,0.0,0.0,0.0,0.0,0.0
0.0,0.0,0.0,0.0,0.0,0.0
0.0,0.0,0.0,0.0,0.0,0.0
0.0,0.0,0.0,0.0,0.0,0.0
0.0,0.0,0.0,0.0,0.0,0.0
0.0,0.0,0.0,0.0,0.0,0.0
0.0,0.0,0.0,0.0,0.0,0.0
0.0,0.0,0.0,0.0,0.0,0.0
0.0,0.0,0.0,0.0,0.0,0.0
0.0,0.0,0.0,0.0,0.0,0.0
0.0,0.0,0.0,0.0,0.0,0.0
412.6,370.1,0.0,383.0,515.4,482.8
389.1,373.7,0.0,391.6,454.7,554.8
421.4,387.6,0.0,425.9,499.6,429.3
453.4,419.7,21.1,499.5,742.0,28.1
1245.8,705.5,431.3,1097.6,695.7,432.0
802.0,617.6,242.9,3841.4,397.1,215.8
1030.1,700.5,1224.2,2803.2,676.4,367.6
790.2,639.6,1475.8,2673.1,471.4,256.2
504.7,501.9,520.2,641.3,504.9,263.8
119.9,119.9,119.9,119.9,119.9,119.9
119.9,119.9,119.9,119.9,119.9,119.9
119.9,119.9,119.9,119.9,119.9,119.9
149.6,149.6,149.6,149.6,149.6,149.6
149.6,149.6,149.6,149.6,149.6,149.6
149.6,149.6,149.6,149.6,149.6,149.6
149.6,149.6,149.6,149.6,149.6,149.6
618.0,1863.7,3548.9,2943.8,2378.4,1063.4
770.2,1848.9,3251.7,1762.7,2666.2,685.6
763.9,1089.8,2681.2,1061.6,2621.0,627.7
233.0,1229.1,2019.4,1231.3,849.9,507.3
208.1,1163.0,1263.0,1204.9,824.9,473.8
106.3,967.7,869.9,991.9,478.6,260.1
134.1,1080.6,1082.1,1064.7,603.4,327.9
115.9,679.0,301.1,1014.3,521.4,283.3
124.4,686.6,323.3,1039.3,559.8,304.2
111.2,667.2,289.1,1002.2,500.6,272.0
124.8,685.2,324.3,1037.7,561.5,305.1
206.8,728.3,425.1,663.0,682.2,427.6
110.7,650.3,259.6,259.0,436.2,251.2
134.1,695.8,348.4,351.8,603.4,327.9
121.9,679.5,316.8,319.9,548.7,298.1
91.9,302.0,238.9,241.2,413.7,224.8
291.1,0.0,780.5,0.0,0.0,291.1
0.0,0.0,1136.9,0.0,0.0,0.0
623.3,4.4,1149.5,8.8,10.2,443.0
705.5,29.3,1215.7,58.6,2047.6,728.9
641.0,1.5,1159.5,2.9,2035.8,642.2
639.8,0.0,1156.0,0.0,2036.2,948.6
638.7,0.0,1147.5,0.0,2036.2,962.7
536.0,19.0,692.9,38.1,959.2,596.3
0.0,0.0,0.0,0.0,0.0,0.0
0.0,0.0,0.0,0.0,0.0,0.0
0.0,0.0,0.0,0.0,0.0,0.0
0.0,0.0,0.0,0.0,0.0,0.0
0.0,0.0,0.0,0.0,0.0,0.0
0.0,0.0,0.0,0.0,0.0,0.0
0.0,0.0,0.0,0.0,0.0,0.0
0.0,0.0,0.0,0.0,0.0,0.0
0.0,0.0,0.0,0.0,0.0,0.0
0.0,0.0,0.0,0.0,0.0,0.0
0.0,0.0,0.0,0.0,0.0,0.0
0.0,0.0,0.0,0.0,0.0,0.0
0.0,0.0,0.0,0.0,0.0,0.0
0.0,0.0,0.0,0.0,0.0,0.0
0.0,0.0,0.0,0.0,0.0,0.0
0.0,0.0,0.0,0.0,0.0,0.0
0.0,0.0,0.0,0.0,0.0,0.0
0.0,0.0,0.0,0.0,0.0,0.0
0.0,0.0,0.0,0.0,0.0,0.0
0.0,0.0,0.0,0.0,0.0,0.0
0.0,0.0,0.0,0.0,0.0,0.0
0.0,0.0,0.0,0.0,0.0,0.0
0.0,0.0,0.0,0.0,0.0,0.0
0.0,0.0,0.0,0.0,0.0,0.0
0.0,0.0,0.0,0.0,0.0,0.0
0.0,0.0,0.0,0.0,0.0,0.0
0.0,0.0,0.0,0.0,0.0,0.0
0.0,0.0,0.0,0.0,0.0,0.0
0.0,0.0,0.0,0.0,0.0,0.0
0.0,0.0,0.0,0.0,0.0,0.0
0.0,0.0,0.0,0.0,0.0,0.0
0.0,0.0,0.0,0.0,0.0,0.0
0.0,0.0,0.0,0.0,0.0,0.0
0.0,0.0,0.0,0.0,0.0,0.0
0.0,0.0,0.0,0.0,0.0,0.0
0.0,0.0,0.0,0.0,0.0,0.0
0.0,0.0,0.0,0.0,0.0,0.0
0.0,0.0,0.0,0.0,0.0,0.0
0.0,0.0,0.0,0.0,0.0,0.0
0.0,0.0,0.0,0.0,0.0,0.0
0.0,0.0,0.0,0.0,0.0,0.0
0.0,0.0,0.0,0.0,0.0,0.0
0.0,0.0,0.0,0.0,0.0,0.0
0.0,0.0,0.0,0.0,0.0,0.0
0.0,0.0,0.0,0.0,0.0,0.0
0.0,0.0,0.0,0.0,0.0,0.0
0.0,0.0,0.0,0.0,0.0,0.0
0.0,0.0,0.0,0.0,0.0,0.0
0.0,0.0,0.0,0.0,0.0,0.0
0.0,0.0,0.0,0.0,0.0,0.0
0.0,0.0,0.0,0.0,0.0,0.0
0.0,0.0,0.0,0.0,0.0,0.0
0.0,0.0,0.0,0.0,0.0,0.0
0.0,0.0,0.0,0.0,0.0,0.0
0.0,0.0,0.0,0.0,0.0,0.0
0.0,0.0,0.0,0.0,0.0,0.0
80.5,80.5,80.5,80.5,80.5,80.5
80.5,80.5,80.5,80.5,80.5,80.5
80.5,80.5,80.5,80.5,80.5,80.5
80.5,80.5,80.5,80.5,80.5,80.5
130.2,130.2,130.2,130.2,130.2,130.2
130.2,130.2,130.2,130.2,130.2,130.2
130.2,130.2,130.2,130.2,130.2,130.2
130.2,130.2,130.2,130.2,130.2,130.2
445.5,690.6,349.3,822.3,899.6,1091.2
344.7,628.3,828.4,898.2,791.9,806.9
135.1,671.0,1024.3,1008.7,825.2,634.1
182.2,680.3,906.7,857.6,989.6,681.9
99.5,630.8,1334.6,1072.6,2140.2,556.8
124.5,577.4,1174.6,521.1,2821.4,615.5
93.6,125.2,816.0,945.6,3368.3,485.9
125.2,167.4,747.5,844.4,2403.6,306.2
108.2,144.6,281.2,283.9,487.0,264.6
86.6,115.7,225.1,227.2,389.7,211.8
158.2,194.0,200.3,200.4,209.6,199.7
159.6,157.9,159.9,159.8,160.2,159.9
98.2,128.0,200.3,200.9,253.7,196.4
142.4,180.0,186.5,186.6,196.3,185.7
95.8,128.1,200.6,201.3,255.6,196.1
111.4,148.9,196.6,197.1,229.5,194.0
79.9,79.9,79.9,79.9,79.9,79.9
79.9,79.9,79.9,79.9,79.9,79.9
79.9,79.9,79.9,79.9,79.9,79.9
79.9,79.9,79.9,79.9,79.9,79.9
50.0,50.0,50.0,50.0,50.0,50.0
50.0,50.0,50.0,50.0,50.0,50.0
50.0,50.0,50.0,50.0,50.0,50.0
50.0,50.0,50.0,50.0,50.0,50.0
0.0,0.0,0.0,0.0,0.0,0.0
0.0,0.0,0.0,0.0,0.0,0.0
0.0,0.0,0.0,0.0,0.0,0.0
0.0,0.0,0.0,0.0,0.0,0.0
0.0,0.0,0.0,0.0,0.0,0.0
0.0,0.0,0.0,0.0,0.0,0.0
0.0,0.0,0.0,0.0,0.0,0.0
0.0,0.0,0.0,0.0,0.0,0.0
0.0,0.0,0.0,0.0,0.0,0.0
0.0,0.0,0.0,0.0,0.0,0.0
0.0,0.0,0.0,0.0,0.0,0.0
0.0,0.0,0.0,0.0,0.0,0.0
0.0,0.0,0.0,0.0,0.0,0.0
0.0,0.0,0.0,0.0,0.0,0.0
0.0,0.0,0.0,0.0,0.0,0.0
0.0,0.0,0.0,0.0,0.0,0.0
0.0,0.0,0.0,0.0,0.0,0.0
0.0,0.0,0.0,0.0,0.0,0.0
0.0,0.0,0.0,0.0,0.0,0.0
0.0,0.0,0.0,0.0,0.0,0.0
0.0,0.0,0.0,0.0,0.0,0.0
0.0,0.0,0.0,0.0,0.0,0.0
0.0,0.0,0.0,0.0,0.0,0.0
0.0,0.0,0.0,0.0,0.0,0.0
0.0,0.0,0.0,0.0,0.0,0.0
0.0,0.0,0.0,0.0,0.0,0.0
0.0,0.0,0.0,0.0,0.0,0.0
0.0,0.0,0.0,0.0,0.0,0.0
0.0,0.0,0.0,0.0,0.0,0.0
0.0,0.0,0.0,0.0,0.0,0.0
0.0,0.0,0.0,0.0,0.0,0.0
0.0,0.0,0.0,0.0,0.0,0.0
0.0,0.0,0.0,0.0,0.0,0.0
0.0,0.0,0.0,0.0,0.0,0.0
0.0,0.0,0.0,0.0,0.0,0.0
0.0,0.0,0.0,0.0,0.0,0.0
0.0,0.0,0.0,0.0,0.0,0.0
0.0,0.0,0.0,0.0,0.0,0.0
0.0,0.0,0.0,0.0,0.0,0.0
0.0,0.0,0.0,0.0,0.0,0.0
0.0,0.0,0.0,0.0,0.0,0.0
0.0,0.0,0.0,0.0,0.0,0.0
0.0,0.0,0.0,0.0,0.0,0.0
0.0,0.0,0.0,0.0,0.0,0.0
0.0,0.0,0.0,0.0,0.0,0.0
0.0,0.0,0.0,0.0,0.0,0.0
0.0,0.0,0.0,0.0,0.0,0.0
0.0,0.0,0.0,0.0,0.0,0.0
0.0,0.0,0.0,0.0,0.0,0.0
0.0,0.0,0.0,0.0,0.0,0.0
0.0,0.0,0.0,0.0,0.0,0.0
0.0,0.0,0.0,0.0,0.0,0.0
0.0,0.0,0.0,0.0,0.0,0.0
0.0,0.0,0.0,0.0,0.0,0.0
0.0,0.0,0.0,0.0,0.0,0.0
0.0,0.0,0.0,0.0,0.0,0.0
0.0,0.0,0.0,0.0,0.0,0.0
0.0,0.0,0.0,0.0,0.0,0.0
0.0,0.0,0.0,0.0,0.0,0.0
0.0,0.0,0.0,0.0,0.0,0.0
0.0,0.0,0.0,0.0,0.0,0.0
0.0,0.0,0.0,0.0,0.0,0.0
0.0,0.0,0.0,0.0,0.0,0.0
0.0,0.0,0.0,0.0,0.0,0.0
49.6,49.6,49.6,49.6,49.6,49.6
49.6,49.6,49.6,49.6,49.6,49.6
49.6,49.6,49.6,49.6,49.6,49.6
49.6,49.6,49.6,49.6,49.6,49.6
118.7,118.7,118.7,118.7,118.7,118.7
118.7,118.7,118.7,118.7,118.7,118.7
118.7,118.7,118.7,118.7,118.7,118.7
118.7,118.7,118.7,118.7,118.7,118.7
177.5,177.5,177.5,177.5,177.5,177.5
177.5,177.5,177.5,177.5,177.5,177.5
177.5,177.5,177.5,177.5,177.5,177.5
177.5,177.5,177.5,177.5,177.5,177.5
118.1,118.1,118.1,118.1,118.1,118.1
118.1,118.1,118.1,118.1,118.1,118.1
118.1,118.1,118.1,118.1,118.1,118.1
118.1,118.1,118.1,118.1,118.1,118.1
157.2,157.2,157.2,157.2,157.2,157.2
157.2,157.2,157.2,157.2,157.2,157.2
157.2,157.2,157.2,157.2,157.2,157.2
157.2,157.2,157.2,157.2,157.2,157.2
137.6,137.6,137.6,137.6,137.6,137.6
137.6,137.6,137.6,137.6,137.6,137.6
137.6,137.6,137.6,137.6,137.6,137.6
137.6,137.6,137.6,137.6,137.6,137.6
88.7,88.7,88.7,88.7,88.7,88.7
88.7,88.7,88.7,88.7,88.7,88.7
88.7,88.7,88.7,88.7,88.7,88.7
88.7,88.7,88.7,88.7,88.7,88.7
59.3,59.3,59.3,59.3,59.3,59.3
59.3,59.3,59.3,59.3,59.3,59.3
59.3,59.3,59.3,59.3,59.3,59.3
59.3,59.3,59.3,59.3,59.3,59.3
0.0,0.0,0.0,0.0,0.0,0.0
0.0,0.0,0.0,0.0,0.0,0.0
0.0,0.0,0.0,0.0,0.0,0.0
0.0,0.0,0.0,0.0,0.0,0.0
0.0,0.0,0.0,0.0,0.0,0.0
0.0,0.0,0.0,0.0,0.0,0.0
0.0,0.0,0.0,0.0,0.0,0.0
0.0,0.0,0.0,0.0,0.0,0.0
0.0,0.0,0.0,0.0,0.0,0.0
0.0,0.0,0.0,0.0,0.0,0.0
0.0,0.0,0.0,0.0,0.0,0.0
0.0,0.0,0.0,0.0,0.0,0.0
0.0,0.0,0.0,0.0,0.0,0.0
0.0,0.0,0.0,0.0,0.0,0.0
0.0,0.0,0.0,0.0,0.0,0.0
0.0,0.0,0.0,0.0,0.0,0.0
0.0,0.0,0.0,0.0,0.0,0.0
0.0,0.0,0.0,0.0,0.0,0.0
0.0,0.0,0.0,0.0,0.0,0.0
0.0,0.0,0.0,0.0,0.0,0.0
0.0,0.0,0.0,0.0,0.0,0.0
0.0,0.0,0.0,0.0,0.0,0.0
0.0,0.0,0.0,0.0,0.0,0.0
0.0,0.0,0.0,0.0,0.0,0.0
0.0,0.0,0.0,0.0,0.0,0.0
0.0,0.0,0.0,0.0,0.0,0.0
0.0,0.0,0.0,0.0,0.0,0.0
0.0,0.0,0.0,0.0,0.0,0.0
0.0,0.0,0.0,0.0,0.0,0.0
0.0,0.0,0.0,0.0,0.0,0.0
0.0,0.0,0.0,0.0,0.0,0.0
0.0,0.0,0.0,0.0,0.0,0.0
0.0,0.0,0.0,0.0,0.0,0.0
0.0,0.0,0.0,0.0,0.0,0.0
0.0,0.0,0.0,0.0,0.0,0.0
0.0,0.0,0.0,0.0,0.0,0.0
0.0,0.0,0.0,0.0,0.0,0.0
0.0,0.0,0.0,0.0,0.0,0.0
0.0,0.0,0.0,0.0,0.0,0.0
0.0,0.0,0.0,0.0,0.0,0.0
0.0,0.0,0.0,0.0,0.0,0.0
0.0,0.0,0.0,0.0,0.0,0.0
0.0,0.0,0.0,0.0,0.0,0.0
0.0,0.0,0.0,0.0,0.0,0.0
0.0,0.0,0.0,0.0,0.0,0.0
0.0,0.0,0.0,0.0,0.0,0.0
0.0,0.0,0.0,0.0,0.0,0.0
0.0,0.0,0.0,0.0,0.0,0.0
0.0,0.0,0.0,0.0,0.0,0.0
0.0,0.0,0.0,0.0,0.0,0.0
0.0,0.0,0.0,0.0,0.0,0.0
0.0,0.0,0.0,0.0,0.0,0.0
0.0,0.0,0.0,0.0,0.0,0.0
0.0,0.0,0.0,0.0,0.0,0.0
0.0,0.0,0.0,0.0,0.0,0.0
0.0,0.0,0.0,0.0,0.0,0.0
0.0,0.0,0.0,0.0,0.0,0.0
0.0,0.0,0.0,0.0,0.0,0.0
0.0,0.0,0.0,0.0,0.0,0.0
0.0,0.0,0.0,0.0,0.0,0.0
0.0,0.0,0.0,0.0,0.0,0.0
0.0,0.0,0.0,0.0,0.0,0.0
0.0,0.0,0.0,0.0,0.0,0.0
0.0,0.0,0.0,0.0,0.0,0.0
60.1,60.1,60.1,60.1,60.1,60.1
60.1,60.1,60.1,60.1,60.1,60.1
60.1,60.1,60.1,60.1,60.1,60.1
60.1,60.1,60.1,60.1,60.1,60.1
100.0,100.0,100.0,100.0,100.0,100.0
100.0,100.0,100.0,100.0,100.0,100.0
100.0,100.0,100.0,100.0,100.0,100.0
100.0,100.0,100.0,100.0,100.0,100.0
129.8,129.8,129.8,129.8,129.8,129.8
129.8,129.8,129.8,129.8,129.8,129.8
127.4,129.8,130.1,130.1,131.5,130.0
109.8,129.9,132.0,132.4,143.6,131.2
98.4,131.5,157.3,158.7,200.6,151.3
149.6,149.6,149.6,149.6,149.6,149.6
111.7,149.3,153.2,162.0,170.0,151.5
95.0,127.0,153.0,176.8,193.5,152.5
131.6,149.8,150.9,155.6,159.2,150.8
149.7,149.7,149.7,149.7,149.7,149.7
149.7,149.7,149.7,149.7,149.7,149.7
149.7,149.7,149.7,149.7,149.7,149.7
119.9,119.9,119.9,119.9,119.9,119.9
119.9,119.9,119.9,119.9,119.9,119.9
119.9,119.9,119.9,119.9,119.9,119.9
119.9,119.9,119.9,119.9,119.9,119.9
90.1,90.1,90.1,90.1,90.1,90.1
0.0,162.1,0.0,0.0,248.9,129.4
45.7,132.2,45.7,38.1,160.9,117.8
90.1,90.1,90.1,90.1,90.1,90.1
50.1,50.1,50.1,50.1,50.1,50.1
50.1,50.1,50.1,50.1,50.1,50.1
50.1,50.1,50.1,50.1,50.1,50.1
50.1,50.1,50.1,50.1,50.1,50.1
0.0,0.0,0.0,0.0,0.0,0.0
0.0,0.0,0.0,0.0,0.0,0.0
0.0,0.0,0.0,0.0,0.0,0.0
0.0,0.0,0.0,0.0,0.0,0.0
0.0,0.0,0.0,0.0,0.0,0.0
0.0,0.0,0.0,0.0,0.0,0.0
0.0,0.0,0.0,0.0,0.0,0.0
0.0,0.0,0.0,0.0,0.0,0.0
0.0,0.0,0.0,0.0,0.0,0.0
0.0,0.0,0.0,0.0,0.0,0.0
0.0,0.0,0.0,0.0,0.0,0.0
0.0,0.0,0.0,0.0,0.0,0.0
0.0,0.0,0.0,0.0,0.0,0.0
0.0,0.0,0.0,0.0,0.0,0.0
0.0,0.0,0.0,0.0,0.0,0.0
0.0,0.0,0.0,0.0,0.0,0.0
0.0,0.0,0.0,0.0,0.0,0.0
0.0,0.0,0.0,0.0,0.0,0.0
0.0,0.0,0.0,0.0,0.0,0.0
0.0,0.0,0.0,0.0,0.0,0.0
0.0,0.0,0.0,0.0,0.0,0.0
0.0,0.0,0.0,0.0,0.0,0.0
0.0,0.0,0.0,0.0,0.0,0.0
0.0,0.0,0.0,0.0,0.0,0.0
0.0,0.0,0.0,0.0,0.0,0.0
0.0,0.0,0.0,0.0,0.0,0.0
0.0,0.0,0.0,0.0,0.0,0.0
0.0,0.0,0.0,0.0,0.0,0.0
0.0,0.0,0.0,0.0,0.0,0.0
0.0,0.0,0.0,0.0,0.0,0.0
0.0,0.0,0.0,0.0,0.0,0.0
0.0,0.0,0.0,0.0,0.0,0.0
0.0,0.0,0.0,0.0,0.0,0.0
0.0,0.0,0.0,0.0,0.0,0.0
0.0,0.0,0.0,0.0,0.0,0.0
0.0,0.0,0.0,0.0,0.0,0.0
0.0,0.0,0.0,0.0,0.0,0.0
0.0,0.0,0.0,0.0,0.0,0.0
0.0,0.0,0.0,0.0,0.0,0.0
0.0,0.0,0.0,0.0,0.0,0.0
0.0,0.0,0.0,0.0,0.0,0.0
0.0,0.0,0.0,0.0,0.0,0.0
0.0,0.0,0.0,0.0,0.0,0.0
0.0,0.0,0.0,0.0,0.0,0.0
0.0,0.0,0.0,0.0,0.0,0.0
0.0,0.0,0.0,0.0,0.0,0.0
0.0,0.0,0.0,0.0,0.0,0.0
0.0,0.0,0.0,0.0,0.0,0.0
0.0,0.0,0.0,0.0,0.0,0.0
0.0,0.0,0.0,0.0,0.0,0.0
0.0,0.0,0.0,0.0,0.0,0.0
0.0,0.0,0.0,0.0,0.0,0.0
0.0,0.0,0.0,0.0,0.0,0.0
0.0,0.0,0.0,0.0,0.0,0.0
0.0,0.0,0.0,0.0,0.0,0.0
0.0,0.0,0.0,0.0,0.0,0.0
0.0,0.0,0.0,0.0,0.0,0.0
0.0,0.0,0.0,0.0,0.0,0.0
0.0,0.0,0.0,0.0,0.0,0.0
0.0,0.0,0.0,0.0,0.0,0.0
0.0,0.0,0.0,0.0,0.0,0.0
0.0,0.0,0.0,0.0,0.0,0.0
0.0,0.0,0.0,0.0,0.0,0.0
0.0,0.0,0.0,0.0,0.0,0.0
0.0,0.0,303.3,0.0,0.0,0.0
0.0,0.0,303.3,0.0,0.0,0.0
0.0,0.0,190.9,0.0,0.0,112.4
38.7,55.4,60.0,32.2,37.4,79.6
42.2,173.2,183.6,35.2,40.8,310.5
130.9,130.9,130.9,130.9,130.9,130.9
130.9,130.9,130.9,130.9,130.9,130.9
0.0,785.4,0.0,0.0,0.0,0.0
0.0,0.0,0.0,0.0,0.0,0.0
0.0,0.0,0.0,0.0,0.0,0.0
0.0,0.0,0.0,0.0,0.0,0.0
0.0,0.0,0.0,1344.5,0.0,0.0
1049.0,690.4,497.4,1249.7,1652.2,1082.4
519.0,519.0,519.0,519.0,519.0,519.0
519.0,519.0,519.0,519.0,519.0,519.0
540.6,523.6,427.7,542.5,677.0,402.4
219.6,219.6,219.6,219.6,219.6,219.6
219.6,219.6,219.6,219.6,219.6,219.6
186.2,220.3,225.8,225.9,234.1,225.1
219.6,219.6,219.6,219.6,219.6,219.6
109.9,109.9,109.9,109.9,109.9,109.9
109.9,109.9,109.9,109.9,109.9,109.9
109.9,109.9,109.9,109.9,109.9,109.9
109.9,109.9,109.9,109.9,109.9,109.9
107.0,143.0,278.1,280.7,481.6,261.7
120.1,292.6,312.3,1173.3,804.7,293.8
111.1,1091.1,288.7,1655.0,1487.8,271.6
116.4,1152.9,302.5,1656.0,1500.5,284.7
109.3,1130.3,284.1,1341.9,1476.1,267.3
113.9,1151.4,296.0,988.4,1515.5,278.5
125.2,1164.6,1029.5,1020.5,1570.0,306.1
164.3,913.8,1117.1,968.4,1375.3,413.9
0.0,0.0,0.0,0.0,0.0,0.0
0.0,0.0,0.0,0.0,0.0,0.0
0.0,0.0,0.0,0.0,0.0,0.0
0.0,0.0,0.0,0.0,0.0,0.0
0.0,0.0,0.0,0.0,0.0,0.0
0.0,0.0,0.0,0.0,0.0,0.0
0.0,0.0,0.0,0.0,0.0,0.0
0.0,0.0,0.0,0.0,0.0,0.0
0.0,0.0,0.0,0.0,0.0,0.0
0.0,0.0,0.0,0.0,0.0,0.0
0.0,0.0,0.0,0.0,0.0,0.0
0.0,0.0,0.0,0.0,0.0,0.0
0.0,0.0,0.0,0.0,0.0,0.0
0.0,0.0,0.0,0.0,0.0,0.0
0.0,0.0,0.0,0.0,0.0,0.0
0.0,0.0,0.0,0.0,0.0,0.0
0.0,0.0,0.0,0.0,0.0,0.0
0.0,0.0,0.0,0.0,0.0,0.0
0.0,0.0,0.0,0.0,0.0,0.0
0.0,0.0,0.0,0.0,0.0,0.0
0.0,0.0,0.0,0.0,0.0,0.0
0.0,0.0,0.0,0.0,0.0,0.0
0.0,0.0,0.0,0.0,0.0,0.0
0.0,0.0,0.0,0.0,0.0,0.0
0.0,0.0,0.0,0.0,0.0,0.0
0.0,0.0,0.0,0.0,0.0,0.0
0.0,0.0,0.0,0.0,0.0,0.0
0.0,0.0,0.0,0.0,0.0,0.0
0.0,0.0,0.0,0.0,0.0,0.0
0.0,0.0,0.0,0.0,0.0,0.0
0.0,0.0,0.0,0.0,0.0,0.0
0.0,0.0,0.0,0.0,0.0,0.0
0.0,0.0,0.0,0.0,0.0,0.0
0.0,0.0,0.0,0.0,0.0,0.0
0.0,0.0,0.0,0.0,0.0,0.0
0.0,0.0,0.0,0.0,0.0,0.0
0.0,0.0,0.0,0.0,0.0,0.0
0.0,0.0,0.0,0.0,0.0,0.0
0.0,0.0,0.0,0.0,0.0,0.0
0.0,0.0,0.0,0.0,0.0,0.0
0.0,0.0,0.0,0.0,0.0,0.0
0.0,0.0,0.0,0.0,0.0,0.0
0.0,0.0,0.0,0.0,0.0,0.0
0.0,0.0,0.0,0.0,0.0,0.0
0.0,0.0,0.0,0.0,0.0,0.0
0.0,0.0,0.0,0.0,0.0,0.0
0.0,0.0,0.0,0.0,0.0,0.0
0.0,0.0,0.0,0.0,0.0,0.0
0.0,0.0,0.0,0.0,0.0,0.0
0.0,0.0,0.0,0.0,0.0,0.0
0.0,0.0,0.0,0.0,0.0,0.0
0.0,0.0,0.0,0.0,0.0,0.0
0.0,0.0,0.0,0.0,0.0,0.0
0.0,0.0,0.0,0.0,0.0,0.0
0.0,0.0,0.0,0.0,0.0,0.0
0.0,0.0,0.0,0.0,0.0,0.0
0.0,0.0,0.0,0.0,0.0,0.0
0.0,0.0,0.0,0.0,0.0,0.0
0.0,0.0,0.0,0.0,0.0,0.0
0.0,0.0,0.0,0.0,0.0,0.0
0.0,0.0,0.0,0.0,0.0,0.0
0.0,0.0,0.0,0.0,0.0,0.0
0.0,0.0,0.0,0.0,0.0,0.0
0.0,0.0,0.0,0.0,0.0,0.0
1301.1,542.1,3219.3,1084.2,1257.7,2972.5
228.8,205.6,1111.6,405.2,2922.4,1029.8
152.5,178.0,351.4,349.8,3077.0,1176.6
140.1,187.2,364.0,1184.6,4771.0,1190.9
162.9,217.7,423.4,1420.6,3226.8,398.4
0.0,0.0,0.0,0.0,0.0,0.0
24.6,10.3,24.6,20.5,23.8,32.8
565.9,24.9,59.8,49.8,57.8,79.7
241.8,0.0,0.0,0.0,0.0,0.0
478.1,921.5,355.2,1768.2,2353.8,334.2
481.4,1294.2,349.6,1047.8,2709.1,328.9
274.2,1119.0,1297.1,719.5,2130.3,670.7
126.8,524.9,958.1,332.7,3892.3,310.1
109.4,146.3,402.5,282.2,480.4,267.6
182.6,241.6,266.4,246.8,266.0,246.1
192.8,212.4,245.9,245.8,307.0,245.8
145.4,158.8,252.2,251.3,328.0,251.3
231.2,231.2,231.2,231.2,231.2,231.2
226.6,231.3,231.7,232.5,232.5,232.5
130.8,174.9,234.2,298.1,243.7,305.4
110.5,110.5,110.5,110.5,110.5,110.5
110.5,110.5,110.5,110.5,110.5,110.5
110.5,110.5,110.5,110.5,110.5,110.5
110.5,110.5,110.5,110.5,110.5,110.5
80.5,80.5,80.5,80.5,80.5,80.5
80.5,80.5,80.5,80.5,80.5,80.5
80.5,80.5,80.5,80.5,80.5,80.5
80.5,80.5,80.5,80.5,80.5,80.5
50.4,50.4,50.4,50.4,50.4,50.4
50.4,50.4,50.4,50.4,50.4,50.4
50.4,50.4,50.4,50.4,50.4,50.4
50.4,50.4,50.4,50.4,50.4,50.4
0.0,0.0,0.0,0.0,0.0,0.0
0.0,0.0,0.0,0.0,0.0,0.0
0.0,0.0,0.0,0.0,0.0,0.0
0.0,0.0,0.0,0.0,0.0,0.0
0.0,0.0,0.0,0.0,0.0,0.0
0.0,0.0,0.0,0.0,0.0,0.0
0.0,0.0,0.0,0.0,0.0,0.0
0.0,0.0,0.0,0.0,0.0,0.0
0.0,0.0,0.0,0.0,0.0,0.0
0.0,0.0,0.0,0.0,0.0,0.0
0.0,0.0,0.0,0.0,0.0,0.0
0.0,0.0,0.0,0.0,0.0,0.0
0.0,0.0,0.0,0.0,0.0,0.0
0.0,0.0,0.0,0.0,0.0,0.0
0.0,0.0,0.0,0.0,0.0,0.0
0.0,0.0,0.0,0.0,0.0,0.0
0.0,0.0,0.0,0.0,0.0,0.0
0.0,0.0,0.0,0.0,0.0,0.0
0.0,0.0,0.0,0.0,0.0,0.0
0.0,0.0,0.0,0.0,0.0,0.0
0.0,0.0,0.0,0.0,0.0,0.0
0.0,0.0,0.0,0.0,0.0,0.0
0.0,0.0,0.0,0.0,0.0,0.0
0.0,0.0,0.0,0.0,0.0,0.0
0.0,0.0,0.0,0.0,0.0,0.0
0.0,0.0,0.0,0.0,0.0,0.0
0.0,0.0,0.0,0.0,0.0,0.0
0.0,0.0,0.0,0.0,0.0,0.0
0.0,0.0,0.0,0.0,0.0,0.0
0.0,0.0,0.0,0.0,0.0,0.0
0.0,0.0,0.0,0.0,0.0,0.0
0.0,0.0,0.0,0.0,0.0,0.0
0.0,0.0,0.0,0.0,0.0,0.0
0.0,0.0,0.0,0.0,0.0,0.0
0.0,0.0,0.0,0.0,0.0,0.0
0.0,0.0,0.0,0.0,0.0,0.0
0.0,0.0,0.0,0.0,0.0,0.0
0.0,0.0,0.0,0.0,0.0,0.0
0.0,0.0,0.0,0.0,0.0,0.0
0.0,0.0,0.0,0.0,0.0,0.0
0.0,0.0,0.0,0.0,0.0,0.0
0.0,0.0,0.0,0.0,0.0,0.0
0.0,0.0,0.0,0.0,0.0,0.0
0.0,0.0,0.0,0.0,0.0,0.0
0.0,0.0,0.0,0.0,0.0,0.0
0.0,0.0,0.0,0.0,0.0,0.0
0.0,0.0,0.0,0.0,0.0,0.0
0.0,0.0,0.0,0.0,0.0,0.0
0.0,0.0,0.0,0.0,0.0,0.0
0.0,0.0,0.0,0.0,0.0,0.0
0.0,0.0,0.0,0.0,0.0,0.0
0.0,0.0,0.0,0.0,0.0,0.0
0.0,0.0,0.0,0.0,0.0,0.0
0.0,0.0,0.0,0.0,0.0,0.0
0.0,0.0,0.0,0.0,0.0,0.0
0.0,0.0,0.0,0.0,0.0,0.0
0.0,0.0,0.0,0.0,0.0,0.0
0.0,0.0,0.0,0.0,0.0,0.0
0.0,0.0,0.0,0.0,0.0,0.0
0.0,0.0,0.0,0.0,0.0,0.0
0.0,0.0,0.0,0.0,0.0,0.0
0.0,0.0,0.0,0.0,0.0,0.0
0.0,0.0,0.0,0.0,0.0,0.0
0.0,0.0,0.0,0.0,0.0,0.0
93.4,0.0,135.5,0.0,0.0,130.2
106.0,0.0,134.3,0.0,0.0,118.9
79.7,0.0,97.5,0.0,99.4,82.6
71.9,2.9,86.0,5.9,118.5,74.0
104.4,101.0,108.7,61.5,116.6,105.2
110.1,103.4,120.1,2.9,151.2,109.6
109.7,103.2,120.6,0.0,150.0,113.8
118.7,102.9,125.3,0.0,134.2,116.2
142.9,0.0,158.7,0.0,201.5,152.7
139.1,0.0,166.3,0.0,188.8,161.5
109.3,109.3,109.3,109.3,109.3,109.3
109.3,109.3,109.3,109.3,109.3,109.3
128.9,128.9,128.9,128.9,128.9,128.9
128.9,128.9,128.9,128.9,128.9,128.9
128.9,128.9,128.9,128.9,128.9,128.9
128.9,128.9,128.9,128.9,128.9,128.9
128.8,128.8,128.8,128.8,128.8,128.8
128.8,128.8,128.8,128.8,128.8,128.8
128.8,128.8,128.8,128.8,128.8,128.8
128.8,128.8,128.8,128.8,128.8,128.8
198.0,198.0,198.0,198.0,198.0,198.0
198.0,198.0,198.0,198.0,198.0,198.0
198.0,198.0,198.0,198.0,198.0,198.0
198.0,198.0,198.0,198.0,198.0,198.0
108.5,2159.2,1056.9,2395.3,3885.8,320.5
271.4,2086.7,1169.7,2362.0,5025.5,406.1
42.2,2531.7,1315.4,3184.7,6945.9,372.1
10.5,1898.1,10.5,6535.3,5556.6,618.5
7.0,1346.1,7.0,4080.5,4766.6,3428.2
10.5,1240.9,10.5,3705.5,4067.9,1631.9
60.8,1919.7,7.0,2987.8,4417.5,1505.1
314.4,1706.2,10.5,2706.8,4503.6,435.3
155.1,1027.6,11.3,1493.5,2297.5,15.1
213.8,1019.4,129.7,1432.3,2096.9,107.8
51.5,1038.0,856.2,1313.0,1722.5,18.8
10.5,1236.6,534.2,1323.0,1881.5,14.1
7.0,1226.9,55.9,1369.7,2331.1,9.4
7.0,1046.9,327.2,1397.7,2211.9,9.4
10.5,1103.5,929.1,1216.2,1726.5,14.1
7.0,1136.4,883.2,1284.1,1679.9,9.4
42.2,1118.6,937.9,1258.2,1586.8,56.3
63.3,1349.0,63.3,1434.2,2005.8,84.4
10.5,1209.5,10.5,1216.5,2538.9,14.1
4.6,1374.6,8.9,1361.4,2233.5,16.9
0.0,1291.5,0.0,1510.5,2198.0,0.0
0.0,1306.6,48.8,1530.2,2114.3,0.0
0.0,1091.1,865.7,1461.4,1581.9,0.0
0.0,1218.3,76.0,1495.0,2210.7,0.0
45.7,1211.1,94.6,1426.5,2161.2,61.0
42.2,1268.8,91.0,1405.6,2026.2,166.2
0.0,1089.1,40.7,1329.0,1497.0,1044.2
0.0,1048.7,558.9,1382.9,1838.5,170.9
0.0,990.3,844.8,1434.0,1621.0,109.9
0.0,1098.2,0.0,1499.0,2286.7,109.9
0.0,0.0,0.0,0.0,0.0,0.0
0.0,0.0,0.0,0.0,0.0,0.0
0.0,0.0,0.0,0.0,0.0,0.0
0.0,0.0,0.0,0.0,0.0,0.0
0.0,0.0,0.0,0.0,0.0,0.0
0.0,0.0,0.0,0.0,0.0,0.0
0.0,0.0,0.0,0.0,0.0,0.0
0.0,0.0,0.0,0.0,0.0,0.0
0.0,0.0,0.0,0.0,0.0,0.0
0.0,0.0,0.0,0.0,0.0,0.0
0.0,0.0,0.0,0.0,0.0,0.0
0.0,0.0,0.0,0.0,0.0,0.0
0.0,0.0,0.0,0.0,0.0,0.0
0.0,0.0,0.0,0.0,0.0,0.0
0.0,0.0,0.0,0.0,0.0,0.0
0.0,0.0,0.0,0.0,0.0,0.0
0.0,0.0,0.0,0.0,0.0,0.0
0.0,0.0,0.0,0.0,0.0,0.0
0.0,0.0,0.0,0.0,0.0,0.0
0.0,0.0,0.0,0.0,0.0,0.0
0.0,0.0,0.0,0.0,0.0,0.0
0.0,0.0,0.0,0.0,0.0,0.0
0.0,0.0,0.0,0.0,0.0,0.0
0.0,0.0,0.0,0.0,0.0,0.0
0.0,0.0,0.0,0.0,0.0,0.0
0.0,0.0,0.0,0.0,0.0,0.0
0.0,0.0,0.0,0.0,0.0,0.0
0.0,0.0,0.0,0.0,0.0,0.0
0.0,0.0,0.0,0.0,0.0,0.0
0.0,0.0,0.0,0.0,0.0,0.0
0.0,0.0,0.0,0.0,0.0,0.0
0.0,0.0,0.0,0.0,0.0,0.0
0.0,0.0,0.0,0.0,0.0,0.0
0.0,0.0,0.0,0.0,0.0,0.0
0.0,0.0,0.0,0.0,0.0,0.0
0.0,0.0,0.0,0.0,0.0,0.0
0.0,0.0,0.0,0.0,0.0,0.0
0.0,0.0,0.0,0.0,0.0,0.0
0.0,0.0,0.0,0.0,0.0,0.0
0.0,0.0,0.0,0.0,0.0,0.0
0.0,0.0,0.0,0.0,0.0,0.0
0.0,0.0,0.0,0.0,0.0,0.0
0.0,0.0,843.7,857.0,0.0,0.0
59.8,24.9,891.8,901.6,57.8,79.7
245.3,10.3,903.8,860.4,23.8,32.8
301.0,0.0,0.0,887.6,0.0,539.6
326.6,0.0,0.0,0.0,0.0,736.1
527.0,270.5,526.0,531.0,3126.5,1293.7
448.4,171.5,2608.2,336.6,2883.4,1107.6
463.1,166.8,2218.0,327.5,2299.6,1088.1
126.0,775.1,1125.5,1521.5,567.0,1135.4
1044.8,772.8,1616.2,1393.8,895.8,526.6
543.2,600.5,1314.0,1097.9,622.9,2071.5
428.4,820.3,1176.8,1318.6,546.2,1959.7
977.2,1087.5,1085.6,1121.5,1110.0,1103.5
655.4,707.2,371.6,1388.3,643.5,1553.6
517.9,176.2,342.6,345.8,593.2,1575.4
371.6,177.0,344.2,347.4,595.9,1268.1
302.8,0.0,0.0,0.0,0.0,0.0
342.7,13.2,31.6,26.4,30.6,42.2
363.8,23.4,56.3,46.9,54.4,75.0
471.0,216.8,1516.0,425.7,730.1,396.7
577.1,366.6,1512.6,719.5,1234.2,909.9
449.0,192.3,1067.8,377.5,647.4,654.6
438.8,178.6,777.9,350.6,601.4,637.9
440.8,182.8,868.1,1347.2,615.5,642.0
428.0,184.6,497.0,533.3,454.1,457.7
432.2,241.9,477.6,490.3,458.4,454.3
428.8,432.7,449.8,370.9,434.3,438.1
432.1,437.3,432.6,368.1,455.6,428.9
208.5,208.5,208.5,208.5,208.5,208.5
208.5,208.5,208.5,208.5,208.5,208.5
208.5,208.5,208.5,208.5,208.5,208.5
208.5,208.5,208.5,208.5,208.5,208.5
0.0,0.0,0.0,0.0,0.0,0.0
0.0,0.0,0.0,0.0,0.0,0.0
0.0,0.0,0.0,0.0,0.0,0.0
0.0,0.0,0.0,0.0,0.0,0.0
0.0,0.0,0.0,0.0,0.0,0.0
0.0,0.0,0.0,0.0,0.0,0.0
0.0,0.0,0.0,0.0,0.0,0.0
0.0,0.0,0.0,0.0,0.0,0.0
0.0,0.0,0.0,0.0,0.0,0.0
0.0,0.0,0.0,0.0,0.0,0.0
0.0,0.0,0.0,0.0,0.0,0.0
0.0,0.0,0.0,0.0,0.0,0.0
0.0,0.0,0.0,0.0,0.0,0.0
0.0,0.0,0.0,0.0,0.0,0.0
0.0,0.0,0.0,0.0,0.0,0.0
0.0,0.0,0.0,0.0,0.0,0.0
0.0,0.0,0.0,0.0,0.0,0.0
0.0,0.0,0.0,0.0,0.0,0.0
0.0,0.0,0.0,0.0,0.0,0.0
0.0,0.0,0.0,0.0,0.0,0.0
0.0,0.0,0.0,0.0,0.0,0.0
0.0,0.0,0.0,0.0,0.0,0.0
0.0,0.0,0.0,0.0,0.0,0.0
0.0,0.0,0.0,0.0,0.0,0.0
0.0,0.0,0.0,0.0,0.0,0.0
0.0,0.0,0.0,0.0,0.0,0.0
0.0,0.0,0.0,0.0,0.0,0.0
0.0,0.0,0.0,0.0,0.0,0.0
0.0,0.0,0.0,0.0,0.0,0.0
0.0,0.0,0.0,0.0,0.0,0.0
0.0,0.0,0.0,0.0,0.0,0.0
0.0,0.0,0.0,0.0,0.0,0.0
0.0,0.0,0.0,0.0,0.0,0.0
0.0,0.0,0.0,0.0,0.0,0.0
0.0,0.0,0.0,0.0,0.0,0.0
0.0,0.0,0.0,0.0,0.0,0.0
0.0,0.0,0.0,0.0,0.0,0.0
0.0,0.0,0.0,0.0,0.0,0.0
0.0,0.0,0.0,0.0,0.0,0.0
0.0,0.0,0.0,0.0,0.0,0.0
0.0,0.0,0.0,0.0,0.0,0.0
0.0,0.0,0.0,0.0,0.0,0.0
0.0,0.0,0.0,0.0,0.0,0.0
0.0,0.0,0.0,0.0,0.0,0.0
0.0,0.0,0.0,0.0,0.0,0.0
0.0,0.0,0.0,0.0,0.0,0.0
0.0,0.0,0.0,0.0,0.0,0.0
0.0,0.0,0.0,0.0,0.0,0.0
0.0,0.0,0.0,0.0,0.0,0.0
0.0,0.0,0.0,0.0,0.0,0.0
0.0,0.0,0.0,0.0,0.0,0.0
0.0,0.0,0.0,0.0,0.0,0.0
0.0,0.0,0.0,0.0,0.0,0.0
0.0,0.0,0.0,0.0,0.0,0.0
0.0,0.0,0.0,0.0,0.0,0.0
0.0,0.0,0.0,0.0,0.0,0.0
0.0,0.0,0.0,0.0,0.0,0.0
0.0,0.0,0.0,0.0,0.0,0.0
0.0,0.0,0.0,0.0,0.0,0.0
0.0,0.0,0.0,0.0,0.0,0.0
0.0,0.0,0.0,0.0,0.0,0.0
0.0,0.0,0.0,0.0,0.0,0.0
0.0,0.0,0.0,0.0,0.0,0.0
0.0,0.0,0.0,0.0,0.0,0.0
152.5,152.5,152.5,152.5,152.5,152.5
152.5,152.5,152.5,152.5,152.5,152.5
152.5,152.5,152.5,152.5,152.5,152.5
152.5,152.5,152.5,152.5,152.5,152.5
345.4,351.1,278.1,417.4,341.6,271.4
134.7,352.6,335.0,504.4,348.9,329.3
126.4,360.1,328.6,527.8,352.8,309.2
98.0,351.8,254.8,529.1,531.4,239.7
143.9,192.3,373.9,1147.4,1834.1,1068.9
384.6,156.9,1067.2,976.9,2964.4,3227.8
263.7,0.0,0.0,687.0,1077.5,0.0
590.5,20.5,49.2,707.3,1084.5,65.6
274.7,16.1,38.7,706.2,1059.3,51.6
0.0,409.1,0.0,679.2,987.9,0.0
137.0,709.2,1414.9,1031.0,1589.6,335.1
129.7,699.3,337.0,1019.4,1582.8,317.1
109.4,670.4,284.4,963.7,1461.5,267.6
136.9,703.4,355.9,800.0,1596.6,334.9
0.0,512.8,0.0,0.0,987.9,826.6
35.2,516.2,35.2,29.3,1010.6,1095.7
52.7,517.8,931.2,44.0,1038.9,1214.4
0.0,503.4,842.9,0.0,984.2,1145.8
0.0,499.6,866.5,0.0,641.0,917.8
115.1,642.1,1167.4,302.0,518.0,606.7
123.8,651.9,949.0,324.8,2078.2,623.2
150.7,687.8,391.6,395.4,2137.7,681.9
113.5,638.2,295.1,297.9,2011.4,587.6
160.2,672.3,377.1,1263.1,2137.7,679.1
196.2,692.3,408.6,1252.2,1745.3,721.6
150.2,941.0,390.3,1268.8,675.9,672.5
202.4,704.0,986.3,1407.6,910.9,799.0
132.3,622.5,935.6,980.4,595.4,627.6
0.0,0.0,591.8,0.0,818.2,304.0
255.7,0.0,589.6,562.5,1052.0,300.5
328.8,0.0,585.4,723.3,1052.0,305.2
346.3,7.3,594.5,737.9,1065.2,203.7
394.4,27.8,631.0,776.4,1105.3,89.1
325.2,0.0,557.8,715.5,1025.6,97.7
320.5,0.0,566.3,791.9,1003.0,1630.0
728.4,835.8,837.5,880.9,849.4,868.0
833.3,833.3,833.3,833.3,833.3,833.3
399.0,394.1,631.6,860.2,1080.8,228.5
361.5,398.0,596.5,831.1,1024.2,169.4
322.8,559.9,510.1,533.7,557.1,536.0
0.0,0.0,0.0,0.0,0.0,0.0
0.0,0.0,0.0,0.0,0.0,0.0
0.0,0.0,0.0,0.0,0.0,0.0
0.0,0.0,0.0,0.0,0.0,0.0
0.0,0.0,0.0,0.0,0.0,0.0
0.0,0.0,0.0,0.0,0.0,0.0
0.0,0.0,0.0,0.0,0.0,0.0
0.0,0.0,0.0,0.0,0.0,0.0
0.0,0.0,0.0,0.0,0.0,0.0
0.0,0.0,0.0,0.0,0.0,0.0
0.0,0.0,0.0,0.0,0.0,0.0
0.0,0.0,0.0,0.0,0.0,0.0
0.0,0.0,0.0,0.0,0.0,0.0
0.0,0.0,0.0,0.0,0.0,0.0
0.0,0.0,0.0,0.0,0.0,0.0
0.0,0.0,0.0,0.0,0.0,0.0
0.0,0.0,0.0,0.0,0.0,0.0
0.0,0.0,0.0,0.0,0.0,0.0
0.0,0.0,0.0,0.0,0.0,0.0
0.0,0.0,0.0,0.0,0.0,0.0
0.0,0.0,0.0,0.0,0.0,0.0
0.0,0.0,0.0,0.0,0.0,0.0
0.0,0.0,0.0,0.0,0.0,0.0
0.0,0.0,0.0,0.0,0.0,0.0
0.0,0.0,0.0,0.0,0.0,0.0
0.0,0.0,0.0,0.0,0.0,0.0
0.0,0.0,0.0,0.0,0.0,0.0
0.0,0.0,0.0,0.0,0.0,0.0
0.0,0.0,0.0,0.0,0.0,0.0
0.0,0.0,0.0,0.0,0.0,0.0
0.0,0.0,0.0,0.0,0.0,0.0
0.0,0.0,0.0,0.0,0.0,0.0
0.0,0.0,0.0,0.0,0.0,0.0
0.0,0.0,0.0,0.0,0.0,0.0
0.0,0.0,0.0,0.0,0.0,0.0
0.0,0.0,0.0,0.0,0.0,0.0
0.0,0.0,0.0,0.0,0.0,0.0
0.0,0.0,0.0,0.0,0.0,0.0
0.0,0.0,0.0,0.0,0.0,0.0
0.0,0.0,0.0,0.0,0.0,0.0
0.0,0.0,0.0,0.0,0.0,0.0
0.0,0.0,0.0,0.0,0.0,0.0
0.0,0.0,0.0,0.0,0.0,0.0
0.0,0.0,0.0,0.0,0.0,0.0
0.0,0.0,0.0,0.0,0.0,0.0
0.0,0.0,0.0,0.0,0.0,0.0
0.0,0.0,0.0,0.0,0.0,0.0
0.0,0.0,0.0,0.0,0.0,0.0
0.0,0.0,0.0,0.0,0.0,0.0
0.0,0.0,0.0,0.0,0.0,0.0
0.0,0.0,0.0,0.0,0.0,0.0
0.0,0.0,0.0,0.0,0.0,0.0
70.1,70.1,70.1,70.1,70.1,70.1
70.1,70.1,70.1,70.1,70.1,70.1
70.1,70.1,70.1,70.1,70.1,70.1
70.1,70.1,70.1,70.1,70.1,70.1
100.0,100.0,100.0,100.0,100.0,100.0
100.0,100.0,100.0,100.0,100.0,100.0
100.0,100.0,100.0,100.0,100.0,100.0
100.0,100.0,100.0,100.0,100.0,100.0
0.0,0.0,0.0,0.0,0.0,0.0
0.0,0.0,0.0,0.0,0.0,0.0
235.6,98.2,235.6,196.3,227.8,314.1
313.6,313.6,313.6,313.6,313.6,313.6
159.7,159.7,159.7,159.7,159.7,159.7
159.7,159.7,159.7,159.7,159.7,159.7
159.7,159.7,159.7,159.7,159.7,159.7
159.7,159.7,159.7,159.7,159.7,159.7
162.0,179.5,87.9,175.8,188.9,163.6
168.2,202.8,10.5,200.1,211.8,164.3
171.8,180.5,10.5,188.8,213.9,192.4
170.5,191.2,7.0,195.3,207.4,186.3
131.5,134.0,109.0,134.5,134.6,135.5
129.9,129.9,129.9,129.9,129.9,129.9
129.9,129.9,129.9,129.9,129.9,129.9
129.9,129.9,129.9,129.9,129.9,129.9
100.1,100.1,100.1,100.1,100.1,100.1
100.1,100.1,100.1,100.1,100.1,100.1
100.1,100.1,100.1,100.1,100.1,100.1
100.1,100.1,100.1,100.1,100.1,100.1
60.3,60.3,60.3,60.3,60.3,60.3
60.3,60.3,60.3,60.3,60.3,60.3
60.3,60.3,60.3,60.3,60.3,60.3
60.3,60.3,60.3,60.3,60.3,60.3
0.0,0.0,0.0,0.0,0.0,0.0
0.0,0.0,0.0,0.0,0.0,0.0
0.0,0.0,0.0,0.0,0.0,0.0
0.0,0.0,0.0,0.0,0.0,0.0
0.0,0.0,0.0,0.0,0.0,0.0
0.0,0.0,0.0,0.0,0.0,0.0
0.0,0.0,0.0,0.0,0.0,0.0
0.0,0.0,0.0,0.0,0.0,0.0
0.0,0.0,0.0,0.0,0.0,0.0
0.0,0.0,0.0,0.0,0.0,0.0
0.0,0.0,0.0,0.0,0.0,0.0
0.0,0.0,0.0,0.0,0.0,0.0
0.0,0.0,0.0,0.0,0.0,0.0
0.0,0.0,0.0,0.0,0.0,0.0
0.0,0.0,0.0,0.0,0.0,0.0
0.0,0.0,0.0,0.0,0.0,0.0
0.0,0.0,0.0,0.0,0.0,0.0
0.0,0.0,0.0,0.0,0.0,0.0
0.0,0.0,0.0,0.0,0.0,0.0
0.0,0.0,0.0,0.0,0.0,0.0
0.0,0.0,0.0,0.0,0.0,0.0
0.0,0.0,0.0,0.0,0.0,0.0
0.0,0.0,0.0,0.0,0.0,0.0
0.0,0.0,0.0,0.0,0.0,0.0
0.0,0.0,0.0,0.0,0.0,0.0
0.0,0.0,0.0,0.0,0.0,0.0
0.0,0.0,0.0,0.0,0.0,0.0
0.0,0.0,0.0,0.0,0.0,0.0
0.0,0.0,0.0,0.0,0.0,0.0
0.0,0.0,0.0,0.0,0.0,0.0
0.0,0.0,0.0,0.0,0.0,0.0
0.0,0.0,0.0,0.0,0.0,0.0
0.0,0.0,0.0,0.0,0.0,0.0
0.0,0.0,0.0,0.0,0.0,0.0
0.0,0.0,0.0,0.0,0.0,0.0
0.0,0.0,0.0,0.0,0.0,0.0
0.0,0.0,0.0,0.0,0.0,0.0
0.0,0.0,0.0,0.0,0.0,0.0
0.0,0.0,0.0,0.0,0.0,0.0
0.0,0.0,0.0,0.0,0.0,0.0
0.0,0.0,0.0,0.0,0.0,0.0
0.0,0.0,0.0,0.0,0.0,0.0
0.0,0.0,0.0,0.0,0.0,0.0
0.0,0.0,0.0,0.0,0.0,0.0
0.0,0.0,0.0,0.0,0.0,0.0
0.0,0.0,0.0,0.0,0.0,0.0
0.0,0.0,0.0,0.0,0.0,0.0
0.0,0.0,0.0,0.0,0.0,0.0
0.0,0.0,0.0,0.0,0.0,0.0
0.0,0.0,0.0,0.0,0.0,0.0
0.0,0.0,0.0,0.0,0.0,0.0
0.0,0.0,0.0,0.0,0.0,0.0
0.0,0.0,0.0,0.0,0.0,0.0
0.0,0.0,0.0,0.0,0.0,0.0
0.0,0.0,0.0,0.0,0.0,0.0
0.0,0.0,0.0,0.0,0.0,0.0
0.0,0.0,0.0,0.0,0.0,0.0
0.0,0.0,0.0,0.0,0.0,0.0
0.0,0.0,0.0,0.0,0.0,0.0
0.0,0.0,0.0,0.0,0.0,0.0
91.4,0.0,120.8,154.3,0.0,145.0
91.9,13.6,181.1,85.6,0.0,139.5
88.3,88.5,111.5,117.8,0.0,105.5
87.9,88.0,89.5,90.0,68.0,88.1
85.0,82.9,87.2,87.3,54.4,92.0
85.4,82.4,88.5,97.6,44.0,90.9
81.5,81.5,81.5,81.5,81.5,81.5
81.5,81.5,81.5,81.5,81.5,81.5
152.3,152.3,152.3,152.3,152.3,152.3
152.3,152.3,152.3,152.3,152.3,152.3
152.3,152.3,152.3,152.3,152.3,152.3
152.3,152.3,152.3,152.3,152.3,152.3
222.8,222.8,222.8,222.8,222.8,222.8
222.8,222.8,222.8,222.8,222.8,222.8
222.8,222.8,222.8,222.8,222.8,222.8
222.8,222.8,222.8,222.8,222.8,222.8
262.6,262.6,262.6,262.6,262.6,262.6
262.6,262.6,262.6,262.6,262.6,262.6
262.6,262.6,262.6,262.6,262.6,262.6
262.6,262.6,262.6,262.6,262.6,262.6
262.0,262.0,262.0,262.0,262.0,262.0
262.0,262.0,262.0,262.0,262.0,262.0
262.0,262.0,262.0,262.0,262.0,262.0
225.4,266.4,268.8,270.0,275.4,266.2
176.9,227.1,230.0,231.4,237.8,227.0
143.7,231.2,236.1,238.5,250.2,230.5
96.7,237.5,244.3,249.2,268.2,234.3
125.9,233.5,239.0,242.6,257.0,232.1
134.0,142.4,142.8,143.1,144.1,142.3
97.1,142.6,150.6,152.4,159.2,146.9
139.2,141.5,141.9,142.0,142.3,141.8
121.5,141.6,145.7,146.4,149.5,144.1
114.5,153.1,853.4,982.3,1507.2,587.7
205.1,206.2,972.8,1092.9,1661.4,731.7
173.5,176.9,917.4,1035.1,1568.8,666.5
126.6,169.3,891.2,459.3,754.7,618.4
119.9,160.2,415.5,314.5,539.5,603.1
0.0,0.0,0.0,0.0,0.0,312.3
0.0,0.0,0.0,0.0,0.0,312.3
0.0,0.0,0.0,0.0,0.0,57.7
0.0,0.0,0.0,0.0,0.0,0.0
49.2,20.5,49.2,41.0,47.6,65.6
66.8,27.8,66.8,55.7,64.6,89.1
42.2,17.6,42.2,35.2,40.8,56.3
0.0,0.0,523.9,0.0,0.0,0.0
0.0,0.0,551.5,625.3,0.0,0.0
0.0,0.0,549.3,1123.6,0.0,0.0
0.0,0.0,545.1,1424.2,1072.5,0.0
0.0,0.0,549.3,1404.9,1927.2,0.0
28.1,11.7,571.1,1329.9,2011.7,37.5
0.0,0.0,0.0,0.0,0.0,0.0
0.0,0.0,0.0,0.0,0.0,0.0
0.0,0.0,0.0,0.0,0.0,0.0
0.0,0.0,0.0,0.0,0.0,0.0
0.0,0.0,0.0,0.0,0.0,0.0
0.0,0.0,0.0,0.0,0.0,0.0
0.0,0.0,0.0,0.0,0.0,0.0
0.0,0.0,0.0,0.0,0.0,0.0
0.0,0.0,0.0,0.0,0.0,0.0
0.0,0.0,0.0,0.0,0.0,0.0
0.0,0.0,0.0,0.0,0.0,0.0
0.0,0.0,0.0,0.0,0.0,0.0
0.0,0.0,0.0,0.0,0.0,0.0
0.0,0.0,0.0,0.0,0.0,0.0
0.0,0.0,0.0,0.0,0.0,0.0
0.0,0.0,0.0,0.0,0.0,0.0
0.0,0.0,0.0,0.0,0.0,0.0
0.0,0.0,0.0,0.0,0.0,0.0
0.0,0.0,0.0,0.0,0.0,0.0
0.0,0.0,0.0,0.0,0.0,0.0
0.0,0.0,0.0,0.0,0.0,0.0
0.0,0.0,0.0,0.0,0.0,0.0
0.0,0.0,0.0,0.0,0.0,0.0
0.0,0.0,0.0,0.0,0.0,0.0
0.0,0.0,0.0,0.0,0.0,0.0
0.0,0.0,0.0,0.0,0.0,0.0
0.0,0.0,0.0,0.0,0.0,0.0
0.0,0.0,0.0,0.0,0.0,0.0
0.0,0.0,0.0,0.0,0.0,0.0
0.0,0.0,0.0,0.0,0.0,0.0
0.0,0.0,0.0,0.0,0.0,0.0
0.0,0.0,0.0,0.0,0.0,0.0
0.0,0.0,0.0,0.0,0.0,0.0
0.0,0.0,0.0,0.0,0.0,0.0
0.0,0.0,0.0,0.0,0.0,0.0
0.0,0.0,0.0,0.0,0.0,0.0
0.0,0.0,0.0,0.0,0.0,0.0
0.0,0.0,0.0,0.0,0.0,0.0
0.0,0.0,0.0,0.0,0.0,0.0
0.0,0.0,0.0,0.0,0.0,0.0
0.0,0.0,0.0,0.0,0.0,0.0
0.0,0.0,0.0,0.0,0.0,0.0
0.0,0.0,0.0,0.0,0.0,0.0
0.0,0.0,0.0,0.0,0.0,0.0
0.0,0.0,0.0,0.0,0.0,0.0
0.0,0.0,0.0,0.0,0.0,0.0
0.0,138.3,176.1,0.0,278.8,166.1
126.6,126.6,126.6,126.6,126.6,126.6
126.6,126.6,126.6,126.6,126.6,126.6
126.6,126.6,126.6,126.6,126.6,126.6
81.2,81.2,81.2,81.2,81.2,81.2
81.2,81.2,81.2,81.2,81.2,81.2
81.2,81.2,81.2,81.2,81.2,81.2
81.2,81.2,81.2,81.2,81.2,81.2
172.0,172.0,172.0,172.0,172.0,172.0
172.0,172.0,172.0,172.0,172.0,172.0
172.0,172.0,172.0,172.0,172.0,172.0
172.0,172.0,172.0,172.0,172.0,172.0
262.2,262.2,262.2,262.2,262.2,262.2
262.2,262.2,262.2,262.2,262.2,262.2
262.2,262.2,262.2,262.2,262.2,262.2
268.1,267.3,245.6,269.0,292.0,231.1
292.0,292.0,292.0,292.0,292.0,292.0
292.0,292.0,292.0,292.0,292.0,292.0
304.2,17.0,828.6,568.5,33.9,0.0
0.0,420.8,593.9,0.0,737.5,0.0
0.0,490.2,0.0,0.0,980.4,10.6
110.2,443.0,286.5,289.3,669.7,426.6
177.3,335.0,317.0,316.8,391.7,335.0
182.0,328.4,315.3,314.1,367.7,365.3
151.0,306.6,316.1,294.3,341.3,344.0
118.3,158.1,386.4,295.2,332.1,463.1
298.4,158.8,318.8,367.5,303.6,306.2
298.5,174.7,318.3,363.4,305.0,293.4
153.6,145.2,153.0,153.5,152.3,151.8
151.6,151.6,151.6,151.6,151.6,151.6
151.6,151.6,151.6,151.6,151.6,151.6
112.0,165.5,153.1,153.1,172.8,152.9
71.1,71.1,71.1,71.1,71.1,71.1
71.1,71.1,71.1,71.1,71.1,71.1
71.1,71.1,71.1,71.1,71.1,71.1
71.1,71.1,71.1,71.1,71.1,71.1
0.0,0.0,0.0,0.0,0.0,0.0
0.0,0.0,0.0,0.0,0.0,0.0
0.0,0.0,0.0,0.0,0.0,0.0
0.0,0.0,0.0,0.0,0.0,0.0
0.0,0.0,0.0,0.0,0.0,0.0
0.0,0.0,0.0,0.0,0.0,0.0
0.0,0.0,0.0,0.0,0.0,0.0
0.0,0.0,0.0,0.0,0.0,0.0
0.0,0.0,0.0,0.0,0.0,0.0
0.0,0.0,0.0,0.0,0.0,0.0
0.0,0.0,0.0,0.0,0.0,0.0
0.0,0.0,0.0,0.0,0.0,0.0
0.0,0.0,0.0,0.0,0.0,0.0
0.0,0.0,0.0,0.0,0.0,0.0
0.0,0.0,0.0,0.0,0.0,0.0
0.0,0.0,0.0,0.0,0.0,0.0
0.0,0.0,0.0,0.0,0.0,0.0
0.0,0.0,0.0,0.0,0.0,0.0
0.0,0.0,0.0,0.0,0.0,0.0
0.0,0.0,0.0,0.0,0.0,0.0
0.0,0.0,0.0,0.0,0.0,0.0
0.0,0.0,0.0,0.0,0.0,0.0
0.0,0.0,0.0,0.0,0.0,0.0
0.0,0.0,0.0,0.0,0.0,0.0
0.0,0.0,0.0,0.0,0.0,0.0
0.0,0.0,0.0,0.0,0.0,0.0
0.0,0.0,0.0,0.0,0.0,0.0
0.0,0.0,0.0,0.0,0.0,0.0
0.0,0.0,0.0,0.0,0.0,0.0
0.0,0.0,0.0,0.0,0.0,0.0
0.0,0.0,0.0,0.0,0.0,0.0
0.0,0.0,0.0,0.0,0.0,0.0
0.0,0.0,0.0,0.0,0.0,0.0
0.0,0.0,0.0,0.0,0.0,0.0
0.0,0.0,0.0,0.0,0.0,0.0
0.0,0.0,0.0,0.0,0.0,0.0
0.0,0.0,0.0,0.0,0.0,0.0
0.0,0.0,0.0,0.0,0.0,0.0
0.0,0.0,0.0,0.0,0.0,0.0
0.0,0.0,0.0,0.0,0.0,0.0
0.0,0.0,0.0,0.0,0.0,0.0
0.0,0.0,0.0,0.0,0.0,0.0
0.0,0.0,0.0,0.0,0.0,0.0
0.0,0.0,0.0,0.0,0.0,0.0
0.0,0.0,0.0,0.0,0.0,0.0
0.0,0.0,0.0,0.0,0.0,0.0
0.0,0.0,0.0,0.0,0.0,0.0
0.0,0.0,0.0,0.0,0.0,0.0
0.0,0.0,0.0,0.0,0.0,0.0
0.0,0.0,0.0,0.0,0.0,0.0
0.0,0.0,0.0,0.0,0.0,0.0
0.0,0.0,0.0,0.0,0.0,0.0
0.0,0.0,0.0,0.0,0.0,0.0
0.0,0.0,0.0,0.0,0.0,0.0
0.0,0.0,0.0,0.0,0.0,0.0
0.0,0.0,0.0,0.0,0.0,0.0
0.0,0.0,0.0,0.0,0.0,0.0
0.0,0.0,0.0,0.0,0.0,0.0
0.0,0.0,0.0,0.0,0.0,0.0
0.0,0.0,0.0,0.0,0.0,0.0
20.4,20.4,20.4,20.4,20.4,20.4
20.4,20.4,20.4,20.4,20.4,20.4
20.4,20.4,20.4,20.4,20.4,20.4
20.4,20.4,20.4,20.4,20.4,20.4
81.5,81.5,81.5,81.5,81.5,81.5
81.5,81.5,81.5,81.5,81.5,81.5
81.5,81.5,81.5,81.5,81.5,81.5
81.5,81.5,81.5,81.5,81.5,81.5
142.3,142.3,142.3,142.3,142.3,142.3
142.3,142.3,142.3,142.3,142.3,142.3
142.3,142.3,142.3,142.3,142.3,142.3
142.3,142.3,142.3,142.3,142.3,142.3
212.8,212.8,212.8,212.8,212.8,212.8
212.8,212.8,212.8,212.8,212.8,212.8
212.8,212.8,212.8,212.8,212.8,212.8
212.8,212.8,212.8,212.8,212.8,212.8
283.2,283.2,283.2,283.2,283.2,283.2
0.0,494.0,611.4,0.0,0.0,594.0
0.0,478.8,612.0,0.0,0.0,608.6
28.1,433.0,598.2,23.4,27.2,589.5
293.1,293.1,293.1,293.1,293.1,293.1
293.1,293.1,293.1,293.1,293.1,293.1
293.1,293.1,293.1,293.1,293.1,293.1
293.1,293.1,293.1,293.1,293.1,293.1
232.6,232.6,232.6,232.6,232.6,232.6
232.6,232.6,232.6,232.6,232.6,232.6
232.6,232.6,232.6,232.6,232.6,232.6
232.6,232.6,232.6,232.6,232.6,232.6
172.3,172.3,172.3,172.3,172.3,172.3
172.3,172.3,172.3,172.3,172.3,172.3
172.3,172.3,172.3,172.3,172.3,172.3
172.3,172.3,172.3,172.3,172.3,172.3
111.8,111.8,111.8,111.8,111.8,111.8
111.8,111.8,111.8,111.8,111.8,111.8
119.0,123.4,125.9,49.8,138.0,115.0
116.2,118.3,120.0,73.3,126.6,116.7
0.0,0.0,0.0,0.0,0.0,0.0
0.0,0.0,0.0,0.0,0.0,0.0
0.0,0.0,0.0,0.0,0.0,0.0
0.0,0.0,0.0,0.0,0.0,0.0
0.0,0.0,0.0,0.0,0.0,0.0
0.0,0.0,0.0,0.0,0.0,0.0
0.0,0.0,0.0,0.0,0.0,0.0
0.0,0.0,0.0,0.0,0.0,0.0
0.0,0.0,0.0,0.0,0.0,0.0
0.0,0.0,0.0,0.0,0.0,0.0
0.0,0.0,0.0,0.0,0.0,0.0
0.0,0.0,0.0,0.0,0.0,0.0
0.0,0.0,0.0,0.0,0.0,0.0
0.0,0.0,0.0,0.0,0.0,0.0
0.0,0.0,0.0,0.0,0.0,0.0
0.0,0.0,0.0,0.0,0.0,0.0
0.0,0.0,0.0,0.0,0.0,0.0
0.0,0.0,0.0,0.0,0.0,0.0
0.0,0.0,0.0,0.0,0.0,0.0
0.0,0.0,0.0,0.0,0.0,0.0
0.0,0.0,0.0,0.0,0.0,0.0
0.0,0.0,0.0,0.0,0.0,0.0
0.0,0.0,0.0,0.0,0.0,0.0
0.0,0.0,0.0,0.0,0.0,0.0
0.0,0.0,0.0,0.0,0.0,0.0
0.0,0.0,0.0,0.0,0.0,0.0
0.0,0.0,0.0,0.0,0.0,0.0
0.0,0.0,0.0,0.0,0.0,0.0
0.0,0.0,0.0,0.0,0.0,0.0
0.0,0.0,0.0,0.0,0.0,0.0
0.0,0.0,0.0,0.0,0.0,0.0
0.0,0.0,0.0,0.0,0.0,0.0
0.0,0.0,0.0,0.0,0.0,0.0
0.0,0.0,0.0,0.0,0.0,0.0
0.0,0.0,0.0,0.0,0.0,0.0
0.0,0.0,0.0,0.0,0.0,0.0
0.0,0.0,0.0,0.0,0.0,0.0
0.0,0.0,0.0,0.0,0.0,0.0
0.0,0.0,0.0,0.0,0.0,0.0
0.0,0.0,0.0,0.0,0.0,0.0
0.0,0.0,0.0,0.0,0.0,0.0
0.0,0.0,0.0,0.0,0.0,0.0
0.0,0.0,0.0,0.0,0.0,0.0
0.0,0.0,0.0,0.0,0.0,0.0
0.0,0.0,0.0,0.0,0.0,0.0
0.0,0.0,0.0,0.0,0.0,0.0
0.0,0.0,0.0,0.0,0.0,0.0
0.0,0.0,0.0,0.0,0.0,0.0
0.0,0.0,0.0,0.0,0.0,0.0
0.0,0.0,0.0,0.0,0.0,0.0
0.0,0.0,0.0,0.0,0.0,0.0
0.0,0.0,0.0,0.0,0.0,0.0
0.0,0.0,0.0,0.0,0.0,0.0
0.0,0.0,0.0,0.0,0.0,0.0
0.0,0.0,0.0,0.0,0.0,0.0
0.0,0.0,0.0,0.0,0.0,0.0
0.0,0.0,0.0,0.0,0.0,0.0
0.0,0.0,0.0,0.0,0.0,0.0
0.0,0.0,0.0,0.0,0.0,0.0
0.0,0.0,0.0,0.0,0.0,0.0
31.0,31.0,31.0,31.0,31.0,31.0
31.0,31.0,31.0,31.0,31.0,31.0
31.0,31.0,31.0,31.0,31.0,31.0
31.0,31.0,31.0,31.0,31.0,31.0
164.3,164.3,164.3,164.3,164.3,164.3
164.3,164.3,164.3,164.3,164.3,164.3
164.3,164.3,164.3,164.3,164.3,164.3
164.3,164.3,164.3,164.3,164.3,164.3
275.5,275.5,275.5,275.5,275.5,275.5
275.5,275.5,275.5,275.5,275.5,275.5
275.5,275.5,275.5,275.5,275.5,275.5
275.5,275.5,275.5,275.5,275.5,275.5
335.2,335.2,335.2,335.2,335.2,335.2
335.2,335.2,335.2,335.2,335.2,335.2
335.2,335.2,335.2,335.2,335.2,335.2
335.2,335.2,335.2,335.2,335.2,335.2
385.3,385.3,385.3,385.3,385.3,385.3
385.3,385.3,385.3,385.3,385.3,385.3
385.3,385.3,385.3,385.3,385.3,385.3
385.3,385.3,385.3,385.3,385.3,385.3
354.8,354.8,354.8,354.8,354.8,354.8
354.8,354.8,354.8,354.8,354.8,354.8
354.8,354.8,354.8,354.8,354.8,354.8
354.8,354.8,354.8,354.8,354.8,354.8
314.5,314.5,314.5,314.5,314.5,314.5
314.5,314.5,314.5,314.5,314.5,314.5
314.5,314.5,314.5,314.5,314.5,314.5
314.5,314.5,314.5,314.5,314.5,314.5
213.7,213.7,213.7,213.7,213.7,213.7
213.7,213.7,213.7,213.7,213.7,213.7
213.7,213.7,213.7,213.7,213.7,213.7
213.7,213.7,213.7,213.7,213.7,213.7
92.1,92.1,92.1,92.1,92.1,92.1
92.1,92.1,92.1,92.1,92.1,92.1
92.1,92.1,92.1,92.1,92.1,92.1
92.1,92.1,92.1,92.1,92.1,92.1
0.0,0.0,0.0,0.0,0.0,0.0
0.0,0.0,0.0,0.0,0.0,0.0
0.0,0.0,0.0,0.0,0.0,0.0
0.0,0.0,0.0,0.0,0.0,0.0
0.0,0.0,0.0,0.0,0.0,0.0
0.0,0.0,0.0,0.0,0.0,0.0
0.0,0.0,0.0,0.0,0.0,0.0
0.0,0.0,0.0,0.0,0.0,0.0
0.0,0.0,0.0,0.0,0.0,0.0
0.0,0.0,0.0,0.0,0.0,0.0
0.0,0.0,0.0,0.0,0.0,0.0
0.0,0.0,0.0,0.0,0.0,0.0
0.0,0.0,0.0,0.0,0.0,0.0
0.0,0.0,0.0,0.0,0.0,0.0
0.0,0.0,0.0,0.0,0.0,0.0
0.0,0.0,0.0,0.0,0.0,0.0
0.0,0.0,0.0,0.0,0.0,0.0
0.0,0.0,0.0,0.0,0.0,0.0
0.0,0.0,0.0,0.0,0.0,0.0
0.0,0.0,0.0,0.0,0.0,0.0
0.0,0.0,0.0,0.0,0.0,0.0
0.0,0.0,0.0,0.0,0.0,0.0
0.0,0.0,0.0,0.0,0.0,0.0
0.0,0.0,0.0,0.0,0.0,0.0
0.0,0.0,0.0,0.0,0.0,0.0
0.0,0.0,0.0,0.0,0.0,0.0
0.0,0.0,0.0,0.0,0.0,0.0
0.0,0.0,0.0,0.0,0.0,0.0
0.0,0.0,0.0,0.0,0.0,0.0
0.0,0.0,0.0,0.0,0.0,0.0
0.0,0.0,0.0,0.0,0.0,0.0
0.0,0.0,0.0,0.0,0.0,0.0
0.0,0.0,0.0,0.0,0.0,0.0
0.0,0.0,0.0,0.0,0.0,0.0
0.0,0.0,0.0,0.0,0.0,0.0
0.0,0.0,0.0,0.0,0.0,0.0
0.0,0.0,0.0,0.0,0.0,0.0
0.0,0.0,0.0,0.0,0.0,0.0
0.0,0.0,0.0,0.0,0.0,0.0
0.0,0.0,0.0,0.0,0.0,0.0
0.0,0.0,0.0,0.0,0.0,0.0
0.0,0.0,0.0,0.0,0.0,0.0
0.0,0.0,0.0,0.0,0.0,0.0
0.0,0.0,0.0,0.0,0.0,0.0
0.0,0.0,0.0,0.0,0.0,0.0
0.0,0.0,0.0,0.0,0.0,0.0
0.0,0.0,0.0,0.0,0.0,0.0
0.0,0.0,0.0,0.0,0.0,0.0
0.0,0.0,0.0,0.0,0.0,0.0
0.0,0.0,0.0,0.0,0.0,0.0
0.0,0.0,0.0,0.0,0.0,0.0
0.0,0.0,0.0,0.0,0.0,0.0
0.0,0.0,0.0,0.0,0.0,0.0
0.0,0.0,0.0,0.0,0.0,0.0
0.0,0.0,0.0,0.0,0.0,0.0
0.0,0.0,0.0,0.0,0.0,0.0
0.0,0.0,0.0,0.0,0.0,0.0
0.0,0.0,0.0,0.0,0.0,0.0
0.0,0.0,0.0,0.0,0.0,0.0
0.0,0.0,0.0,0.0,0.0,0.0
51.6,51.6,51.6,51.6,51.6,51.6
51.6,51.6,51.6,51.6,51.6,51.6
95.0,73.6,76.5,0.0,0.0,64.7
102.6,70.8,73.7,0.0,0.0,62.8
267.1,267.1,267.1,267.1,267.1,267.1
267.1,267.1,267.1,267.1,267.1,267.1
267.1,267.1,267.1,267.1,267.1,267.1
267.1,267.1,267.1,267.1,267.1,267.1
401.5,374.6,572.9,580.3,820.4,557.5
108.8,592.4,582.3,596.7,873.3,553.7
199.3,578.1,666.8,590.7,707.7,564.5
356.7,560.4,600.2,570.8,662.2,557.0
430.2,837.2,576.8,966.6,3236.7,578.9
468.6,985.0,418.5,1099.1,2958.5,696.6
421.6,1006.1,296.5,976.0,2951.2,550.0
417.1,581.3,290.8,1874.4,2395.9,1449.1
476.7,816.3,1785.1,2499.4,2898.9,1701.4
413.4,483.4,1477.8,2119.3,1459.1,1349.5
307.5,0.0,762.8,666.2,984.2,0.0
307.5,0.0,833.9,596.2,984.2,0.0
339.2,13.2,636.2,26.4,1014.7,42.2
376.7,29.3,70.3,58.6,1048.4,93.8
336.8,13.2,31.6,26.4,1007.2,42.2
436.5,178.7,347.4,1025.0,1570.7,955.3
506.2,314.4,611.2,617.1,1925.7,3235.8
166.2,222.2,432.1,436.2,748.2,3268.9
207.5,277.4,539.3,544.5,933.9,3104.0
119.8,160.1,311.3,314.2,539.0,2189.1
132.4,177.0,344.2,347.4,595.9,2299.9
0.0,0.0,0.0,0.0,0.0,315.8
3.5,1.5,3.5,277.7,3.4,322.8
73.8,30.8,73.8,764.1,71.4,355.3
59.8,24.9,59.8,747.2,57.8,79.7
0.0,0.0,0.0,707.7,0.0,0.0
0.0,0.0,0.0,707.7,0.0,0.0
124.9,199.8,0.0,694.8,0.0,0.0
319.3,510.9,0.0,699.9,0.0,0.0
317.0,507.2,0.0,565.1,0.0,0.0
321.7,514.7,0.0,0.0,0.0,0.0
321.7,514.7,224.8,0.0,399.7,0.0
315.8,505.3,574.8,0.0,1021.9,0.0
356.8,525.2,609.2,32.2,1051.7,51.6
327.2,440.3,649.4,58.6,1097.4,93.8
31.6,13.2,610.7,26.4,1060.0,42.2
0.0,0.0,568.4,0.0,1010.5,0.0
861.5,818.0,891.9,633.0,941.2,854.4
872.4,790.1,903.7,603.7,970.4,859.7
407.2,535.0,98.5,664.8,95.2,674.4
308.7,494.0,0.0,594.5,0.0,554.2
877.3,747.7,590.8,1028.8,571.1,1184.4
833.3,833.3,833.3,833.3,833.3,833.3
841.2,775.0,840.7,843.4,849.2,850.5
861.1,549.5,861.1,888.2,917.0,923.2
175.8,73.3,175.8,795.0,1295.5,838.9
45.7,19.0,45.7,389.5,604.0,383.1
0.0,0.0,0.0,0.0,0.0,0.0
0.0,0.0,0.0,0.0,0.0,0.0
0.0,0.0,0.0,0.0,0.0,0.0
0.0,0.0,0.0,0.0,0.0,0.0
0.0,0.0,0.0,0.0,0.0,0.0
0.0,0.0,0.0,0.0,0.0,0.0
0.0,0.0,0.0,0.0,0.0,0.0
0.0,0.0,0.0,0.0,0.0,0.0
0.0,0.0,0.0,0.0,0.0,0.0
0.0,0.0,0.0,0.0,0.0,0.0
0.0,0.0,0.0,0.0,0.0,0.0
0.0,0.0,0.0,0.0,0.0,0.0
0.0,0.0,0.0,0.0,0.0,0.0
0.0,0.0,0.0,0.0,0.0,0.0
0.0,0.0,0.0,0.0,0.0,0.0
0.0,0.0,0.0,0.0,0.0,0.0
0.0,0.0,0.0,0.0,0.0,0.0
0.0,0.0,0.0,0.0,0.0,0.0
0.0,0.0,0.0,0.0,0.0,0.0
0.0,0.0,0.0,0.0,0.0,0.0
0.0,0.0,0.0,0.0,0.0,0.0
0.0,0.0,0.0,0.0,0.0,0.0
0.0,0.0,0.0,0.0,0.0,0.0
0.0,0.0,0.0,0.0,0.0,0.0
0.0,0.0,0.0,0.0,0.0,0.0
0.0,0.0,0.0,0.0,0.0,0.0
0.0,0.0,0.0,0.0,0.0,0.0
0.0,0.0,0.0,0.0,0.0,0.0
0.0,0.0,0.0,0.0,0.0,0.0
0.0,0.0,0.0,0.0,0.0,0.0
0.0,0.0,0.0,0.0,0.0,0.0
0.0,0.0,0.0,0.0,0.0,0.0
0.0,0.0,0.0,0.0,0.0,0.0
0.0,0.0,0.0,0.0,0.0,0.0
0.0,0.0,0.0,0.0,0.0,0.0
0.0,0.0,0.0,0.0,0.0,0.0
0.0,0.0,0.0,0.0,0.0,0.0
0.0,0.0,0.0,0.0,0.0,0.0
0.0,0.0,0.0,0.0,0.0,0.0
0.0,0.0,0.0,0.0,0.0,0.0
0.0,0.0,0.0,0.0,0.0,0.0
62.1,62.1,62.1,62.1,62.1,62.1
62.1,62.1,62.1,62.1,62.1,62.1
62.1,62.1,62.1,62.1,62.1,62.1
62.1,62.1,62.1,62.1,62.1,62.1
346.3,237.8,347.7,374.4,392.4,341.2
345.1,148.6,242.8,518.4,556.5,228.4
341.8,355.1,274.5,437.9,372.3,258.3
346.5,213.0,340.4,379.0,433.2,327.7
554.3,619.3,243.8,891.6,1524.0,229.4
552.7,515.9,52.7,44.0,2826.8,70.3
390.5,512.4,66.8,55.7,2947.9,89.1
255.1,490.0,17.6,14.7,982.3,23.4
318.5,158.4,35.3,0.0,316.7,79.4
316.3,0.0,529.1,0.0,0.0,1190.5
607.8,0.0,1623.5,0.0,0.0,1996.3
312.5,0.0,896.1,0.0,0.0,109.9
274.6,234.7,1361.7,1059.3,4074.5,1628.3
311.6,663.5,1780.6,1607.1,2531.3,1805.5
232.5,825.5,1758.4,1521.8,2734.8,654.2
192.6,759.2,3398.0,1704.4,2821.0,3886.3
73.8,547.4,707.2,872.7,71.4,220.6
56.3,540.0,637.4,996.9,54.4,787.3
0.0,84.8,581.2,903.1,2744.5,1057.5
0.0,0.0,95.4,595.0,1354.0,1171.4
0.0,0.0,0.0,552.8,1563.8,1464.0
0.0,0.0,0.0,699.5,2100.0,1079.0
0.0,0.0,0.0,853.3,1391.4,938.5
0.0,0.0,0.0,861.0,1629.6,841.8
0.0,0.0,0.0,817.0,2043.1,554.6
0.0,0.0,0.0,886.5,2050.0,515.3
266.8,16.1,38.7,831.2,2015.0,703.5
371.2,334.2,70.3,58.6,2301.0,889.2
410.8,428.5,63.3,392.3,2558.1,886.9
466.6,464.4,0.0,707.7,1646.5,761.5
309.2,623.7,1184.9,707.7,1401.3,826.3
517.3,620.7,1185.3,1117.5,2219.1,1124.2
154.4,0.0,0.0,710.3,0.0,0.0
321.7,0.0,0.0,116.7,0.0,0.0
321.7,0.0,0.0,0.0,0.0,0.0
322.9,0.0,0.0,0.0,0.0,0.0
322.9,0.0,154.8,0.0,275.3,0.0
53.0,0.0,551.5,0.0,2010.8,0.0
59.8,24.9,613.4,49.8,4073.4,79.7
66.8,27.8,624.6,55.7,4135.9,89.1
14.1,5.9,576.1,11.7,3921.0,18.8
359.4,581.3,1128.3,342.2,2269.7,319.0
830.6,209.9,1034.9,412.0,2128.7,384.0
859.9,0.0,0.0,0.0,3623.7,0.0
641.9,0.0,0.0,0.0,2518.6,559.9
0.0,0.0,0.0,0.0,0.0,0.0
0.0,0.0,0.0,0.0,0.0,0.0
0.0,0.0,0.0,0.0,0.0,0.0
0.0,0.0,0.0,0.0,0.0,0.0
0.0,0.0,0.0,0.0,0.0,0.0
0.0,0.0,0.0,0.0,0.0,0.0
0.0,0.0,0.0,0.0,0.0,0.0
0.0,0.0,0.0,0.0,0.0,0.0
0.0,0.0,0.0,0.0,0.0,0.0
0.0,0.0,0.0,0.0,0.0,0.0
0.0,0.0,0.0,0.0,0.0,0.0
0.0,0.0,0.0,0.0,0.0,0.0
0.0,0.0,0.0,0.0,0.0,0.0
0.0,0.0,0.0,0.0,0.0,0.0
0.0,0.0,0.0,0.0,0.0,0.0
0.0,0.0,0.0,0.0,0.0,0.0
0.0,0.0,0.0,0.0,0.0,0.0
0.0,0.0,0.0,0.0,0.0,0.0
0.0,0.0,0.0,0.0,0.0,0.0
0.0,0.0,0.0,0.0,0.0,0.0
0.0,0.0,0.0,0.0,0.0,0.0
0.0,0.0,0.0,0.0,0.0,0.0
0.0,0.0,0.0,0.0,0.0,0.0
0.0,0.0,0.0,0.0,0.0,0.0
0.0,0.0,0.0,0.0,0.0,0.0
0.0,0.0,0.0,0.0,0.0,0.0
0.0,0.0,0.0,0.0,0.0,0.0
0.0,0.0,0.0,0.0,0.0,0.0
0.0,0.0,0.0,0.0,0.0,0.0
0.0,0.0,0.0,0.0,0.0,0.0
0.0,0.0,0.0,0.0,0.0,0.0
0.0,0.0,0.0,0.0,0.0,0.0
0.0,0.0,0.0,0.0,0.0,0.0
0.0,0.0,0.0,0.0,0.0,0.0
0.0,0.0,0.0,0.0,0.0,0.0
0.0,0.0,0.0,0.0,0.0,0.0
0.0,0.0,0.0,0.0,0.0,0.0
0.0,0.0,0.0,0.0,0.0,0.0
0.0,0.0,0.0,0.0,0.0,0.0
0.0,0.0,0.0,0.0,0.0,0.0
0.0,0.0,0.0,0.0,0.0,0.0
0.0,0.0,0.0,0.0,0.0,0.0
0.0,0.0,0.0,0.0,0.0,0.0
0.0,0.0,0.0,0.0,0.0,0.0
0.0,0.0,0.0,0.0,0.0,0.0
0.0,0.0,0.0,0.0,0.0,0.0
0.0,0.0,0.0,0.0,0.0,0.0
120.5,31.3,165.7,11.7,86.6,18.8
74.9,74.6,75.6,58.6,78.3,72.6
72.4,72.4,72.4,72.4,72.4,72.4
72.4,72.4,72.4,72.4,72.4,72.4
419.7,158.0,433.1,456.7,601.1,462.4
423.0,215.5,435.2,464.5,517.5,475.3
421.8,421.8,421.8,421.8,421.8,421.8
421.8,421.8,421.8,421.8,421.8,421.8
447.6,190.3,863.5,1011.4,1805.4,771.5
422.0,153.0,849.3,1317.2,1293.8,1054.3
631.1,437.2,804.8,1225.8,1000.7,990.2
845.0,710.4,855.8,986.9,1024.2,667.5
1297.5,1308.9,960.0,1453.1,1636.0,723.5
370.8,26.4,623.2,729.4,1064.2,390.8
305.2,0.0,600.6,674.0,987.9,308.7
2027.1,785.8,2625.6,2096.2,2431.8,2412.5
409.5,561.0,1421.9,777.1,1082.7,451.8
352.1,537.1,648.0,735.8,1020.4,379.1
305.2,509.0,602.4,689.6,995.5,308.7
307.5,501.5,593.9,679.2,995.5,354.0
1066.5,501.5,1105.6,671.4,984.2,612.8
1120.0,1505.9,1508.7,676.6,976.6,2727.7
1634.3,1584.4,586.7,732.8,2168.6,459.9
1866.0,2250.7,640.2,1017.3,3683.8,519.4
1044.6,2416.6,616.3,2753.4,4865.9,484.5
1116.2,1677.0,1096.5,1312.8,1995.3,3791.5
1047.5,1580.3,1129.7,1333.6,2040.1,5050.0
973.9,1434.7,1768.6,1321.6,2046.4,3492.0
750.0,1075.9,1786.7,1285.5,1990.2,789.5
1304.9,1377.7,1453.7,1490.0,1495.8,1440.7
815.7,815.7,815.7,815.7,815.7,815.7
815.7,815.7,815.7,815.7,815.7,815.7
380.8,380.8,380.8,380.8,380.8,380.8
380.8,380.8,380.8,380.8,380.8,380.8
380.8,380.8,380.8,380.8,380.8,380.8
380.8,380.8,380.8,380.8,380.8,380.8
51.8,51.8,51.8,51.8,51.8,51.8
11.1,67.2,13.3,73.4,84.7,61.2
7.0,69.2,28.7,75.9,68.0,61.9
35.2,62.2,54.4,66.5,34.0,58.6
0.0,0.0,0.0,0.0,0.0,0.0
0.0,0.0,0.0,0.0,0.0,0.0
0.0,0.0,0.0,0.0,0.0,0.0
0.0,0.0,0.0,0.0,0.0,0.0
0.0,0.0,0.0,0.0,0.0,0.0
0.0,0.0,0.0,0.0,0.0,0.0
0.0,0.0,0.0,0.0,0.0,0.0
0.0,0.0,0.0,0.0,0.0,0.0
0.0,0.0,0.0,0.0,0.0,0.0
0.0,0.0,0.0,0.0,0.0,0.0
0.0,0.0,0.0,0.0,0.0,0.0
0.0,0.0,0.0,0.0,0.0,0.0
0.0,0.0,0.0,0.0,0.0,0.0
0.0,0.0,0.0,0.0,0.0,0.0
0.0,0.0,0.0,0.0,0.0,0.0
0.0,0.0,0.0,0.0,0.0,0.0
0.0,0.0,0.0,0.0,0.0,0.0
0.0,0.0,0.0,0.0,0.0,0.0
0.0,0.0,0.0,0.0,0.0,0.0
0.0,0.0,0.0,0.0,0.0,0.0
0.0,0.0,0.0,0.0,0.0,0.0
0.0,0.0,0.0,0.0,0.0,0.0
0.0,0.0,0.0,0.0,0.0,0.0
0.0,0.0,0.0,0.0,0.0,0.0
0.0,0.0,0.0,0.0,0.0,0.0
0.0,0.0,0.0,0.0,0.0,0.0
0.0,0.0,0.0,0.0,0.0,0.0
0.0,0.0,0.0,0.0,0.0,0.0
0.0,0.0,0.0,0.0,0.0,0.0
0.0,0.0,0.0,0.0,0.0,0.0
0.0,0.0,0.0,0.0,0.0,0.0
0.0,0.0,0.0,0.0,0.0,0.0
0.0,0.0,0.0,0.0,0.0,0.0
0.0,0.0,0.0,0.0,0.0,0.0
0.0,0.0,0.0,0.0,0.0,0.0
0.0,0.0,0.0,0.0,0.0,0.0
0.0,0.0,0.0,0.0,0.0,0.0
0.0,0.0,0.0,0.0,0.0,0.0
0.0,0.0,0.0,0.0,0.0,0.0
0.0,0.0,0.0,0.0,0.0,0.0
0.0,0.0,0.0,0.0,0.0,0.0
0.0,0.0,0.0,0.0,0.0,0.0
0.0,0.0,0.0,0.0,0.0,0.0
0.0,0.0,0.0,0.0,0.0,0.0
0.0,0.0,0.0,0.0,0.0,0.0
0.0,0.0,0.0,0.0,0.0,0.0
0.0,0.0,0.0,0.0,0.0,0.0
0.0,0.0,0.0,0.0,0.0,0.0
0.0,0.0,0.0,0.0,0.0,0.0
0.0,0.0,0.0,0.0,0.0,0.0
0.0,0.0,0.0,0.0,0.0,0.0
0.0,0.0,0.0,0.0,0.0,0.0
0.0,0.0,0.0,0.0,0.0,0.0
0.0,0.0,0.0,0.0,0.0,0.0
0.0,0.0,0.0,0.0,0.0,0.0
0.0,0.0,0.0,0.0,0.0,0.0
308.7,715.2,0.0,544.2,996.0,0.0
427.5,436.0,350.3,461.6,459.6,429.0
427.3,427.3,427.3,427.3,427.3,427.3
427.3,427.3,427.3,427.3,427.3,427.3
113.0,113.0,113.0,113.0,113.0,113.0
113.0,113.0,113.0,113.0,113.0,113.0
113.0,113.0,113.0,113.0,113.0,113.0
113.0,113.0,113.0,113.0,113.0,113.0
183.8,183.8,183.8,183.8,183.8,183.8
183.8,183.8,183.8,183.8,183.8,183.8
183.8,183.8,183.8,183.8,183.8,183.8
183.8,183.8,183.8,183.8,183.8,183.8
244.5,244.2,240.1,244.5,244.9,245.3
243.9,243.9,243.9,243.9,243.9,243.9
243.9,243.9,243.9,243.9,243.9,243.9
243.9,243.9,243.9,243.9,243.9,243.9
283.5,283.5,283.5,283.5,283.5,283.5
283.5,283.5,283.5,283.5,283.5,283.5
283.5,283.5,283.5,283.5,283.5,283.5
283.5,283.5,283.5,283.5,283.5,283.5
422.9,642.7,836.7,280.9,1479.5,574.9
271.9,647.5,841.8,286.7,1490.9,583.0
123.5,425.3,885.2,324.0,1551.3,614.3
96.8,129.4,815.8,254.0,1446.3,550.2
128.6,171.9,896.4,337.5,1578.1,477.2
121.5,162.4,877.8,318.7,1549.7,297.1
94.4,126.2,809.5,247.7,945.2,230.9
209.1,279.5,1107.7,548.6,941.1,511.4
121.1,161.9,879.0,317.8,545.2,296.3
63.3,26.4,625.4,52.7,61.2,84.4
66.8,27.8,628.9,55.7,980.9,89.1
35.2,14.7,597.2,29.3,1052.1,46.9
0.0,0.0,559.9,0.0,1006.8,0.0
0.0,0.0,568.4,0.0,999.2,0.0
286.3,0.0,562.1,0.0,991.7,0.0
318.2,0.0,564.2,0.0,901.2,0.0
314.6,0.0,0.0,0.0,0.0,286.3
312.3,0.0,0.0,629.9,0.0,318.2
309.9,458.1,808.1,699.9,0.0,314.6
281.6,509.0,572.7,692.2,0.0,312.3
0.0,503.4,566.3,687.0,0.0,309.9
70.3,528.9,632.4,740.4,1223.2,375.4
63.3,522.2,664.5,2213.5,1334.5,84.4
154.1,450.6,1461.1,1560.6,1373.7,0.0
222.5,0.0,1311.3,1844.8,1621.4,0.0
471.0,343.1,1123.3,740.3,2265.6,0.0
286.2,740.2,317.5,432.9,1191.6,627.8
262.7,881.4,604.5,673.5,1236.7,1224.5
420.8,953.0,616.6,829.2,1189.8,990.6
207.1,207.1,207.1,207.1,207.1,207.1
0.0,0.0,0.0,0.0,0.0,0.0
0.0,0.0,0.0,0.0,0.0,0.0
0.0,0.0,0.0,0.0,0.0,0.0
0.0,0.0,0.0,0.0,0.0,0.0
0.0,0.0,0.0,0.0,0.0,0.0
0.0,0.0,0.0,0.0,0.0,0.0
0.0,0.0,0.0,0.0,0.0,0.0
0.0,0.0,0.0,0.0,0.0,0.0
0.0,0.0,0.0,0.0,0.0,0.0
0.0,0.0,0.0,0.0,0.0,0.0
0.0,0.0,0.0,0.0,0.0,0.0
0.0,0.0,0.0,0.0,0.0,0.0
0.0,0.0,0.0,0.0,0.0,0.0
0.0,0.0,0.0,0.0,0.0,0.0
0.0,0.0,0.0,0.0,0.0,0.0
0.0,0.0,0.0,0.0,0.0,0.0
0.0,0.0,0.0,0.0,0.0,0.0
0.0,0.0,0.0,0.0,0.0,0.0
0.0,0.0,0.0,0.0,0.0,0.0
0.0,0.0,0.0,0.0,0.0,0.0
0.0,0.0,0.0,0.0,0.0,0.0
0.0,0.0,0.0,0.0,0.0,0.0
0.0,0.0,0.0,0.0,0.0,0.0
0.0,0.0,0.0,0.0,0.0,0.0
0.0,0.0,0.0,0.0,0.0,0.0
0.0,0.0,0.0,0.0,0.0,0.0
0.0,0.0,0.0,0.0,0.0,0.0
0.0,0.0,0.0,0.0,0.0,0.0
0.0,0.0,0.0,0.0,0.0,0.0
0.0,0.0,0.0,0.0,0.0,0.0
0.0,0.0,0.0,0.0,0.0,0.0
0.0,0.0,0.0,0.0,0.0,0.0
0.0,0.0,0.0,0.0,0.0,0.0
0.0,0.0,0.0,0.0,0.0,0.0
0.0,0.0,0.0,0.0,0.0,0.0
0.0,0.0,0.0,0.0,0.0,0.0
0.0,0.0,0.0,0.0,0.0,0.0
0.0,0.0,0.0,0.0,0.0,0.0
0.0,0.0,0.0,0.0,0.0,0.0
0.0,0.0,0.0,0.0,0.0,0.0
0.0,0.0,0.0,0.0,0.0,0.0
0.0,0.0,0.0,0.0,0.0,0.0
0.0,0.0,0.0,0.0,0.0,0.0
0.0,0.0,0.0,0.0,0.0,0.0
0.0,0.0,0.0,0.0,0.0,0.0
0.0,0.0,0.0,0.0,0.0,0.0
0.0,37.8,70.7,77.1,0.0,0.0
30.9,30.9,30.9,30.9,30.9,30.9
30.9,30.9,30.9,30.9,30.9,30.9
30.9,30.9,30.9,30.9,30.9,30.9
102.9,102.9,102.9,102.9,102.9,102.9
102.9,102.9,102.9,102.9,102.9,102.9
102.9,102.9,102.9,102.9,102.9,102.9
102.9,102.9,102.9,102.9,102.9,102.9
194.9,194.9,194.9,194.9,194.9,194.9
194.9,194.9,194.9,194.9,194.9,194.9
194.9,194.9,194.9,194.9,194.9,194.9
194.9,194.9,194.9,194.9,194.9,194.9
194.1,315.1,320.8,323.3,371.3,315.7
190.4,316.4,322.8,326.0,368.0,316.7
262.9,311.6,314.3,316.5,324.3,310.6
306.7,306.7,306.7,306.7,306.7,306.7
428.7,428.7,428.7,428.7,428.7,428.7
404.5,452.2,472.8,254.5,545.8,442.5
429.4,436.4,443.8,361.9,465.5,435.4
429.4,435.7,442.3,368.6,461.5,434.8
296.2,296.2,296.2,296.2,296.2,296.2
210.8,281.7,314.5,314.8,343.5,312.1
234.2,296.8,307.7,308.0,324.2,306.4
225.2,246.0,318.0,317.4,353.3,317.4
163.7,163.7,163.7,163.7,163.7,163.7
128.8,163.7,170.1,170.2,179.5,169.5
112.6,150.4,175.2,175.5,194.5,173.7
129.8,164.0,169.9,170.1,178.9,169.2
123.2,164.7,198.6,199.0,223.4,196.6
120.6,161.2,199.6,200.0,226.8,197.4
186.2,166.8,185.3,185.3,194.5,187.5
187.2,157.4,185.7,185.8,200.3,189.3
163.9,163.9,163.9,163.9,163.9,163.9
163.9,163.9,163.9,163.9,163.9,163.9
163.9,163.9,163.9,163.9,163.9,163.9
163.9,163.9,163.9,163.9,163.9,163.9
20.5,20.5,20.5,20.5,20.5,20.5
20.5,20.5,20.5,20.5,20.5,20.5
20.5,20.5,20.5,20.5,20.5,20.5
20.5,20.5,20.5,20.5,20.5,20.5
0.0,0.0,0.0,0.0,0.0,0.0
0.0,0.0,0.0,0.0,0.0,0.0
0.0,0.0,0.0,0.0,0.0,0.0
0.0,0.0,0.0,0.0,0.0,0.0
0.0,0.0,0.0,0.0,0.0,0.0
0.0,0.0,0.0,0.0,0.0,0.0
0.0,0.0,0.0,0.0,0.0,0.0
0.0,0.0,0.0,0.0,0.0,0.0
0.0,0.0,0.0,0.0,0.0,0.0
0.0,0.0,0.0,0.0,0.0,0.0
0.0,0.0,0.0,0.0,0.0,0.0
0.0,0.0,0.0,0.0,0.0,0.0
0.0,0.0,0.0,0.0,0.0,0.0
0.0,0.0,0.0,0.0,0.0,0.0
0.0,0.0,0.0,0.0,0.0,0.0
0.0,0.0,0.0,0.0,0.0,0.0
0.0,0.0,0.0,0.0,0.0,0.0
0.0,0.0,0.0,0.0,0.0,0.0
0.0,0.0,0.0,0.0,0.0,0.0
0.0,0.0,0.0,0.0,0.0,0.0
0.0,0.0,0.0,0.0,0.0,0.0
0.0,0.0,0.0,0.0,0.0,0.0
0.0,0.0,0.0,0.0,0.0,0.0
0.0,0.0,0.0,0.0,0.0,0.0
0.0,0.0,0.0,0.0,0.0,0.0
0.0,0.0,0.0,0.0,0.0,0.0
0.0,0.0,0.0,0.0,0.0,0.0
0.0,0.0,0.0,0.0,0.0,0.0
0.0,0.0,0.0,0.0,0.0,0.0
0.0,0.0,0.0,0.0,0.0,0.0
0.0,0.0,0.0,0.0,0.0,0.0
0.0,0.0,0.0,0.0,0.0,0.0
0.0,0.0,0.0,0.0,0.0,0.0
0.0,0.0,0.0,0.0,0.0,0.0
0.0,0.0,0.0,0.0,0.0,0.0
0.0,0.0,0.0,0.0,0.0,0.0
0.0,0.0,0.0,0.0,0.0,0.0
0.0,0.0,0.0,0.0,0.0,0.0
0.0,0.0,0.0,0.0,0.0,0.0
0.0,0.0,0.0,0.0,0.0,0.0
0.0,0.0,0.0,0.0,0.0,0.0
0.0,0.0,0.0,0.0,0.0,0.0
0.0,0.0,0.0,0.0,0.0,0.0
0.0,0.0,0.0,0.0,0.0,0.0
0.0,0.0,0.0,0.0,0.0,0.0
0.0,0.0,0.0,0.0,0.0,0.0
0.0,0.0,0.0,0.0,0.0,0.0
0.0,0.0,0.0,0.0,0.0,0.0
0.0,0.0,0.0,0.0,0.0,0.0
0.0,0.0,0.0,0.0,0.0,0.0
0.0,0.0,0.0,0.0,0.0,0.0
0.0,0.0,0.0,0.0,0.0,0.0
0.0,0.0,0.0,0.0,0.0,0.0
0.0,0.0,0.0,0.0,0.0,0.0
0.0,0.0,0.0,0.0,0.0,0.0
0.0,0.0,0.0,0.0,0.0,0.0
30.6,30.6,30.6,30.6,30.6,30.6
30.6,30.6,30.6,30.6,30.6,30.6
33.8,35.9,38.6,30.9,44.5,0.0
33.3,33.5,34.6,41.6,40.7,0.0
114.1,112.0,110.8,139.6,134.1,0.0
110.7,122.6,117.7,136.9,122.6,0.0
106.0,116.9,115.6,140.6,125.3,6.1
101.7,101.7,101.7,101.7,101.7,101.7
192.7,192.7,192.7,192.7,192.7,192.7
192.7,192.7,192.7,192.7,192.7,192.7
192.7,192.7,192.7,192.7,192.7,192.7
196.2,195.0,140.7,203.0,200.0,221.1
468.9,406.4,137.1,1190.9,1312.1,1142.5
514.9,525.6,119.6,918.5,1691.9,887.4
780.3,782.2,682.2,791.5,830.0,791.8
776.3,776.3,776.3,776.3,776.3,776.3
1638.7,1154.1,1638.7,1365.6,4347.8,2184.9
1484.0,1099.1,1484.0,1236.6,1434.5,1978.6
1019.5,801.6,770.1,641.8,744.4,1026.8
349.0,531.2,98.5,82.1,95.2,131.3
348.8,518.7,77.4,64.5,74.8,103.2
316.8,516.1,66.8,55.7,64.6,89.1
322.4,1260.1,1189.1,8.8,10.2,14.1
331.9,1388.1,1297.6,87.9,102.0,140.7
412.3,1452.7,1659.8,416.2,710.7,1203.3
401.6,1019.8,1582.0,383.7,678.5,1326.5
156.0,1123.1,1763.1,409.4,2092.3,1101.2
152.6,1015.7,1534.5,400.4,1368.1,2526.2
111.6,990.8,1526.4,292.9,601.3,2544.0
143.3,1036.7,2145.4,375.9,2161.2,2616.0
518.0,730.7,1578.3,2064.9,1945.2,2276.8
751.3,858.6,1422.1,4288.1,1187.5,2404.4
667.7,868.7,1277.6,4327.5,2155.9,2418.8
472.2,704.4,978.2,2694.6,1754.2,2738.4
579.1,670.8,909.1,4343.0,2547.1,2718.2
568.0,702.1,1632.5,3602.3,2644.9,2198.3
597.6,912.6,1673.8,2104.3,5496.2,1789.3
403.5,1070.1,876.4,1605.3,3892.2,668.1
302.8,717.4,1315.2,720.7,957.8,1996.1
306.4,543.3,1149.3,1363.6,961.5,1649.0
445.7,971.4,566.3,1363.6,969.1,318.2
660.2,846.7,937.7,1300.6,876.9,377.9
600.9,531.2,1202.3,1365.8,898.4,401.3
597.1,524.3,1116.6,819.4,1570.5,372.0
464.2,497.7,1093.3,1180.0,1450.1,314.6
504.8,490.2,954.7,1515.0,1225.4,309.9
390.0,490.2,1151.2,1745.5,908.5,314.6
312.1,480.8,895.3,2069.1,924.6,318.2
314.6,488.3,577.2,2211.6,1006.8,317.0
129.1,129.1,129.1,129.1,129.1,129.1
0.0,0.0,0.0,0.0,0.0,0.0
0.0,0.0,0.0,0.0,0.0,0.0
0.0,0.0,0.0,0.0,0.0,0.0
0.0,0.0,0.0,0.0,0.0,0.0
0.0,0.0,0.0,0.0,0.0,0.0
0.0,0.0,0.0,0.0,0.0,0.0
0.0,0.0,0.0,0.0,0.0,0.0
0.0,0.0,0.0,0.0,0.0,0.0
0.0,0.0,0.0,0.0,0.0,0.0
0.0,0.0,0.0,0.0,0.0,0.0
0.0,0.0,0.0,0.0,0.0,0.0
0.0,0.0,0.0,0.0,0.0,0.0
0.0,0.0,0.0,0.0,0.0,0.0
0.0,0.0,0.0,0.0,0.0,0.0
0.0,0.0,0.0,0.0,0.0,0.0
0.0,0.0,0.0,0.0,0.0,0.0
0.0,0.0,0.0,0.0,0.0,0.0
0.0,0.0,0.0,0.0,0.0,0.0
0.0,0.0,0.0,0.0,0.0,0.0
0.0,0.0,0.0,0.0,0.0,0.0
0.0,0.0,0.0,0.0,0.0,0.0
0.0,0.0,0.0,0.0,0.0,0.0
0.0,0.0,0.0,0.0,0.0,0.0
0.0,0.0,0.0,0.0,0.0,0.0
0.0,0.0,0.0,0.0,0.0,0.0
0.0,0.0,0.0,0.0,0.0,0.0
0.0,0.0,0.0,0.0,0.0,0.0
0.0,0.0,0.0,0.0,0.0,0.0
0.0,0.0,0.0,0.0,0.0,0.0
0.0,0.0,0.0,0.0,0.0,0.0
0.0,0.0,0.0,0.0,0.0,0.0
0.0,0.0,0.0,0.0,0.0,0.0
0.0,0.0,0.0,0.0,0.0,0.0
0.0,0.0,0.0,0.0,0.0,0.0
0.0,0.0,0.0,0.0,0.0,0.0
0.0,0.0,0.0,0.0,0.0,0.0
0.0,0.0,0.0,0.0,0.0,0.0
0.0,0.0,0.0,0.0,0.0,0.0
0.0,0.0,0.0,0.0,0.0,0.0
0.0,0.0,0.0,0.0,0.0,0.0
0.0,0.0,0.0,0.0,0.0,0.0
0.0,0.0,0.0,0.0,0.0,0.0
0.0,0.0,0.0,0.0,0.0,0.0
0.0,0.0,0.0,0.0,0.0,0.0
0.0,0.0,0.0,0.0,0.0,0.0
0.0,0.0,0.0,0.0,0.0,0.0
443.8,443.8,443.8,443.8,443.8,443.8
443.8,443.8,443.8,443.8,443.8,443.8
443.8,443.8,443.8,443.8,443.8,443.8
443.8,443.8,443.8,443.8,443.8,443.8
101.2,101.2,101.2,101.2,101.2,101.2
101.2,101.2,101.2,101.2,101.2,101.2
101.2,101.2,101.2,101.2,101.2,101.2
101.2,101.2,101.2,101.2,101.2,101.2
201.8,201.8,201.8,201.8,201.8,201.8
201.8,201.8,201.8,201.8,201.8,201.8
201.8,201.8,201.8,201.8,201.8,201.8
201.8,201.8,201.8,201.8,201.8,201.8
281.8,281.8,281.8,281.8,281.8,281.8
281.8,281.8,281.8,281.8,281.8,281.8
281.8,281.8,281.8,281.8,281.8,281.8
281.8,281.8,281.8,281.8,281.8,281.8
1060.9,1060.9,1060.9,1060.9,1060.9,1060.9
1060.9,1060.9,1060.9,1060.9,1060.9,1060.9
1060.9,1060.9,1060.9,1060.9,1060.9,1060.9
1060.9,1060.9,1060.9,1060.9,1060.9,1060.9
1652.0,2175.8,2785.9,2930.3,3329.1,2979.9
1432.1,1861.9,3379.7,3432.4,3106.9,2640.0
1444.9,2430.9,3000.6,3361.1,2955.9,2659.7
1333.0,2729.2,3004.1,3231.0,2981.0,2574.9
1242.8,2397.3,2444.9,2608.7,2988.6,2308.1
1315.9,2381.6,2506.4,2536.6,2908.5,2341.5
1493.1,2296.3,2632.6,2514.9,2718.4,2335.2
2355.4,2237.1,2350.0,2360.1,2356.0,2332.0
191.7,191.7,191.7,191.7,191.7,191.7
191.7,191.7,191.7,191.7,191.7,191.7
191.7,191.7,191.7,191.7,191.7,191.7
191.7,191.7,191.7,191.7,191.7,191.7
3881.2,1754.2,4021.3,5529.5,5678.5,4080.0
2704.4,1777.4,3804.3,4698.5,6679.2,2483.8
2797.7,1663.6,3449.5,3543.6,5338.1,3683.7
1699.7,2648.3,3215.0,3262.5,6941.4,8912.1
966.0,966.0,966.0,966.0,966.0,966.0
966.0,966.0,966.0,966.0,966.0,966.0
18.1,4.4,10.5,8.8,1999.2,768.9
122.6,26.7,7.0,5.9,1666.1,1247.2
163.0,365.6,10.5,8.8,1325.9,3126.1
10.3,476.5,0.0,0.0,2531.1,1982.0
9.8,920.8,0.0,0.0,0.0,1158.1
24.4,619.8,14.1,11.7,13.6,18.8
140.8,350.2,70.3,58.6,68.0,93.8
0.0,0.0,0.0,0.0,0.0,0.0
0.0,0.0,0.0,0.0,0.0,0.0
0.0,0.0,0.0,0.0,0.0,0.0
0.0,0.0,0.0,0.0,0.0,0.0
0.0,0.0,0.0,0.0,0.0,0.0
0.0,0.0,0.0,0.0,0.0,0.0
0.0,0.0,0.0,0.0,0.0,0.0
0.0,0.0,0.0,0.0,0.0,0.0
0.0,0.0,0.0,0.0,0.0,0.0
0.0,0.0,0.0,0.0,0.0,0.0
0.0,0.0,0.0,0.0,0.0,0.0
0.0,0.0,0.0,0.0,0.0,0.0
0.0,0.0,0.0,0.0,0.0,0.0
0.0,0.0,0.0,0.0,0.0,0.0
0.0,0.0,0.0,0.0,0.0,0.0
0.0,0.0,0.0,0.0,0.0,0.0
0.0,0.0,0.0,0.0,0.0,0.0
0.0,0.0,0.0,0.0,0.0,0.0
0.0,0.0,0.0,0.0,0.0,0.0
0.0,0.0,0.0,0.0,0.0,0.0
0.0,0.0,0.0,0.0,0.0,0.0
0.0,0.0,0.0,0.0,0.0,0.0
0.0,0.0,0.0,0.0,0.0,0.0
0.0,0.0,0.0,0.0,0.0,0.0
0.0,0.0,0.0,0.0,0.0,0.0
0.0,0.0,0.0,0.0,0.0,0.0
0.0,0.0,0.0,0.0,0.0,0.0
0.0,0.0,0.0,0.0,0.0,0.0
0.0,0.0,0.0,0.0,0.0,0.0
0.0,0.0,0.0,0.0,0.0,0.0
0.0,0.0,0.0,0.0,0.0,0.0
0.0,0.0,0.0,0.0,0.0,0.0
0.0,0.0,0.0,0.0,0.0,0.0
0.0,0.0,0.0,0.0,0.0,0.0
0.0,0.0,0.0,0.0,0.0,0.0
0.0,0.0,0.0,0.0,0.0,0.0
0.0,0.0,0.0,0.0,0.0,0.0
0.0,0.0,0.0,0.0,0.0,0.0
0.0,0.0,0.0,0.0,0.0,0.0
0.0,0.0,0.0,0.0,0.0,0.0
0.0,0.0,0.0,0.0,0.0,0.0
0.0,0.0,0.0,0.0,0.0,0.0
0.0,0.0,0.0,0.0,0.0,0.0
0.0,0.0,0.0,0.0,0.0,0.0
0.0,0.0,0.0,0.0,0.0,0.0
0.0,0.0,0.0,0.0,0.0,0.0
0.0,0.0,0.0,0.0,0.0,0.0
0.0,0.0,0.0,0.0,0.0,0.0
0.0,0.0,0.0,0.0,0.0,0.0
0.0,0.0,0.0,0.0,0.0,0.0
0.0,0.0,0.0,0.0,0.0,0.0
477.1,476.6,537.7,238.8,492.9,575.0
466.4,466.4,466.4,466.4,466.4,466.4
134.1,535.3,541.1,418.4,560.0,609.2
226.6,496.6,519.2,467.8,521.4,566.6
453.3,931.3,1611.0,524.4,1742.1,2722.0
130.7,144.8,1449.6,365.8,1705.6,2066.2
158.5,198.8,2714.9,2794.3,4147.8,674.9
134.4,502.2,1573.8,1070.5,3290.8,615.9
119.8,656.4,854.4,293.0,6427.5,586.5
390.5,698.3,950.0,393.8,3924.0,678.1
401.8,649.4,867.9,308.7,3895.8,600.0
443.7,667.2,887.3,1291.6,6845.5,619.9
434.7,663.0,879.1,3144.9,5335.3,612.2
433.1,669.4,886.4,1596.4,3954.7,667.1
508.7,710.2,977.3,2918.7,1671.1,996.9
483.5,668.6,888.4,3095.4,1531.4,3435.2
488.6,707.3,967.3,2884.3,1696.7,823.3
433.8,659.8,874.6,2400.8,1558.9,718.6
418.4,639.6,825.3,963.0,662.6,674.7
482.7,723.0,996.3,1137.8,777.7,818.2
309.9,486.4,543.0,689.6,1528.4,3006.2
311.1,490.2,543.0,684.4,1909.1,1138.0
307.5,494.0,1436.2,1578.0,1124.8,307.5
492.4,740.1,1984.4,2106.4,847.7,767.0
229.0,306.0,1244.6,1961.6,1030.5,559.9
307.5,343.1,681.1,2071.8,1122.9,669.8
209.6,221.9,443.5,1818.3,719.5,442.1
132.4,147.8,293.4,1672.4,483.9,288.5
151.7,202.7,394.2,1784.9,682.6,370.9
121.1,161.8,314.7,1696.8,544.9,296.1
458.5,612.9,309.1,1675.6,535.3,290.9
552.1,737.9,332.3,1683.5,575.4,1143.2
368.3,492.2,307.5,1653.3,566.5,1326.8
132.7,177.4,345.0,1315.2,1634.4,935.8
463.9,199.6,388.0,1068.3,1697.6,365.1
57.7,0.0,0.0,674.0,1036.9,0.0
42.2,17.6,619.1,717.0,1077.7,56.3
66.8,27.8,1210.0,740.1,1082.7,89.1
352.1,14.7,1178.4,721.5,1040.8,46.9
632.8,503.4,687.2,127.0,987.9,320.5
871.5,1001.1,583.3,0.0,987.9,635.1
861.5,995.5,572.7,0.0,441.2,635.1
837.3,1010.5,566.3,0.0,0.0,381.8
971.2,1008.7,555.7,0.0,0.0,324.0
976.4,1004.9,555.7,0.0,0.0,318.2
1226.0,1001.1,248.2,0.0,0.0,314.6
1133.9,997.3,0.0,0.0,0.0,308.7
871.1,942.7,66.8,55.7,64.6,397.8
538.0,560.4,705.6,55.7,615.1,227.0
857.6,294.6,634.8,23.4,988.7,37.5
1218.5,477.5,550.0,0.0,946.4,220.9
1671.2,514.2,902.1,378.5,784.3,556.9
466.7,466.7,466.7,466.7,466.7,466.7
0.0,0.0,0.0,0.0,0.0,0.0
0.0,0.0,0.0,0.0,0.0,0.0
0.0,0.0,0.0,0.0,0.0,0.0
0.0,0.0,0.0,0.0,0.0,0.0
0.0,0.0,0.0,0.0,0.0,0.0
0.0,0.0,0.0,0.0,0.0,0.0
0.0,0.0,0.0,0.0,0.0,0.0
0.0,0.0,0.0,0.0,0.0,0.0
0.0,0.0,0.0,0.0,0.0,0.0
0.0,0.0,0.0,0.0,0.0,0.0
0.0,0.0,0.0,0.0,0.0,0.0
0.0,0.0,0.0,0.0,0.0,0.0
0.0,0.0,0.0,0.0,0.0,0.0
0.0,0.0,0.0,0.0,0.0,0.0
0.0,0.0,0.0,0.0,0.0,0.0
0.0,0.0,0.0,0.0,0.0,0.0
0.0,0.0,0.0,0.0,0.0,0.0
0.0,0.0,0.0,0.0,0.0,0.0
0.0,0.0,0.0,0.0,0.0,0.0
0.0,0.0,0.0,0.0,0.0,0.0
0.0,0.0,0.0,0.0,0.0,0.0
0.0,0.0,0.0,0.0,0.0,0.0
0.0,0.0,0.0,0.0,0.0,0.0
0.0,0.0,0.0,0.0,0.0,0.0
0.0,0.0,0.0,0.0,0.0,0.0
0.0,0.0,0.0,0.0,0.0,0.0
0.0,0.0,0.0,0.0,0.0,0.0
0.0,0.0,0.0,0.0,0.0,0.0
0.0,0.0,0.0,0.0,0.0,0.0
0.0,0.0,0.0,0.0,0.0,0.0
0.0,0.0,0.0,0.0,0.0,0.0
0.0,0.0,0.0,0.0,0.0,0.0
0.0,0.0,0.0,0.0,0.0,0.0
0.0,0.0,0.0,0.0,0.0,0.0
0.0,0.0,0.0,0.0,0.0,0.0
0.0,0.0,0.0,0.0,0.0,0.0
0.0,0.0,0.0,0.0,0.0,0.0
0.0,0.0,0.0,0.0,0.0,0.0
0.0,0.0,0.0,0.0,0.0,0.0
0.0,0.0,0.0,0.0,0.0,0.0
0.0,0.0,0.0,0.0,0.0,0.0
0.0,0.0,0.0,0.0,0.0,0.0
0.0,0.0,0.0,0.0,0.0,0.0
263.6,627.7,940.9,817.2,829.3,630.8
561.9,333.5,1123.0,618.8,885.8,586.6
524.7,333.7,1077.4,593.5,1010.8,569.5
558.3,295.9,950.7,687.5,906.9,710.2
617.7,374.1,1824.8,737.8,1190.8,402.5
470.8,341.1,1311.0,3483.3,1171.1,348.4
210.1,303.5,1118.2,1476.7,1017.0,307.5
138.2,465.5,359.2,1502.2,2782.1,532.4
155.8,208.2,404.9,1535.8,2768.6,381.0
141.5,189.1,367.7,1603.3,2563.8,346.0
0.0,0.0,0.0,0.0,984.2,0.0
0.0,0.0,0.0,0.0,622.2,635.7
259.9,347.4,0.0,0.0,0.0,637.6
264.2,349.9,3.5,2.9,2118.8,521.2
281.5,311.6,70.3,58.6,1241.3,651.8
291.5,331.4,63.3,52.7,1011.7,614.1
216.6,325.3,0.0,0.0,1027.0,587.7
240.3,828.3,0.0,0.0,974.7,711.4
290.9,890.3,0.0,0.0,1081.5,576.8
370.6,994.9,1020.6,353.5,1915.6,853.6
322.6,928.9,904.8,284.1,1548.7,264.8
134.7,675.9,940.2,1131.8,1570.7,329.3
116.9,654.0,849.9,1070.9,526.1,285.9
171.9,727.5,446.8,1317.8,2108.9,420.4
56.3,517.4,56.3,797.6,1365.1,75.0
363.5,508.6,66.8,763.7,1623.0,111.5
301.8,490.8,10.5,8.8,2312.2,331.0
330.4,480.8,0.0,0.0,2217.4,313.4
286.1,875.4,0.0,0.0,999.2,1037.8
467.7,1004.4,514.2,519.1,1885.8,1507.1
105.9,583.1,1046.3,277.9,1468.3,1376.8
152.9,586.9,1154.4,401.3,1683.8,1384.8
129.1,533.3,1234.5,338.8,1576.5,1286.7
177.5,207.3,1717.3,406.9,1685.9,688.0
595.5,336.6,1927.4,661.4,2078.1,938.5
508.0,195.3,955.2,384.5,1599.9,701.6
478.1,199.1,951.7,391.2,1621.1,678.8
417.8,142.7,835.2,280.0,1438.1,560.3
473.6,218.8,985.3,478.7,1437.9,619.4
311.1,0.0,559.9,697.3,0.0,0.0
311.1,0.0,555.7,689.6,0.0,0.0
308.7,0.0,540.9,687.0,0.0,0.0
300.5,0.0,547.2,684.4,0.0,0.0
304.0,0.0,540.9,681.8,0.0,0.0
626.1,8.8,559.8,702.0,816.0,28.1
942.9,225.6,866.9,1192.8,1049.7,722.1
892.7,572.9,855.8,910.1,893.8,874.7
566.9,44.0,105.5,2512.5,249.0,140.7
563.5,7.3,17.6,1894.1,17.0,23.4
681.2,0.0,0.0,2093.3,0.0,248.6
589.4,0.0,0.0,2445.7,0.0,304.0
559.0,0.0,0.0,1546.5,0.0,301.7
833.3,833.3,833.3,833.3,833.3,833.3
833.3,833.3,833.3,833.3,833.3,833.3
833.3,833.3,833.3,833.3,833.3,833.3
833.3,833.3,833.3,833.3,833.3,833.3
908.4,904.7,976.3,945.7,278.7,986.0
899.9,952.5,1056.2,1023.4,51.0,1017.1
855.6,939.3,1241.3,975.1,6.8,982.0
553.8,751.6,1152.2,1220.8,10.2,1311.4
200.5,200.5,200.5,200.5,200.5,200.5
0.0,0.0,0.0,0.0,0.0,0.0
0.0,0.0,0.0,0.0,0.0,0.0
0.0,0.0,0.0,0.0,0.0,0.0
0.0,0.0,0.0,0.0,0.0,0.0
0.0,0.0,0.0,0.0,0.0,0.0
0.0,0.0,0.0,0.0,0.0,0.0
0.0,0.0,0.0,0.0,0.0,0.0
0.0,0.0,0.0,0.0,0.0,0.0
0.0,0.0,0.0,0.0,0.0,0.0
0.0,0.0,0.0,0.0,0.0,0.0
0.0,0.0,0.0,0.0,0.0,0.0
0.0,0.0,0.0,0.0,0.0,0.0
0.0,0.0,0.0,0.0,0.0,0.0
0.0,0.0,0.0,0.0,0.0,0.0
0.0,0.0,0.0,0.0,0.0,0.0
0.0,0.0,0.0,0.0,0.0,0.0
0.0,0.0,0.0,0.0,0.0,0.0
0.0,0.0,0.0,0.0,0.0,0.0
0.0,0.0,0.0,0.0,0.0,0.0
0.0,0.0,0.0,0.0,0.0,0.0
0.0,0.0,0.0,0.0,0.0,0.0
0.0,0.0,0.0,0.0,0.0,0.0
0.0,0.0,0.0,0.0,0.0,0.0
0.0,0.0,0.0,0.0,0.0,0.0
0.0,0.0,0.0,0.0,0.0,0.0
0.0,0.0,0.0,0.0,0.0,0.0
0.0,0.0,0.0,0.0,0.0,0.0
0.0,0.0,0.0,0.0,0.0,0.0
0.0,0.0,0.0,0.0,0.0,0.0
0.0,0.0,0.0,0.0,0.0,0.0
0.0,0.0,0.0,0.0,0.0,0.0
0.0,0.0,0.0,0.0,0.0,0.0
0.0,0.0,0.0,0.0,0.0,0.0
0.0,0.0,0.0,0.0,0.0,0.0
0.0,0.0,0.0,0.0,0.0,0.0
203.5,490.2,841.1,0.0,0.0,0.0
0.0,492.1,577.9,0.0,0.0,0.0
42.2,504.0,1578.3,240.0,40.8,56.3
271.1,820.3,1544.3,1572.7,963.5,584.8
146.1,1180.8,1520.1,3101.1,3108.8,318.2
118.8,1012.1,2205.9,2157.5,4112.7,383.7
115.1,676.5,3736.5,2428.3,2510.3,602.1
130.4,700.6,2422.6,3458.9,3077.7,634.6
102.3,653.8,1446.0,3048.6,4650.4,561.2
128.0,1720.3,1422.2,2196.1,4184.5,729.3
790.8,2365.8,1633.8,2105.6,2608.1,2505.7
1209.7,1211.5,821.7,2074.8,2409.4,1838.2
979.2,1523.8,1136.7,1347.4,4957.0,950.0
1356.2,2336.5,1725.2,3522.8,4160.0,2941.0
1500.0,1858.9,1127.0,2406.9,2054.9,2923.3
791.6,707.5,1036.7,1173.5,1563.5,1986.3
821.0,723.0,1067.0,1209.9,1570.1,3281.5
349.7,524.3,592.9,817.3,1953.1,370.9
384.9,539.4,630.9,743.7,1058.9,408.3
360.3,527.3,2106.8,720.6,1023.8,381.4
307.5,505.3,1712.2,687.0,984.2,312.3
307.5,501.5,843.9,684.4,984.2,308.7
309.9,1459.4,568.7,694.8,984.2,307.5
305.2,1394.4,549.3,699.9,984.2,312.3
374.4,2092.7,1294.7,747.5,1052.9,395.5
379.1,1211.4,1271.9,753.0,1041.2,404.9
1404.0,1189.2,2485.9,724.1,1029.5,2079.3
1009.0,1138.5,1883.4,694.8,999.2,2274.4
1528.9,1528.9,1528.9,1528.9,1528.9,1528.9
1528.9,1528.9,1528.9,1528.9,1528.9,1528.9
1528.9,1528.9,1528.9,1528.9,1528.9,1528.9
1528.9,1528.9,1528.9,1528.9,1528.9,1528.9
2611.6,1790.5,3703.4,3216.1,4671.7,8019.4
2367.7,2712.7,3249.2,3020.1,9497.5,5919.0
1882.3,1998.8,2758.3,2818.8,6590.8,3695.8
959.2,1174.6,2118.3,6064.1,4026.2,1779.6
833.7,758.3,1943.2,3668.9,2643.5,1577.7
880.6,709.0,2358.1,2575.5,3217.6,1684.7
874.4,713.4,2026.2,2052.0,3303.9,1680.5
1073.0,688.6,1981.2,2157.6,3422.1,2103.0
834.1,710.2,856.3,860.1,888.4,850.9
833.7,584.7,873.3,882.1,963.1,863.0
835.0,293.8,948.9,898.7,1110.0,913.7
834.3,368.6,920.9,888.7,1083.4,904.1
843.6,333.5,877.1,903.1,1134.0,908.7
815.4,520.7,874.7,877.9,1051.0,860.3
588.3,843.3,859.4,875.4,1190.6,643.0
633.1,841.7,876.2,854.0,965.3,829.7
535.1,855.9,912.5,840.2,896.4,960.0
479.4,890.4,937.8,885.0,959.0,848.3
713.2,846.5,862.8,884.7,838.4,854.4
715.0,843.2,864.0,846.3,878.9,852.7
833.3,833.3,833.3,833.3,833.3,833.3
833.3,833.3,833.3,833.3,833.3,833.3
839.5,724.3,857.8,850.3,866.5,861.7
834.4,809.4,838.0,840.8,840.5,837.0
833.3,833.3,833.3,833.3,833.3,833.3
833.3,833.3,833.3,833.3,833.3,833.3
573.0,863.3,844.4,893.6,981.2,844.4
475.1,881.5,879.0,911.7,1012.5,840.3
515.8,856.8,957.3,857.8,960.2,852.1
833.3,833.3,833.3,833.3,833.3,833.3
833.3,833.3,833.3,833.3,833.3,833.3
833.3,833.3,833.3,833.3,833.3,833.3
833.3,833.3,833.3,833.3,833.3,833.3
836.2,332.2,935.0,935.9,1046.0,914.7
0.0,0.0,1120.6,0.0,0.0,0.0
0.0,0.0,279.5,427.7,0.0,0.0
194.4,0.0,0.0,689.6,0.0,0.0
412.8,208.0,463.9,486.1,516.4,380.6
0.0,0.0,0.0,0.0,0.0,0.0
0.0,0.0,0.0,0.0,0.0,0.0
0.0,0.0,0.0,0.0,0.0,0.0
0.0,0.0,0.0,0.0,0.0,0.0
0.0,0.0,0.0,0.0,0.0,0.0
0.0,0.0,0.0,0.0,0.0,0.0
0.0,0.0,0.0,0.0,0.0,0.0
0.0,0.0,0.0,0.0,0.0,0.0
0.0,0.0,0.0,0.0,0.0,0.0
0.0,0.0,0.0,0.0,0.0,0.0
0.0,0.0,0.0,0.0,0.0,0.0
0.0,0.0,0.0,0.0,0.0,0.0
0.0,0.0,0.0,0.0,0.0,0.0
0.0,0.0,0.0,0.0,0.0,0.0
0.0,0.0,0.0,0.0,0.0,0.0
0.0,0.0,0.0,0.0,0.0,0.0
0.0,0.0,0.0,0.0,0.0,0.0
0.0,0.0,0.0,0.0,0.0,0.0
0.0,0.0,0.0,0.0,0.0,0.0
0.0,0.0,0.0,0.0,0.0,0.0
0.0,0.0,0.0,0.0,0.0,0.0
0.0,0.0,0.0,0.0,0.0,0.0
0.0,0.0,0.0,0.0,0.0,0.0
0.0,0.0,0.0,0.0,0.0,0.0
0.0,0.0,0.0,0.0,0.0,0.0
0.0,0.0,0.0,0.0,0.0,0.0
0.0,0.0,124.3,0.0,181.1,0.0
50.9,50.9,50.9,50.9,50.9,50.9
50.9,50.9,50.9,50.9,50.9,50.9
50.9,50.9,50.9,50.9,50.9,50.9
91.4,91.4,91.4,91.4,91.4,91.4
91.4,91.4,91.4,91.4,91.4,91.4
91.4,91.4,91.4,91.4,91.4,91.4
91.4,91.4,91.4,91.4,91.4,91.4
141.6,141.6,141.6,141.6,141.6,141.6
141.6,141.6,141.6,141.6,141.6,141.6
141.6,141.6,141.6,141.6,141.6,141.6
141.6,141.6,141.6,141.6,141.6,141.6
160.9,160.9,160.9,160.9,160.9,160.9
160.9,160.9,160.9,160.9,160.9,160.9
160.9,160.9,160.9,160.9,160.9,160.9
160.9,160.9,160.9,160.9,160.9,160.9
319.5,319.5,319.5,319.5,319.5,319.5
319.5,319.5,319.5,319.5,319.5,319.5
319.5,319.5,319.5,319.5,319.5,319.5
319.5,319.5,319.5,319.5,319.5,319.5
493.4,679.5,936.2,1052.0,1609.1,683.4
463.2,673.7,913.7,1035.3,1590.6,651.4
465.8,701.3,960.1,1081.5,1696.1,684.8
418.2,640.6,845.7,963.4,1490.5,578.3
445.5,684.4,924.0,1043.4,1381.2,644.5
456.4,693.8,946.0,1070.8,653.9,664.0
424.1,649.4,856.1,977.4,498.1,581.8
458.8,691.7,944.9,1068.8,659.3,671.7
448.3,677.4,787.2,1049.6,617.5,647.8
434.2,659.1,313.8,1009.0,543.5,606.4
455.2,689.4,365.3,1058.4,632.6,657.2
444.9,675.3,341.6,1034.4,591.5,636.0
514.3,707.9,420.7,1108.4,680.2,734.2
502.9,690.2,379.5,1066.1,606.1,696.8
557.3,767.9,526.4,1215.0,863.1,836.0
562.1,808.1,600.8,1291.8,1021.6,890.8
506.8,760.0,502.6,1033.6,870.3,788.7
450.3,787.5,548.8,554.0,950.2,829.8
173.3,736.9,450.4,454.7,779.9,663.0
107.9,649.5,280.4,283.1,485.5,263.8
287.3,729.5,443.4,447.6,767.8,533.9
296.9,382.7,0.0,0.0,0.0,296.9
568.9,111.4,267.3,222.7,258.3,658.0
918.4,502.6,880.2,854.9,875.1,968.9
620.2,46.9,112.5,93.8,1046.6,449.3
1100.4,99.6,239.1,199.3,2741.1,620.5
843.8,782.4,838.6,837.0,854.8,843.3
866.3,676.9,849.2,843.8,897.6,866.2
893.7,545.1,851.7,843.3,986.0,880.3
1160.6,252.6,158.2,131.9,2782.9,513.8
1102.7,494.2,45.7,38.1,2957.9,361.4
402.1,320.5,10.5,8.8,727.3,297.9
0.0,0.0,0.0,0.0,0.0,0.0
0.0,0.0,0.0,0.0,0.0,0.0
0.0,0.0,0.0,0.0,0.0,0.0
0.0,0.0,0.0,0.0,0.0,0.0
0.0,0.0,0.0,0.0,0.0,0.0
0.0,0.0,0.0,0.0,0.0,0.0
0.0,0.0,0.0,0.0,0.0,0.0
0.0,0.0,0.0,0.0,0.0,0.0
0.0,0.0,0.0,0.0,0.0,0.0
0.0,0.0,0.0,0.0,0.0,0.0
0.0,0.0,0.0,0.0,0.0,0.0
0.0,0.0,0.0,0.0,0.0,0.0
0.0,0.0,0.0,0.0,0.0,0.0
0.0,0.0,0.0,0.0,0.0,0.0
0.0,0.0,0.0,0.0,0.0,0.0
0.0,0.0,0.0,0.0,0.0,0.0
0.0,0.0,0.0,0.0,0.0,0.0
0.0,0.0,0.0,0.0,0.0,0.0
0.0,0.0,0.0,0.0,0.0,0.0
0.0,0.0,0.0,0.0,0.0,0.0
0.0,0.0,0.0,0.0,0.0,0.0
0.0,0.0,0.0,0.0,0.0,0.0
0.0,0.0,0.0,0.0,0.0,0.0
0.0,0.0,0.0,0.0,0.0,0.0
0.0,0.0,0.0,0.0,0.0,0.0
0.0,0.0,0.0,0.0,0.0,0.0
0.0,0.0,0.0,0.0,0.0,0.0
0.0,0.0,0.0,0.0,0.0,0.0
0.0,0.0,0.0,0.0,0.0,0.0
0.0,0.0,0.0,0.0,0.0,0.0
0.0,0.0,0.0,0.0,0.0,0.0
0.0,0.0,0.0,0.0,0.0,0.0
0.0,0.0,0.0,0.0,0.0,0.0
0.0,0.0,0.0,0.0,0.0,0.0
0.0,0.0,0.0,0.0,0.0,0.0
0.0,0.0,0.0,0.0,0.0,0.0
0.0,0.0,0.0,0.0,0.0,0.0
0.0,0.0,0.0,0.0,0.0,0.0
0.0,0.0,0.0,0.0,0.0,0.0
0.0,0.0,0.0,0.0,0.0,0.0
0.0,0.0,0.0,0.0,0.0,0.0
0.0,0.0,0.0,0.0,0.0,0.0
0.0,0.0,0.0,0.0,0.0,0.0
0.0,0.0,0.0,0.0,0.0,0.0
557.9,718.8,942.6,766.7,914.7,410.6
139.3,804.8,1100.2,810.5,1141.8,314.7
137.0,940.3,1008.2,788.3,1102.4,335.1
119.3,1097.9,1330.6,312.9,1159.0,291.7
131.4,1076.8,2940.2,344.8,591.5,321.4
143.0,1040.1,2730.5,375.1,643.5,349.7
114.4,976.4,2275.6,310.1,502.3,275.8
528.9,1563.3,1008.0,1542.5,733.0,455.1
1036.7,1249.1,420.5,2461.0,643.9,422.2
765.9,1251.2,345.6,1256.8,552.7,1581.9
809.6,873.6,446.3,2735.4,756.7,2754.3
1059.8,185.6,298.3,4725.2,516.5,396.6
1049.6,174.8,290.4,1803.0,661.2,1124.8
1170.2,1121.4,450.9,2113.6,766.8,5873.8
889.0,436.4,828.5,1905.9,502.0,2028.2
678.4,660.2,1364.4,2957.1,3080.9,2025.9
149.8,692.3,440.9,2442.5,6553.4,1930.3
107.9,161.2,321.1,2431.7,3537.0,1776.4
143.1,191.3,1801.8,1078.0,3316.1,2795.1
133.5,178.5,347.0,1045.1,6355.1,2236.8
119.2,159.3,309.8,494.3,3320.1,1639.5
186.0,206.6,410.3,406.2,5175.4,404.0
193.1,193.4,389.3,380.6,4135.8,393.9
197.3,208.7,417.2,410.7,3157.3,416.0
173.4,186.5,371.9,366.8,606.4,369.3
121.7,162.7,316.3,319.3,547.7,297.6
158.4,211.8,411.8,415.7,713.0,387.5
115.7,154.7,300.8,303.7,520.9,283.1
133.7,178.7,347.4,350.7,601.6,326.9
154.0,205.9,400.3,404.2,693.2,376.7
109.6,146.6,285.0,287.7,493.4,268.1
139.4,186.3,362.3,365.8,627.4,340.9
141.5,189.1,367.7,371.2,636.8,346.0
111.1,148.5,288.8,291.6,500.1,271.8
147.1,196.6,382.3,386.0,662.0,359.8
184.4,214.1,422.9,420.8,705.4,411.8
196.5,197.9,398.2,389.6,635.7,402.3
194.6,205.1,410.2,403.6,664.6,409.5
204.7,215.4,430.9,423.8,697.7,430.3
189.9,250.6,487.9,492.0,842.2,460.5
157.2,210.1,408.5,412.4,707.4,384.4
0.0,354.4,0.0,683.5,0.0,221.5
0.0,484.5,0.0,1533.3,0.0,302.8
0.0,486.4,0.0,2663.0,0.0,304.0
0.0,475.1,0.0,2579.5,0.0,296.9
0.0,475.1,0.0,2660.2,1172.3,296.9
0.0,469.5,0.0,1943.1,2294.1,293.4
147.7,542.3,147.7,1178.6,2486.3,497.4
833.3,833.3,833.3,833.3,833.3,833.3
436.5,544.0,810.6,950.9,1774.7,483.4
399.0,531.6,998.5,956.6,1680.2,434.1
620.7,509.0,1182.6,947.3,1354.2,386.1
847.7,518.4,1063.2,936.2,1242.5,391.9
907.2,492.7,1109.0,975.2,1196.6,319.3
878.4,833.8,968.0,937.6,1075.8,306.4
878.4,874.9,896.1,971.1,1068.4,311.1
861.3,925.8,914.6,894.8,1091.2,312.3
838.7,933.0,881.6,877.2,1152.5,317.0
847.2,938.9,924.7,796.2,1177.3,315.8
812.5,900.9,926.2,860.1,1184.4,315.8
814.6,880.9,969.1,894.2,1124.2,317.0
833.3,833.3,833.3,833.3,833.3,833.3
833.3,833.3,833.3,833.3,833.3,833.3
833.3,833.3,833.3,833.3,833.3,833.3
833.3,833.3,833.3,833.3,833.3,833.3
833.3,833.3,833.3,833.3,833.3,833.3
833.3,833.3,833.3,833.3,833.3,833.3
833.3,833.3,833.3,833.3,833.3,833.3
724.0,852.0,846.9,848.3,869.6,859.2
694.7,840.7,869.3,867.1,863.9,864.3
713.8,804.2,881.8,843.2,878.5,878.5
744.9,555.3,962.4,853.7,937.1,946.7
716.1,497.5,968.5,861.0,959.3,997.6
750.6,535.2,838.0,853.9,1050.1,972.2
722.1,593.8,839.8,852.3,1031.1,961.0
422.3,522.4,837.8,865.7,1182.2,1169.5
158.2,579.4,848.5,907.9,1278.5,1227.5
153.9,237.5,251.7,245.0,255.3,252.0
0.0,0.0,0.0,0.0,0.0,0.0
0.0,0.0,0.0,0.0,0.0,0.0
0.0,0.0,0.0,0.0,0.0,0.0
0.0,0.0,0.0,0.0,0.0,0.0
0.0,0.0,0.0,0.0,0.0,0.0
0.0,0.0,0.0,0.0,0.0,0.0
0.0,0.0,0.0,0.0,0.0,0.0
0.0,0.0,0.0,0.0,0.0,0.0
0.0,0.0,0.0,0.0,0.0,0.0
0.0,0.0,0.0,0.0,0.0,0.0
0.0,0.0,0.0,0.0,0.0,0.0
0.0,0.0,0.0,0.0,0.0,0.0
0.0,0.0,0.0,0.0,0.0,0.0
0.0,0.0,0.0,0.0,0.0,0.0
0.0,0.0,0.0,0.0,0.0,0.0
0.0,0.0,0.0,0.0,0.0,0.0
0.0,0.0,0.0,0.0,0.0,0.0
0.0,0.0,0.0,0.0,0.0,0.0
0.0,94.2,101.3,111.5,0.0,0.0
0.0,100.0,106.1,100.8,0.0,0.0
51.2,51.2,51.2,51.2,51.2,51.2
51.2,51.2,51.2,51.2,51.2,51.2
91.7,91.7,91.7,91.7,91.7,91.7
91.7,91.7,91.7,91.7,91.7,91.7
91.7,91.7,91.7,91.7,91.7,91.7
91.7,91.7,91.7,91.7,91.7,91.7
142.2,142.2,142.2,142.2,142.2,142.2
142.2,142.2,142.2,142.2,142.2,142.2
142.2,142.2,142.2,142.2,142.2,142.2
142.2,142.2,142.2,142.2,142.2,142.2
361.6,492.3,1291.6,1033.6,3210.1,627.4
108.7,627.8,1228.5,896.3,2419.6,556.9
996.8,662.8,1041.2,1295.4,561.4,539.3
382.8,517.1,293.0,1266.5,502.0,278.5
620.8,441.7,860.8,1014.3,498.7,279.5
882.2,557.8,1086.6,525.7,896.8,495.8
882.6,757.0,1819.0,1097.8,895.9,547.4
230.9,577.4,2142.1,575.3,6.8,2286.5
539.0,661.4,2399.8,1000.0,44.2,1037.8
297.9,636.0,1932.9,1195.0,78.2,223.8
447.5,603.9,1189.7,1328.4,78.2,2024.8
503.6,364.3,722.4,1243.8,71.4,1472.1
515.8,803.9,756.1,1148.7,34.0,239.0
461.2,970.9,936.6,663.5,10.2,318.1
433.7,1106.4,1195.8,1156.2,6.8,316.9
260.1,1236.3,1709.3,2188.0,994.1,84.8
284.4,492.9,959.7,2556.5,983.5,9.4
366.9,4.4,10.5,2604.7,1660.1,548.7
464.4,2.9,7.0,2991.8,1940.9,540.1
660.6,2.9,7.0,874.1,2169.7,905.9
511.8,184.4,360.6,465.2,2644.3,1394.4
207.3,267.4,925.0,2721.6,3532.3,1670.6
473.0,643.1,659.0,1851.1,2176.1,1722.5
589.0,1438.4,1645.8,628.0,2294.6,1665.9
525.8,996.9,900.1,459.2,3026.1,1073.5
286.3,371.9,503.5,445.7,6654.7,1127.1
382.7,724.9,1236.2,378.5,6410.1,1253.6
291.5,655.2,1142.5,537.1,3885.7,1880.7
147.3,183.1,356.0,359.4,2017.1,1937.1
313.0,190.7,370.7,374.3,1878.3,1552.8
122.1,0.0,1784.4,0.0,0.0,223.9
0.0,0.0,1761.4,0.0,0.0,0.0
0.0,113.6,1910.9,1801.4,0.0,0.0
0.0,573.2,1879.2,1778.1,380.8,0.0
36.4,440.9,1568.5,1907.5,927.7,119.0
197.5,5.9,1046.3,1669.8,1761.3,319.2
211.4,29.3,1090.4,1531.2,1744.7,393.1
63.3,26.4,1394.4,1105.0,2026.0,384.9
746.3,24.9,1352.5,1057.2,1442.4,376.6
705.8,11.7,1391.9,1282.2,1570.9,37.5
735.3,0.0,1353.0,1308.9,1602.9,0.0
571.9,0.0,795.2,814.2,1017.6,0.0
0.0,0.0,0.0,0.0,0.0,0.0
0.0,0.0,0.0,0.0,0.0,0.0
0.0,0.0,0.0,0.0,0.0,0.0
0.0,0.0,0.0,0.0,0.0,0.0
0.0,0.0,0.0,0.0,0.0,0.0
0.0,0.0,0.0,0.0,0.0,0.0
0.0,0.0,0.0,0.0,0.0,0.0
0.0,0.0,0.0,0.0,0.0,0.0
0.0,0.0,0.0,0.0,0.0,0.0
0.0,0.0,0.0,0.0,0.0,0.0
0.0,0.0,0.0,0.0,0.0,0.0
0.0,0.0,0.0,0.0,0.0,0.0
0.0,0.0,0.0,0.0,0.0,0.0
0.0,0.0,0.0,0.0,0.0,0.0
0.0,0.0,0.0,0.0,0.0,0.0
0.0,0.0,0.0,0.0,0.0,0.0
0.0,0.0,0.0,0.0,0.0,0.0
0.0,0.0,0.0,0.0,0.0,0.0
0.0,0.0,0.0,0.0,0.0,0.0
0.0,0.0,0.0,0.0,0.0,0.0
0.0,0.0,0.0,0.0,0.0,0.0
0.0,0.0,0.0,0.0,0.0,0.0
0.0,0.0,0.0,0.0,0.0,0.0
0.0,0.0,0.0,0.0,0.0,0.0
0.0,0.0,0.0,0.0,0.0,0.0
0.0,0.0,0.0,0.0,0.0,0.0
0.0,0.0,0.0,0.0,0.0,0.0
0.0,0.0,0.0,0.0,0.0,0.0
0.0,0.0,0.0,0.0,0.0,0.0
0.0,0.0,0.0,0.0,0.0,0.0
0.0,0.0,0.0,0.0,0.0,0.0
0.0,0.0,0.0,0.0,0.0,0.0
0.0,0.0,0.0,0.0,0.0,0.0
0.0,0.0,0.0,0.0,0.0,0.0
0.0,0.0,0.0,0.0,0.0,0.0
0.0,0.0,0.0,0.0,0.0,0.0
0.0,0.0,0.0,0.0,0.0,0.0
0.0,0.0,0.0,0.0,0.0,0.0
0.0,0.0,0.0,0.0,0.0,0.0
0.0,0.0,0.0,0.0,0.0,0.0
0.0,0.0,0.0,0.0,0.0,0.0
0.0,0.0,0.0,0.0,0.0,0.0
0.0,0.0,0.0,0.0,480.3,381.7
285.7,11.9,19.0,0.0,435.5,109.9
236.2,167.8,188.2,0.0,0.0,269.7
209.8,295.7,155.7,0.0,0.0,200.8
1141.7,3360.4,48.8,0.0,0.0,0.0
948.4,3657.5,879.1,0.0,4651.9,0.0
972.4,3152.5,3215.5,0.0,6709.8,0.0
1059.6,1295.5,3941.7,55.7,6166.1,4985.4
1726.0,1708.3,1826.0,1128.1,1887.9,1940.1
1182.5,1398.8,1843.0,1705.2,1969.4,2117.5
1041.7,1335.6,1796.5,1908.1,2017.0,2117.6
1529.6,1350.3,1751.1,1838.0,1867.1,1880.4
1448.9,1326.5,1698.5,1820.3,1852.2,1798.4
1171.7,1679.2,1706.1,1766.7,1825.2,1796.0
1109.1,1671.1,1731.6,1724.0,1856.0,1853.0
1323.6,1587.4,1706.0,1705.2,1921.3,1701.3
4198.0,2769.0,7386.4,6703.6,10551.2,6800.8
3055.5,2235.3,5611.9,5863.4,8565.2,6602.5
2904.3,2204.5,4659.9,6512.7,8645.0,5817.0
1149.9,479.1,1149.9,2964.7,3015.8,1533.2
2978.5,1241.0,2978.5,2482.1,4432.7,3971.3
1466.4,1468.8,1466.4,1222.0,3679.9,1955.2
682.2,1264.6,682.2,568.5,1673.8,909.6
70.3,998.4,70.3,58.6,1052.1,93.8
939.3,935.4,407.9,339.9,1374.7,543.9
3057.9,1630.7,3224.6,3183.9,3441.8,3311.6
2391.8,1383.8,3354.3,3348.7,3912.1,3459.8
2022.0,2975.9,3221.3,3087.6,3435.7,3107.9
802.8,2809.3,2832.3,3014.6,4643.6,2630.5
486.6,2504.9,2106.5,3012.8,7315.9,1306.5
516.1,2415.6,1213.2,3181.2,5806.0,3601.2
7.0,996.5,7.0,679.9,979.6,5034.5
1097.1,1435.6,2021.4,1590.9,2056.0,2070.9
1758.2,3359.3,2541.9,5069.5,2695.1,2944.1
3044.2,3171.5,2667.9,2942.9,2936.8,5502.1
2479.4,1389.8,4054.2,2467.8,2064.3,4444.4
1716.3,713.4,5285.5,4356.4,1701.0,3974.8
73.8,30.8,73.8,61.5,71.4,98.5
70.3,29.3,70.3,58.6,68.0,93.8
87.9,36.6,87.9,73.3,85.0,117.2
130.1,54.2,130.1,108.4,125.8,631.4
314.6,488.9,568.4,1028.1,895.0,1705.1
313.4,487.5,547.9,713.6,941.4,1996.3
653.9,625.5,557.8,695.8,954.8,1512.2
855.0,932.6,558.5,672.1,867.2,1114.6
1185.7,653.9,1047.5,8.8,10.2,2094.0
936.7,442.2,1099.4,5.9,418.9,1271.9
667.5,520.2,926.0,5.9,1424.4,1456.1
846.0,472.4,907.8,8.8,1164.0,1600.9
827.6,177.4,902.4,8.8,975.8,2108.1
814.2,537.8,995.9,61.5,1299.4,1278.2
0.0,0.0,0.0,0.0,0.0,0.0
0.0,0.0,0.0,0.0,0.0,0.0
0.0,0.0,0.0,0.0,0.0,0.0
0.0,0.0,0.0,0.0,0.0,0.0
0.0,0.0,0.0,0.0,0.0,0.0
0.0,0.0,0.0,0.0,0.0,0.0
0.0,0.0,0.0,0.0,0.0,0.0
0.0,0.0,0.0,0.0,0.0,0.0
0.0,0.0,0.0,0.0,0.0,0.0
0.0,0.0,0.0,0.0,0.0,0.0
0.0,0.0,0.0,0.0,0.0,0.0
0.0,0.0,0.0,0.0,0.0,0.0
0.0,0.0,0.0,0.0,0.0,0.0
0.0,0.0,0.0,0.0,0.0,0.0
0.0,0.0,0.0,0.0,0.0,0.0
0.0,0.0,0.0,0.0,0.0,0.0
0.0,0.0,0.0,0.0,0.0,0.0
0.0,0.0,0.0,0.0,0.0,0.0
0.0,0.0,0.0,0.0,0.0,0.0
0.0,0.0,0.0,0.0,0.0,0.0
0.0,0.0,0.0,0.0,0.0,0.0
0.0,0.0,0.0,0.0,0.0,0.0
0.0,0.0,0.0,0.0,0.0,0.0
0.0,0.0,0.0,0.0,0.0,0.0
0.0,0.0,0.0,0.0,0.0,0.0
0.0,0.0,0.0,0.0,0.0,0.0
0.0,0.0,0.0,0.0,0.0,0.0
0.0,0.0,0.0,0.0,0.0,0.0
0.0,0.0,0.0,0.0,0.0,0.0
0.0,0.0,0.0,0.0,0.0,0.0
0.0,0.0,0.0,0.0,0.0,0.0
0.0,0.0,0.0,0.0,0.0,0.0
0.0,0.0,0.0,0.0,0.0,0.0
0.0,0.0,0.0,0.0,0.0,0.0
0.0,0.0,0.0,0.0,0.0,0.0
0.0,0.0,0.0,0.0,0.0,0.0
0.0,0.0,0.0,0.0,0.0,0.0
0.0,0.0,0.0,0.0,0.0,0.0
0.0,0.0,0.0,0.0,0.0,0.0
0.0,0.0,0.0,0.0,0.0,0.0
0.0,0.0,0.0,0.0,0.0,0.0
0.0,0.0,0.0,0.0,0.0,0.0
0.0,0.0,0.0,0.0,0.0,0.0
0.0,0.0,0.0,0.0,0.0,0.0
0.0,0.0,0.0,0.0,0.0,0.0
618.9,499.6,0.0,0.0,2259.5,0.0
617.7,580.5,388.0,575.6,850.9,365.1
445.3,646.0,364.0,640.7,939.4,342.5
442.0,681.8,355.4,623.2,941.1,334.5
442.8,1015.8,357.7,1048.1,3243.0,336.6
453.3,1101.7,381.9,1894.3,4049.7,359.3
433.1,1247.0,320.1,2651.9,1534.7,301.2
424.6,1137.3,307.3,1656.0,1523.8,1069.6
437.9,1249.4,341.9,1503.0,1354.0,1522.1
471.9,679.0,836.9,1946.9,1477.4,996.2
535.4,738.0,1067.3,1534.5,1382.4,1150.6
526.5,722.4,751.4,836.4,791.0,780.6
465.7,551.8,559.7,563.1,579.6,570.5
491.5,551.2,555.7,557.6,567.1,567.4
440.6,559.7,583.3,595.4,649.1,462.4
437.1,554.4,567.4,574.1,604.1,553.5
597.3,597.3,597.3,597.3,597.3,597.3
597.3,597.3,597.3,597.3,597.3,597.3
420.1,602.4,629.6,645.0,717.8,569.0
474.6,603.8,618.5,624.4,659.1,603.6
423.9,479.3,483.9,486.7,499.0,477.8
420.4,479.3,484.5,487.8,501.1,477.6
475.1,475.1,475.1,475.1,475.1,475.1
462.2,476.1,477.3,478.0,480.9,476.0
313.3,313.3,313.3,313.3,313.3,313.3
313.3,313.3,313.3,313.3,313.3,313.3
166.0,332.5,344.0,351.6,354.5,331.4
144.1,324.0,362.7,375.1,333.3,340.8
130.0,173.8,264.9,273.8,245.7,248.0
107.6,143.8,282.9,296.3,248.6,257.0
118.1,157.9,283.9,266.5,252.2,257.6
133.7,178.7,279.8,233.3,254.2,256.4
122.0,122.0,122.0,122.0,122.0,122.0
122.0,122.0,122.0,122.0,122.0,122.0
122.0,122.0,122.0,122.0,122.0,122.0
120.0,122.0,122.7,122.2,122.4,122.5
40.8,40.8,40.8,40.8,40.8,40.8
40.8,40.8,40.8,40.8,40.8,40.8
40.8,40.8,40.8,40.8,40.8,40.8
43.5,26.4,43.5,42.3,43.3,46.0
0.0,0.0,0.0,0.0,0.0,0.0
0.0,0.0,0.0,0.0,0.0,0.0
0.0,0.0,0.0,0.0,0.0,0.0
0.0,0.0,0.0,0.0,0.0,0.0
0.0,0.0,0.0,0.0,0.0,0.0
0.0,0.0,0.0,0.0,0.0,0.0
0.0,0.0,0.0,0.0,0.0,0.0
0.0,0.0,0.0,0.0,0.0,0.0
0.0,0.0,0.0,0.0,0.0,0.0
0.0,0.0,0.0,0.0,0.0,0.0
0.0,0.0,0.0,0.0,0.0,0.0
0.0,0.0,0.0,0.0,0.0,0.0
0.0,0.0,0.0,0.0,0.0,0.0
0.0,0.0,0.0,0.0,0.0,0.0
0.0,0.0,0.0,0.0,0.0,0.0
0.0,0.0,0.0,0.0,0.0,0.0
0.0,0.0,0.0,0.0,0.0,0.0
0.0,0.0,0.0,0.0,0.0,0.0
0.0,0.0,0.0,0.0,0.0,0.0
0.0,0.0,0.0,0.0,0.0,0.0
0.0,0.0,0.0,0.0,0.0,0.0
0.0,0.0,0.0,0.0,0.0,0.0
0.0,0.0,0.0,0.0,0.0,0.0
0.0,0.0,0.0,0.0,0.0,0.0
0.0,0.0,0.0,0.0,0.0,0.0
0.0,0.0,0.0,0.0,0.0,0.0
0.0,0.0,0.0,0.0,0.0,0.0
0.0,0.0,0.0,0.0,0.0,0.0
0.0,0.0,0.0,0.0,0.0,0.0
0.0,0.0,0.0,0.0,0.0,0.0
0.0,0.0,0.0,0.0,0.0,0.0
0.0,0.0,0.0,0.0,0.0,0.0
0.0,0.0,0.0,0.0,0.0,0.0
0.0,0.0,0.0,0.0,0.0,0.0
0.0,0.0,0.0,0.0,0.0,0.0
0.0,0.0,0.0,0.0,0.0,0.0
0.0,0.0,0.0,0.0,0.0,0.0
0.0,0.0,0.0,0.0,0.0,0.0
0.0,0.0,0.0,0.0,0.0,0.0
0.0,0.0,0.0,0.0,0.0,0.0
0.0,0.0,0.0,0.0,0.0,0.0
0.0,0.0,0.0,0.0,0.0,0.0
0.0,0.0,0.0,0.0,0.0,0.0
0.0,0.0,0.0,0.0,0.0,0.0
0.0,0.0,0.0,0.0,0.0,0.0
0.0,0.0,0.0,0.0,0.0,0.0
0.0,0.0,0.0,0.0,0.0,0.0
0.0,0.0,0.0,0.0,0.0,0.0
0.0,0.0,0.0,0.0,0.0,0.0
0.0,0.0,0.0,0.0,0.0,0.0
0.0,0.0,0.0,0.0,0.0,0.0
0.0,0.0,0.0,0.0,0.0,0.0
0.0,0.0,0.0,0.0,0.0,0.0
0.0,0.0,0.0,0.0,0.0,0.0
0.0,0.0,0.0,0.0,0.0,0.0
0.0,0.0,0.0,0.0,0.0,0.0
51.3,51.3,51.3,51.3,51.3,51.3
51.3,51.3,51.3,51.3,51.3,51.3
51.3,51.3,51.3,51.3,51.3,51.3
51.3,51.3,51.3,51.3,51.3,51.3
984.5,1329.0,2028.3,1610.9,2582.1,1958.4
982.8,1315.9,1953.4,2080.6,2272.1,1888.4
1022.0,1492.8,1968.8,1927.5,2229.3,1852.8
1196.6,1769.3,1858.6,1834.1,2016.5,1818.0
242.9,242.9,242.9,242.9,242.9,242.9
242.9,242.9,242.9,242.9,242.9,242.9
242.9,242.9,242.9,242.9,242.9,242.9
242.9,242.9,242.9,242.9,242.9,242.9
1548.9,2128.5,3759.0,3518.2,6692.6,3012.2
1514.4,2169.0,3778.8,3876.2,6593.2,3246.7
1633.6,2237.4,4081.1,4210.7,7197.2,3587.5
1444.8,1956.3,3523.6,3668.5,6198.4,3200.6
1621.1,1955.4,2008.1,2009.0,2086.1,1994.8
1473.7,1950.6,2035.5,2043.2,2165.8,2005.6
1476.7,1981.5,2022.7,2033.1,2155.4,2005.0
1425.7,1960.9,2040.2,2053.2,2178.9,2015.6
1438.5,1973.2,3195.0,2966.9,3618.9,2755.8
1492.9,2028.2,2981.6,2928.7,3727.4,2789.6
1498.0,2107.3,2935.9,2964.7,3637.9,2804.5
1492.3,2489.9,2871.0,2897.5,3451.9,2745.7
1366.7,1366.7,1366.7,1366.7,1366.7,1366.7
1366.7,1366.7,1366.7,1366.7,1366.7,1366.7
1366.7,1366.7,1366.7,1366.7,1366.7,1366.7
1366.7,1366.7,1366.7,1366.7,1366.7,1366.7
1065.8,1065.8,1065.8,1065.8,1065.8,1065.8
1065.8,1065.8,1065.8,1065.8,1065.8,1065.8
1065.8,1065.8,1065.8,1065.8,1065.8,1065.8
1065.8,1065.8,1065.8,1065.8,1065.8,1065.8
955.2,955.2,955.2,955.2,955.2,955.2
955.2,955.2,955.2,955.2,955.2,955.2
955.2,955.2,955.2,955.2,955.2,955.2
834.2,963.0,975.8,982.7,993.7,982.0
477.0,883.5,976.3,969.1,999.2,939.9
556.7,517.5,988.7,1114.5,1087.6,979.9
657.9,186.6,988.0,1093.2,1222.5,1096.8
533.9,226.6,1003.2,1178.0,1195.6,1107.6
309.3,233.4,1017.8,1127.7,1260.5,1051.4
158.5,185.8,1152.9,1235.0,1072.7,1195.1
83.6,30.8,73.8,2102.9,170.3,2538.6
237.3,133.3,233.7,270.0,270.0,245.8
0.0,0.0,0.0,0.0,0.0,0.0
0.0,0.0,0.0,0.0,0.0,0.0
0.0,0.0,0.0,0.0,0.0,0.0
0.0,0.0,0.0,0.0,0.0,0.0
0.0,0.0,0.0,0.0,0.0,0.0
0.0,0.0,0.0,0.0,0.0,0.0
0.0,0.0,0.0,0.0,0.0,0.0
0.0,0.0,0.0,0.0,0.0,0.0
0.0,0.0,0.0,0.0,0.0,0.0
0.0,0.0,0.0,0.0,0.0,0.0
0.0,0.0,0.0,0.0,0.0,0.0
0.0,0.0,0.0,0.0,0.0,0.0
0.0,0.0,0.0,0.0,0.0,0.0
0.0,0.0,0.0,0.0,0.0,0.0
0.0,0.0,0.0,0.0,0.0,0.0
0.0,0.0,0.0,0.0,0.0,0.0
0.0,0.0,0.0,0.0,0.0,0.0
0.0,0.0,0.0,0.0,0.0,0.0
0.0,0.0,0.0,0.0,0.0,0.0
0.0,0.0,0.0,0.0,0.0,0.0
0.0,0.0,0.0,0.0,0.0,0.0
0.0,0.0,0.0,0.0,0.0,0.0
0.0,0.0,0.0,0.0,0.0,0.0
0.0,0.0,0.0,0.0,0.0,0.0
0.0,0.0,0.0,0.0,0.0,0.0
0.0,0.0,0.0,0.0,0.0,0.0
0.0,0.0,0.0,0.0,0.0,0.0
0.0,0.0,0.0,0.0,0.0,0.0
0.0,0.0,0.0,0.0,0.0,0.0
0.0,0.0,0.0,0.0,0.0,0.0
0.0,0.0,0.0,0.0,0.0,0.0
0.0,0.0,0.0,0.0,0.0,0.0
0.0,0.0,0.0,0.0,0.0,0.0
0.0,0.0,0.0,0.0,0.0,0.0
0.0,0.0,0.0,0.0,0.0,0.0
0.0,0.0,0.0,0.0,0.0,0.0
0.0,0.0,0.0,0.0,0.0,0.0
0.0,0.0,0.0,0.0,0.0,0.0
0.0,0.0,0.0,0.0,0.0,0.0
0.0,0.0,0.0,0.0,0.0,0.0
0.0,0.0,0.0,0.0,0.0,0.0
0.0,0.0,0.0,0.0,0.0,0.0
0.0,0.0,0.0,0.0,0.0,0.0
0.0,0.0,0.0,0.0,0.0,0.0
0.0,0.0,0.0,0.0,0.0,0.0
0.0,0.0,0.0,0.0,0.0,0.0
0.0,0.0,0.0,0.0,0.0,0.0
0.0,0.0,0.0,0.0,0.0,0.0
0.0,0.0,0.0,0.0,0.0,0.0
0.0,0.0,0.0,0.0,0.0,0.0
0.0,0.0,0.0,0.0,0.0,0.0
0.0,0.0,0.0,0.0,0.0,0.0
764.3,0.0,0.0,679.2,0.0,0.0
1034.1,795.9,357.4,1042.6,619.0,336.3
830.4,955.6,315.0,994.6,545.4,296.4
931.8,727.2,1570.6,1059.0,629.1,373.1
751.4,765.1,1867.3,994.0,507.5,332.6
682.4,705.2,1390.9,2230.9,905.6,336.2
429.8,962.3,1491.6,2554.6,1532.6,393.8
412.5,633.0,986.8,1994.0,1453.4,559.6
491.7,735.1,1068.6,2331.5,1802.4,754.5
442.1,674.1,346.6,1756.1,1591.8,633.7
165.6,671.2,344.6,1628.8,1584.6,634.1
168.0,718.5,436.7,1114.8,1744.1,719.6
149.6,674.5,355.0,1031.2,1586.4,651.0
176.7,661.6,346.7,1016.8,1527.0,1782.4
250.1,786.5,593.8,1275.0,1970.4,2331.0
163.7,712.7,601.4,1111.2,1724.5,1682.5
702.3,660.7,880.0,1006.6,1549.4,1721.4
938.7,1223.9,1984.5,1512.8,3450.8,2328.8
729.8,1137.0,1807.7,1276.4,3155.7,2047.3
463.7,722.9,1003.1,1159.8,1758.9,726.5
502.0,804.8,2657.4,1303.7,2031.8,873.9
391.7,675.8,1918.6,1053.1,1597.5,639.1
502.4,710.1,1630.1,1120.0,1689.7,739.5
482.7,282.3,1770.1,1143.6,849.0,766.7
133.5,175.1,1590.5,1043.8,588.2,355.5
153.8,213.1,1623.6,1100.8,692.0,376.0
137.1,699.9,1690.7,1052.0,617.2,335.4
126.3,675.9,1017.0,1020.8,568.2,308.8
185.5,757.0,482.1,2686.4,834.9,453.7
127.8,676.1,332.1,2047.5,590.2,312.5
117.0,659.7,304.0,1634.9,1559.5,1698.4
31.6,522.2,31.6,1470.0,3644.1,995.4
75.0,536.5,70.3,919.8,2840.2,698.5
351.0,515.1,28.1,698.1,2150.6,752.4
317.0,501.5,0.0,785.9,2322.4,662.6
318.2,497.7,0.0,695.4,2237.5,633.5
315.8,1273.4,0.0,0.0,2171.5,1055.4
314.6,1014.9,559.9,0.0,2354.9,965.2
318.2,822.6,1134.7,0.0,2195.9,318.2
548.3,767.2,1654.4,525.1,1875.0,830.7
578.7,29.3,1200.8,58.6,1071.0,408.4
557.4,26.4,2060.5,52.7,1049.1,402.5
865.9,600.7,926.3,845.2,883.2,878.7
482.2,70.3,3120.8,140.7,381.9,539.7
389.9,32.2,1554.7,2531.8,74.8,416.6
317.3,0.0,1282.6,1492.3,0.0,311.1
861.6,165.6,873.6,1102.7,1151.4,845.1
833.3,833.3,833.3,833.3,833.3,833.3
833.3,833.3,833.3,833.3,833.3,833.3
833.3,833.3,833.3,833.3,833.3,833.3
209.1,621.4,673.1,1375.6,1845.3,275.4
411.9,325.6,66.8,486.0,432.7,2917.4
0.0,0.0,0.0,0.0,0.0,0.0
0.0,0.0,0.0,0.0,0.0,0.0
0.0,0.0,0.0,0.0,0.0,0.0
0.0,0.0,0.0,0.0,0.0,0.0
0.0,0.0,0.0,0.0,0.0,0.0
0.0,0.0,0.0,0.0,0.0,0.0
0.0,0.0,0.0,0.0,0.0,0.0
0.0,0.0,0.0,0.0,0.0,0.0
0.0,0.0,0.0,0.0,0.0,0.0
0.0,0.0,0.0,0.0,0.0,0.0
0.0,0.0,0.0,0.0,0.0,0.0
0.0,0.0,0.0,0.0,0.0,0.0
0.0,0.0,0.0,0.0,0.0,0.0
0.0,0.0,0.0,0.0,0.0,0.0
0.0,0.0,0.0,0.0,0.0,0.0
0.0,0.0,0.0,0.0,0.0,0.0
0.0,0.0,0.0,0.0,0.0,0.0
0.0,0.0,0.0,0.0,0.0,0.0
0.0,0.0,0.0,0.0,0.0,0.0
0.0,0.0,0.0,0.0,0.0,0.0
0.0,0.0,0.0,0.0,0.0,0.0
0.0,0.0,0.0,0.0,0.0,0.0
0.0,0.0,0.0,0.0,0.0,0.0
0.0,0.0,0.0,0.0,0.0,0.0
0.0,0.0,0.0,0.0,0.0,0.0
0.0,0.0,0.0,0.0,0.0,0.0
0.0,0.0,0.0,0.0,0.0,0.0
0.0,0.0,0.0,0.0,0.0,0.0
0.0,0.0,0.0,0.0,0.0,0.0
0.0,0.0,0.0,0.0,0.0,0.0
0.0,0.0,0.0,0.0,0.0,0.0
0.0,0.0,0.0,0.0,0.0,0.0
0.0,0.0,0.0,0.0,0.0,0.0
0.0,0.0,0.0,0.0,0.0,0.0
0.0,0.0,0.0,0.0,0.0,0.0
0.0,0.0,0.0,0.0,0.0,0.0
0.0,0.0,0.0,0.0,0.0,0.0
0.0,0.0,0.0,0.0,0.0,0.0
0.0,0.0,0.0,0.0,0.0,0.0
0.0,0.0,0.0,0.0,0.0,0.0
0.0,0.0,0.0,0.0,0.0,0.0
0.0,0.0,0.0,0.0,0.0,0.0
0.0,0.0,0.0,0.0,0.0,0.0
0.0,0.0,0.0,0.0,0.0,0.0
1098.9,1098.9,1098.9,1098.9,1098.9,1098.9
1099.4,1085.5,1100.2,1102.1,1106.3,1099.9
1099.2,1099.0,1099.5,1100.6,1102.8,1092.5
1114.9,881.6,804.5,1226.8,1383.4,1182.2
1257.0,1431.9,577.8,2481.5,4396.9,2647.9
1414.6,1947.7,1347.0,3299.0,5043.8,2975.6
1405.6,1927.2,1855.7,3538.6,4744.2,2919.5
1397.5,1966.9,1560.2,3569.2,5046.3,2992.2
1454.4,1991.7,1779.2,3684.4,5103.7,3096.7
1395.7,1956.1,1588.6,3581.8,4787.3,2929.3
1418.3,1964.6,2079.4,3528.0,5073.8,3066.5
1557.1,2089.5,2382.0,3800.6,5236.4,3276.7
1476.5,2057.6,2257.5,3708.3,5060.9,3137.1
1448.4,2045.8,2201.6,3698.5,5973.3,3213.7
1475.0,2047.4,2264.7,3734.0,6070.0,3177.3
1437.6,2061.9,1801.5,3654.7,5990.7,3060.5
309.9,2050.1,2966.5,681.8,972.8,308.7
311.1,2304.0,4031.2,681.8,969.1,307.5
308.7,2074.7,3618.3,687.0,965.3,311.1
307.5,2073.8,3656.1,674.0,969.1,311.1
1677.2,1978.1,3370.0,3620.8,8491.5,2977.8
2058.0,1969.9,3489.7,3579.6,7879.0,3002.0
1844.5,1934.8,3407.4,3746.2,6613.8,3094.2
1512.8,1963.6,3353.6,4110.0,6219.9,2850.6
1545.4,1943.2,3540.0,5188.7,7661.9,2695.3
280.4,1543.8,3619.1,4894.3,991.7,2985.1
0.0,1699.9,3814.8,4298.8,999.2,3002.7
0.0,1705.1,3966.5,4309.1,980.4,3285.4
0.0,1724.8,3707.5,4827.1,972.8,3598.7
1108.8,1794.0,3456.4,4014.1,4163.0,4134.4
808.4,2326.8,3575.4,3693.3,1842.5,3896.1
1356.3,2077.7,3458.8,3635.0,1756.9,3140.2
0.0,0.0,559.9,0.0,987.9,0.0
0.0,0.0,555.7,0.0,984.2,0.0
0.0,0.0,551.5,0.0,995.5,0.0
0.0,0.0,568.4,0.0,995.5,0.0
0.0,0.0,504.8,0.0,987.9,0.0
0.0,0.0,0.0,0.0,980.4,0.0
0.0,0.0,0.0,0.0,1010.5,0.0
42.2,17.6,42.2,35.2,938.2,56.3
76.3,29.3,70.3,58.6,68.0,93.8
232.2,5.9,14.1,11.7,13.6,18.8
136.8,0.0,0.0,0.0,4863.2,0.0
9.8,0.0,0.0,1784.7,3205.5,0.0
9.2,367.6,0.0,1390.5,3232.7,0.0
9.2,465.7,0.0,700.3,3824.7,0.0
833.3,833.3,833.3,833.3,833.3,833.3
174.5,493.9,93.1,803.3,3350.7,84.4
52.7,493.3,886.2,1338.4,1929.2,300.1
73.8,505.9,757.6,1409.5,1796.5,456.7
49.2,503.2,98.1,1869.1,963.5,1517.0
119.6,530.6,165.7,1560.5,1187.1,1085.9
0.0,0.0,0.0,0.0,0.0,0.0
0.0,0.0,0.0,0.0,0.0,0.0
0.0,0.0,0.0,0.0,0.0,0.0
0.0,0.0,0.0,0.0,0.0,0.0
0.0,0.0,0.0,0.0,0.0,0.0
0.0,0.0,0.0,0.0,0.0,0.0
0.0,0.0,0.0,0.0,0.0,0.0
0.0,0.0,0.0,0.0,0.0,0.0
0.0,0.0,0.0,0.0,0.0,0.0
0.0,0.0,0.0,0.0,0.0,0.0
0.0,0.0,0.0,0.0,0.0,0.0
0.0,0.0,0.0,0.0,0.0,0.0
0.0,0.0,0.0,0.0,0.0,0.0
0.0,0.0,0.0,0.0,0.0,0.0
0.0,0.0,0.0,0.0,0.0,0.0
0.0,0.0,0.0,0.0,0.0,0.0
0.0,0.0,0.0,0.0,0.0,0.0
0.0,0.0,0.0,0.0,0.0,0.0
0.0,0.0,0.0,0.0,0.0,0.0
0.0,0.0,0.0,0.0,0.0,0.0
0.0,0.0,0.0,0.0,0.0,0.0
0.0,0.0,0.0,0.0,0.0,0.0
0.0,0.0,0.0,0.0,0.0,0.0
0.0,0.0,0.0,0.0,0.0,0.0
0.0,0.0,0.0,0.0,0.0,0.0
0.0,0.0,0.0,0.0,0.0,0.0
0.0,0.0,0.0,0.0,0.0,0.0
0.0,0.0,0.0,0.0,0.0,0.0
0.0,0.0,0.0,0.0,0.0,0.0
0.0,0.0,0.0,0.0,0.0,0.0
0.0,0.0,0.0,0.0,0.0,0.0
0.0,0.0,0.0,0.0,0.0,0.0
0.0,0.0,0.0,0.0,0.0,0.0
0.0,0.0,0.0,0.0,0.0,0.0
0.0,0.0,0.0,0.0,0.0,0.0
0.0,0.0,0.0,0.0,0.0,0.0
0.0,0.0,0.0,0.0,0.0,0.0
0.0,0.0,0.0,0.0,0.0,0.0
0.0,0.0,0.0,0.0,0.0,0.0
0.0,0.0,0.0,0.0,0.0,0.0
0.0,0.0,0.0,0.0,0.0,0.0
0.0,0.0,0.0,0.0,0.0,0.0
0.0,0.0,0.0,0.0,0.0,0.0
0.0,0.0,0.0,0.0,0.0,0.0
0.0,1429.4,0.0,0.0,2530.6,2922.8
0.0,588.1,0.0,2053.4,3434.4,1359.4
0.0,751.6,1649.2,1742.2,1696.8,1333.8
0.0,1125.3,1143.6,1634.7,1599.4,1670.8
17.6,851.9,1479.0,691.3,2988.5,1871.6
73.8,389.0,2261.9,727.8,2169.0,1065.0
35.2,609.4,1677.4,695.5,2120.9,1448.5
0.0,335.2,696.6,676.6,2089.4,923.1
192.2,584.4,1655.8,1170.4,2891.2,1379.1
192.6,641.1,1152.3,3995.6,2872.0,1393.2
202.6,1069.1,1163.4,2375.6,1903.6,1368.0
0.0,484.5,0.0,681.8,991.7,312.3
0.0,484.5,0.0,681.8,1003.0,311.1
0.0,0.0,0.0,0.0,0.0,0.0
1043.9,215.1,429.5,1126.3,698.0,427.6
858.8,241.8,482.9,1643.1,785.1,480.6
441.8,232.2,451.5,1113.7,781.9,424.9
589.5,193.2,375.6,1022.1,650.4,353.4
391.8,188.5,366.6,1023.2,634.8,345.0
417.4,230.4,448.0,1053.3,775.7,421.5
404.8,208.3,405.1,993.2,701.4,381.1
427.9,265.7,516.7,521.6,894.8,486.2
486.5,352.7,685.7,692.3,1187.4,645.2
141.6,163.3,323.0,321.1,537.7,314.9
201.4,204.5,410.9,402.4,657.7,414.2
178.9,1029.6,419.9,418.9,705.6,406.1
100.0,1117.8,259.8,262.3,449.9,244.5
131.8,1177.3,342.6,345.8,593.2,773.7
144.5,1199.9,375.5,379.0,650.2,665.6
101.8,1135.3,264.7,267.2,2106.1,563.6
134.0,1180.2,348.3,351.6,2601.6,643.5
143.9,1199.1,374.0,377.6,2649.9,666.6
100.6,1133.7,261.5,264.0,2259.0,561.9
203.5,1206.6,416.5,408.1,1674.2,735.3
193.0,1207.4,411.7,405.7,1680.4,721.7
303.3,1037.6,261.5,264.0,1463.4,558.3
446.5,679.1,349.0,352.3,1603.6,643.0
481.8,676.7,716.5,355.1,1608.3,646.8
723.6,635.5,822.6,1398.4,1457.9,557.4
752.2,689.2,973.9,1727.6,1617.1,639.5
755.6,865.2,897.1,922.9,910.7,648.4
722.4,876.0,927.2,974.6,939.3,560.5
793.8,852.8,876.4,884.2,885.8,707.0
823.4,850.8,870.0,847.3,877.8,730.7
741.3,879.9,959.3,863.0,979.9,576.6
760.6,681.9,992.3,885.0,1028.4,651.7
750.0,672.3,922.9,860.2,1165.1,629.5
721.3,634.3,949.8,858.0,1283.5,553.0
765.3,691.8,913.8,861.6,1112.8,654.8
757.1,437.1,971.5,874.9,1334.9,624.5
729.4,135.5,1061.5,880.3,1629.5,563.7
713.9,190.1,1256.1,977.5,1341.4,521.1
513.8,195.3,1384.4,1033.7,1475.3,397.4
468.8,154.6,1325.3,1001.6,1036.2,309.0
129.7,129.7,129.7,129.7,129.7,129.7
0.0,0.0,0.0,0.0,0.0,0.0
0.0,0.0,0.0,0.0,0.0,0.0
0.0,0.0,0.0,0.0,0.0,0.0
0.0,0.0,0.0,0.0,0.0,0.0
0.0,0.0,0.0,0.0,0.0,0.0
0.0,0.0,0.0,0.0,0.0,0.0
0.0,0.0,0.0,0.0,0.0,0.0
0.0,0.0,0.0,0.0,0.0,0.0
0.0,0.0,0.0,0.0,0.0,0.0
0.0,0.0,0.0,0.0,0.0,0.0
0.0,0.0,0.0,0.0,0.0,0.0
0.0,0.0,0.0,0.0,0.0,0.0
0.0,0.0,0.0,0.0,0.0,0.0
0.0,0.0,0.0,0.0,0.0,0.0
0.0,0.0,0.0,0.0,0.0,0.0
0.0,0.0,0.0,0.0,0.0,0.0
0.0,0.0,0.0,0.0,0.0,0.0
0.0,0.0,0.0,0.0,0.0,0.0
0.0,0.0,0.0,0.0,0.0,0.0
0.0,0.0,0.0,0.0,0.0,0.0
0.0,0.0,0.0,0.0,0.0,0.0
0.0,0.0,0.0,0.0,0.0,0.0
0.0,0.0,0.0,0.0,0.0,0.0
0.0,0.0,0.0,0.0,0.0,0.0
0.0,0.0,0.0,0.0,0.0,0.0
0.0,0.0,0.0,0.0,0.0,0.0
0.0,0.0,0.0,0.0,0.0,0.0
0.0,0.0,0.0,0.0,0.0,0.0
0.0,0.0,0.0,0.0,0.0,0.0
0.0,0.0,0.0,0.0,0.0,0.0
0.0,0.0,0.0,0.0,0.0,0.0
0.0,0.0,0.0,0.0,0.0,0.0
0.0,0.0,0.0,0.0,0.0,0.0
0.0,0.0,0.0,0.0,0.0,0.0
0.0,0.0,0.0,0.0,0.0,0.0
0.0,0.0,0.0,0.0,0.0,0.0
0.0,0.0,0.0,0.0,0.0,0.0
0.0,0.0,0.0,0.0,0.0,0.0
0.0,0.0,0.0,0.0,0.0,0.0
0.0,0.0,0.0,0.0,0.0,0.0
0.0,0.0,0.0,0.0,0.0,0.0
718.5,801.6,1246.1,1337.0,0.0,1233.4
814.3,1103.9,1175.0,1408.7,0.0,949.4
700.5,1037.6,1046.0,1816.4,0.0,514.9
593.1,1068.1,1126.1,1926.6,68.0,93.8
369.7,1198.7,1370.6,1798.0,57.8,79.7
314.6,1018.5,1009.0,1221.4,0.0,0.0
70.7,777.3,547.2,1323.3,0.0,0.0
0.0,503.4,0.0,1018.6,0.0,0.0
151.9,316.2,394.9,951.1,683.8,371.6
88.1,117.8,229.1,231.2,1520.4,215.5
98.9,132.2,257.1,259.5,2135.6,383.3
145.6,194.6,378.3,381.9,3591.7,668.2
132.3,138.0,276.4,271.6,3480.2,588.9
166.7,158.1,320.7,311.3,3304.5,639.3
159.5,200.3,392.1,393.4,3495.6,686.7
91.8,122.7,238.6,240.9,3682.3,536.8
100.8,134.7,261.9,264.4,3192.5,556.4
134.7,545.8,350.2,353.5,2560.6,644.1
95.6,616.0,248.4,250.7,656.3,304.4
105.0,389.2,272.8,275.4,472.4,256.7
127.4,170.2,331.0,837.1,573.2,540.1
112.5,140.7,275.6,947.8,469.2,568.7
407.5,174.4,352.4,685.6,556.5,514.8
473.9,180.2,359.8,354.5,585.3,357.9
260.3,140.1,272.4,275.0,471.7,256.3
112.0,149.6,291.0,293.7,503.8,273.8
112.9,151.0,293.5,296.3,508.3,276.2
106.6,142.5,277.1,279.7,479.8,260.7
112.6,150.4,292.5,295.3,506.6,275.3
108.4,144.9,281.8,284.5,488.0,265.2
108.5,145.1,282.1,284.8,1220.0,265.4
164.4,177.7,765.6,349.4,1554.8,351.1
172.3,168.8,890.2,332.4,1036.9,347.0
122.1,150.3,574.9,295.2,499.9,283.0
116.8,156.2,303.7,306.6,525.9,285.8
102.8,137.4,267.1,269.6,462.5,251.3
108.8,145.4,282.7,285.4,489.5,266.0
120.2,160.7,312.4,315.4,541.0,294.0
104.9,140.2,272.7,275.3,472.1,256.6
105.6,141.1,274.4,277.0,475.1,258.2
127.1,166.6,324.6,327.1,559.5,306.9
165.7,156.8,318.3,308.9,497.3,327.1
150.5,152.6,306.8,300.5,490.9,309.4
125.2,167.3,325.3,328.4,563.3,306.1
93.1,124.4,241.9,244.2,418.9,227.6
95.6,127.7,248.4,250.7,430.1,233.7
131.2,175.4,341.0,344.3,590.5,320.9
90.8,121.3,235.9,238.2,408.5,222.0
93.4,124.9,242.8,245.1,420.4,228.4
137.9,184.3,358.3,361.7,620.5,337.1
124.8,137.8,273.9,270.9,450.0,270.1
162.5,152.5,310.0,300.5,482.9,319.3
169.2,203.6,400.5,400.0,674.7,386.5
88.1,117.7,228.9,231.1,396.4,215.4
89.9,120.2,233.6,235.9,404.6,219.8
144.5,193.2,375.6,379.2,650.4,353.4
86.0,115.0,223.6,225.7,387.2,210.4
92.8,124.0,241.2,243.5,417.7,227.0
143.7,192.1,373.5,377.0,646.7,351.4
89.0,119.0,231.3,233.5,400.6,217.7
152.7,155.6,312.5,306.2,500.9,314.8
209.5,218.6,437.7,430.1,706.8,438.1
96.3,122.2,140.3,140.3,153.4,139.4
0.0,0.0,0.0,0.0,0.0,0.0
0.0,0.0,0.0,0.0,0.0,0.0
0.0,0.0,0.0,0.0,0.0,0.0
0.0,0.0,0.0,0.0,0.0,0.0
0.0,0.0,0.0,0.0,0.0,0.0
0.0,0.0,0.0,0.0,0.0,0.0
0.0,0.0,0.0,0.0,0.0,0.0
0.0,0.0,0.0,0.0,0.0,0.0
0.0,0.0,0.0,0.0,0.0,0.0
0.0,0.0,0.0,0.0,0.0,0.0
0.0,0.0,0.0,0.0,0.0,0.0
0.0,0.0,0.0,0.0,0.0,0.0
0.0,0.0,0.0,0.0,0.0,0.0
0.0,0.0,0.0,0.0,0.0,0.0
0.0,0.0,0.0,0.0,0.0,0.0
0.0,0.0,0.0,0.0,0.0,0.0
0.0,0.0,0.0,0.0,0.0,0.0
0.0,0.0,0.0,0.0,0.0,0.0
0.0,0.0,0.0,0.0,0.0,0.0
0.0,0.0,0.0,0.0,0.0,0.0
0.0,0.0,0.0,0.0,0.0,0.0
0.0,0.0,0.0,0.0,0.0,0.0
0.0,0.0,0.0,0.0,0.0,0.0
0.0,0.0,0.0,0.0,0.0,0.0
0.0,0.0,0.0,0.0,0.0,0.0
0.0,0.0,0.0,0.0,0.0,0.0
0.0,0.0,0.0,0.0,0.0,0.0
0.0,0.0,0.0,0.0,0.0,0.0
0.0,0.0,0.0,0.0,0.0,0.0
0.0,0.0,0.0,0.0,0.0,0.0
0.0,0.0,0.0,0.0,0.0,0.0
0.0,0.0,0.0,0.0,0.0,0.0
0.0,0.0,0.0,0.0,0.0,0.0
129.6,173.2,336.7,339.9,583.1,316.8
108.3,144.8,281.5,284.2,487.5,264.9
89.7,119.9,233.1,235.3,403.6,219.3
161.7,183.8,364.0,361.3,603.4,356.3
189.2,188.1,379.2,370.4,602.8,384.4
106.5,126.2,248.8,248.1,417.3,241.0
116.3,155.4,302.3,305.1,523.4,284.4
122.3,163.5,318.0,321.0,550.6,299.2
90.5,121.0,235.2,237.4,407.3,221.3
117.3,156.8,305.0,307.9,528.1,287.0
118.7,158.6,308.4,311.3,534.0,290.2
93.8,125.4,243.8,246.1,422.1,229.4
118.6,158.5,308.3,311.2,533.8,290.1
154.3,167.4,333.6,329.3,545.4,330.5
176.6,171.3,346.4,337.3,546.1,353.6
135.3,167.9,329.1,329.7,559.0,315.1
103.1,137.9,268.1,270.6,464.2,252.3
107.3,143.5,279.0,281.6,483.0,262.5
115.5,154.4,300.3,303.1,519.9,282.5
108.7,145.2,282.4,285.1,489.0,265.7
104.7,140.0,272.2,274.8,471.4,256.2
120.5,161.0,313.1,316.1,542.2,294.6
107.4,143.5,279.1,281.8,483.3,262.6
134.5,144.2,287.8,283.7,468.7,285.9
362.6,208.9,419.5,411.1,672.6,422.3
434.9,149.4,293.2,293.5,496.9,281.4
404.3,121.4,236.1,238.3,408.8,222.1
404.3,174.9,340.1,690.8,589.0,320.1
107.0,143.0,278.1,970.3,481.6,261.7
90.9,121.5,236.3,928.2,409.3,222.4
129.0,172.4,335.1,939.8,580.3,315.4
112.4,402.9,292.3,295.0,506.1,432.9
88.8,620.2,230.8,233.0,399.6,530.6
155.5,673.7,342.2,338.7,563.0,650.6
193.4,631.3,390.3,381.6,622.1,668.2
104.9,127.3,250.1,250.0,927.6,240.9
115.5,154.3,300.1,303.0,1522.7,282.4
121.9,162.9,316.8,319.9,1551.7,298.1
88.8,118.7,230.8,233.0,1274.4,217.1
111.0,148.4,572.7,291.3,499.6,271.5
109.6,146.6,849.1,287.7,493.4,268.1
102.8,137.4,831.4,269.8,462.7,251.4
111.2,148.6,781.0,291.7,500.4,271.9
147.8,162.0,322.4,318.6,528.6,318.5
177.0,171.9,347.6,338.5,548.1,354.6
124.3,153.2,300.6,301.0,509.8,288.4
108.5,145.0,282.0,284.6,488.2,265.3
99.8,133.5,259.5,262.0,449.4,244.2
113.5,151.8,295.1,297.9,511.0,277.7
110.6,147.9,287.5,290.3,497.9,270.6
93.1,124.5,242.1,244.4,419.2,227.8
125.3,167.5,325.7,328.8,564.0,306.5
111.1,148.5,288.7,291.4,499.9,271.6
129.0,140.1,279.1,275.6,456.4,276.4
194.9,195.9,394.2,385.5,628.8,398.5
126.9,153.5,301.8,301.6,509.2,290.9
88.8,118.8,230.9,233.1,399.9,217.3
120.1,160.5,312.1,315.1,540.5,293.7
119.4,159.6,310.3,313.2,537.3,291.9
90.8,121.3,235.9,238.2,408.5,222.0
106.8,142.7,277.5,280.2,480.6,261.1
133.8,178.8,347.7,351.0,602.1,327.2
91.5,122.3,237.8,240.0,411.7,223.7
146.8,163.8,250.3,249.6,300.9,249.1
0.0,0.0,0.0,0.0,0.0,0.0
0.0,0.0,0.0,0.0,0.0,0.0
0.0,0.0,0.0,0.0,0.0,0.0
0.0,0.0,0.0,0.0,0.0,0.0
0.0,0.0,0.0,0.0,0.0,0.0
0.0,0.0,0.0,0.0,0.0,0.0
0.0,0.0,0.0,0.0,0.0,0.0
0.0,0.0,0.0,0.0,0.0,0.0
0.0,0.0,0.0,0.0,0.0,0.0
0.0,0.0,0.0,0.0,0.0,0.0
0.0,0.0,0.0,0.0,0.0,0.0
0.0,0.0,0.0,0.0,0.0,0.0
0.0,0.0,0.0,0.0,0.0,0.0
0.0,0.0,0.0,0.0,0.0,0.0
0.0,0.0,0.0,0.0,0.0,0.0
0.0,0.0,0.0,0.0,0.0,0.0
0.0,0.0,0.0,0.0,0.0,0.0
0.0,0.0,0.0,0.0,0.0,0.0
0.0,0.0,0.0,0.0,0.0,0.0
0.0,0.0,0.0,0.0,0.0,0.0
0.0,0.0,0.0,0.0,0.0,0.0
0.0,0.0,0.0,0.0,0.0,0.0
0.0,0.0,0.0,0.0,0.0,0.0
0.0,0.0,0.0,0.0,0.0,0.0
0.0,0.0,0.0,0.0,0.0,0.0
0.0,0.0,0.0,0.0,0.0,0.0
0.0,0.0,0.0,0.0,0.0,0.0
0.0,0.0,0.0,0.0,0.0,0.0
0.0,0.0,0.0,0.0,0.0,0.0
0.0,0.0,0.0,0.0,0.0,0.0
0.0,0.0,0.0,0.0,0.0,0.0
0.0,0.0,0.0,0.0,0.0,0.0
88.8,118.7,230.8,691.8,399.6,217.1
129.6,173.2,336.7,339.9,583.1,316.8
104.1,139.1,270.5,273.1,468.4,254.5
88.2,117.9,229.2,231.4,396.9,215.7
125.9,168.3,327.3,330.4,1467.9,308.0
105.7,141.3,274.8,277.4,1490.2,258.6
89.1,119.1,231.6,233.8,1415.4,218.0
145.1,628.4,349.0,349.2,1258.3,335.3
451.7,669.8,329.6,320.3,516.9,337.7
444.0,647.8,279.4,276.5,459.7,275.4
440.4,498.6,320.7,323.8,555.3,301.8
299.6,121.6,743.4,238.7,409.5,504.1
105.2,140.6,843.9,276.0,473.4,574.2
125.3,167.5,896.3,328.8,564.0,623.4
98.7,132.0,632.1,259.1,444.4,450.1
107.7,143.9,279.8,282.5,484.5,263.3
125.5,167.8,326.3,329.4,565.0,307.0
108.7,135.7,265.8,266.4,452.1,254.2
175.3,166.4,337.6,327.8,528.2,346.7
168.6,189.7,376.3,373.0,621.9,369.2
99.3,132.7,258.1,260.5,446.9,242.8
92.7,123.9,240.9,243.2,417.2,226.7
139.6,186.6,362.7,366.2,628.1,341.3
101.8,136.1,264.7,267.2,458.3,249.0
93.2,124.6,242.2,244.5,419.4,227.9
138.4,184.9,359.6,363.0,622.7,338.4
105.0,140.3,272.8,275.4,472.4,256.7
101.8,129.6,253.2,254.4,433.1,241.1
203.1,203.6,409.8,400.7,653.2,414.6
152.1,167.7,333.4,329.7,547.7,328.9
90.2,120.6,234.5,236.7,406.0,220.6
114.0,152.4,296.3,299.1,513.0,278.8
124.8,166.8,324.3,327.4,561.5,305.1
89.3,119.3,232.1,234.3,401.8,218.4
111.7,149.3,290.4,293.2,502.8,273.2
126.3,168.8,328.3,331.4,568.5,308.9
90.9,121.5,236.3,238.6,409.3,222.4
121.0,155.3,303.3,304.9,519.8,288.1
191.8,191.7,386.0,377.3,614.7,390.8
138.3,146.0,292.0,287.3,473.3,291.3
111.7,149.3,290.4,293.2,502.8,273.2
111.1,148.5,288.7,291.4,499.9,271.6
106.1,141.8,275.8,278.4,477.6,259.5
108.2,144.6,281.1,283.8,486.8,264.5
109.1,145.9,283.7,286.4,491.2,266.9
105.5,141.0,274.2,276.8,474.9,258.0
184.6,142.7,277.5,280.2,480.6,261.1
428.0,150.0,431.7,294.5,505.1,274.5
486.4,160.0,893.6,315.3,506.6,335.0
476.2,166.1,900.1,326.8,539.4,330.0
197.9,149.5,867.6,293.4,503.3,273.5
89.1,119.1,386.5,233.8,401.1,218.0
118.4,282.7,307.7,481.7,532.8,289.5
114.3,658.0,297.0,994.5,514.2,279.4
88.2,623.1,229.2,926.1,396.9,215.7
120.3,673.6,312.7,1020.8,541.5,294.2
114.8,291.1,298.4,490.5,516.7,280.8
92.5,123.6,240.3,242.6,665.1,226.2
187.8,189.5,381.2,373.1,1619.6,384.9
169.3,181.0,187.2,187.2,200.3,187.2
0.0,0.0,0.0,0.0,0.0,0.0
0.0,0.0,0.0,0.0,0.0,0.0
0.0,0.0,0.0,0.0,0.0,0.0
0.0,0.0,0.0,0.0,0.0,0.0
0.0,0.0,0.0,0.0,0.0,0.0
0.0,0.0,0.0,0.0,0.0,0.0
0.0,0.0,0.0,0.0,0.0,0.0
0.0,0.0,0.0,0.0,0.0,0.0
0.0,0.0,0.0,0.0,0.0,0.0
0.0,0.0,0.0,0.0,0.0,0.0
0.0,0.0,0.0,0.0,0.0,0.0
0.0,0.0,0.0,0.0,0.0,0.0
0.0,0.0,0.0,0.0,0.0,0.0
0.0,0.0,0.0,0.0,0.0,0.0
0.0,0.0,0.0,0.0,0.0,0.0
0.0,0.0,0.0,0.0,0.0,0.0
0.0,0.0,0.0,0.0,0.0,0.0
0.0,0.0,0.0,0.0,0.0,0.0
0.0,0.0,0.0,0.0,0.0,0.0
0.0,0.0,0.0,0.0,0.0,0.0
0.0,0.0,0.0,0.0,0.0,0.0
0.0,0.0,0.0,0.0,0.0,0.0
0.0,0.0,0.0,0.0,0.0,0.0
0.0,0.0,0.0,0.0,0.0,0.0
0.0,0.0,0.0,0.0,0.0,0.0
0.0,0.0,0.0,0.0,0.0,0.0
0.0,0.0,0.0,0.0,0.0,0.0
0.0,0.0,0.0,0.0,0.0,0.0
0.0,0.0,0.0,0.0,0.0,0.0
0.0,0.0,0.0,0.0,0.0,0.0
0.0,0.0,0.0,0.0,0.0,0.0
0.0,0.0,0.0,0.0,0.0,0.0
0.0,0.0,0.0,0.0,0.0,0.0
0.0,0.0,0.0,0.0,0.0,0.0
0.0,0.0,0.0,0.0,0.0,0.0
0.0,0.0,0.0,0.0,0.0,0.0
407.7,633.2,245.1,937.0,424.4,230.6
406.0,624.3,231.5,931.0,400.8,217.8
487.9,391.3,396.7,1089.6,662.7,385.7
286.9,159.8,324.0,576.5,695.7,332.4
109.1,129.6,255.4,254.7,1431.7,247.2
127.6,170.5,331.6,334.7,1588.5,312.0
110.6,147.8,287.4,290.1,1508.2,270.4
89.8,120.0,233.3,235.6,784.9,219.6
121.4,162.3,421.6,318.6,546.4,296.9
119.2,159.3,874.0,312.8,536.5,291.5
92.6,123.8,811.2,242.9,416.7,226.4
119.0,159.1,877.8,312.4,535.8,291.1
132.9,164.8,537.3,323.6,548.6,309.5
165.6,156.7,318.0,308.6,496.8,326.8
150.3,168.5,334.3,331.3,551.9,328.3
110.1,147.1,286.1,288.8,495.4,269.2
110.0,147.0,285.8,288.5,494.9,268.9
116.0,155.1,301.5,304.4,522.2,283.7
110.7,148.0,287.8,290.6,498.4,270.8
109.5,146.3,284.5,287.2,492.7,267.7
114.0,152.4,296.4,299.2,513.2,278.9
110.1,147.1,286.1,288.8,495.4,269.2
104.8,140.1,272.4,275.0,471.7,256.3
192.6,192.7,388.0,379.3,618.1,392.7
161.2,170.2,340.2,334.8,551.4,339.4
95.2,127.3,247.5,249.9,428.6,232.9
126.8,169.4,329.4,332.6,570.4,310.0
113.5,151.8,295.1,297.9,511.0,277.7
92.1,123.2,239.5,241.8,414.7,225.3
127.7,170.7,331.9,335.0,574.6,312.3
113.5,151.8,295.1,297.9,511.0,277.7
91.9,122.9,238.9,241.2,413.7,224.8
123.7,165.4,321.6,324.6,556.8,302.6
177.8,185.9,372.1,365.7,601.3,372.2
158.8,150.8,305.9,297.0,478.6,314.0
111.7,149.3,290.4,293.2,502.8,273.2
132.8,177.5,345.2,348.4,597.7,324.8
90.8,121.3,235.9,238.2,408.5,222.0
102.9,137.6,267.5,270.1,463.2,251.7
140.3,187.5,364.6,368.1,631.3,343.1
91.8,122.7,238.6,240.9,413.2,224.5
100.2,134.0,260.5,263.0,451.1,245.1
135.6,181.2,352.3,355.7,610.1,331.5
136.9,144.2,288.4,283.7,467.1,287.9
165.8,213.5,318.5,309.2,497.8,327.3
135.0,681.2,339.7,341.7,582.9,322.4
103.3,647.1,268.5,348.8,465.0,252.7
100.1,641.0,260.2,960.0,450.6,244.9
159.3,414.5,322.1,1025.1,557.8,303.1
426.7,146.7,285.2,985.3,493.9,268.4
414.9,129.3,251.5,596.1,435.5,236.7
441.9,166.9,324.6,327.7,562.0,305.4
260.6,140.4,272.9,275.5,472.6,256.8
133.3,145.8,353.7,286.7,475.4,286.8
202.6,206.1,984.7,405.7,663.4,417.3
110.5,131.5,831.7,258.4,435.2,250.7
105.6,141.1,844.9,277.0,475.1,293.5
130.8,174.8,619.8,343.1,588.5,636.8
94.1,125.8,244.6,247.0,423.6,548.3
111.1,148.5,171.6,171.8,191.3,189.8
0.0,0.0,0.0,0.0,0.0,0.0
0.0,0.0,0.0,0.0,0.0,0.0
0.0,0.0,0.0,0.0,0.0,0.0
0.0,0.0,0.0,0.0,0.0,0.0
0.0,0.0,0.0,0.0,0.0,0.0
0.0,0.0,0.0,0.0,0.0,0.0
0.0,0.0,0.0,0.0,0.0,0.0
0.0,0.0,0.0,0.0,0.0,0.0
0.0,0.0,0.0,0.0,0.0,0.0
0.0,0.0,0.0,0.0,0.0,0.0
0.0,0.0,0.0,0.0,0.0,0.0
0.0,0.0,0.0,0.0,0.0,0.0
0.0,0.0,0.0,0.0,0.0,0.0
0.0,0.0,0.0,0.0,0.0,0.0
0.0,0.0,0.0,0.0,0.0,0.0
0.0,0.0,0.0,0.0,0.0,0.0
0.0,0.0,0.0,0.0,0.0,0.0
0.0,0.0,0.0,0.0,0.0,0.0
0.0,0.0,0.0,0.0,0.0,0.0
0.0,0.0,0.0,0.0,0.0,0.0
0.0,0.0,0.0,0.0,0.0,0.0
0.0,0.0,0.0,0.0,0.0,0.0
0.0,0.0,0.0,0.0,0.0,0.0
0.0,0.0,0.0,0.0,0.0,0.0
0.0,0.0,0.0,0.0,0.0,0.0
0.0,0.0,0.0,0.0,0.0,0.0
0.0,0.0,0.0,0.0,0.0,0.0
0.0,0.0,0.0,0.0,0.0,0.0
0.0,0.0,0.0,0.0,0.0,0.0
0.0,0.0,0.0,0.0,0.0,0.0
0.0,0.0,0.0,0.0,0.0,0.0
0.0,0.0,0.0,0.0,0.0,0.0
0.0,0.0,0.0,0.0,0.0,0.0
0.0,0.0,0.0,0.0,0.0,0.0
0.0,0.0,0.0,0.0,0.0,0.0
0.0,0.0,0.0,0.0,0.0,0.0
111.8,654.8,859.1,293.4,503.3,273.5
116.8,352.2,524.1,503.5,525.6,285.6
88.9,118.8,231.1,930.6,686.7,217.4
117.2,156.6,304.5,1004.8,1541.7,286.6
208.8,159.3,309.8,1007.5,1550.8,291.5
405.6,118.5,230.3,502.1,1409.4,216.7
427.7,148.0,287.8,290.6,890.5,270.8
444.3,171.7,333.9,337.0,578.1,314.1
278.0,149.5,302.8,294.5,475.9,309.7
162.8,162.6,327.6,320.2,521.5,331.7
131.8,176.2,342.6,345.8,593.2,322.4
93.9,125.4,243.9,246.2,422.4,319.1
93.6,125.2,243.4,245.7,421.4,546.0
139.1,185.9,361.5,364.9,625.9,657.1
94.9,126.8,246.6,249.0,427.1,547.9
89.3,119.3,232.1,234.3,401.8,340.9
140.0,187.1,363.9,367.3,630.1,342.4
98.5,131.6,255.9,258.4,443.2,240.8
148.9,147.3,297.0,290.0,471.3,301.6
200.8,206.9,415.0,407.1,667.5,416.7
104.6,139.8,271.8,274.4,470.7,255.8
89.9,120.2,233.8,236.0,404.8,220.0
120.7,161.3,313.7,316.7,543.2,295.2
118.2,157.9,307.1,310.0,531.8,289.0
89.3,119.3,232.1,234.3,401.8,218.4
113.8,152.1,295.7,298.5,512.0,278.2
124.4,166.3,323.4,326.5,560.0,304.3
89.2,119.3,231.9,234.1,401.6,218.2
165.8,173.1,346.6,340.6,559.8,346.8
192.7,196.2,394.1,386.1,631.3,397.0
94.3,122.8,239.4,241.1,411.9,226.7
109.0,145.7,283.2,285.9,490.5,266.5
120.5,161.1,313.3,316.3,542.5,294.8
100.0,133.6,259.8,262.3,449.9,244.5
107.8,144.1,280.2,282.9,485.3,263.7
115.0,153.8,299.0,301.8,517.7,281.3
109.3,146.0,284.0,286.7,491.7,267.2
107.3,143.5,279.0,281.6,483.0,262.5
169.7,181.5,362.4,357.1,589.8,360.3
176.5,174.5,351.9,343.5,558.3,357.4
114.5,146.5,286.3,287.8,490.3,272.1
117.6,157.2,305.7,308.6,529.3,287.6
101.6,135.8,264.1,266.6,457.3,248.5
104.1,139.2,762.7,273.2,468.7,254.7
118.7,158.6,874.7,311.3,534.0,290.2
92.4,123.5,795.8,242.3,415.7,225.9
110.8,585.5,767.3,290.7,498.6,271.0
121.3,665.5,315.3,318.3,545.9,296.7
133.0,632.9,278.1,273.3,449.3,278.2
180.4,605.7,361.9,353.6,575.6,366.8
407.6,169.7,332.0,333.3,566.8,316.5
402.5,117.4,228.3,831.9,395.4,214.9
412.5,138.8,269.8,964.5,467.2,253.9
396.9,174.6,339.4,1021.9,587.8,319.4
92.3,123.4,239.9,828.1,415.4,225.8
97.7,130.6,253.9,256.4,439.7,238.9
134.8,180.2,350.4,353.8,606.8,329.8
95.3,127.4,247.8,250.1,429.1,506.5
132.8,141.9,283.2,279.1,460.8,596.3
214.8,222.5,305.8,304.9,337.0,341.3
0.0,0.0,0.0,0.0,0.0,0.0
0.0,0.0,0.0,0.0,0.0,0.0
0.0,0.0,0.0,0.0,0.0,0.0
0.0,0.0,0.0,0.0,0.0,0.0
0.0,0.0,0.0,0.0,0.0,0.0
0.0,0.0,0.0,0.0,0.0,0.0
0.0,0.0,0.0,0.0,0.0,0.0
0.0,0.0,0.0,0.0,0.0,0.0
0.0,0.0,0.0,0.0,0.0,0.0
0.0,0.0,0.0,0.0,0.0,0.0
0.0,0.0,0.0,0.0,0.0,0.0
0.0,0.0,0.0,0.0,0.0,0.0
0.0,0.0,0.0,0.0,0.0,0.0
0.0,0.0,0.0,0.0,0.0,0.0
0.0,0.0,0.0,0.0,0.0,0.0
0.0,0.0,0.0,0.0,0.0,0.0
0.0,0.0,0.0,0.0,0.0,0.0
0.0,0.0,0.0,0.0,0.0,0.0
0.0,0.0,0.0,0.0,0.0,0.0
0.0,0.0,0.0,0.0,0.0,0.0
0.0,0.0,0.0,0.0,0.0,0.0
0.0,0.0,0.0,0.0,0.0,0.0
0.0,0.0,0.0,0.0,0.0,0.0
0.0,0.0,0.0,0.0,0.0,0.0
0.0,0.0,0.0,0.0,0.0,0.0
0.0,0.0,0.0,0.0,0.0,0.0
0.0,0.0,0.0,0.0,0.0,0.0
0.0,0.0,0.0,0.0,0.0,0.0
0.0,0.0,0.0,0.0,0.0,0.0
0.0,0.0,0.0,0.0,0.0,0.0
0.0,0.0,0.0,0.0,0.0,0.0
0.0,0.0,0.0,0.0,0.0,0.0
0.0,0.0,0.0,0.0,0.0,0.0
0.0,0.0,0.0,0.0,0.0,0.0
0.0,0.0,0.0,0.0,0.0,0.0
0.0,0.0,0.0,0.0,0.0,0.0
62.7,62.7,62.7,62.7,62.7,62.7
62.7,62.7,62.7,62.7,62.7,62.7
62.7,62.7,62.7,62.7,62.7,62.7
62.7,62.7,62.7,62.7,62.7,62.7
150.6,156.0,199.7,199.1,218.5,199.7
90.5,121.0,209.5,210.5,289.2,203.0
133.9,179.0,198.5,198.8,216.4,197.1
104.7,140.0,208.3,208.9,257.4,204.3
89.7,119.9,184.9,185.6,233.4,181.0
130.7,166.1,172.3,172.4,181.6,171.5
106.7,142.6,180.2,180.5,206.5,178.1
88.4,118.2,185.1,185.8,236.0,181.0
121.0,161.8,314.6,317.6,544.7,296.0
176.9,181.5,364.2,357.1,584.9,366.1
150.3,142.7,289.5,281.1,452.9,297.2
109.3,146.0,284.0,286.7,491.7,267.2
125.5,167.8,326.3,329.4,565.0,307.0
89.4,119.5,232.3,234.6,402.3,218.6
106.7,142.7,277.4,280.0,480.3,261.0
132.8,177.5,345.2,348.4,597.7,324.8
90.2,120.5,234.3,236.6,405.8,220.5
102.7,137.2,266.8,269.3,462.0,251.0
133.1,177.9,346.0,349.3,599.2,325.6
145.3,148.9,298.9,293.0,479.9,300.5
167.5,162.5,328.6,320.0,517.9,335.4
133.1,171.4,334.6,336.5,574.0,317.6
103.2,137.9,268.2,270.8,464.5,252.4
96.7,129.3,251.4,253.8,435.3,236.5
125.9,168.2,327.1,330.3,566.5,307.8
108.4,144.9,281.8,284.5,488.0,265.2
95.0,127.0,246.9,249.3,427.6,232.3
125.8,168.1,326.9,330.0,566.0,307.6
107.3,143.5,279.0,281.6,483.0,262.5
139.1,150.4,630.6,295.8,489.5,297.2
378.3,195.3,955.1,384.4,1215.0,397.4
419.5,133.7,821.9,262.5,1444.7,250.6
411.6,134.3,823.3,668.1,1447.8,245.8
443.1,469.0,467.4,1030.4,1588.2,320.1
159.8,618.7,231.6,918.2,627.3,218.0
106.7,640.4,277.4,967.0,480.3,444.8
126.4,668.6,328.6,487.2,569.0,621.4
91.7,235.7,238.3,240.6,412.7,535.4
104.6,139.8,271.8,274.4,470.7,568.0
153.7,176.4,348.9,346.7,580.0,411.4
165.6,156.7,318.0,308.6,496.8,326.8
120.9,142.2,280.5,279.4,469.5,272.2
123.3,164.8,320.4,323.5,554.8,301.5
98.4,131.5,255.6,258.1,442.7,240.6
91.5,122.4,237.9,240.2,412.0,223.9
131.5,175.7,341.7,345.0,591.7,321.5
101.8,136.1,264.7,267.2,458.3,249.0
88.0,117.6,228.6,230.8,395.9,215.1
131.7,176.0,342.3,345.6,592.7,322.1
128.8,152.8,301.1,300.2,505.2,291.6
158.2,146.7,298.7,289.1,463.4,308.6
158.0,182.0,359.9,357.8,599.1,351.1
109.4,146.2,231.3,232.1,296.7,226.0
0.0,0.0,0.0,0.0,0.0,0.0
0.0,0.0,0.0,0.0,0.0,0.0
0.0,0.0,0.0,0.0,0.0,0.0
0.0,0.0,0.0,0.0,0.0,0.0
0.0,0.0,0.0,0.0,0.0,0.0
0.0,0.0,0.0,0.0,0.0,0.0
0.0,0.0,0.0,0.0,0.0,0.0
0.0,0.0,0.0,0.0,0.0,0.0
0.0,0.0,0.0,0.0,0.0,0.0
0.0,0.0,0.0,0.0,0.0,0.0
0.0,0.0,0.0,0.0,0.0,0.0
0.0,0.0,0.0,0.0,0.0,0.0
0.0,0.0,0.0,0.0,0.0,0.0
0.0,0.0,0.0,0.0,0.0,0.0
0.0,0.0,0.0,0.0,0.0,0.0
0.0,0.0,0.0,0.0,0.0,0.0
0.0,0.0,0.0,0.0,0.0,0.0
0.0,0.0,0.0,0.0,0.0,0.0
0.0,0.0,0.0,0.0,0.0,0.0
0.0,0.0,0.0,0.0,0.0,0.0
0.0,0.0,0.0,0.0,0.0,0.0
0.0,0.0,0.0,0.0,0.0,0.0
0.0,0.0,0.0,0.0,0.0,0.0
0.0,0.0,0.0,0.0,0.0,0.0
0.0,0.0,0.0,0.0,0.0,0.0
0.0,0.0,0.0,0.0,0.0,0.0
0.0,0.0,0.0,0.0,0.0,0.0
0.0,0.0,0.0,0.0,0.0,0.0
0.0,0.0,0.0,0.0,0.0,0.0
0.0,0.0,0.0,0.0,0.0,0.0
0.0,0.0,0.0,0.0,0.0,0.0
0.0,0.0,0.0,0.0,0.0,0.0
0.0,0.0,0.0,0.0,0.0,0.0
0.0,0.0,0.0,0.0,0.0,0.0
0.0,0.0,0.0,0.0,0.0,0.0
0.0,0.0,0.0,0.0,0.0,0.0
0.0,0.0,0.0,0.0,0.0,0.0
0.0,0.0,0.0,0.0,0.0,0.0
0.0,0.0,0.0,0.0,0.0,0.0
114.1,114.1,114.1,114.1,114.1,114.1
96.5,114.4,117.3,117.4,121.7,117.0
107.7,114.3,115.3,115.3,116.7,115.1
114.1,114.1,114.1,114.1,114.1,114.1
89.0,118.9,218.1,219.5,323.6,209.6
111.2,148.6,218.2,218.8,267.8,214.2
123.7,165.3,214.5,214.9,248.5,211.8
89.2,119.2,218.2,219.6,322.7,209.8
121.7,153.0,299.5,300.5,510.6,286.0
200.9,200.6,372.8,367.9,501.1,375.5
125.3,135.2,269.5,265.9,439.8,267.4
106.1,141.8,275.7,278.3,477.3,259.4
129.4,173.0,336.4,339.6,582.6,316.6
88.8,118.7,230.8,233.0,399.6,217.1
98.4,131.5,255.6,258.1,442.7,240.6
135.3,180.9,351.7,355.1,609.1,331.0
91.8,122.7,238.6,240.9,413.2,224.5
90.4,120.8,234.9,237.2,406.8,221.0
142.3,190.2,369.7,373.3,640.3,347.9
162.8,156.1,316.2,307.4,971.5,323.7
141.2,140.2,282.7,276.1,1452.1,286.7
139.2,423.7,361.9,365.3,1625.9,340.5
96.1,630.0,249.8,252.2,1443.1,235.0
88.8,618.3,230.8,233.0,652.2,217.1
136.4,687.6,354.4,357.8,613.8,333.5
106.7,269.0,277.4,280.0,480.3,261.0
89.9,120.2,233.6,235.9,404.6,219.8
122.6,163.8,318.6,321.6,551.6,299.7
115.4,154.3,300.0,302.8,519.4,430.7
145.2,145.5,560.2,286.4,466.9,609.8
180.5,179.8,926.4,353.9,576.1,679.3
124.4,166.3,885.3,653.0,559.8,620.0
89.5,119.6,800.9,924.3,402.6,297.7
112.1,149.8,433.4,981.0,504.3,274.1
125.1,167.2,325.1,1023.0,563.0,305.9
89.2,119.3,231.9,407.8,401.6,218.2
108.7,145.3,282.5,285.2,489.2,265.8
268.6,160.5,312.1,315.1,540.5,293.7
408.7,127.4,247.6,250.0,428.8,233.0
458.6,160.0,318.5,314.7,521.9,314.9
497.6,178.4,360.1,351.2,569.8,366.5
192.3,141.8,277.6,278.4,472.7,265.4
102.4,136.8,266.1,268.6,460.8,250.4
111.5,149.0,289.7,292.4,501.6,272.6
104.1,139.1,270.5,273.1,468.4,254.5
101.5,135.7,263.8,266.3,456.8,248.2
114.8,153.5,298.4,301.2,516.7,280.8
103.1,137.9,268.1,270.6,464.2,252.3
98.4,131.5,255.6,258.1,442.7,240.6
145.8,172.2,339.5,338.4,569.0,329.1
167.7,159.5,323.4,314.1,506.2,331.9
134.5,153.9,304.5,302.5,505.8,297.6
121.4,162.3,315.6,318.6,546.4,296.9
89.5,119.6,232.6,234.8,402.8,218.9
111.7,149.3,290.2,293.0,502.6,273.1
125.9,168.2,327.1,330.3,566.5,307.8
89.3,119.4,232.2,234.4,402.1,218.5
109.1,145.8,282.5,285.1,480.0,266.5
0.0,0.0,0.0,0.0,0.0,0.0
0.0,0.0,0.0,0.0,0.0,0.0
0.0,0.0,0.0,0.0,0.0,0.0
0.0,0.0,0.0,0.0,0.0,0.0
0.0,0.0,0.0,0.0,0.0,0.0
0.0,0.0,0.0,0.0,0.0,0.0
0.0,0.0,0.0,0.0,0.0,0.0
0.0,0.0,0.0,0.0,0.0,0.0
0.0,0.0,0.0,0.0,0.0,0.0
0.0,0.0,0.0,0.0,0.0,0.0
0.0,0.0,0.0,0.0,0.0,0.0
0.0,0.0,0.0,0.0,0.0,0.0
0.0,0.0,0.0,0.0,0.0,0.0
0.0,0.0,0.0,0.0,0.0,0.0
0.0,0.0,0.0,0.0,0.0,0.0
0.0,0.0,0.0,0.0,0.0,0.0
0.0,0.0,0.0,0.0,0.0,0.0
0.0,0.0,0.0,0.0,0.0,0.0
0.0,0.0,0.0,0.0,0.0,0.0
0.0,0.0,0.0,0.0,0.0,0.0
0.0,0.0,0.0,0.0,0.0,0.0
0.0,0.0,0.0,0.0,0.0,0.0
0.0,0.0,0.0,0.0,0.0,0.0
0.0,0.0,0.0,0.0,0.0,0.0
0.0,0.0,0.0,0.0,0.0,0.0
0.0,0.0,0.0,0.0,0.0,0.0
0.0,0.0,0.0,0.0,0.0,0.0
0.0,0.0,0.0,0.0,0.0,0.0
0.0,0.0,0.0,0.0,0.0,0.0
0.0,0.0,0.0,0.0,0.0,0.0
0.0,0.0,0.0,0.0,0.0,0.0
0.0,0.0,0.0,0.0,0.0,0.0
0.0,0.0,0.0,0.0,0.0,0.0
0.0,0.0,0.0,0.0,0.0,0.0
0.0,0.0,0.0,0.0,0.0,0.0
0.0,0.0,0.0,0.0,0.0,0.0
0.0,0.0,0.0,0.0,0.0,0.0
0.0,0.0,0.0,0.0,0.0,0.0
91.8,122.7,183.0,183.6,226.5,179.5
110.8,148.1,177.1,177.4,198.5,175.3
136.1,165.0,169.8,169.9,177.1,169.2
94.5,126.3,182.4,182.9,221.9,179.2
169.2,174.3,345.0,339.4,527.5,346.2
199.7,205.5,351.7,348.9,443.3,352.4
93.5,125.0,243.1,245.4,420.9,228.7
109.5,146.4,284.7,287.4,492.9,267.9
129.2,172.7,335.9,339.1,581.6,316.0
98.0,131.0,254.6,257.1,441.0,239.6
111.8,149.5,290.7,293.4,503.3,273.5
127.2,170.0,330.6,333.7,572.4,311.0
97.9,130.8,254.4,256.8,440.5,239.3
109.7,146.6,285.1,287.8,493.7,268.3
189.6,195.1,391.4,384.0,629.4,393.2
155.9,156.7,315.3,308.4,503.0,318.8
111.0,148.3,288.4,291.1,499.4,271.4
122.8,164.1,319.1,322.2,552.6,300.3
105.6,141.2,274.5,277.1,475.4,258.3
232.6,150.2,292.1,294.9,505.8,274.9
439.7,165.7,322.1,325.2,942.4,303.1
420.7,143.4,278.8,281.5,1493.3,262.3
429.1,148.3,288.4,291.1,1502.4,271.4
230.2,173.6,339.5,340.9,1598.0,323.6
183.8,177.7,359.5,349.9,863.9,367.3
149.7,164.5,327.2,323.5,537.0,443.3
121.1,161.9,314.8,582.3,545.2,612.0
111.4,148.9,289.5,987.0,501.4,585.9
106.8,142.8,277.7,969.9,480.8,579.4
118.6,350.8,308.1,1011.0,533.5,383.0
112.4,655.5,292.1,499.7,505.8,274.9
105.1,642.0,273.2,275.8,473.1,257.1
119.4,668.6,310.3,313.2,537.3,291.9
158.0,327.7,354.3,351.5,586.6,347.2
173.4,167.1,554.6,329.1,532.0,345.9
135.8,165.3,893.3,324.8,549.1,312.6
120.3,160.8,876.9,315.7,541.5,294.2
100.2,133.9,833.0,262.8,450.9,245.0
114.8,153.5,466.0,301.2,516.7,280.8
123.6,165.2,321.1,324.2,556.1,302.2
98.3,318.1,255.5,257.9,442.4,240.4
114.8,643.6,298.3,301.1,516.5,280.6
123.9,655.9,322.1,325.2,557.8,303.1
66.8,519.9,66.8,55.7,64.6,89.1
59.8,524.5,59.8,49.8,57.8,79.7
116.7,494.0,0.0,0.0,0.0,116.7
306.4,492.1,0.0,256.6,0.0,306.4
306.4,499.6,0.0,674.0,0.0,306.4
307.5,817.8,0.0,674.0,0.0,307.5
312.3,1198.9,0.0,1316.0,373.3,312.3
308.7,1075.3,0.0,2063.3,980.4,308.7
307.5,1063.5,0.0,1688.8,1632.7,307.5
329.8,714.6,17.6,1733.1,1869.1,335.7
498.3,826.5,383.3,1070.5,1320.9,900.6
478.0,665.9,383.1,1026.8,1464.2,982.1
532.5,613.5,233.1,1064.2,1502.5,1054.3
638.9,610.5,297.3,989.8,1338.9,1124.6
700.5,593.9,349.3,934.0,1398.6,1023.7
577.8,118.3,567.3,583.8,765.7,614.1
0.0,0.0,0.0,0.0,0.0,0.0
0.0,0.0,0.0,0.0,0.0,0.0
0.0,0.0,0.0,0.0,0.0,0.0
0.0,0.0,0.0,0.0,0.0,0.0
0.0,0.0,0.0,0.0,0.0,0.0
0.0,0.0,0.0,0.0,0.0,0.0
0.0,0.0,0.0,0.0,0.0,0.0
0.0,0.0,0.0,0.0,0.0,0.0
0.0,0.0,0.0,0.0,0.0,0.0
0.0,0.0,0.0,0.0,0.0,0.0
0.0,0.0,0.0,0.0,0.0,0.0
0.0,0.0,0.0,0.0,0.0,0.0
0.0,0.0,0.0,0.0,0.0,0.0
0.0,0.0,0.0,0.0,0.0,0.0
0.0,0.0,0.0,0.0,0.0,0.0
0.0,0.0,0.0,0.0,0.0,0.0
0.0,0.0,0.0,0.0,0.0,0.0
0.0,0.0,0.0,0.0,0.0,0.0
0.0,0.0,0.0,0.0,0.0,0.0
0.0,0.0,0.0,0.0,0.0,0.0
0.0,0.0,0.0,0.0,0.0,0.0
0.0,0.0,0.0,0.0,0.0,0.0
0.0,0.0,0.0,0.0,0.0,0.0
0.0,0.0,0.0,0.0,0.0,0.0
0.0,0.0,0.0,0.0,0.0,0.0
0.0,0.0,0.0,0.0,0.0,0.0
0.0,0.0,0.0,0.0,0.0,0.0
0.0,0.0,0.0,0.0,0.0,0.0
0.0,0.0,0.0,0.0,0.0,0.0
0.0,0.0,0.0,0.0,0.0,0.0
0.0,0.0,0.0,0.0,0.0,0.0
0.0,0.0,0.0,0.0,0.0,0.0
0.0,0.0,0.0,0.0,0.0,0.0
0.0,0.0,0.0,0.0,0.0,0.0
0.0,0.0,0.0,0.0,0.0,0.0
0.0,0.0,0.0,0.0,0.0,0.0
0.0,0.0,0.0,0.0,0.0,0.0
130.3,174.1,338.6,341.8,586.3,472.9
102.2,136.5,265.5,268.0,953.7,571.5
103.6,138.5,269.4,271.9,1495.9,572.8
132.0,176.4,343.0,346.3,1615.8,437.1
106.2,141.9,276.0,278.6,843.6,259.7
287.5,152.1,301.1,299.0,499.8,294.3
522.6,203.9,409.8,401.3,655.8,413.2
448.3,396.7,295.8,294.3,493.5,288.0
215.2,649.6,262.2,264.7,454.1,246.7
129.5,684.0,336.6,339.8,582.8,316.7
111.6,332.1,290.1,292.9,502.4,273.0
99.6,133.2,258.9,261.4,448.4,243.6
128.3,171.5,333.4,336.6,577.4,313.7
105.7,141.3,274.8,617.0,475.9,258.6
100.3,134.0,260.7,970.8,451.3,245.3
176.9,194.3,386.6,1084.7,634.4,381.7
175.2,172.7,348.5,591.5,552.3,354.1
315.8,138.9,1295.0,272.8,463.0,260.1
327.6,173.8,1325.7,341.2,585.3,318.0
188.2,147.1,935.6,288.8,495.4,269.2
355.9,472.8,1494.4,928.1,1592.0,865.1
243.3,325.2,1202.8,638.3,1094.8,594.9
144.2,192.8,654.9,378.5,649.2,2654.3
172.9,231.0,449.2,453.5,777.9,2644.9
201.2,498.9,522.9,527.9,905.4,1371.1
205.5,1347.6,416.0,406.9,663.9,588.6
180.4,1320.3,390.2,385.3,638.1,700.0
186.4,493.4,484.6,489.2,839.1,455.9
138.6,192.1,360.3,363.7,623.9,339.0
126.9,169.6,329.9,2378.9,571.2,310.4
0.0,0.0,0.0,1975.3,0.0,0.0
1070.7,530.4,1070.7,1193.7,1061.5,1162.4
225.1,93.8,225.1,209.3,217.6,300.1
576.7,240.3,576.7,480.6,557.5,768.9
944.6,944.6,944.6,944.6,944.6,944.6
988.7,710.6,988.7,972.2,985.4,1021.7
955.5,562.6,955.5,925.2,949.5,1016.2
633.0,263.7,633.0,527.5,2011.7,834.3
17.6,7.3,17.6,14.7,284.0,23.4
60.8,60.8,60.8,60.8,60.8,60.8
0.0,0.0,0.0,0.0,0.0,0.0
0.0,0.0,0.0,0.0,0.0,0.0
0.0,0.0,0.0,0.0,0.0,0.0
0.0,0.0,0.0,0.0,0.0,0.0
0.0,0.0,0.0,0.0,0.0,0.0
0.0,0.0,0.0,0.0,0.0,0.0
0.0,0.0,0.0,0.0,0.0,0.0
0.0,0.0,0.0,0.0,0.0,0.0
0.0,0.0,0.0,0.0,0.0,0.0
0.0,0.0,0.0,0.0,0.0,0.0
0.0,0.0,0.0,0.0,0.0,0.0
0.0,0.0,0.0,0.0,0.0,0.0
0.0,0.0,0.0,0.0,0.0,0.0
0.0,0.0,0.0,0.0,0.0,0.0
0.0,0.0,0.0,0.0,0.0,0.0
0.0,0.0,0.0,0.0,0.0,0.0
0.0,0.0,0.0,0.0,0.0,0.0
0.0,0.0,0.0,0.0,0.0,0.0
0.0,0.0,0.0,0.0,0.0,0.0
0.0,0.0,0.0,0.0,0.0,0.0
0.0,0.0,0.0,0.0,0.0,0.0
0.0,0.0,0.0,0.0,0.0,0.0
0.0,0.0,0.0,0.0,0.0,0.0
0.0,0.0,0.0,0.0,0.0,0.0
0.0,0.0,0.0,0.0,0.0,0.0
0.0,0.0,0.0,0.0,0.0,0.0
0.0,0.0,0.0,0.0,0.0,0.0
0.0,0.0,0.0,0.0,0.0,0.0
0.0,0.0,0.0,0.0,0.0,0.0
0.0,0.0,0.0,0.0,0.0,0.0
0.0,0.0,0.0,0.0,0.0,0.0
0.0,0.0,0.0,0.0,0.0,0.0
0.0,0.0,0.0,0.0,0.0,0.0
0.0,0.0,0.0,0.0,0.0,0.0
0.0,0.0,0.0,0.0,0.0,0.0
0.0,0.0,0.0,0.0,0.0,0.0
0.0,0.0,0.0,0.0,0.0,0.0
0.0,0.0,0.0,0.0,0.0,0.0
0.0,0.0,0.0,0.0,0.0,0.0
0.0,0.0,0.0,0.0,0.0,0.0
0.0,0.0,0.0,0.0,0.0,0.0
0.0,0.0,0.0,0.0,0.0,0.0
0.0,0.0,0.0,0.0,0.0,0.0
0.0,0.0,0.0,0.0,0.0,0.0
0.0,0.0,0.0,0.0,0.0,0.0
0.0,0.0,0.0,0.0,0.0,0.0
0.0,0.0,0.0,0.0,0.0,0.0
0.0,0.0,0.0,0.0,0.0,0.0
0.0,0.0,0.0,0.0,0.0,0.0
0.0,0.0,0.0,0.0,0.0,0.0
0.0,0.0,0.0,0.0,0.0,0.0
0.0,0.0,0.0,0.0,0.0,0.0
0.0,0.0,0.0,0.0,0.0,0.0
0.0,0.0,0.0,0.0,0.0,0.0
0.0,0.0,0.0,0.0,0.0,0.0
0.0,0.0,0.0,0.0,0.0,0.0
182.9,182.9,182.9,182.9,182.9,182.9
104.3,129.8,239.2,201.6,220.8,201.9
136.3,175.7,206.3,185.4,204.2,189.7
132.5,170.6,206.7,187.3,209.3,191.3
196.6,169.0,407.1,572.7,454.4,389.2
139.6,176.8,471.6,380.8,601.2,418.9
138.2,168.1,478.5,377.8,609.7,416.6
367.4,155.9,430.6,456.1,404.4,374.3
218.9,211.7,1021.6,1370.9,1664.6,740.5
139.0,163.0,906.5,1681.1,1520.9,613.0
362.6,130.0,2116.5,991.5,1491.9,554.1
197.6,214.8,1048.5,1075.1,4303.7,665.4
442.9,1578.2,871.9,1667.4,1587.8,605.4
419.6,1274.3,816.9,1605.1,1534.9,562.5
465.5,1614.0,943.9,1760.3,4284.7,676.3
440.7,2125.9,876.7,992.8,1756.9,1624.3
483.9,1171.3,1568.5,1016.1,1536.6,1775.1
538.6,1016.9,1749.0,1173.8,1831.2,2435.1
445.9,670.7,1559.8,1471.6,1597.3,1840.8
448.9,672.6,924.5,3865.2,1610.4,1453.7
315.7,496.5,804.2,3755.2,1013.2,111.9
313.4,491.2,1992.4,2128.3,1013.6,9.4
10.5,4.4,1223.4,679.1,10.2,14.1
194.5,253.5,871.3,497.6,850.3,467.7
191.6,220.5,444.2,433.4,725.4,425.5
295.5,317.4,633.2,624.3,1031.8,628.9
2132.2,1222.0,2241.7,2165.2,2356.2,2387.5
2128.1,1791.3,2155.5,2135.4,2132.5,2161.9
2133.2,1401.2,2642.4,2492.4,2322.6,2606.1
1994.0,1307.3,2430.5,2304.4,2073.8,2334.5
1903.8,1472.6,2025.1,1953.7,1598.1,2982.9
1039.8,1318.2,1177.1,1347.0,1415.3,1943.7
890.1,1725.8,1176.0,1667.4,2305.5,2063.6
547.0,1532.7,534.8,748.3,3866.6,2599.1
559.9,1057.5,617.5,621.5,3849.8,1433.8
1638.1,1638.1,1638.1,1638.1,1638.1,1638.1
1184.8,1184.8,1184.8,1184.8,1184.8,1184.8
1197.3,1099.9,1196.9,1193.3,1213.3,1207.9
1184.8,1184.8,1184.8,1184.8,1184.8,1184.8
1184.8,1184.8,1184.8,1184.8,1184.8,1184.8
833.3,833.3,833.3,833.3,833.3,833.3
833.3,833.3,833.3,833.3,833.3,833.3
2213.6,57.1,156.1,114.3,621.6,182.9
715.9,679.8,654.9,22.1,832.6,712.5
0.0,0.0,0.0,0.0,0.0,0.0
0.0,0.0,0.0,0.0,0.0,0.0
0.0,0.0,0.0,0.0,0.0,0.0
0.0,0.0,0.0,0.0,0.0,0.0
0.0,0.0,0.0,0.0,0.0,0.0
0.0,0.0,0.0,0.0,0.0,0.0
0.0,0.0,0.0,0.0,0.0,0.0
0.0,0.0,0.0,0.0,0.0,0.0
0.0,0.0,0.0,0.0,0.0,0.0
0.0,0.0,0.0,0.0,0.0,0.0
0.0,0.0,0.0,0.0,0.0,0.0
0.0,0.0,0.0,0.0,0.0,0.0
0.0,0.0,0.0,0.0,0.0,0.0
0.0,0.0,0.0,0.0,0.0,0.0
0.0,0.0,0.0,0.0,0.0,0.0
0.0,0.0,0.0,0.0,0.0,0.0
0.0,0.0,0.0,0.0,0.0,0.0
0.0,0.0,0.0,0.0,0.0,0.0
0.0,0.0,0.0,0.0,0.0,0.0
0.0,0.0,0.0,0.0,0.0,0.0
0.0,0.0,0.0,0.0,0.0,0.0
0.0,0.0,0.0,0.0,0.0,0.0
0.0,0.0,0.0,0.0,0.0,0.0
0.0,0.0,0.0,0.0,0.0,0.0
0.0,0.0,0.0,0.0,0.0,0.0
0.0,0.0,0.0,0.0,0.0,0.0
0.0,0.0,0.0,0.0,0.0,0.0
0.0,0.0,0.0,0.0,0.0,0.0
0.0,0.0,0.0,0.0,0.0,0.0
0.0,0.0,0.0,0.0,0.0,0.0
0.0,0.0,0.0,0.0,0.0,0.0
0.0,0.0,0.0,0.0,0.0,0.0
0.0,0.0,0.0,0.0,0.0,0.0
0.0,0.0,0.0,0.0,0.0,0.0
0.0,0.0,0.0,0.0,0.0,0.0
0.0,0.0,0.0,0.0,0.0,0.0
0.0,0.0,0.0,0.0,0.0,0.0
0.0,0.0,0.0,0.0,0.0,0.0
0.0,0.0,0.0,0.0,0.0,0.0
0.0,0.0,0.0,0.0,0.0,0.0
0.0,0.0,0.0,0.0,0.0,0.0
0.0,0.0,0.0,0.0,0.0,0.0
0.0,0.0,0.0,0.0,0.0,0.0
0.0,0.0,0.0,0.0,0.0,0.0
0.0,0.0,0.0,0.0,0.0,0.0
0.0,0.0,0.0,0.0,0.0,0.0
0.0,0.0,0.0,0.0,0.0,0.0
0.0,0.0,0.0,0.0,0.0,0.0
0.0,0.0,0.0,0.0,0.0,0.0
0.0,0.0,0.0,0.0,0.0,0.0
0.0,0.0,0.0,0.0,0.0,0.0
0.0,0.0,0.0,0.0,0.0,0.0
71.2,71.2,71.2,71.2,71.2,71.2
71.2,71.2,71.2,71.2,71.2,71.2
71.2,71.2,71.2,71.2,71.2,71.2
71.2,71.2,71.2,71.2,71.2,71.2
77.4,114.4,115.1,115.9,127.8,118.9
73.8,114.3,115.0,120.9,126.9,118.6
111.6,111.6,111.6,111.6,111.6,111.6
111.6,111.6,111.6,111.6,111.6,111.6
323.0,323.0,323.0,323.0,323.0,323.0
324.8,316.9,323.8,324.5,323.8,324.3
367.4,30.8,358.4,380.6,71.4,729.5
383.7,30.8,334.3,417.1,71.4,700.8
710.4,32.2,77.4,886.3,74.8,103.2
726.6,30.8,73.8,790.5,71.4,98.5
855.0,929.9,529.8,1665.2,860.9,1743.4
703.0,962.9,1193.9,387.1,6398.9,1806.0
544.5,1113.5,1347.1,474.6,3598.3,2079.4
486.8,710.6,1252.5,409.7,2904.7,1344.4
656.2,226.7,1297.9,446.2,3311.5,457.0
256.3,274.6,1435.9,540.2,3829.3,544.6
203.6,204.2,1173.8,402.0,2347.4,415.8
239.3,248.6,1342.2,489.3,803.4,499.1
228.7,237.7,1290.3,467.7,768.1,477.0
183.1,176.8,1079.9,348.2,563.1,365.7
218.3,223.9,1581.9,440.6,721.5,451.8
195.2,193.0,512.3,380.0,617.6,395.3
201.1,200.9,968.9,395.5,863.0,409.8
202.8,203.1,922.3,399.9,1654.7,482.2
189.4,185.2,374.1,364.7,1503.8,694.4
217.4,332.0,447.0,438.3,717.6,734.8
189.3,686.6,374.0,364.5,591.1,380.9
188.4,640.2,371.7,362.2,587.1,378.7
232.5,242.8,486.2,628.2,785.4,486.5
178.0,170.0,344.5,1024.3,540.1,353.1
197.4,195.9,395.0,1013.1,627.5,400.6
294.5,234.4,469.8,461.2,757.0,471.0
453.0,154.2,306.5,303.3,503.9,302.2
435.2,187.6,367.5,368.5,625.6,351.3
173.7,216.0,423.4,424.3,719.6,405.3
14.1,5.9,14.1,11.7,13.6,18.8
295.4,330.1,70.3,58.6,68.0,93.8
345.7,384.4,84.4,70.3,81.6,112.5
330.4,367.2,80.9,67.4,383.6,107.8
289.3,315.5,77.4,64.5,1032.5,103.2
449.7,459.1,249.2,64.5,1055.2,103.2
866.1,665.9,616.1,64.5,757.3,103.2
894.3,713.3,621.8,58.6,1080.9,446.1
683.7,839.9,443.7,49.8,1233.8,700.7
544.4,860.9,21.1,17.6,1143.2,553.7
731.5,1456.6,0.0,0.0,953.7,14.1
626.4,1279.1,629.9,0.0,1437.2,550.4
833.3,833.3,833.3,833.3,833.3,833.3
836.3,835.5,811.7,840.5,842.0,833.9
874.8,862.8,127.4,1118.0,1362.7,654.2
614.7,1148.6,0.0,587.1,1868.6,781.0
424.0,847.6,56.3,853.7,1826.6,991.9
364.9,511.1,66.8,1028.8,1982.4,1046.0
357.4,849.2,17.6,1011.2,1754.2,1010.4
656.4,845.2,367.2,982.9,1224.2,924.3
419.3,186.2,845.7,1106.7,1332.5,1109.7
390.3,225.5,892.6,1160.8,1301.6,1012.5
0.0,0.0,0.0,0.0,0.0,0.0
0.0,0.0,0.0,0.0,0.0,0.0
0.0,0.0,0.0,0.0,0.0,0.0
0.0,0.0,0.0,0.0,0.0,0.0
0.0,0.0,0.0,0.0,0.0,0.0
0.0,0.0,0.0,0.0,0.0,0.0
0.0,0.0,0.0,0.0,0.0,0.0
0.0,0.0,0.0,0.0,0.0,0.0
0.0,0.0,0.0,0.0,0.0,0.0
0.0,0.0,0.0,0.0,0.0,0.0
0.0,0.0,0.0,0.0,0.0,0.0
0.0,0.0,0.0,0.0,0.0,0.0
0.0,0.0,0.0,0.0,0.0,0.0
0.0,0.0,0.0,0.0,0.0,0.0
0.0,0.0,0.0,0.0,0.0,0.0
0.0,0.0,0.0,0.0,0.0,0.0
0.0,0.0,0.0,0.0,0.0,0.0
0.0,0.0,0.0,0.0,0.0,0.0
0.0,0.0,0.0,0.0,0.0,0.0
0.0,0.0,0.0,0.0,0.0,0.0
0.0,0.0,0.0,0.0,0.0,0.0
0.0,0.0,0.0,0.0,0.0,0.0
0.0,0.0,0.0,0.0,0.0,0.0
0.0,0.0,0.0,0.0,0.0,0.0
0.0,0.0,0.0,0.0,0.0,0.0
0.0,0.0,0.0,0.0,0.0,0.0
0.0,0.0,0.0,0.0,0.0,0.0
0.0,0.0,0.0,0.0,0.0,0.0
0.0,0.0,0.0,0.0,0.0,0.0
0.0,0.0,0.0,0.0,0.0,0.0
0.0,0.0,0.0,0.0,0.0,0.0
0.0,0.0,0.0,0.0,0.0,0.0
0.0,0.0,0.0,0.0,0.0,0.0
0.0,0.0,0.0,0.0,0.0,0.0
0.0,0.0,0.0,0.0,0.0,0.0
204.9,0.0,0.0,0.0,0.0,647.4
145.0,150.5,0.0,155.3,163.3,238.2
148.5,160.2,0.0,169.7,185.5,188.3
0.0,184.6,0.0,206.9,243.9,216.8
202.0,202.0,202.0,202.0,202.0,202.0
202.0,202.0,202.0,202.0,202.0,202.0
202.0,202.0,202.0,202.0,202.0,202.0
202.0,202.0,202.0,202.0,202.0,202.0
321.6,321.6,321.6,321.6,321.6,321.6
321.6,321.6,321.6,321.6,321.6,321.6
321.6,321.6,321.6,321.6,321.6,321.6
321.6,321.6,321.6,321.6,321.6,321.6
401.2,411.4,411.2,412.9,415.6,410.8
302.8,412.7,414.7,504.4,514.9,313.4
309.9,425.2,439.1,460.6,519.5,308.7
336.8,421.2,430.5,444.2,480.5,349.7
372.0,468.1,481.1,497.6,541.3,399.0
328.6,472.3,490.0,525.2,609.6,333.3
305.2,472.0,491.9,538.3,648.8,302.8
494.8,464.5,471.8,488.8,529.2,309.9
450.2,450.2,450.2,450.2,450.2,450.2
450.2,450.2,450.2,450.2,450.2,450.2
450.2,450.2,450.2,450.2,450.2,450.2
450.2,450.2,450.2,450.2,450.2,450.2
400.8,400.8,400.8,400.8,400.8,400.8
400.8,400.8,400.8,400.8,400.8,400.8
400.8,400.8,400.8,400.8,400.8,400.8
400.8,400.8,400.8,400.8,400.8,400.8
426.4,1251.1,1440.0,1549.2,1275.8,1193.7
429.6,1306.3,1668.7,1784.9,1353.1,593.6
428.7,990.3,1866.6,1867.8,1384.9,597.8
429.2,663.8,2677.0,1003.8,1539.3,599.0
477.7,729.2,2267.3,1129.9,1754.3,709.4
445.6,689.8,906.7,1051.4,4609.0,630.2
1241.3,1031.8,1729.3,1735.8,4589.4,1707.9
1769.3,1245.3,2256.1,2165.3,5342.6,2405.4
529.2,699.1,966.7,1074.5,3707.5,715.4
533.4,718.7,1006.6,1114.9,4455.2,750.4
487.8,711.8,968.5,1097.2,3071.8,698.2
419.5,644.6,836.2,966.0,2595.0,566.1
464.8,713.9,881.7,1079.2,1175.5,685.0
319.3,352.6,574.8,2093.6,705.1,321.7
318.2,613.1,572.7,1626.4,0.0,320.5
0.0,1676.3,0.0,1561.9,0.0,0.0
429.0,1927.1,0.0,1820.1,0.0,0.0
1517.3,1393.5,0.0,1602.8,486.4,0.0
1285.6,1164.5,429.0,1235.6,885.2,0.0
1056.8,1006.4,1068.9,1008.7,859.2,0.0
1071.5,1133.7,1113.8,820.3,860.8,0.0
1176.5,1204.3,1102.3,653.3,863.5,0.0
1111.6,1157.4,1024.7,723.6,870.1,112.5
1046.1,1055.3,975.6,947.1,863.4,112.5
922.3,952.3,1065.2,1082.1,865.5,112.5
874.1,925.4,1057.1,1171.5,868.6,103.2
834.5,840.3,814.4,842.6,834.5,833.7
833.3,833.3,833.3,833.3,833.3,833.3
833.3,833.3,833.3,833.3,833.3,833.3
833.3,833.3,833.3,833.3,833.3,833.3
833.3,833.3,833.3,833.3,833.3,833.3
833.3,833.3,833.3,833.3,833.3,833.3
833.3,833.3,833.3,833.3,833.3,833.3
833.3,833.3,833.3,833.3,833.3,833.3
827.2,827.2,827.2,827.2,827.2,827.2
0.0,0.0,0.0,0.0,0.0,0.0
0.0,0.0,0.0,0.0,0.0,0.0
0.0,0.0,0.0,0.0,0.0,0.0
0.0,0.0,0.0,0.0,0.0,0.0
0.0,0.0,0.0,0.0,0.0,0.0
0.0,0.0,0.0,0.0,0.0,0.0
0.0,0.0,0.0,0.0,0.0,0.0
0.0,0.0,0.0,0.0,0.0,0.0
0.0,0.0,0.0,0.0,0.0,0.0
0.0,0.0,0.0,0.0,0.0,0.0
0.0,0.0,0.0,0.0,0.0,0.0
0.0,0.0,0.0,0.0,0.0,0.0
0.0,0.0,0.0,0.0,0.0,0.0
0.0,0.0,0.0,0.0,0.0,0.0
0.0,0.0,0.0,0.0,0.0,0.0
0.0,0.0,0.0,0.0,0.0,0.0
0.0,0.0,0.0,0.0,0.0,0.0
0.0,0.0,0.0,0.0,0.0,0.0
0.0,0.0,0.0,0.0,0.0,0.0
0.0,0.0,0.0,0.0,0.0,0.0
0.0,0.0,0.0,0.0,0.0,0.0
0.0,0.0,0.0,0.0,0.0,0.0
0.0,0.0,0.0,0.0,0.0,0.0
0.0,0.0,0.0,0.0,0.0,0.0
0.0,0.0,0.0,0.0,0.0,0.0
0.0,0.0,0.0,0.0,0.0,0.0
0.0,0.0,0.0,0.0,0.0,0.0
0.0,0.0,0.0,0.0,0.0,0.0
0.0,0.0,0.0,0.0,0.0,0.0
0.0,0.0,0.0,0.0,0.0,0.0
0.0,0.0,0.0,0.0,0.0,0.0
0.0,0.0,0.0,0.0,0.0,0.0
0.0,0.0,0.0,0.0,0.0,0.0
81.4,81.4,81.4,81.4,81.4,81.4
81.4,81.4,81.4,81.4,81.4,81.4
81.4,81.4,81.4,81.4,81.4,81.4
81.4,81.4,81.4,81.4,81.4,81.4
121.6,121.6,121.6,121.6,121.6,121.6
121.6,121.6,121.6,121.6,121.6,121.6
121.6,121.6,121.6,121.6,121.6,121.6
121.6,121.6,121.6,121.6,121.6,121.6
202.0,202.0,202.0,202.0,202.0,202.0
202.0,202.0,202.0,202.0,202.0,202.0
203.0,177.2,205.8,212.7,210.5,202.8
202.0,196.2,204.2,203.1,204.3,202.3
187.4,179.3,403.7,302.6,284.3,276.3
192.6,189.5,355.0,297.5,322.1,277.0
192.3,185.9,358.8,277.2,341.3,278.1
180.0,172.6,317.6,277.1,363.6,322.7
202.4,199.4,371.6,327.8,423.3,409.3
186.0,180.7,360.6,324.4,401.1,480.9
174.9,165.8,378.3,322.7,440.5,451.5
213.6,214.4,367.1,329.1,415.0,394.5
179.3,171.7,383.3,315.6,500.4,318.4
171.2,160.9,315.1,312.8,591.1,317.4
315.2,225.6,318.7,318.3,371.9,318.9
368.3,165.0,318.9,315.7,378.9,321.8
456.1,157.5,320.2,670.6,498.0,330.3
229.3,238.6,432.7,632.7,518.1,432.9
167.4,159.0,322.5,716.1,763.6,331.1
180.4,173.1,350.7,341.0,1055.7,358.9
307.4,343.0,680.9,674.4,2042.7,669.7
165.7,205.3,402.6,403.4,683.7,385.8
95.0,126.9,246.8,249.1,427.3,396.0
124.2,166.0,322.7,325.8,558.8,619.4
143.7,454.1,373.5,377.0,646.7,638.9
115.9,660.2,301.3,304.1,521.7,283.5
131.9,636.4,342.9,346.1,593.7,322.6
139.2,186.0,361.7,365.2,626.4,340.4
127.4,147.7,291.8,290.3,486.5,284.3
210.0,216.0,433.4,425.1,696.6,435.4
158.8,180.0,651.4,353.8,590.6,349.3
135.3,180.9,920.2,355.1,609.1,331.0
151.9,203.1,912.4,398.7,683.8,1259.7
146.4,195.7,380.5,384.1,658.8,2135.8
201.2,269.0,523.0,528.0,983.3,2495.4
380.7,7.3,281.3,14.7,978.5,1851.5
855.1,693.0,869.5,841.1,857.6,883.7
945.9,41.0,1247.4,82.1,1004.6,1679.1
1014.5,61.5,1087.1,180.1,1005.8,1651.0
940.0,143.0,816.0,955.8,909.3,1236.0
748.4,745.0,561.1,864.3,755.0,777.2
0.0,0.0,0.0,0.0,0.0,0.0
0.0,0.0,0.0,0.0,0.0,0.0
0.0,0.0,0.0,0.0,0.0,0.0
0.0,0.0,0.0,0.0,0.0,0.0
0.0,0.0,0.0,0.0,0.0,0.0
0.0,0.0,0.0,0.0,0.0,0.0
0.0,0.0,0.0,0.0,0.0,0.0
0.0,0.0,0.0,0.0,0.0,0.0
0.0,0.0,0.0,0.0,0.0,0.0
0.0,0.0,0.0,0.0,0.0,0.0
0.0,0.0,0.0,0.0,0.0,0.0
0.0,0.0,0.0,0.0,0.0,0.0
0.0,0.0,0.0,0.0,0.0,0.0
0.0,0.0,0.0,0.0,0.0,0.0
0.0,0.0,0.0,0.0,0.0,0.0
0.0,0.0,0.0,0.0,0.0,0.0
0.0,0.0,0.0,0.0,0.0,0.0
0.0,0.0,0.0,0.0,0.0,0.0
0.0,0.0,0.0,0.0,0.0,0.0
0.0,0.0,0.0,0.0,0.0,0.0
0.0,0.0,0.0,0.0,0.0,0.0
0.0,0.0,0.0,0.0,0.0,0.0
0.0,0.0,0.0,0.0,0.0,0.0
0.0,0.0,0.0,0.0,0.0,0.0
0.0,0.0,0.0,0.0,0.0,0.0
0.0,0.0,0.0,0.0,0.0,0.0
0.0,0.0,0.0,0.0,0.0,0.0
0.0,0.0,0.0,0.0,0.0,0.0
0.0,0.0,0.0,0.0,0.0,0.0
0.0,0.0,0.0,0.0,0.0,0.0
0.0,0.0,0.0,0.0,0.0,0.0
0.0,0.0,0.0,0.0,0.0,0.0
0.0,0.0,0.0,0.0,0.0,0.0
0.0,0.0,0.0,0.0,0.0,0.0
0.0,0.0,0.0,0.0,0.0,0.0
0.0,0.0,0.0,0.0,0.0,0.0
0.0,0.0,0.0,0.0,0.0,0.0
0.0,0.0,0.0,0.0,0.0,0.0
0.0,0.0,0.0,0.0,0.0,0.0
0.0,0.0,0.0,0.0,0.0,0.0
0.0,0.0,0.0,0.0,0.0,0.0
0.0,0.0,0.0,0.0,0.0,0.0
0.0,0.0,0.0,0.0,0.0,0.0
0.0,0.0,0.0,0.0,0.0,0.0
0.0,0.0,0.0,0.0,0.0,0.0
0.0,0.0,0.0,0.0,0.0,0.0
0.0,0.0,0.0,0.0,0.0,0.0
71.2,71.2,71.2,71.2,71.2,71.2
71.2,71.2,71.2,71.2,71.2,71.2
71.2,71.2,71.2,71.2,71.2,71.2
71.2,71.2,71.2,71.2,71.2,71.2
121.3,121.3,121.3,121.3,121.3,121.3
121.3,121.3,121.3,121.3,121.3,121.3
121.3,121.3,121.3,121.3,121.3,121.3
121.3,121.3,121.3,121.3,121.3,121.3
311.1,464.0,485.5,451.8,465.2,469.4
302.8,463.9,489.8,452.0,466.8,471.7
335.7,458.3,475.8,450.3,461.9,465.0
379.1,452.4,461.7,446.8,452.6,454.5
335.7,509.5,1419.3,1286.2,1022.7,1096.5
306.4,494.0,1346.8,3198.0,987.9,1244.0
575.3,1229.6,1321.9,1512.0,1274.3,760.6
820.7,1132.3,1133.3,1319.6,1232.2,1035.5
459.6,566.3,563.1,612.9,576.3,558.1
412.7,589.4,565.2,641.3,587.9,540.0
556.1,556.1,556.1,556.1,556.1,556.1
486.4,559.5,565.3,584.7,580.8,559.8
507.5,656.6,670.8,729.2,705.4,657.9
501.4,658.9,680.8,690.3,736.1,660.1
449.9,657.4,689.9,707.6,780.8,641.8
442.8,657.3,692.4,712.4,795.8,626.8
444.7,675.1,901.1,1036.6,1590.0,627.4
442.4,675.1,903.4,1036.7,1590.2,628.7
446.3,680.6,914.6,398.3,1606.1,634.1
428.9,650.5,863.3,299.8,1509.7,588.2
444.9,673.7,904.9,341.8,1585.5,626.1
529.4,729.0,1017.6,443.8,1737.1,761.9
502.2,702.4,435.7,391.4,1652.2,708.4
201.8,744.7,469.3,473.7,1819.4,753.8
147.8,701.0,384.2,387.8,1672.0,674.9
131.6,209.8,342.0,345.3,660.1,632.9
188.1,251.4,488.8,493.5,846.5,772.2
136.8,182.9,355.6,359.0,615.7,649.2
112.2,149.9,291.5,294.3,504.8,588.9
139.8,186.8,363.3,366.8,629.1,656.5
156.5,160.7,322.4,316.2,517.9,638.7
191.7,194.8,391.4,383.3,626.6,415.7
144.2,192.8,374.9,378.5,649.2,352.8
130.5,174.4,339.1,342.4,587.3,1058.7
152.1,203.2,395.2,399.0,684.3,1820.3
126.1,168.5,429.5,330.8,567.5,1577.9
0.0,90.5,574.8,793.4,0.0,0.0
0.0,166.1,175.4,313.7,0.0,0.0
0.0,0.0,0.0,0.0,0.0,0.0
0.0,0.0,0.0,0.0,0.0,0.0
0.0,0.0,0.0,0.0,0.0,0.0
0.0,0.0,0.0,0.0,0.0,0.0
0.0,0.0,0.0,0.0,0.0,0.0
0.0,0.0,0.0,0.0,0.0,0.0
0.0,0.0,0.0,0.0,0.0,0.0
0.0,0.0,0.0,0.0,0.0,0.0
0.0,0.0,0.0,0.0,0.0,0.0
0.0,0.0,0.0,0.0,0.0,0.0
0.0,0.0,0.0,0.0,0.0,0.0
0.0,0.0,0.0,0.0,0.0,0.0
0.0,0.0,0.0,0.0,0.0,0.0
0.0,0.0,0.0,0.0,0.0,0.0
0.0,0.0,0.0,0.0,0.0,0.0
0.0,0.0,0.0,0.0,0.0,0.0
0.0,0.0,0.0,0.0,0.0,0.0
0.0,0.0,0.0,0.0,0.0,0.0
0.0,0.0,0.0,0.0,0.0,0.0
0.0,0.0,0.0,0.0,0.0,0.0
0.0,0.0,0.0,0.0,0.0,0.0
0.0,0.0,0.0,0.0,0.0,0.0
0.0,0.0,0.0,0.0,0.0,0.0
0.0,0.0,0.0,0.0,0.0,0.0
0.0,0.0,0.0,0.0,0.0,0.0
0.0,0.0,0.0,0.0,0.0,0.0
0.0,0.0,0.0,0.0,0.0,0.0
0.0,0.0,0.0,0.0,0.0,0.0
0.0,0.0,0.0,0.0,0.0,0.0
0.0,0.0,0.0,0.0,0.0,0.0
0.0,0.0,0.0,0.0,0.0,0.0
0.0,0.0,0.0,0.0,0.0,0.0
0.0,0.0,0.0,0.0,0.0,0.0
0.0,0.0,0.0,0.0,0.0,0.0
0.0,0.0,0.0,0.0,0.0,0.0
0.0,0.0,0.0,0.0,0.0,0.0
0.0,0.0,0.0,0.0,0.0,0.0
0.0,0.0,0.0,0.0,0.0,0.0
0.0,0.0,0.0,0.0,0.0,0.0
0.0,0.0,0.0,0.0,0.0,0.0
0.0,0.0,0.0,0.0,0.0,0.0
0.0,0.0,0.0,0.0,0.0,0.0
0.0,0.0,0.0,0.0,0.0,0.0
0.0,0.0,0.0,0.0,0.0,0.0
0.0,0.0,0.0,0.0,0.0,0.0
0.0,0.0,0.0,0.0,0.0,0.0
0.0,0.0,0.0,0.0,0.0,0.0
0.0,0.0,0.0,0.0,0.0,0.0
0.0,0.0,0.0,0.0,0.0,0.0
0.0,0.0,0.0,0.0,0.0,0.0
79.7,79.7,79.7,79.7,79.7,79.7
79.7,79.7,79.7,79.7,79.7,79.7
79.7,79.7,79.7,79.7,79.7,79.7
79.7,79.7,79.7,79.7,79.7,79.7
119.0,119.0,119.0,119.0,119.0,119.0
119.0,119.0,119.0,119.0,119.0,119.0
119.0,119.0,119.0,119.0,119.0,119.0
119.0,119.0,119.0,119.0,119.0,119.0
191.3,215.4,224.2,231.9,221.3,218.9
170.3,221.1,227.3,242.3,222.9,219.2
3.8,256.9,378.9,663.5,0.0,0.0
217.2,217.2,217.2,217.2,217.2,217.2
411.7,443.1,448.5,456.8,450.9,443.1
116.9,460.0,633.2,555.7,738.3,150.0
1.6,666.5,374.4,38.0,98.9,24.4
0.0,800.4,19.0,38.0,1214.3,1306.5
66.8,1676.0,85.8,93.7,1548.1,1621.4
56.3,1294.6,75.3,84.9,3121.1,1527.4
0.0,970.8,19.0,38.0,2667.1,1653.0
0.0,11.9,19.0,1341.9,2238.9,1736.3
505.6,11.9,519.8,607.4,608.7,638.7
508.4,11.9,531.8,610.5,509.4,720.2
510.6,533.2,558.7,551.5,38.5,699.7
0.0,645.8,0.0,693.8,38.5,1514.1
256.5,256.5,256.5,256.5,256.5,256.5
256.5,256.5,256.5,256.5,256.5,256.5
256.5,256.5,256.5,256.5,256.5,256.5
195.2,263.2,273.0,261.7,269.9,276.1
0.0,0.0,485.1,0.0,1248.2,42.7
312.5,0.0,743.0,0.0,677.8,42.7
296.0,296.0,296.0,296.0,296.0,296.0
296.0,296.0,296.0,296.0,296.0,296.0
197.5,197.5,197.5,197.5,197.5,197.5
197.5,197.5,197.5,197.5,197.5,197.5
197.5,197.5,197.5,197.5,197.5,197.5
197.5,197.5,197.5,197.5,197.5,197.5
789.3,702.2,1026.9,1075.5,1449.9,954.6
2224.0,1290.2,2475.7,2279.2,2828.8,2873.4
2222.0,1696.1,2424.7,3036.6,4315.8,2655.7
2114.4,1588.4,3011.3,2940.3,4245.4,4065.5
833.3,833.3,833.3,833.3,833.3,833.3
806.7,746.6,850.9,853.9,876.5,865.4
336.9,526.8,592.3,689.7,1015.1,340.3
318.1,1308.2,567.0,672.1,1002.3,312.2
1.5,1.5,1.5,1.5,1.5,1.5
0.0,0.0,0.0,0.0,0.0,0.0
0.0,0.0,0.0,0.0,0.0,0.0
0.0,0.0,0.0,0.0,0.0,0.0
0.0,0.0,0.0,0.0,0.0,0.0
0.0,0.0,0.0,0.0,0.0,0.0
0.0,0.0,0.0,0.0,0.0,0.0
0.0,0.0,0.0,0.0,0.0,0.0
0.0,0.0,0.0,0.0,0.0,0.0
0.0,0.0,0.0,0.0,0.0,0.0
0.0,0.0,0.0,0.0,0.0,0.0
0.0,0.0,0.0,0.0,0.0,0.0
0.0,0.0,0.0,0.0,0.0,0.0
0.0,0.0,0.0,0.0,0.0,0.0
0.0,0.0,0.0,0.0,0.0,0.0
0.0,0.0,0.0,0.0,0.0,0.0
0.0,0.0,0.0,0.0,0.0,0.0
0.0,0.0,0.0,0.0,0.0,0.0
0.0,0.0,0.0,0.0,0.0,0.0
0.0,0.0,0.0,0.0,0.0,0.0
0.0,0.0,0.0,0.0,0.0,0.0
0.0,0.0,0.0,0.0,0.0,0.0
0.0,0.0,0.0,0.0,0.0,0.0
0.0,0.0,0.0,0.0,0.0,0.0
0.0,0.0,0.0,0.0,0.0,0.0
0.0,0.0,0.0,0.0,0.0,0.0
0.0,0.0,0.0,0.0,0.0,0.0
0.0,0.0,0.0,0.0,0.0,0.0
0.0,0.0,0.0,0.0,0.0,0.0
0.0,0.0,0.0,0.0,0.0,0.0
0.0,0.0,0.0,0.0,0.0,0.0
0.0,0.0,0.0,0.0,0.0,0.0
0.0,0.0,0.0,0.0,0.0,0.0
0.0,0.0,0.0,0.0,0.0,0.0
0.0,0.0,0.0,0.0,0.0,0.0
0.0,0.0,0.0,0.0,0.0,0.0
0.0,0.0,0.0,0.0,0.0,0.0
0.0,0.0,0.0,0.0,0.0,0.0
0.0,0.0,0.0,0.0,0.0,0.0
0.0,0.0,0.0,0.0,0.0,0.0
0.0,0.0,0.0,0.0,0.0,0.0
0.0,0.0,0.0,0.0,0.0,0.0
0.0,0.0,0.0,0.0,0.0,0.0
0.0,0.0,0.0,0.0,0.0,0.0
0.0,0.0,0.0,0.0,0.0,0.0
0.0,0.0,0.0,0.0,0.0,0.0
0.0,0.0,0.0,0.0,0.0,0.0
0.0,0.0,0.0,0.0,0.0,0.0
0.0,0.0,0.0,0.0,0.0,0.0
0.0,0.0,0.0,0.0,0.0,0.0
0.0,0.0,0.0,0.0,0.0,0.0
0.0,0.0,0.0,0.0,0.0,0.0
505.7,505.7,505.7,505.7,505.7,505.7
505.7,505.7,505.7,505.7,505.7,505.7
505.7,505.7,505.7,505.7,505.7,505.7
505.7,505.7,505.7,505.7,505.7,505.7
148.5,148.5,148.5,148.5,148.5,148.5
148.5,148.5,148.5,148.5,148.5,148.5
148.5,148.5,148.5,148.5,148.5,148.5
148.5,148.5,148.5,148.5,148.5,148.5
993.7,1652.9,2257.9,2401.0,2937.5,2203.6
1196.9,2063.3,2202.1,2302.6,2503.5,2178.3
1294.0,1744.0,2277.6,2270.0,2626.4,2234.8
1213.6,1614.2,2289.8,2298.2,2756.3,2274.5
1185.6,1582.3,2530.8,2541.0,3199.9,2595.0
1216.1,1639.6,2612.1,2471.3,3196.1,2499.4
1196.6,1588.2,2520.3,2479.7,3445.9,2404.0
1266.2,2295.5,2404.9,2402.5,2882.7,2382.9
1262.3,2159.7,3100.4,4703.1,5307.9,2929.1
173.1,541.0,0.0,0.0,5468.7,2831.1
235.0,734.3,0.0,0.0,5854.8,3214.4
189.4,591.8,979.5,1731.1,8978.2,3463.8
225.2,703.8,2290.1,2349.7,6606.4,3361.6
1100.3,629.0,1474.2,2673.6,5781.3,3878.4
76.6,39.2,136.3,2313.6,9571.2,3399.9
35.2,14.7,1229.0,658.8,7339.4,3310.1
655.2,655.2,655.2,655.2,655.2,655.2
496.9,496.9,496.9,496.9,496.9,496.9
496.9,496.9,496.9,496.9,496.9,496.9
496.9,496.9,496.9,496.9,496.9,496.9
816.9,816.9,816.9,816.9,816.9,816.9
816.9,816.9,816.9,816.9,816.9,816.9
816.9,816.9,816.9,816.9,816.9,816.9
816.9,816.9,816.9,816.9,816.9,816.9
3104.9,685.8,5151.1,4328.9,8792.7,5229.4
2150.4,491.1,4060.8,869.6,5964.3,3807.2
1566.0,1070.6,3757.3,625.7,5505.9,3343.3
532.5,1179.5,3943.1,4745.2,5396.7,4668.2
1003.2,1073.0,4510.0,4660.9,6365.8,4806.9
2573.3,1184.1,4732.4,5168.5,8824.2,4230.4
3626.8,3051.9,5110.1,5860.1,7294.4,4964.0
1290.5,537.7,1290.5,3403.5,1247.5,4327.6
984.6,410.3,984.6,1064.7,951.8,3961.6
126.6,52.7,628.6,203.2,122.4,474.0
21.1,8.8,1212.3,2405.3,20.4,138.0
7.0,2.9,536.1,5.9,6.8,9.4
10.5,4.4,1995.3,8.8,10.2,14.1
98.5,41.0,2352.0,82.1,95.2,131.3
7.0,2.9,2268.2,1416.8,6.8,9.4
1735.3,0.0,1320.4,1944.3,0.0,0.0
1309.2,20.5,2607.2,949.8,47.6,65.6
1176.4,341.6,2107.8,1220.5,64.6,89.1
1067.2,1002.8,1765.6,1140.1,10.2,14.1
1134.2,933.0,1822.1,1110.7,0.0,0.0
920.1,1023.8,2296.4,759.7,0.0,0.0
906.3,1088.3,2978.2,27.1,0.0,0.0
906.4,974.4,1930.0,0.0,0.0,1189.2
833.3,833.3,833.3,833.3,833.3,833.3
833.3,833.3,833.3,833.3,833.3,833.3
833.3,833.3,833.3,833.3,833.3,833.3
833.3,833.3,833.3,833.3,833.3,833.3
833.3,833.3,833.3,833.3,833.3,833.3
833.3,833.3,833.3,833.3,833.3,833.3
833.8,845.6,842.5,845.6,769.2,863.2
833.3,833.3,833.3,833.3,833.3,833.3
833.3,833.3,833.3,833.3,833.3,833.3
833.3,833.3,833.3,833.3,833.3,833.3
833.3,833.3,833.3,833.3,833.3,833.3
833.3,833.3,833.3,833.3,833.3,833.3
833.3,833.3,833.3,833.3,833.3,833.3
833.3,833.3,833.3,833.3,833.3,833.3
833.3,833.3,833.3,833.3,833.3,833.3
752.8,828.3,830.5,835.0,871.9,834.2
0.0,0.0,0.0,0.0,0.0,0.0
0.0,0.0,0.0,0.0,0.0,0.0
0.0,0.0,0.0,0.0,0.0,0.0
0.0,0.0,0.0,0.0,0.0,0.0
0.0,0.0,0.0,0.0,0.0,0.0
0.0,0.0,0.0,0.0,0.0,0.0
0.0,0.0,0.0,0.0,0.0,0.0
0.0,0.0,0.0,0.0,0.0,0.0
0.0,0.0,0.0,0.0,0.0,0.0
0.0,0.0,0.0,0.0,0.0,0.0
0.0,0.0,0.0,0.0,0.0,0.0
0.0,0.0,0.0,0.0,0.0,0.0
0.0,0.0,0.0,0.0,0.0,0.0
0.0,0.0,0.0,0.0,0.0,0.0
0.0,0.0,0.0,0.0,0.0,0.0
0.0,0.0,0.0,0.0,0.0,0.0
0.0,0.0,0.0,0.0,0.0,0.0
0.0,0.0,0.0,0.0,0.0,0.0
0.0,0.0,0.0,0.0,0.0,0.0
0.0,0.0,0.0,0.0,0.0,0.0
0.0,0.0,0.0,0.0,0.0,0.0
0.0,0.0,0.0,0.0,0.0,0.0
0.0,0.0,0.0,0.0,0.0,0.0
0.0,0.0,0.0,0.0,0.0,0.0
0.0,0.0,0.0,0.0,0.0,0.0
89.8,89.8,89.8,89.8,89.8,89.8
89.8,89.8,89.8,89.8,89.8,89.8
89.8,89.8,89.8,89.8,89.8,89.8
89.8,89.8,89.8,89.8,89.8,89.8
129.2,1074.6,866.9,932.3,568.2,290.9
158.0,781.5,934.7,389.0,1018.9,2383.9
76.6,436.1,616.2,55.7,2471.2,479.8
95.9,1255.4,598.6,41.0,2780.0,2739.6
239.9,1026.6,547.8,5.4,1139.3,1910.9
0.0,520.5,561.4,0.0,1113.2,116.0
0.0,518.8,714.5,0.0,472.2,109.9
0.0,518.8,1725.1,0.0,1072.1,428.0
0.0,630.4,1391.7,699.9,3407.2,846.7
0.0,1232.4,598.8,707.7,991.7,3009.3
318.2,480.8,598.2,697.3,976.6,116.7
374.4,499.0,650.9,300.6,1027.6,257.7
383.8,512.4,849.5,467.9,1041.2,396.6
116.7,486.4,2657.5,1594.8,969.1,309.9
187.4,488.3,3454.2,1482.9,969.1,305.2
307.5,488.3,2242.5,1576.7,961.5,305.2
309.9,488.3,2166.3,1547.3,954.0,305.2
305.2,490.2,2087.9,1600.1,969.1,302.8
305.2,490.2,1523.3,1649.5,972.8,302.8
305.2,1273.9,944.4,1591.8,976.6,300.5
348.5,913.6,1027.1,1689.9,1020.8,359.1
373.2,982.6,991.1,1644.0,1044.6,396.6
307.5,937.4,947.6,1621.6,987.2,1916.5
298.1,497.6,937.9,1615.7,980.4,1759.0
302.8,500.9,902.9,1582.9,980.4,1727.1
304.0,471.5,910.8,1590.9,972.8,1121.6
305.2,474.7,495.7,538.6,505.0,516.8
305.2,326.9,331.4,334.4,329.1,330.2
655.1,483.7,815.6,1162.7,49.0,929.8
511.9,685.8,734.1,734.5,691.4,738.3
682.7,682.7,682.7,682.7,682.7,682.7
682.7,682.7,682.7,682.7,682.7,682.7
79.6,79.6,79.6,79.6,79.6,79.6
79.6,79.6,79.6,79.6,79.6,79.6
79.6,79.6,79.6,79.6,79.6,79.6
79.6,79.6,79.6,79.6,79.6,79.6
19.9,19.9,19.9,19.9,19.9,19.9
19.9,19.9,19.9,19.9,19.9,19.9
19.9,19.9,19.9,19.9,19.9,19.9
19.9,19.9,19.9,19.9,19.9,19.9
0.0,0.0,0.0,0.0,0.0,0.0
0.0,0.0,0.0,0.0,0.0,0.0
0.0,0.0,0.0,0.0,0.0,0.0
0.0,0.0,0.0,0.0,0.0,0.0
0.0,0.0,0.0,0.0,0.0,0.0
0.0,0.0,0.0,0.0,0.0,0.0
0.0,0.0,0.0,0.0,0.0,0.0
0.0,0.0,0.0,0.0,0.0,0.0
0.0,0.0,0.0,0.0,0.0,0.0
0.0,0.0,0.0,0.0,0.0,0.0
0.0,0.0,0.0,0.0,0.0,0.0
0.0,0.0,0.0,0.0,0.0,0.0
0.0,0.0,0.0,0.0,0.0,0.0
0.0,0.0,0.0,0.0,0.0,0.0
0.0,0.0,0.0,0.0,0.0,0.0
0.0,0.0,0.0,0.0,0.0,0.0
0.0,0.0,0.0,0.0,0.0,0.0
0.0,0.0,0.0,0.0,0.0,0.0
0.0,0.0,0.0,0.0,0.0,0.0
0.0,0.0,0.0,0.0,0.0,0.0
0.0,0.0,0.0,0.0,0.0,0.0
0.0,0.0,0.0,0.0,0.0,0.0
0.0,0.0,0.0,0.0,0.0,0.0
0.0,0.0,0.0,0.0,0.0,0.0
0.0,0.0,0.0,0.0,0.0,0.0
0.0,0.0,0.0,0.0,0.0,0.0
0.0,0.0,0.0,0.0,0.0,0.0
0.0,0.0,0.0,0.0,0.0,0.0
0.0,0.0,0.0,0.0,0.0,0.0
0.0,0.0,0.0,0.0,0.0,0.0
0.0,0.0,0.0,0.0,0.0,0.0
0.0,0.0,0.0,0.0,0.0,0.0
0.0,0.0,0.0,0.0,0.0,0.0
0.0,0.0,0.0,0.0,0.0,0.0
0.0,0.0,0.0,0.0,0.0,0.0
0.0,0.0,0.0,0.0,0.0,0.0
0.0,0.0,0.0,0.0,0.0,0.0
0.0,0.0,0.0,0.0,0.0,0.0
0.0,0.0,0.0,0.0,0.0,0.0
0.0,0.0,0.0,0.0,0.0,0.0
0.0,0.0,0.0,0.0,0.0,0.0
0.0,0.0,0.0,0.0,0.0,0.0
0.0,0.0,0.0,0.0,0.0,0.0
0.0,0.0,0.0,0.0,0.0,0.0
0.0,0.0,0.0,0.0,0.0,0.0
0.0,0.0,0.0,0.0,0.0,0.0
0.0,0.0,0.0,0.0,0.0,0.0
0.0,0.0,0.0,0.0,0.0,0.0
0.0,0.0,0.0,0.0,0.0,0.0
0.0,0.0,0.0,0.0,0.0,0.0
0.0,0.0,0.0,0.0,0.0,0.0
0.0,0.0,0.0,0.0,0.0,0.0
90.8,90.8,90.8,90.8,90.8,90.8
90.8,90.8,90.8,90.8,90.8,90.8
90.8,90.8,90.8,90.8,90.8,90.8
90.8,90.8,90.8,90.8,90.8,90.8
102.9,131.4,134.8,136.4,139.8,142.3
131.3,131.3,131.3,131.3,131.3,131.3
131.3,131.3,131.3,131.3,131.3,131.3
131.3,131.3,131.3,131.3,131.3,131.3
375.3,204.2,309.0,609.6,391.1,290.7
371.9,402.8,297.4,444.8,383.1,279.8
363.3,363.3,363.3,363.3,363.3,363.3
363.3,363.3,363.3,363.3,363.3,363.3
428.8,460.9,456.4,457.1,463.4,457.7
446.7,454.9,454.7,454.9,458.0,455.1
439.4,501.4,483.4,491.6,530.9,277.6
454.6,460.8,478.2,457.1,465.8,407.8
450.3,509.7,645.9,336.7,636.3,325.6
263.1,527.4,855.5,248.3,778.9,231.4
141.9,527.9,775.8,372.3,739.8,347.0
113.3,421.0,702.9,297.2,1093.2,277.0
94.2,126.0,795.9,247.3,1408.0,230.5
152.1,203.2,607.1,399.0,1168.6,371.9
101.9,136.3,264.9,267.5,1442.9,249.3
129.1,146.7,290.5,288.3,1020.7,284.4
227.1,238.8,477.7,469.8,773.4,477.1
118.0,135.0,267.3,265.5,443.9,261.1
111.2,148.6,289.0,291.7,500.4,271.9
143.4,191.6,372.6,376.2,645.2,350.6
97.6,130.4,253.6,256.1,439.2,238.7
123.1,164.5,319.8,322.9,553.9,301.0
129.7,173.4,337.1,340.4,583.8,317.2
100.0,133.6,259.8,262.3,449.9,244.5
157.6,191.2,364.9,364.8,559.3,354.5
140.8,140.8,140.8,140.8,140.8,140.8
140.8,140.8,140.8,140.8,140.8,140.8
129.7,141.1,142.9,142.9,145.5,142.7
90.9,90.9,90.9,90.9,90.9,90.9
90.9,90.9,90.9,90.9,90.9,90.9
90.9,90.9,90.9,90.9,90.9,90.9
90.9,90.9,90.9,90.9,90.9,90.9
20.3,20.3,20.3,20.3,20.3,20.3
20.3,20.3,20.3,20.3,20.3,20.3
20.3,20.3,20.3,20.3,20.3,20.3
20.3,20.3,20.3,20.3,20.3,20.3
0.0,0.0,0.0,0.0,0.0,0.0
0.0,0.0,0.0,0.0,0.0,0.0
0.0,0.0,0.0,0.0,0.0,0.0
0.0,0.0,0.0,0.0,0.0,0.0
0.0,0.0,0.0,0.0,0.0,0.0
0.0,0.0,0.0,0.0,0.0,0.0
0.0,0.0,0.0,0.0,0.0,0.0
0.0,0.0,0.0,0.0,0.0,0.0
0.0,0.0,0.0,0.0,0.0,0.0
0.0,0.0,0.0,0.0,0.0,0.0
0.0,0.0,0.0,0.0,0.0,0.0
0.0,0.0,0.0,0.0,0.0,0.0
0.0,0.0,0.0,0.0,0.0,0.0
0.0,0.0,0.0,0.0,0.0,0.0
0.0,0.0,0.0,0.0,0.0,0.0
0.0,0.0,0.0,0.0,0.0,0.0
0.0,0.0,0.0,0.0,0.0,0.0
0.0,0.0,0.0,0.0,0.0,0.0
0.0,0.0,0.0,0.0,0.0,0.0
0.0,0.0,0.0,0.0,0.0,0.0
0.0,0.0,0.0,0.0,0.0,0.0
0.0,0.0,0.0,0.0,0.0,0.0
0.0,0.0,0.0,0.0,0.0,0.0
0.0,0.0,0.0,0.0,0.0,0.0
0.0,0.0,0.0,0.0,0.0,0.0
0.0,0.0,0.0,0.0,0.0,0.0
0.0,0.0,0.0,0.0,0.0,0.0
0.0,0.0,0.0,0.0,0.0,0.0
0.0,0.0,0.0,0.0,0.0,0.0
0.0,0.0,0.0,0.0,0.0,0.0
0.0,0.0,0.0,0.0,0.0,0.0
0.0,0.0,0.0,0.0,0.0,0.0
0.0,0.0,0.0,0.0,0.0,0.0
0.0,0.0,0.0,0.0,0.0,0.0
0.0,0.0,0.0,0.0,0.0,0.0
0.0,0.0,0.0,0.0,0.0,0.0
0.0,0.0,0.0,0.0,0.0,0.0
0.0,0.0,0.0,0.0,0.0,0.0
0.0,0.0,0.0,0.0,0.0,0.0
0.0,0.0,0.0,0.0,0.0,0.0
0.0,0.0,0.0,0.0,0.0,0.0
0.0,0.0,0.0,0.0,0.0,0.0
0.0,0.0,0.0,0.0,0.0,0.0
0.0,0.0,0.0,0.0,0.0,0.0
0.0,0.0,0.0,0.0,0.0,0.0
0.0,0.0,0.0,0.0,0.0,0.0
0.0,0.0,0.0,0.0,0.0,0.0
0.0,0.0,0.0,0.0,0.0,0.0
0.0,0.0,0.0,0.0,0.0,0.0
0.0,0.0,0.0,0.0,0.0,0.0
0.0,0.0,0.0,0.0,0.0,0.0
0.0,0.0,0.0,0.0,0.0,0.0
308.2,1118.7,989.4,431.4,740.0,3050.8
426.5,1941.3,869.4,306.0,524.9,1603.0
458.0,1241.2,927.4,373.1,640.0,662.4
453.1,669.8,888.8,338.1,573.4,632.8
494.3,664.9,894.3,333.0,537.1,657.9
472.6,683.2,914.4,360.8,604.3,660.3
421.1,650.4,841.5,288.5,494.9,575.3
412.8,633.4,825.2,269.9,463.0,560.3
457.9,684.9,940.7,382.2,655.6,666.2
695.1,643.0,297.1,998.4,514.5,591.8
797.1,746.5,495.4,1277.4,858.0,464.5
1432.5,720.9,441.2,3270.9,1224.1,415.2
835.2,633.8,272.2,2031.6,1446.8,264.4
237.9,250.0,500.2,492.0,809.7,499.7
172.3,207.7,408.5,408.1,688.6,394.1
107.8,144.1,280.2,282.9,485.3,263.7
378.1,1199.2,982.7,992.1,1701.7,924.7
531.8,1210.4,1382.0,1395.2,2393.2,1421.8
148.0,697.5,384.8,388.4,748.7,674.3
333.4,949.0,866.5,874.7,2918.0,1127.6
117.6,660.6,305.7,308.6,1859.0,602.3
166.3,702.2,381.5,379.6,740.8,686.0
698.5,802.5,591.3,584.6,1074.6,902.2
795.4,731.7,425.2,507.6,821.8,722.8
774.1,712.1,394.9,1798.8,1480.5,693.3
753.6,674.7,329.4,2325.0,3662.8,628.1
429.9,661.3,299.7,1087.4,1510.6,597.8
452.1,324.2,348.2,1141.6,1602.1,644.6
428.5,150.7,511.4,393.4,507.3,366.4
448.6,169.6,891.9,1119.9,571.2,310.4
479.0,176.2,912.7,2424.9,1973.8,346.5
505.3,188.6,946.5,371.4,2610.5,385.3
458.3,179.2,916.7,351.9,2612.3,333.9
204.0,151.4,867.1,297.2,2519.6,277.0
117.6,157.2,874.1,308.6,2531.6,379.2
131.2,200.7,919.9,344.1,2600.0,1895.8
112.8,577.5,885.5,274.7,2480.9,1733.4
262.9,574.6,1587.7,322.3,2589.0,416.4
419.4,417.2,1975.8,755.8,3306.1,820.4
177.9,210.9,571.7,1313.3,2571.1,464.9
222.0,252.0,495.0,1939.8,2711.4,1328.7
147.2,426.3,400.4,2037.0,2623.3,1763.8
174.1,777.0,641.4,2010.6,3561.6,233.3
207.8,0.0,1039.2,1474.2,774.7,0.0
0.0,541.0,865.6,1479.4,98.9,0.0
0.0,934.4,1495.0,1479.4,98.9,0.0
0.0,906.6,982.8,1535.8,1574.8,0.0
0.0,496.6,16.3,1495.0,2992.1,0.0
56.3,502.3,56.3,1029.5,3280.7,75.0
63.3,497.7,63.3,1592.7,2698.6,84.4
1.1,487.9,5.4,2350.4,2143.0,12.2
173.1,452.5,0.0,2327.8,2046.6,0.0
299.0,0.0,0.0,2035.8,2503.8,161.4
0.0,28.8,0.0,1949.3,2717.9,304.0
0.0,556.3,0.0,726.3,917.3,299.3
0.0,0.0,0.0,0.0,0.0,0.0
0.0,0.0,0.0,0.0,0.0,0.0
0.0,0.0,0.0,0.0,0.0,0.0
0.0,0.0,0.0,0.0,0.0,0.0
0.0,0.0,0.0,0.0,0.0,0.0
0.0,0.0,0.0,0.0,0.0,0.0
0.0,0.0,0.0,0.0,0.0,0.0
0.0,0.0,0.0,0.0,0.0,0.0
0.0,0.0,0.0,0.0,0.0,0.0
0.0,0.0,0.0,0.0,0.0,0.0
0.0,0.0,0.0,0.0,0.0,0.0
0.0,0.0,0.0,0.0,0.0,0.0
0.0,0.0,0.0,0.0,0.0,0.0
0.0,0.0,0.0,0.0,0.0,0.0
0.0,0.0,0.0,0.0,0.0,0.0
0.0,0.0,0.0,0.0,0.0,0.0
0.0,0.0,0.0,0.0,0.0,0.0
0.0,0.0,0.0,0.0,0.0,0.0
0.0,0.0,0.0,0.0,0.0,0.0
0.0,0.0,0.0,0.0,0.0,0.0
0.0,0.0,0.0,0.0,0.0,0.0
0.0,0.0,0.0,0.0,0.0,0.0
0.0,0.0,0.0,0.0,0.0,0.0
0.0,0.0,0.0,0.0,0.0,0.0
0.0,0.0,0.0,0.0,0.0,0.0
0.0,0.0,0.0,0.0,0.0,0.0
0.0,0.0,0.0,0.0,0.0,0.0
0.0,0.0,0.0,0.0,0.0,0.0
0.0,0.0,0.0,0.0,0.0,0.0
0.0,0.0,0.0,0.0,0.0,0.0
0.0,0.0,0.0,0.0,0.0,0.0
0.0,0.0,0.0,0.0,0.0,0.0
0.0,0.0,0.0,0.0,0.0,0.0
0.0,0.0,0.0,0.0,0.0,0.0
0.0,0.0,0.0,0.0,0.0,0.0
0.0,0.0,0.0,0.0,0.0,0.0
0.0,0.0,0.0,0.0,0.0,0.0
0.0,0.0,0.0,0.0,187.0,55.1
40.3,40.3,40.3,40.3,40.3,40.3
40.3,40.3,40.3,40.3,40.3,40.3
0.0,61.7,54.3,0.0,78.4,47.6
80.3,80.3,80.3,80.3,80.3,80.3
80.3,80.3,80.3,80.3,80.3,80.3
80.3,80.3,80.3,80.3,80.3,80.3
80.3,80.3,80.3,80.3,80.3,80.3
160.0,160.0,160.0,160.0,160.0,160.0
160.0,160.0,160.0,160.0,160.0,160.0
160.0,160.0,160.0,160.0,160.0,160.0
160.0,160.0,160.0,160.0,160.0,160.0
239.6,239.6,239.6,239.6,239.6,239.6
239.6,239.6,239.6,239.6,239.6,239.6
239.6,239.6,239.6,239.6,239.6,239.6
239.6,239.6,239.6,239.6,239.6,239.6
203.3,318.2,361.7,326.3,330.9,316.8
309.5,309.5,309.5,309.5,309.5,309.5
309.5,309.5,309.5,309.5,309.5,309.5
309.5,309.5,309.5,309.5,309.5,309.5
360.0,360.0,360.0,360.0,360.0,360.0
360.0,360.0,360.0,360.0,360.0,360.0
360.0,360.0,360.0,360.0,360.0,360.0
360.0,360.0,360.0,360.0,360.0,360.0
350.2,350.2,350.2,350.2,350.2,350.2
350.2,350.2,350.2,350.2,350.2,350.2
350.2,350.2,350.2,350.2,350.2,350.2
193.0,384.9,357.2,424.2,386.4,355.5
300.0,300.0,300.0,300.0,300.0,300.0
300.0,300.0,300.0,300.0,300.0,300.0
300.0,300.0,300.0,300.0,300.0,300.0
300.0,300.0,300.0,300.0,300.0,300.0
309.7,309.7,309.7,309.7,309.7,309.7
309.7,309.7,309.7,309.7,309.7,309.7
309.7,309.7,309.7,309.7,309.7,309.7
309.7,309.7,309.7,309.7,309.7,309.7
320.2,320.2,320.2,320.2,320.2,320.2
245.5,328.2,334.8,337.0,352.0,323.9
152.3,197.1,333.6,334.1,575.0,329.4
173.7,222.5,357.6,358.3,458.7,350.6
80.3,80.3,80.3,80.3,80.3,80.3
80.3,80.3,80.3,80.3,80.3,80.3
7.0,2.9,7.0,5.9,6.8,9.4
7.0,2.9,7.0,5.9,6.8,9.4
38.7,16.1,38.7,32.2,37.4,51.6
80.9,33.7,80.9,67.4,78.2,107.8
42.2,17.6,42.2,68.9,89.8,56.3
22.4,2.9,7.0,217.0,282.8,9.4
0.0,0.0,0.0,0.0,0.0,0.0
0.0,0.0,0.0,0.0,0.0,0.0
0.0,0.0,0.0,0.0,0.0,0.0
0.0,0.0,0.0,0.0,0.0,0.0
0.0,0.0,0.0,0.0,0.0,0.0
0.0,0.0,0.0,0.0,0.0,0.0
0.0,0.0,0.0,0.0,0.0,0.0
0.0,0.0,0.0,0.0,0.0,0.0
0.0,0.0,0.0,0.0,0.0,0.0
0.0,0.0,0.0,0.0,0.0,0.0
0.0,0.0,0.0,0.0,0.0,0.0
0.0,0.0,0.0,0.0,0.0,0.0
0.0,0.0,0.0,0.0,0.0,0.0
0.0,0.0,0.0,0.0,0.0,0.0
0.0,0.0,0.0,0.0,0.0,0.0
0.0,0.0,0.0,0.0,0.0,0.0
0.0,0.0,0.0,0.0,0.0,0.0
0.0,0.0,0.0,0.0,0.0,0.0
0.0,0.0,0.0,0.0,0.0,0.0
0.0,0.0,0.0,0.0,0.0,0.0
0.0,0.0,0.0,0.0,0.0,0.0
0.0,0.0,0.0,0.0,0.0,0.0
0.0,0.0,0.0,0.0,0.0,0.0
0.0,0.0,0.0,0.0,0.0,0.0
0.0,0.0,0.0,0.0,0.0,0.0
0.0,0.0,0.0,0.0,0.0,0.0
0.0,0.0,0.0,0.0,0.0,0.0
0.0,0.0,0.0,0.0,0.0,0.0
0.0,0.0,0.0,0.0,0.0,0.0
0.0,0.0,0.0,0.0,0.0,0.0
0.0,0.0,0.0,0.0,0.0,0.0
0.0,0.0,0.0,0.0,0.0,0.0
0.0,0.0,0.0,0.0,0.0,0.0
0.0,0.0,0.0,0.0,0.0,0.0
0.0,0.0,0.0,0.0,0.0,0.0
0.0,0.0,0.0,0.0,0.0,0.0
0.0,0.0,0.0,0.0,0.0,0.0
0.0,0.0,0.0,0.0,0.0,0.0
0.0,0.0,0.0,0.0,0.0,0.0
0.0,0.0,0.0,0.0,0.0,0.0
0.0,0.0,0.0,0.0,0.0,0.0
0.0,0.0,0.0,0.0,0.0,0.0
0.0,0.0,0.0,0.0,0.0,0.0
0.0,0.0,0.0,0.0,0.0,0.0
0.0,0.0,0.0,0.0,0.0,0.0
0.0,0.0,0.0,0.0,0.0,0.0
0.0,0.0,0.0,0.0,0.0,0.0
0.0,0.0,0.0,0.0,0.0,0.0
40.4,40.4,40.4,40.4,40.4,40.4
40.4,40.4,40.4,40.4,40.4,40.4
40.4,40.4,40.4,40.4,40.4,40.4
40.4,40.4,40.4,40.4,40.4,40.4
130.7,130.7,130.7,130.7,130.7,130.7
130.7,130.7,130.7,130.7,130.7,130.7
130.7,130.7,130.7,130.7,130.7,130.7
130.7,130.7,130.7,130.7,130.7,130.7
260.0,260.0,260.0,260.0,260.0,260.0
260.0,260.0,260.0,260.0,260.0,260.0
260.0,260.0,260.0,260.0,260.0,260.0
260.0,260.0,260.0,260.0,260.0,260.0
378.1,378.1,378.1,378.1,378.1,378.1
378.1,378.1,378.1,378.1,378.1,378.1
378.1,378.1,378.1,378.1,378.1,378.1
378.1,378.1,378.1,378.1,378.1,378.1
397.5,981.4,991.5,1023.9,1075.8,984.1
476.9,720.0,1077.2,967.2,1055.6,1157.5
431.4,931.2,1065.9,935.2,1119.9,970.7
740.2,911.2,965.4,917.4,978.7,941.4
840.6,623.5,1809.5,1268.2,2104.3,1458.9
734.6,600.3,1791.5,1156.4,1874.9,1410.3
724.1,518.3,2962.1,1051.8,1825.0,1310.2
818.3,587.5,1702.6,1190.2,2060.4,1358.7
1005.0,578.3,1685.7,1102.9,1842.3,1422.1
998.1,524.5,1563.9,1075.2,2008.9,1634.1
739.0,595.3,1684.1,1161.1,4070.8,1356.5
711.3,577.1,1196.1,1102.5,1636.5,1040.5
781.0,565.7,1068.9,1140.8,1746.3,1054.0
531.1,619.8,1214.0,1185.7,1526.9,1151.2
446.2,578.4,1156.5,1125.7,557.5,1049.5
449.6,568.0,1094.5,1157.8,573.9,1041.2
414.0,577.3,1135.3,1100.2,494.4,1078.4
422.0,562.8,1098.5,1084.4,526.1,1006.7
448.1,586.1,1119.8,1181.0,600.4,1143.2
404.7,558.0,1104.2,1043.3,462.7,2168.9
430.6,559.7,1094.2,1089.1,525.9,891.3
466.7,613.4,1173.4,1249.9,645.6,1001.9
468.0,575.1,1145.8,1091.4,511.3,850.3
474.5,574.7,1138.5,1227.5,585.9,346.8
425.9,598.6,1145.6,2338.6,590.0,320.6
490.4,651.0,1303.8,1154.0,865.1,470.1
0.0,0.0,0.0,0.0,0.0,0.0
0.0,0.0,0.0,0.0,0.0,0.0
0.0,218.7,0.0,0.0,4901.9,0.0
0.0,477.0,0.0,137.4,4506.2,0.0
0.0,452.5,0.0,671.4,3996.7,0.0
136.7,0.0,0.0,666.2,3400.3,917.4
298.1,0.0,0.0,1154.3,2597.0,950.5
282.8,561.2,112.4,996.6,1371.0,786.5
0.0,0.0,0.0,0.0,0.0,0.0
0.0,0.0,0.0,0.0,0.0,0.0
0.0,0.0,0.0,0.0,0.0,0.0
0.0,0.0,0.0,0.0,0.0,0.0
0.0,0.0,0.0,0.0,0.0,0.0
0.0,0.0,0.0,0.0,0.0,0.0
0.0,0.0,0.0,0.0,0.0,0.0
0.0,0.0,0.0,0.0,0.0,0.0
0.0,0.0,0.0,0.0,0.0,0.0
0.0,0.0,0.0,0.0,0.0,0.0
0.0,0.0,0.0,0.0,0.0,0.0
0.0,0.0,0.0,0.0,0.0,0.0
0.0,0.0,0.0,0.0,0.0,0.0
0.0,0.0,0.0,0.0,0.0,0.0
0.0,0.0,0.0,0.0,0.0,0.0
0.0,0.0,0.0,0.0,0.0,0.0
0.0,0.0,0.0,0.0,0.0,0.0
0.0,0.0,0.0,0.0,0.0,0.0
0.0,0.0,0.0,0.0,0.0,0.0
0.0,0.0,0.0,0.0,0.0,0.0
0.0,0.0,0.0,0.0,0.0,0.0
0.0,0.0,0.0,0.0,0.0,0.0
0.0,0.0,0.0,0.0,0.0,0.0
0.0,0.0,0.0,0.0,0.0,0.0
0.0,0.0,0.0,0.0,0.0,0.0
0.0,0.0,0.0,0.0,0.0,0.0
0.0,0.0,0.0,0.0,0.0,0.0
0.0,0.0,0.0,0.0,0.0,0.0
0.0,0.0,0.0,0.0,0.0,0.0
0.0,0.0,0.0,0.0,0.0,0.0
0.0,0.0,0.0,0.0,0.0,0.0
0.0,0.0,0.0,0.0,0.0,0.0
0.0,0.0,0.0,0.0,0.0,0.0
0.0,0.0,0.0,0.0,0.0,0.0
0.0,0.0,0.0,0.0,0.0,0.0
0.0,0.0,0.0,0.0,0.0,0.0
0.0,0.0,0.0,0.0,0.0,0.0
0.0,0.0,0.0,0.0,0.0,0.0
0.0,0.0,0.0,0.0,0.0,0.0
0.0,0.0,0.0,0.0,0.0,0.0
0.0,0.0,0.0,0.0,0.0,0.0
0.0,0.0,0.0,0.0,0.0,0.0
0.0,0.0,0.0,0.0,0.0,0.0
0.0,0.0,0.0,0.0,0.0,0.0
0.0,0.0,0.0,0.0,0.0,0.0
0.0,0.0,0.0,0.0,0.0,0.0
92.7,92.7,92.7,92.7,92.7,92.7
0.0,0.0,143.2,0.0,413.2,0.0
118.8,0.0,118.7,0.0,318.9,0.0
107.6,0.0,116.5,0.0,332.3,0.0
390.1,17.6,358.0,35.2,932.0,56.3
975.4,27.8,576.5,55.7,64.6,89.1
817.5,5.9,550.7,11.7,13.6,18.8
380.1,258.1,386.3,361.0,378.1,359.4
146.6,195.9,919.6,384.5,659.6,358.4
162.0,216.5,970.3,424.9,728.9,396.1
147.3,196.8,932.1,386.4,662.8,360.2
166.9,223.0,980.9,437.8,750.9,408.1
173.2,231.5,1156.4,454.4,779.4,423.5
363.6,434.2,1964.2,853.2,1437.4,826.5
470.1,570.1,1810.3,1995.5,1620.7,1079.3
190.7,965.6,1020.5,1410.9,854.1,466.3
185.8,745.5,688.6,2178.6,836.1,454.3
140.4,991.1,365.0,2795.0,632.1,395.3
126.8,1142.5,329.4,3109.4,570.4,618.7
476.1,1447.9,1446.3,1912.9,701.9,1529.6
455.1,1259.9,1162.0,1042.6,1261.8,1235.6
867.6,646.5,1324.5,981.2,1213.9,1383.3
607.5,502.3,72.5,705.3,1015.9,373.1
530.0,504.8,438.0,900.8,1022.3,474.4
322.5,478.9,1845.5,1350.6,954.0,611.6
0.0,0.0,600.3,0.0,33.0,0.0
192.7,257.5,1111.6,505.5,965.9,471.1
113.4,161.7,906.2,297.5,3109.2,277.3
145.0,224.4,977.5,380.5,751.5,354.6
631.1,1053.5,1758.0,493.4,945.2,459.8
419.1,178.0,1607.9,289.5,601.1,269.9
464.6,236.0,956.7,404.1,751.1,406.0
588.4,262.2,1007.1,452.5,2190.3,2626.2
144.3,215.1,1858.1,1767.4,1504.2,2332.9
149.0,645.1,2121.1,2639.9,670.5,1596.4
94.8,611.8,1873.2,3097.3,1644.4,500.6
121.7,162.7,1210.7,2072.8,2133.3,1082.4
633.5,207.4,403.2,938.3,1061.7,746.2
362.9,395.0,0.0,519.7,142.9,363.1
323.1,353.6,0.0,384.2,399.0,323.7
164.4,164.4,164.4,164.4,164.4,164.4
66.8,27.8,682.6,55.7,64.6,89.1
3.5,422.5,549.5,2.9,3.4,4.7
0.0,753.0,70.5,0.0,0.0,0.0
0.0,481.6,0.0,0.0,0.0,0.0
8.7,45.8,256.0,99.8,5.5,114.6
89.5,0.0,186.5,79.7,0.0,76.9
74.5,83.3,85.8,72.4,0.0,116.6
0.0,0.0,0.0,0.0,0.0,0.0
0.0,0.0,0.0,0.0,0.0,0.0
0.0,0.0,0.0,0.0,0.0,0.0
0.0,0.0,0.0,0.0,0.0,0.0
0.0,0.0,0.0,0.0,0.0,0.0
0.0,0.0,0.0,0.0,0.0,0.0
0.0,0.0,0.0,0.0,0.0,0.0
0.0,0.0,0.0,0.0,0.0,0.0
0.0,0.0,0.0,0.0,0.0,0.0
0.0,0.0,0.0,0.0,0.0,0.0
0.0,0.0,0.0,0.0,0.0,0.0
0.0,0.0,0.0,0.0,0.0,0.0
0.0,0.0,0.0,0.0,0.0,0.0
0.0,0.0,0.0,0.0,0.0,0.0
0.0,0.0,0.0,0.0,0.0,0.0
0.0,0.0,0.0,0.0,0.0,0.0
0.0,0.0,0.0,0.0,0.0,0.0
0.0,0.0,0.0,0.0,0.0,0.0
0.0,0.0,0.0,0.0,0.0,0.0
0.0,0.0,0.0,0.0,0.0,0.0
0.0,0.0,0.0,0.0,0.0,0.0
0.0,0.0,0.0,0.0,0.0,0.0
0.0,0.0,0.0,0.0,0.0,0.0
0.0,0.0,0.0,0.0,0.0,0.0
0.0,0.0,0.0,0.0,0.0,0.0
0.0,0.0,0.0,0.0,0.0,0.0
0.0,0.0,0.0,0.0,0.0,0.0
0.0,0.0,0.0,0.0,0.0,0.0
0.0,0.0,0.0,0.0,0.0,0.0
0.0,0.0,0.0,0.0,0.0,0.0
0.0,0.0,0.0,0.0,0.0,0.0
0.0,0.0,0.0,0.0,0.0,0.0
0.0,0.0,0.0,0.0,0.0,0.0
0.0,0.0,0.0,0.0,0.0,0.0
0.0,0.0,0.0,0.0,0.0,0.0
0.0,0.0,0.0,0.0,0.0,0.0
0.0,0.0,0.0,0.0,0.0,0.0
0.0,0.0,0.0,0.0,0.0,0.0
0.0,0.0,0.0,0.0,0.0,0.0
0.0,0.0,0.0,0.0,0.0,0.0
0.0,0.0,0.0,0.0,0.0,0.0
0.0,0.0,0.0,0.0,0.0,0.0
0.0,0.0,0.0,0.0,0.0,0.0
0.0,0.0,0.0,0.0,0.0,0.0
0.0,0.0,0.0,0.0,0.0,0.0
0.0,0.0,0.0,0.0,0.0,0.0
0.0,0.0,0.0,0.0,0.0,0.0
0.0,0.0,0.0,0.0,0.0,0.0
185.9,185.9,185.9,185.9,185.9,185.9
185.9,185.9,185.9,185.9,185.9,185.9
189.3,143.7,193.4,197.7,194.1,197.5
191.9,36.5,221.1,232.6,215.2,218.3
456.6,30.8,508.2,596.8,546.2,515.7
442.4,442.4,442.4,442.4,442.4,442.4
442.4,442.4,442.4,442.4,442.4,442.4
442.4,442.4,442.4,442.4,442.4,442.4
798.4,798.4,798.4,798.4,798.4,798.4
798.4,798.4,798.4,798.4,798.4,798.4
798.4,798.4,798.4,798.4,798.4,798.4
798.4,798.4,798.4,798.4,798.4,798.4
80.9,1738.6,632.3,67.4,1092.5,2230.0
364.4,1246.1,645.7,82.1,1075.6,3274.6
717.7,1843.1,965.5,383.9,1418.1,614.2
2324.9,1811.8,1870.8,1621.2,2705.8,2494.4
1947.2,1439.6,1434.7,1903.3,1386.9,1913.0
1873.1,1433.4,1424.2,4551.0,1467.2,1951.9
1955.2,1249.2,1325.7,3168.5,2310.9,2082.2
628.7,793.0,390.3,1719.9,377.3,520.4
248.6,493.7,14.1,2566.3,13.6,18.8
260.1,388.8,9.7,2068.9,12.3,1224.3
257.1,592.8,7.0,679.9,6.8,9.4
264.7,425.3,56.3,715.7,54.4,75.0
271.8,1344.7,56.3,726.1,54.4,75.0
239.3,964.6,10.5,81.4,10.2,14.1
528.0,661.5,361.8,358.4,2913.6,1931.9
481.9,217.7,376.0,365.3,2258.2,1995.0
1164.1,216.6,374.4,369.3,2500.7,2806.6
1066.8,1016.1,431.3,433.6,2115.2,1668.9
1173.6,364.4,502.2,505.7,1957.0,1382.2
1095.4,261.5,509.9,513.5,877.6,2072.8
520.8,259.9,507.4,510.4,909.0,1849.3
248.1,264.8,516.8,519.9,985.8,1707.7
167.9,204.1,900.9,400.8,3321.6,1073.3
198.8,688.0,1537.4,396.6,758.7,1160.3
470.6,1211.8,1560.7,422.2,2614.4,3682.4
190.3,1172.6,927.0,359.2,1729.3,466.4
180.3,1218.6,1013.0,460.4,1860.2,542.9
188.0,1242.7,550.2,550.4,4358.7,564.1
231.2,845.5,638.4,729.6,2349.5,661.3
253.3,328.8,1551.9,2110.7,1208.1,2186.5
161.8,209.8,460.8,553.0,703.3,772.4
131.6,166.2,373.9,424.0,554.9,310.0
472.6,278.6,607.4,651.2,906.0,552.0
956.6,956.6,956.6,956.6,956.6,956.6
568.6,528.3,1364.0,2621.3,88.4,121.9
407.3,510.5,35.2,29.3,34.0,46.9
371.1,86.1,0.0,763.6,682.5,0.0
837.2,840.3,759.6,845.8,848.6,868.6
833.3,833.3,833.3,833.3,833.3,833.3
225.9,73.3,865.2,1978.1,488.8,1368.6
185.7,57.1,1109.7,1892.1,887.4,868.0
83.9,61.1,1005.3,2121.4,1028.8,367.1
273.9,273.9,273.9,273.9,273.9,273.9
0.0,0.0,0.0,0.0,0.0,0.0
0.0,0.0,0.0,0.0,0.0,0.0
0.0,0.0,0.0,0.0,0.0,0.0
0.0,0.0,0.0,0.0,0.0,0.0
0.0,0.0,0.0,0.0,0.0,0.0
0.0,0.0,0.0,0.0,0.0,0.0
0.0,0.0,0.0,0.0,0.0,0.0
0.0,0.0,0.0,0.0,0.0,0.0
0.0,0.0,0.0,0.0,0.0,0.0
0.0,0.0,0.0,0.0,0.0,0.0
0.0,0.0,0.0,0.0,0.0,0.0
0.0,0.0,0.0,0.0,0.0,0.0
0.0,0.0,0.0,0.0,0.0,0.0
0.0,0.0,0.0,0.0,0.0,0.0
0.0,0.0,0.0,0.0,0.0,0.0
0.0,0.0,0.0,0.0,0.0,0.0
0.0,0.0,0.0,0.0,0.0,0.0
0.0,0.0,0.0,0.0,0.0,0.0
0.0,0.0,0.0,0.0,0.0,0.0
0.0,0.0,0.0,0.0,0.0,0.0
0.0,0.0,0.0,0.0,0.0,0.0
0.0,0.0,0.0,0.0,0.0,0.0
0.0,0.0,0.0,0.0,0.0,0.0
0.0,0.0,0.0,0.0,0.0,0.0
0.0,0.0,0.0,0.0,0.0,0.0
0.0,0.0,0.0,0.0,0.0,0.0
0.0,0.0,0.0,0.0,0.0,0.0
0.0,0.0,0.0,0.0,0.0,0.0
0.0,0.0,0.0,0.0,0.0,0.0
0.0,0.0,0.0,0.0,0.0,0.0
0.0,0.0,0.0,0.0,0.0,0.0
0.0,0.0,0.0,0.0,0.0,0.0
0.0,0.0,0.0,0.0,0.0,0.0
0.0,0.0,0.0,0.0,0.0,0.0
0.0,0.0,0.0,0.0,0.0,0.0
0.0,0.0,0.0,0.0,0.0,0.0
0.0,0.0,0.0,0.0,0.0,0.0
0.0,0.0,0.0,0.0,0.0,0.0
0.0,0.0,0.0,0.0,0.0,0.0
0.0,0.0,0.0,0.0,0.0,0.0
0.0,0.0,0.0,0.0,0.0,0.0
0.0,0.0,0.0,0.0,0.0,0.0
0.0,0.0,0.0,0.0,0.0,0.0
0.0,0.0,0.0,0.0,0.0,0.0
0.0,0.0,0.0,0.0,0.0,0.0
156.9,164.7,169.1,185.9,214.5,35.4
154.4,154.4,154.4,154.4,154.4,154.4
154.4,154.4,154.4,154.4,154.4,154.4
154.4,154.4,154.4,154.4,154.4,154.4
512.5,759.7,1181.0,1533.7,1545.3,1800.2
306.4,499.6,0.0,671.4,972.8,311.1
623.7,516.6,63.3,729.4,1037.8,396.7
651.9,514.3,66.8,742.7,1048.7,394.3
803.3,745.0,1071.1,1485.4,1941.3,1399.4
1262.0,766.1,1259.0,1318.0,1541.7,1298.6
1268.4,495.8,0.0,671.4,999.2,306.4
1033.4,497.7,63.6,676.6,1003.0,304.0
1073.9,499.6,576.9,1354.6,995.5,305.2
311.1,427.3,441.3,625.8,328.1,307.5
102.5,354.0,371.5,641.7,0.0,299.2
24.6,174.3,547.3,475.1,23.8,523.9
70.3,29.3,1357.8,1540.9,68.0,1933.0
397.4,498.9,1688.7,1406.3,557.1,2008.9
545.3,728.9,1807.9,1577.3,597.4,1495.3
494.0,660.3,1670.8,1029.9,566.0,1153.8
526.0,703.0,1680.3,964.3,484.5,1052.2
482.6,645.1,1853.2,1044.2,621.7,1224.8
437.4,584.6,1023.3,1167.6,824.5,448.0
181.8,444.7,472.4,1171.7,818.0,444.5
126.1,509.0,0.0,697.3,0.0,0.0
374.4,519.3,56.3,741.6,54.4,75.0
376.7,523.7,66.8,758.2,64.6,89.1
464.5,703.0,1333.1,1101.8,2305.7,374.1
429.8,662.4,1003.3,1013.6,2140.8,1169.1
440.5,673.9,1494.6,1029.7,3606.1,961.5
740.0,1070.7,1099.4,1804.6,2895.4,2135.8
435.9,671.5,312.3,1004.8,1532.4,293.8
475.1,719.1,404.8,1100.8,1700.2,380.9
548.7,819.4,596.2,1294.1,2043.0,687.1
516.2,759.5,486.0,1182.9,1845.2,781.0
526.4,1196.0,420.1,1100.7,1681.6,734.2
494.0,1062.9,1177.6,2023.3,1687.1,702.7
418.7,1246.0,1399.8,1659.7,1495.5,569.6
451.4,686.3,1471.2,2209.4,1641.4,650.4
824.1,704.4,1505.0,1054.5,1692.3,681.3
704.8,662.7,1437.5,974.9,1553.3,610.7
918.4,729.5,1534.5,1061.6,1699.0,697.5
448.5,1213.3,1493.8,1033.0,1635.9,661.2
308.7,796.8,1457.3,671.4,1006.8,320.5
349.7,532.2,1941.8,719.9,972.3,484.1
632.2,648.8,1006.8,888.3,866.3,957.5
833.3,833.3,833.3,833.3,833.3,833.3
584.6,834.4,933.7,948.5,846.1,852.9
409.2,852.0,947.7,986.0,845.9,959.2
315.0,495.8,1127.6,1081.9,853.7,1125.9
833.3,833.3,833.3,833.3,833.3,833.3
833.3,833.3,833.3,833.3,833.3,833.3
833.3,833.3,833.3,833.3,833.3,833.3
833.3,833.3,833.3,833.3,833.3,833.3
812.7,706.8,877.7,865.4,847.4,889.9
376.7,838.4,982.5,949.8,854.0,998.6
584.4,867.1,904.9,894.2,841.5,907.9
833.3,833.3,833.3,833.3,833.3,833.3
833.3,833.3,833.3,833.3,833.3,833.3
804.3,823.6,827.8,825.8,830.7,827.3
0.0,0.0,0.0,0.0,0.0,0.0
0.0,0.0,0.0,0.0,0.0,0.0
0.0,0.0,0.0,0.0,0.0,0.0
0.0,0.0,0.0,0.0,0.0,0.0
0.0,0.0,0.0,0.0,0.0,0.0
0.0,0.0,0.0,0.0,0.0,0.0
0.0,0.0,0.0,0.0,0.0,0.0
0.0,0.0,0.0,0.0,0.0,0.0
0.0,0.0,0.0,0.0,0.0,0.0
0.0,0.0,0.0,0.0,0.0,0.0
0.0,0.0,0.0,0.0,0.0,0.0
0.0,0.0,0.0,0.0,0.0,0.0
0.0,0.0,0.0,0.0,0.0,0.0
0.0,0.0,0.0,0.0,0.0,0.0
0.0,0.0,0.0,0.0,0.0,0.0
0.0,0.0,0.0,0.0,0.0,0.0
0.0,0.0,0.0,0.0,0.0,0.0
0.0,0.0,0.0,0.0,0.0,0.0
0.0,0.0,0.0,0.0,0.0,0.0
0.0,0.0,0.0,0.0,0.0,0.0
0.0,0.0,0.0,0.0,0.0,0.0
0.0,0.0,0.0,0.0,0.0,0.0
0.0,0.0,0.0,0.0,0.0,0.0
0.0,0.0,0.0,0.0,0.0,0.0
0.0,0.0,0.0,0.0,0.0,0.0
0.0,0.0,0.0,0.0,0.0,0.0
0.0,0.0,0.0,0.0,0.0,0.0
0.0,0.0,0.0,0.0,0.0,0.0
0.0,0.0,0.0,0.0,0.0,0.0
0.0,0.0,0.0,0.0,0.0,0.0
0.0,0.0,0.0,0.0,0.0,0.0
0.0,0.0,0.0,0.0,0.0,0.0
51.3,29.3,59.8,62.6,51.3,51.6
49.2,20.5,58.9,62.8,63.4,51.2
0.0,0.0,60.2,72.4,102.6,70.8
0.0,0.0,63.3,80.6,82.0,80.2
0.0,0.0,200.8,280.2,249.9,244.0
0.0,0.0,222.9,470.1,33.0,248.8
0.0,0.0,261.8,475.3,0.0,237.8
51.8,0.0,278.8,419.0,0.0,225.2
355.9,0.0,408.9,589.9,0.0,403.6
372.0,4.4,408.1,530.3,10.2,433.3
356.9,112.3,339.2,355.3,68.0,526.7
326.0,315.8,321.8,322.5,40.8,431.5
619.8,510.9,549.3,0.0,0.0,1209.4
968.5,767.8,1071.2,537.5,922.0,1730.3
1082.7,1526.0,1356.7,815.1,1398.1,1634.7
1102.8,1821.9,1332.6,788.5,3410.3,1682.5
1306.1,2159.7,2271.2,650.6,3161.7,2309.7
1178.7,1511.2,2327.3,1190.0,2595.7,3899.9
304.0,794.3,562.1,702.5,0.0,1746.9
335.7,504.5,590.2,702.6,193.1,1478.2
380.2,506.3,640.9,745.6,1101.2,434.4
328.6,495.2,591.7,689.0,1042.3,329.8
308.7,492.1,566.3,668.8,987.9,299.3
425.7,1589.6,2186.7,979.9,5141.8,596.4
414.6,1307.2,2412.7,961.0,4635.9,580.1
428.9,1331.2,2135.1,988.3,3755.2,606.6
420.0,1090.0,1580.5,953.9,3738.8,585.4
429.1,984.3,1625.4,990.9,3024.9,610.1
427.9,936.6,1181.3,986.1,2645.7,596.0
472.3,665.3,1012.3,1026.1,2503.8,653.2
513.0,693.8,974.5,1077.4,4191.4,1405.3
439.8,650.2,302.2,982.4,4128.5,1247.1
430.0,650.7,293.7,967.9,4574.8,1128.3
452.5,683.9,358.3,1020.2,4834.9,1248.5
420.1,648.2,274.2,948.3,5129.1,1326.7
129.9,655.5,288.5,1702.7,1476.2,581.4
155.5,711.2,2158.4,1789.2,1657.4,692.5
143.4,695.0,1823.1,1644.5,1621.8,662.9
935.2,243.6,1813.7,1755.0,1698.9,707.4
997.8,253.0,2339.4,2002.3,1809.3,810.0
736.7,174.5,2384.5,1040.8,1550.0,672.0
616.6,152.1,295.8,996.0,1511.5,593.0
671.9,190.8,371.0,1066.7,1641.7,368.0
108.4,941.1,281.7,976.5,1502.1,265.0
765.6,1159.9,360.3,2185.2,1638.2,339.0
784.4,1149.9,616.9,2894.8,1755.5,406.8
744.2,1249.8,1029.3,1960.6,1837.9,451.6
622.6,0.0,536.6,1486.9,60.3,0.0
667.4,0.0,549.3,776.0,0.0,0.0
708.7,27.8,601.3,88.2,64.6,89.1
952.1,470.3,939.6,852.0,866.4,919.6
1269.7,304.8,1133.3,652.9,707.0,932.2
1208.7,48.4,654.8,199.8,112.2,154.7
1020.6,0.0,1435.1,2458.3,0.0,0.0
994.2,0.0,3425.0,309.3,0.0,102.5
1099.3,720.3,2777.6,97.7,0.0,305.2
1026.7,1116.9,2132.6,97.7,328.1,298.1
794.5,777.8,910.6,362.7,925.3,754.3
0.0,0.0,0.0,0.0,0.0,0.0
0.0,0.0,0.0,0.0,0.0,0.0
0.0,0.0,0.0,0.0,0.0,0.0
0.0,0.0,0.0,0.0,0.0,0.0
0.0,0.0,0.0,0.0,0.0,0.0
0.0,0.0,0.0,0.0,0.0,0.0
0.0,0.0,0.0,0.0,0.0,0.0
0.0,0.0,0.0,0.0,0.0,0.0
0.0,0.0,0.0,0.0,0.0,0.0
0.0,0.0,0.0,0.0,0.0,0.0
0.0,0.0,0.0,0.0,0.0,0.0
0.0,0.0,0.0,0.0,0.0,0.0
0.0,0.0,0.0,0.0,0.0,0.0
0.0,0.0,0.0,0.0,0.0,0.0
0.0,0.0,0.0,0.0,0.0,0.0
0.0,0.0,0.0,0.0,0.0,0.0
0.0,0.0,0.0,0.0,0.0,0.0
0.0,0.0,0.0,0.0,0.0,0.0
0.0,0.0,0.0,0.0,0.0,0.0
0.0,0.0,0.0,0.0,0.0,0.0
0.0,0.0,0.0,0.0,0.0,0.0
0.0,0.0,0.0,0.0,0.0,0.0
0.0,0.0,0.0,0.0,0.0,0.0
0.0,0.0,0.0,0.0,0.0,0.0
0.0,0.0,0.0,0.0,0.0,0.0
0.0,0.0,0.0,0.0,0.0,0.0
0.0,0.0,0.0,0.0,0.0,0.0
0.0,0.0,0.0,0.0,0.0,0.0
0.0,0.0,0.0,0.0,0.0,0.0
0.0,0.0,0.0,0.0,0.0,0.0
0.0,0.0,0.0,0.0,0.0,0.0
0.0,0.0,0.0,0.0,0.0,0.0
0.0,0.0,0.0,0.0,0.0,0.0
0.0,0.0,0.0,0.0,0.0,0.0
0.0,0.0,0.0,0.0,0.0,0.0
0.0,0.0,0.0,0.0,0.0,0.0
0.0,0.0,0.0,0.0,0.0,0.0
0.0,0.0,0.0,0.0,0.0,0.0
0.0,0.0,0.0,0.0,0.0,0.0
0.0,0.0,0.0,0.0,0.0,0.0
0.0,0.0,0.0,0.0,0.0,0.0
0.0,0.0,0.0,0.0,0.0,0.0
387.4,523.1,56.3,718.3,54.4,1108.7
133.3,675.9,346.4,1031.5,599.9,1135.9
211.5,772.8,944.1,1231.5,951.7,517.2
157.7,699.0,967.6,1663.2,709.6,385.6
113.1,639.4,2127.7,2263.6,1210.1,276.5
118.2,650.0,1961.7,2093.0,1523.5,289.0
617.5,1874.8,1729.4,1863.7,2496.0,301.4
529.2,1632.6,827.9,952.6,3674.0,262.1
457.8,1093.7,874.4,1908.1,2621.1,519.8
201.6,694.9,965.1,2039.5,2849.1,724.7
224.5,760.3,1083.6,2053.4,1865.2,811.1
138.0,968.7,918.5,1033.4,3333.4,647.3
351.6,521.5,511.1,514.2,575.2,534.3
309.9,484.5,504.6,513.6,636.9,558.4
305.2,492.1,508.7,529.6,575.3,597.0
309.9,497.7,530.3,597.2,765.2,307.5
477.6,731.6,996.2,1121.6,1757.7,736.7
465.9,721.9,960.6,2064.0,1330.1,704.1
459.1,1082.1,909.1,1414.7,1528.5,651.8
381.4,1128.7,625.3,1347.1,2159.2,403.7
336.9,816.6,582.4,734.1,1945.5,338.0
311.1,521.7,1086.4,715.5,863.3,1317.6
800.4,705.4,823.7,803.8,815.1,837.7
827.2,506.6,827.8,813.2,928.1,883.3
1219.7,773.6,818.7,969.7,2740.7,1705.5
1145.5,1421.1,871.9,1025.3,2608.1,599.9
465.3,1307.5,984.4,836.0,1715.5,707.3
429.3,1130.1,2784.2,1594.1,1569.9,623.2
500.7,228.9,1674.8,1462.2,1413.9,1999.1
773.3,251.9,1588.9,1412.5,1401.3,1851.6
668.5,171.5,1897.0,1482.0,1506.8,1553.6
887.8,792.1,892.6,894.9,918.7,893.4
687.6,284.1,2209.4,1328.3,4341.7,970.6
483.5,176.7,1451.8,988.6,3953.1,680.5
307.5,0.0,0.0,0.0,3165.1,325.2
311.1,0.0,0.0,0.0,595.8,325.2
312.3,0.0,0.0,0.0,0.0,321.7
390.8,30.8,73.8,61.5,71.4,421.3
1304.1,1054.7,1303.0,1292.9,1311.9,1332.8
1329.4,931.2,1323.6,1304.8,1338.0,1372.4
949.0,783.5,947.0,958.1,953.3,958.3
961.8,519.4,947.5,1130.4,996.2,993.7
490.7,868.1,396.8,1583.9,1513.2,696.5
193.2,260.7,58.6,2924.9,842.0,325.2
10.5,36.6,462.8,1243.4,114.6,106.0
0.0,0.0,0.0,0.0,0.0,0.0
0.0,0.0,0.0,0.0,0.0,0.0
0.0,0.0,0.0,0.0,0.0,0.0
0.0,0.0,0.0,0.0,0.0,0.0
0.0,0.0,0.0,0.0,0.0,0.0
0.0,0.0,0.0,0.0,0.0,0.0
0.0,0.0,0.0,0.0,0.0,0.0
0.0,0.0,0.0,0.0,0.0,0.0
0.0,0.0,0.0,0.0,0.0,0.0
0.0,0.0,0.0,0.0,0.0,0.0
0.0,0.0,0.0,0.0,0.0,0.0
0.0,0.0,0.0,0.0,0.0,0.0
0.0,0.0,0.0,0.0,0.0,0.0
0.0,0.0,0.0,0.0,0.0,0.0
0.0,0.0,0.0,0.0,0.0,0.0
0.0,0.0,0.0,0.0,0.0,0.0
0.0,0.0,0.0,0.0,0.0,0.0
0.0,0.0,0.0,0.0,0.0,0.0
0.0,0.0,0.0,0.0,0.0,0.0
0.0,0.0,0.0,0.0,0.0,0.0
0.0,0.0,0.0,0.0,0.0,0.0
0.0,0.0,0.0,0.0,0.0,0.0
0.0,0.0,0.0,0.0,0.0,0.0
0.0,0.0,0.0,0.0,0.0,0.0
0.0,0.0,0.0,0.0,0.0,0.0
0.0,0.0,0.0,0.0,0.0,0.0
0.0,0.0,0.0,0.0,0.0,0.0
0.0,0.0,0.0,0.0,0.0,0.0
0.0,0.0,0.0,0.0,0.0,0.0
0.0,0.0,0.0,0.0,0.0,0.0
0.0,0.0,0.0,0.0,0.0,0.0
0.0,0.0,0.0,0.0,0.0,0.0
0.0,0.0,0.0,0.0,0.0,0.0
0.0,0.0,0.0,0.0,0.0,0.0
0.0,0.0,0.0,0.0,0.0,0.0
0.0,0.0,0.0,0.0,0.0,0.0
0.0,0.0,0.0,0.0,0.0,0.0
0.0,0.0,0.0,0.0,0.0,0.0
0.0,0.0,0.0,0.0,0.0,0.0
0.0,0.0,0.0,0.0,0.0,0.0
0.0,0.0,0.0,0.0,0.0,0.0
0.0,0.0,0.0,0.0,0.0,0.0
0.0,0.0,0.0,0.0,0.0,0.0
0.0,0.0,0.0,0.0,0.0,0.0
0.0,0.0,0.0,0.0,0.0,0.0
0.0,0.0,0.0,0.0,0.0,0.0
0.0,0.0,0.0,0.0,0.0,0.0
21.1,152.2,21.1,17.6,126.1,28.1
61.0,61.0,61.0,61.0,61.0,61.0
67.5,91.7,38.7,32.2,84.6,51.6
61.0,61.0,61.0,61.0,61.0,61.0
172.5,172.5,172.5,172.5,172.5,172.5
172.5,172.5,172.5,172.5,172.5,172.5
172.5,172.5,172.5,172.5,172.5,172.5
172.5,172.5,172.5,172.5,172.5,172.5
293.9,295.5,304.0,297.6,320.6,246.7
294.0,295.8,308.5,298.3,329.7,232.1
293.1,293.1,293.1,293.1,293.1,293.1
293.1,293.1,293.1,293.1,293.1,293.1
421.1,440.3,268.7,466.5,507.8,433.0
423.1,424.2,403.6,426.0,428.7,431.8
407.0,432.9,249.4,449.0,471.2,528.0
439.3,428.0,279.8,479.4,447.9,463.0
529.8,516.1,361.0,573.6,537.4,556.9
539.1,518.2,264.7,619.1,560.8,573.0
512.5,512.5,512.5,512.5,512.5,512.5
512.5,512.5,512.5,512.5,512.5,512.5
486.7,526.4,568.3,577.2,541.9,551.5
470.0,171.9,707.5,758.8,549.8,593.9
331.1,493.0,584.1,599.7,697.0,547.1
100.5,411.7,646.7,688.4,856.4,548.4
126.1,469.7,732.8,630.2,735.9,556.3
104.9,140.2,939.4,738.6,471.9,856.0
114.9,153.5,988.8,663.2,517.0,813.6
137.5,183.8,722.1,779.1,578.2,850.1
99.4,132.8,822.4,805.3,447.1,549.3
149.8,177.6,730.2,744.9,544.2,576.6
70.3,29.3,630.3,58.6,68.0,404.9
285.1,10.3,584.6,251.2,23.8,342.7
207.6,0.0,562.1,699.9,0.0,222.7
351.3,168.4,881.0,1033.1,567.0,308.1
91.5,122.4,789.4,577.2,412.0,223.9
132.0,176.5,892.5,346.4,594.2,322.9
117.6,157.2,865.6,308.6,529.3,287.6
196.5,290.2,795.9,240.3,412.2,224.0
718.5,1044.1,1441.3,1050.4,1801.7,979.0
492.9,697.7,372.5,367.4,943.0,369.8
311.3,394.9,492.8,295.1,1493.4,312.3
141.0,188.5,939.1,369.9,1656.4,344.8
117.5,157.0,880.1,308.2,1018.8,392.1
92.5,123.6,516.1,242.6,416.2,544.3
137.1,183.2,356.3,359.7,617.0,654.6
119.8,160.1,311.3,314.2,637.0,446.1
0.0,0.0,1848.2,0.0,961.5,0.0
0.0,0.0,2304.1,0.0,965.3,0.0
7.0,2.9,1836.7,5.9,979.6,1748.4
284.0,30.8,1552.9,61.5,1002.1,2068.6
298.5,14.7,1491.6,29.3,1006.8,1768.6
520.4,0.0,1548.1,0.0,973.4,1958.1
872.1,227.7,1041.2,447.0,1077.5,1334.4
836.0,457.5,343.4,346.7,1144.8,1871.5
625.4,616.0,418.2,859.9,1185.2,1295.2
197.9,1053.9,434.7,948.7,1656.6,708.3
300.5,482.6,0.0,0.0,1021.9,304.0
1012.8,486.4,0.0,0.0,1014.3,307.5
377.0,259.6,35.2,29.3,350.4,237.6
0.0,0.0,0.0,0.0,0.0,0.0
0.0,0.0,0.0,0.0,0.0,0.0
0.0,0.0,0.0,0.0,0.0,0.0
0.0,0.0,0.0,0.0,0.0,0.0
0.0,0.0,0.0,0.0,0.0,0.0
0.0,0.0,0.0,0.0,0.0,0.0
0.0,0.0,0.0,0.0,0.0,0.0
0.0,0.0,0.0,0.0,0.0,0.0
0.0,0.0,0.0,0.0,0.0,0.0
0.0,0.0,0.0,0.0,0.0,0.0
0.0,0.0,0.0,0.0,0.0,0.0
0.0,0.0,0.0,0.0,0.0,0.0
0.0,0.0,0.0,0.0,0.0,0.0
0.0,0.0,0.0,0.0,0.0,0.0
0.0,0.0,0.0,0.0,0.0,0.0
0.0,0.0,0.0,0.0,0.0,0.0
0.0,0.0,0.0,0.0,0.0,0.0
0.0,0.0,0.0,0.0,0.0,0.0
0.0,0.0,0.0,0.0,0.0,0.0
0.0,0.0,0.0,0.0,0.0,0.0
0.0,0.0,0.0,0.0,0.0,0.0
0.0,0.0,0.0,0.0,0.0,0.0
0.0,0.0,0.0,0.0,0.0,0.0
0.0,0.0,0.0,0.0,0.0,0.0
0.0,0.0,0.0,0.0,0.0,0.0
0.0,0.0,0.0,0.0,0.0,0.0
0.0,0.0,0.0,0.0,0.0,0.0
0.0,0.0,0.0,0.0,0.0,0.0
0.0,0.0,0.0,0.0,0.0,0.0
0.0,0.0,0.0,0.0,0.0,0.0
0.0,0.0,0.0,0.0,0.0,0.0
0.0,0.0,0.0,0.0,0.0,0.0
0.0,0.0,0.0,0.0,0.0,0.0
0.0,0.0,0.0,0.0,0.0,0.0
0.0,0.0,0.0,0.0,0.0,0.0
0.0,0.0,0.0,0.0,0.0,0.0
0.0,0.0,0.0,0.0,0.0,0.0
0.0,0.0,0.0,0.0,0.0,0.0
0.0,0.0,0.0,0.0,0.0,0.0
0.0,0.0,0.0,0.0,0.0,0.0
0.0,0.0,0.0,0.0,0.0,0.0
87.7,117.2,231.3,230.2,189.2,175.1
121.7,162.7,177.6,205.1,186.8,176.8
171.8,171.8,171.8,171.8,171.8,171.8
171.8,171.8,171.8,171.8,171.8,171.8
301.0,301.0,301.0,301.0,301.0,301.0
301.2,301.9,302.4,306.4,301.6,292.6
93.1,340.8,364.4,464.8,315.5,227.6
186.8,319.8,332.5,337.2,317.2,312.8
167.2,668.1,903.2,998.0,541.3,664.1
96.5,623.0,813.0,922.1,434.5,556.6
127.0,663.7,892.1,1009.7,571.4,626.3
98.4,627.3,811.4,934.7,442.7,554.0
108.7,1208.7,838.1,391.4,489.0,578.0
127.1,1228.7,888.1,333.4,571.9,1661.7
94.5,1394.8,803.5,248.0,425.4,1580.2
272.5,1007.4,858.4,309.9,1025.5,2031.9
449.8,660.1,872.5,329.9,1593.6,1283.7
482.5,644.0,855.9,299.2,1506.3,628.0
488.0,265.5,928.2,370.1,1624.2,676.8
436.6,164.6,873.7,323.2,1557.4,604.1
401.0,118.6,317.6,232.8,1398.6,521.0
442.8,174.4,339.1,342.4,1586.5,626.7
427.4,158.6,308.4,311.3,1522.0,597.7
398.1,119.4,232.2,234.4,1390.0,1121.9
441.5,175.9,342.0,345.3,1583.9,1097.0
426.2,155.4,302.3,305.1,1515.1,1137.0
412.4,128.7,253.0,252.9,1407.7,758.6
506.6,207.7,1326.0,408.8,3211.4,420.2
459.7,175.7,1172.1,345.4,2975.6,341.5
398.8,122.0,1143.3,239.5,2963.9,223.2
437.4,173.6,884.9,340.8,2516.5,317.6
169.1,161.4,313.8,316.8,698.1,295.3
89.2,119.2,231.8,234.0,401.3,218.1
140.0,187.1,363.7,367.2,629.9,342.3
0.0,0.0,0.0,0.0,0.0,0.0
349.7,467.4,0.0,0.0,0.0,0.0
338.1,432.5,21.1,17.6,20.4,28.1
422.5,496.7,73.8,979.0,71.4,98.5
437.7,562.3,550.8,1383.4,934.9,527.9
246.4,329.4,640.4,1561.2,1108.9,602.6
174.6,233.4,453.8,1277.7,785.8,427.0
143.4,344.9,293.0,995.7,507.3,275.7
304.0,1234.6,0.0,2111.2,0.0,0.0
301.7,1220.1,0.0,1507.6,98.0,0.0
301.7,1305.0,0.0,2421.9,971.5,0.0
20.5,30.9,0.0,41.3,28.6,0.0
0.0,0.0,0.0,0.0,0.0,0.0
0.0,0.0,0.0,0.0,0.0,0.0
0.0,0.0,0.0,0.0,0.0,0.0
0.0,0.0,0.0,0.0,0.0,0.0
0.0,0.0,0.0,0.0,0.0,0.0
0.0,0.0,0.0,0.0,0.0,0.0
0.0,0.0,0.0,0.0,0.0,0.0
0.0,0.0,0.0,0.0,0.0,0.0
0.0,0.0,0.0,0.0,0.0,0.0
0.0,0.0,0.0,0.0,0.0,0.0
0.0,0.0,0.0,0.0,0.0,0.0
0.0,0.0,0.0,0.0,0.0,0.0
0.0,0.0,0.0,0.0,0.0,0.0
0.0,0.0,0.0,0.0,0.0,0.0
0.0,0.0,0.0,0.0,0.0,0.0
0.0,0.0,0.0,0.0,0.0,0.0
0.0,0.0,0.0,0.0,0.0,0.0
0.0,0.0,0.0,0.0,0.0,0.0
0.0,0.0,0.0,0.0,0.0,0.0
0.0,0.0,0.0,0.0,0.0,0.0
0.0,0.0,0.0,0.0,0.0,0.0
0.0,0.0,0.0,0.0,0.0,0.0
0.0,0.0,0.0,0.0,0.0,0.0
0.0,0.0,0.0,0.0,0.0,0.0
0.0,0.0,0.0,0.0,0.0,0.0
0.0,0.0,0.0,0.0,0.0,0.0
0.0,0.0,0.0,0.0,0.0,0.0
0.0,0.0,0.0,0.0,0.0,0.0
0.0,0.0,0.0,0.0,0.0,0.0
0.0,0.0,0.0,0.0,0.0,0.0
0.0,0.0,0.0,0.0,0.0,0.0
0.0,0.0,0.0,0.0,0.0,0.0
0.0,0.0,0.0,0.0,0.0,0.0
0.0,0.0,0.0,0.0,0.0,0.0
0.0,0.0,0.0,0.0,0.0,0.0
0.0,0.0,0.0,0.0,0.0,0.0
0.0,0.0,0.0,0.0,0.0,0.0
0.0,0.0,0.0,0.0,0.0,0.0
0.0,0.0,0.0,0.0,0.0,0.0
0.0,0.0,0.0,0.0,0.0,0.0
0.0,0.0,0.0,0.0,0.0,0.0
0.0,0.0,0.0,0.0,0.0,0.0
0.0,0.0,0.0,0.0,0.0,0.0
0.0,0.0,0.0,0.0,0.0,0.0
0.0,0.0,0.0,0.0,0.0,0.0
0.0,0.0,0.0,0.0,0.0,0.0
122.7,133.1,132.2,134.0,136.0,132.2
100.4,131.7,133.0,142.0,150.3,132.8
131.7,131.7,131.7,131.7,131.7,131.7
131.7,131.7,131.7,131.7,131.7,131.7
385.9,254.3,377.0,403.3,434.5,376.8
378.6,272.9,377.2,399.5,426.6,376.9
374.7,248.2,376.3,410.0,447.3,375.3
372.0,372.0,372.0,372.0,372.0,372.0
1849.3,657.9,1578.9,2330.2,3266.3,2681.6
1378.2,458.6,1100.7,1982.6,2891.4,2312.7
409.2,32.2,77.4,64.5,74.8,720.8
468.4,14.7,35.2,29.3,34.0,673.6
467.5,33.7,80.9,67.4,78.2,769.1
444.7,16.1,38.7,32.2,37.4,730.3
102.0,42.5,714.5,85.0,98.6,947.5
7.0,317.9,905.2,5.9,6.8,1069.0
10.5,466.3,667.0,8.8,10.2,959.6
206.8,607.5,1192.2,530.0,905.8,1490.9
157.8,547.0,1101.7,401.5,685.4,378.1
10.5,4.4,10.5,8.8,10.2,14.1
28.1,11.7,28.1,23.4,27.2,37.5
77.4,32.2,77.4,64.5,74.8,139.8
251.3,883.2,1584.9,577.5,969.4,2395.2
2000.7,1912.5,3088.4,1766.2,2277.8,4565.2
1050.9,1554.7,995.0,929.8,1257.5,1826.2
70.3,61.5,70.3,1686.6,68.0,233.3
66.8,488.9,66.8,1846.5,64.6,505.3
49.2,523.2,65.5,985.9,982.7,2378.0
87.9,1522.7,901.9,1029.1,1302.6,1923.1
402.0,1686.9,1377.6,1445.0,1865.3,766.8
498.9,723.7,1817.3,3282.0,2346.2,1290.9
1212.4,1178.6,1032.7,2152.5,3673.6,2278.5
2153.8,1593.2,1828.2,1482.8,1753.0,3248.1
1698.8,1264.7,1997.7,923.1,2719.1,2645.0
390.8,998.6,748.4,612.6,1891.4,1114.0
426.8,926.2,119.6,809.5,220.0,469.3
1621.7,1070.7,2150.6,1751.6,3121.0,1963.6
612.0,548.6,126.6,157.3,1201.7,477.5
558.2,601.1,239.1,873.3,3025.0,625.2
404.6,529.1,84.4,752.1,2406.1,417.7
407.6,526.8,87.9,742.1,1069.1,422.4
579.3,526.4,91.4,752.8,1068.8,429.5
443.4,488.3,0.0,674.0,987.9,306.4
313.4,492.1,42.4,679.2,991.7,308.7
308.7,490.2,551.5,681.8,1481.9,312.3
306.4,494.0,557.8,736.1,1968.3,313.4
375.5,528.9,617.6,2590.9,2196.5,403.7
1240.6,891.2,1764.7,3589.1,4912.7,1564.2
833.3,833.3,833.3,833.3,833.3,833.3
833.3,833.3,833.3,833.3,833.3,833.3
833.3,833.3,833.3,833.3,833.3,833.3
572.5,615.6,818.0,860.5,1028.4,1105.0
331.0,592.3,575.4,686.1,961.3,1853.9
693.0,867.8,638.7,842.5,927.6,1030.4
733.5,864.9,627.5,1237.1,1136.7,400.2
566.8,539.7,626.0,1867.4,985.8,414.3
447.4,521.4,590.1,735.5,1040.4,370.9
272.7,272.7,272.7,272.7,272.7,272.7
0.0,0.0,0.0,0.0,0.0,0.0
0.0,0.0,0.0,0.0,0.0,0.0
0.0,0.0,0.0,0.0,0.0,0.0
0.0,0.0,0.0,0.0,0.0,0.0
0.0,0.0,0.0,0.0,0.0,0.0
0.0,0.0,0.0,0.0,0.0,0.0
0.0,0.0,0.0,0.0,0.0,0.0
0.0,0.0,0.0,0.0,0.0,0.0
0.0,0.0,0.0,0.0,0.0,0.0
0.0,0.0,0.0,0.0,0.0,0.0
0.0,0.0,0.0,0.0,0.0,0.0
0.0,0.0,0.0,0.0,0.0,0.0
0.0,0.0,0.0,0.0,0.0,0.0
0.0,0.0,0.0,0.0,0.0,0.0
0.0,0.0,0.0,0.0,0.0,0.0
0.0,0.0,0.0,0.0,0.0,0.0
0.0,0.0,0.0,0.0,0.0,0.0
0.0,0.0,0.0,0.0,0.0,0.0
0.0,0.0,0.0,0.0,0.0,0.0
0.0,0.0,0.0,0.0,0.0,0.0
0.0,0.0,0.0,0.0,0.0,0.0
0.0,0.0,0.0,0.0,0.0,0.0
0.0,0.0,0.0,0.0,0.0,0.0
0.0,0.0,0.0,0.0,0.0,0.0
0.0,0.0,0.0,0.0,0.0,0.0
0.0,0.0,0.0,0.0,0.0,0.0
0.0,0.0,0.0,0.0,0.0,0.0
0.0,0.0,0.0,0.0,0.0,0.0
0.0,0.0,0.0,0.0,0.0,0.0
0.0,0.0,0.0,0.0,0.0,0.0
0.0,0.0,0.0,0.0,0.0,0.0
0.0,0.0,0.0,0.0,0.0,0.0
0.0,0.0,0.0,0.0,0.0,0.0
0.0,0.0,0.0,0.0,0.0,0.0
0.0,0.0,0.0,0.0,0.0,0.0
0.0,0.0,0.0,0.0,0.0,0.0
0.0,0.0,0.0,0.0,0.0,0.0
0.0,0.0,0.0,0.0,0.0,0.0
283.5,283.5,283.5,283.5,283.5,283.5
283.5,283.5,283.5,283.5,283.5,283.5
283.5,283.5,283.5,283.5,283.5,283.5
283.5,283.5,283.5,283.5,283.5,283.5
801.3,801.3,801.3,801.3,801.3,801.3
801.3,801.3,801.3,801.3,801.3,801.3
801.3,801.3,801.3,801.3,801.3,801.3
801.3,801.3,801.3,801.3,801.3,801.3
734.3,734.3,734.3,734.3,734.3,734.3
734.3,734.3,734.3,734.3,734.3,734.3
734.3,734.3,734.3,734.3,734.3,734.3
734.3,734.3,734.3,734.3,734.3,734.3
1103.0,1224.8,2053.4,2453.8,2524.8,1898.9
1021.8,1288.2,2099.6,2240.9,2746.8,1861.5
956.8,1289.1,2067.3,2180.6,2803.1,1961.8
1119.4,1444.7,2089.5,2091.4,2499.2,2014.6
1076.4,1489.0,2813.9,2898.8,4864.2,3023.8
1196.1,1574.8,2957.7,2986.9,5136.8,4113.2
1284.4,1649.2,3302.9,3235.3,5474.9,4172.3
1025.3,1416.8,2807.4,2879.6,4985.4,3877.9
1166.5,1611.9,3045.5,3049.0,5450.4,3210.2
1109.9,1493.0,2850.6,5191.6,6034.2,2861.5
1338.7,1854.9,3674.4,6873.8,7188.5,3361.0
1680.8,1973.7,3828.0,8829.3,7505.9,3623.8
2011.5,1615.6,3279.1,5318.8,5903.1,2935.7
1747.8,1638.4,4434.7,4217.8,6542.9,2965.6
1727.3,1668.2,3276.9,4038.7,6695.1,3155.4
1412.5,1588.6,3191.9,4195.4,6336.2,4880.5
1590.7,2143.0,3258.3,6710.9,6586.2,5908.9
1863.9,2038.0,3447.9,4049.9,6803.4,3362.8
1683.1,2337.5,4912.0,4170.5,7019.4,3286.6
2668.1,2521.5,4970.3,4407.9,6957.4,4825.5
2086.0,2124.7,2945.6,2810.9,3246.5,2850.3
1672.2,1689.0,3046.5,2848.5,3935.4,2872.5
1290.2,1640.1,3022.9,2896.2,4266.6,2948.2
1233.9,2413.6,2841.8,2850.1,3835.5,2889.3
1272.8,1343.5,1345.0,1345.1,1355.4,1356.9
1336.4,1336.4,1336.4,1336.4,1336.4,1336.4
1336.4,1336.4,1336.4,1336.4,1336.4,1336.4
1336.4,1336.4,1336.4,1336.4,1336.4,1336.4
962.6,962.6,962.6,962.6,962.6,962.6
962.6,962.6,962.6,962.6,962.6,962.6
962.6,962.6,962.6,962.6,962.6,962.6
962.6,962.6,962.6,962.6,962.6,962.6
873.4,873.4,873.4,873.4,873.4,873.4
873.4,873.4,873.4,873.4,873.4,873.4
0.0,111.2,1537.2,3038.9,0.0,0.0
873.9,364.8,919.3,1292.4,846.4,943.6
534.5,222.7,542.6,825.3,516.7,712.7
109.0,45.4,147.0,107.1,105.4,145.3
0.0,0.0,516.1,76.0,819.6,0.0
0.0,0.0,0.0,0.0,0.0,0.0
0.0,0.0,0.0,0.0,0.0,0.0
0.0,0.0,0.0,0.0,0.0,0.0
0.0,0.0,0.0,0.0,0.0,0.0
0.0,0.0,0.0,0.0,0.0,0.0
0.0,0.0,0.0,0.0,0.0,0.0
0.0,0.0,0.0,0.0,0.0,0.0
0.0,0.0,0.0,0.0,0.0,0.0
0.0,0.0,0.0,0.0,0.0,0.0
0.0,0.0,0.0,0.0,0.0,0.0
0.0,0.0,0.0,0.0,0.0,0.0
0.0,0.0,0.0,0.0,0.0,0.0
0.0,0.0,0.0,0.0,0.0,0.0
0.0,0.0,0.0,0.0,0.0,0.0
0.0,0.0,0.0,0.0,0.0,0.0
0.0,0.0,0.0,0.0,0.0,0.0
0.0,0.0,0.0,0.0,0.0,0.0
0.0,0.0,0.0,0.0,0.0,0.0
0.0,0.0,0.0,0.0,0.0,0.0
0.0,0.0,0.0,0.0,0.0,0.0
0.0,0.0,0.0,0.0,0.0,0.0
0.0,0.0,0.0,0.0,0.0,0.0
0.0,0.0,0.0,0.0,0.0,0.0
0.0,0.0,0.0,0.0,0.0,0.0
0.0,0.0,0.0,0.0,0.0,0.0
0.0,0.0,0.0,0.0,0.0,0.0
0.0,0.0,0.0,0.0,0.0,0.0
0.0,0.0,0.0,0.0,0.0,0.0
0.0,0.0,0.0,0.0,0.0,0.0
0.0,0.0,0.0,0.0,0.0,0.0
0.0,0.0,0.0,0.0,0.0,0.0
0.0,0.0,0.0,0.0,0.0,0.0
0.0,0.0,0.0,0.0,0.0,0.0
0.0,0.0,0.0,0.0,0.0,0.0
0.0,0.0,0.0,0.0,0.0,0.0
0.0,0.0,0.0,0.0,0.0,0.0
0.0,0.0,0.0,0.0,0.0,0.0
0.0,0.0,0.0,0.0,0.0,0.0
0.0,0.0,0.0,0.0,0.0,0.0
0.0,0.0,0.0,0.0,0.0,0.0
0.0,0.0,0.0,0.0,0.0,0.0
0.0,0.0,0.0,0.0,0.0,0.0
0.0,0.0,0.0,0.0,0.0,0.0
0.0,0.0,0.0,0.0,0.0,0.0
0.0,0.0,0.0,0.0,0.0,0.0
90.3,87.3,101.5,107.6,0.0,100.2
81.1,81.1,81.1,81.1,81.1,81.1
84.9,30.8,94.3,95.5,87.8,93.7
90.0,11.7,89.3,113.9,93.0,88.9
222.4,0.0,0.0,552.5,434.5,0.0
175.8,201.8,203.7,209.6,215.0,203.5
121.7,162.7,204.5,221.8,294.7,204.0
0.0,0.0,0.0,506.5,702.9,0.0
291.6,0.0,0.0,681.8,991.7,0.0
365.1,0.0,0.0,681.8,991.7,0.0
320.1,0.0,0.0,681.8,991.7,0.0
354.0,16.1,38.7,668.9,944.1,118.7
393.8,29.3,70.3,737.8,1055.9,408.4
418.6,267.7,502.8,591.4,679.2,539.7
257.4,451.4,539.6,528.2,575.3,503.6
263.6,490.3,552.7,511.8,545.5,491.6
512.1,765.4,1909.2,1202.4,5924.9,793.9
558.5,827.2,2018.5,2090.0,5886.0,910.4
519.3,776.4,1941.0,2175.3,5900.4,1529.5
518.5,1472.4,1644.4,2060.1,6767.1,1707.2
541.6,1616.2,1159.2,2116.5,4717.4,1656.5
755.7,1669.8,1612.1,2578.5,3711.1,2097.8
557.5,1531.7,1111.4,1779.2,1899.6,1642.7
483.4,1747.1,1008.8,758.6,1222.1,1251.5
485.7,1095.7,1014.8,461.3,791.3,739.9
343.7,459.4,893.2,901.7,1546.7,840.5
152.0,203.2,395.1,398.8,684.1,371.7
184.9,247.1,480.6,485.1,832.1,452.2
108.2,144.6,281.2,283.9,487.0,264.6
106.8,142.7,277.5,280.2,480.6,261.1
183.3,225.6,442.6,443.1,750.3,424.7
483.9,654.8,885.5,324.2,522.0,650.9
438.3,644.4,853.5,860.8,494.1,598.8
467.0,709.3,971.3,1107.4,712.3,524.9
413.3,628.7,819.2,957.8,460.0,817.9
414.9,635.5,832.5,979.0,483.0,888.2
456.5,419.7,635.3,1093.4,670.5,987.7
245.6,1048.9,280.0,355.2,484.8,886.8
115.1,1154.9,1317.2,302.0,518.0,909.5
137.3,1180.9,1483.1,360.3,618.0,679.9
169.8,1180.0,1473.2,344.7,1387.2,352.6
752.9,1196.0,1507.4,368.8,1608.4,380.9
749.4,717.2,1462.5,330.8,1570.5,308.4
737.7,151.3,911.3,296.9,1523.6,276.7
758.1,175.4,341.1,344.4,1612.6,321.0
771.2,188.2,366.0,1078.1,739.4,344.4
490.2,195.4,379.9,1052.0,657.8,357.5
201.4,269.2,523.4,1557.9,906.4,492.5
0.0,135.7,0.0,1436.8,0.0,660.4
17.6,484.3,17.6,933.7,17.0,646.5
73.8,502.1,226.6,1227.0,71.4,1058.0
31.6,492.1,568.3,1739.1,30.6,1381.4
0.0,480.8,581.8,1281.0,0.0,856.6
1.1,76.9,1621.4,1398.0,11.0,1098.5
0.0,361.0,795.9,1385.3,0.0,1596.4
0.0,340.5,131.6,1785.8,0.0,1194.0
84.8,524.4,48.8,1498.7,0.0,1292.9
568.2,731.9,48.8,1528.9,0.0,1117.2
559.7,468.2,767.9,2257.8,0.0,946.4
977.4,623.0,718.8,1507.0,68.0,886.6
236.4,235.3,49.2,257.8,207.8,228.8
0.0,0.0,0.0,0.0,0.0,0.0
0.0,0.0,0.0,0.0,0.0,0.0
0.0,0.0,0.0,0.0,0.0,0.0
0.0,0.0,0.0,0.0,0.0,0.0
0.0,0.0,0.0,0.0,0.0,0.0
0.0,0.0,0.0,0.0,0.0,0.0
0.0,0.0,0.0,0.0,0.0,0.0
0.0,0.0,0.0,0.0,0.0,0.0
0.0,0.0,0.0,0.0,0.0,0.0
0.0,0.0,0.0,0.0,0.0,0.0
0.0,0.0,0.0,0.0,0.0,0.0
0.0,0.0,0.0,0.0,0.0,0.0
0.0,0.0,0.0,0.0,0.0,0.0
0.0,0.0,0.0,0.0,0.0,0.0
0.0,0.0,0.0,0.0,0.0,0.0
0.0,0.0,0.0,0.0,0.0,0.0
0.0,0.0,0.0,0.0,0.0,0.0
0.0,0.0,0.0,0.0,0.0,0.0
0.0,0.0,0.0,0.0,0.0,0.0
0.0,0.0,0.0,0.0,0.0,0.0
0.0,0.0,0.0,0.0,0.0,0.0
0.0,0.0,0.0,0.0,0.0,0.0
0.0,0.0,0.0,0.0,0.0,0.0
0.0,0.0,0.0,0.0,0.0,0.0
0.0,0.0,0.0,0.0,0.0,0.0
0.0,0.0,0.0,0.0,0.0,0.0
0.0,0.0,0.0,0.0,0.0,0.0
0.0,0.0,0.0,0.0,0.0,0.0
0.0,0.0,0.0,0.0,0.0,0.0
0.0,0.0,0.0,0.0,0.0,0.0
0.0,0.0,0.0,0.0,0.0,0.0
0.0,0.0,0.0,0.0,0.0,0.0
0.0,0.0,0.0,0.0,0.0,0.0
0.0,0.0,0.0,0.0,0.0,0.0
0.0,0.0,0.0,0.0,0.0,0.0
7.0,2.9,7.0,5.9,332.9,9.4
61.2,30.8,61.2,60.9,89.5,61.7
38.7,16.1,38.7,32.2,187.9,51.6
0.0,0.0,0.0,0.0,365.2,0.0
114.9,154.1,152.5,152.5,169.3,164.7
121.2,158.9,153.8,153.8,157.1,163.3
151.4,151.4,151.4,151.4,151.4,151.4
151.4,151.4,151.4,151.4,151.4,151.4
210.5,210.5,210.5,210.5,210.5,210.5
210.5,210.5,210.5,210.5,210.5,210.5
210.5,210.5,210.5,210.5,210.5,210.5
210.5,210.5,210.5,210.5,210.5,210.5
269.2,169.6,275.2,285.1,287.8,267.2
271.0,151.3,301.5,260.7,300.4,269.3
89.6,119.7,587.8,235.0,303.0,219.0
130.1,173.8,290.0,291.2,386.9,282.2
123.9,165.6,716.5,325.1,557.6,303.0
88.8,118.7,795.0,233.0,399.6,217.1
122.0,163.0,874.8,320.0,548.9,298.3
137.5,177.3,899.6,830.3,593.8,328.4
164.3,154.9,863.9,994.7,490.9,323.6
156.8,170.8,904.4,1017.8,556.8,336.6
131.1,175.2,739.5,1020.6,590.0,320.6
100.8,134.7,261.9,935.9,453.6,246.5
110.9,148.2,288.2,980.6,898.8,271.2
135.1,180.5,351.0,841.7,1618.4,330.3
105.8,141.4,274.9,277.6,1467.8,258.7
222.6,130.6,253.9,256.4,439.7,238.9
454.9,186.0,361.6,365.0,626.1,340.2
483.1,183.0,365.9,360.1,593.2,365.0
164.1,154.7,314.1,304.7,490.1,323.2
133.8,178.8,347.7,351.0,602.1,327.2
131.2,175.3,340.9,344.1,590.2,320.7
93.4,124.9,242.8,245.1,420.4,228.4
120.5,161.1,313.3,316.3,542.5,294.8
138.5,185.2,584.9,363.5,623.4,338.8
93.1,124.4,810.4,244.2,418.9,227.6
111.8,149.5,848.5,293.4,503.3,273.5
166.4,196.6,387.6,386.3,649.6,375.7
175.1,169.3,342.6,333.4,539.4,349.9
130.5,151.7,299.7,298.2,500.2,416.6
136.7,182.7,355.2,358.5,615.0,650.0
111.2,148.7,289.1,566.6,500.6,581.9
95.8,327.9,248.9,946.0,431.0,234.2
150.2,706.1,390.5,1076.0,676.2,367.4
141.3,684.7,967.7,976.9,635.8,345.5
0.0,0.0,695.3,701.9,0.0,837.3
7.0,2.9,828.7,835.4,6.8,955.9
833.3,833.3,833.3,833.3,833.3,833.3
576.7,597.9,1140.0,1115.6,557.5,1012.3
102.0,465.1,1452.4,1448.3,98.6,1369.0
0.0,350.1,1244.9,1256.8,0.0,1270.7
0.0,583.4,753.2,758.1,0.0,837.7
0.0,0.0,0.0,0.0,0.0,0.0
0.0,0.0,0.0,0.0,0.0,0.0
0.0,0.0,0.0,0.0,0.0,0.0
0.0,0.0,0.0,0.0,0.0,0.0
0.0,0.0,0.0,0.0,0.0,0.0
0.0,0.0,0.0,0.0,0.0,0.0
0.0,0.0,0.0,0.0,0.0,0.0
0.0,0.0,0.0,0.0,0.0,0.0
0.0,0.0,0.0,0.0,0.0,0.0
0.0,0.0,0.0,0.0,0.0,0.0
0.0,0.0,0.0,0.0,0.0,0.0
0.0,0.0,0.0,0.0,0.0,0.0
0.0,0.0,0.0,0.0,0.0,0.0
0.0,0.0,0.0,0.0,0.0,0.0
0.0,0.0,0.0,0.0,0.0,0.0
0.0,0.0,0.0,0.0,0.0,0.0
0.0,0.0,0.0,0.0,0.0,0.0
0.0,0.0,0.0,0.0,0.0,0.0
0.0,0.0,0.0,0.0,0.0,0.0
0.0,0.0,0.0,0.0,0.0,0.0
0.0,0.0,0.0,0.0,0.0,0.0
0.0,0.0,0.0,0.0,0.0,0.0
0.0,0.0,0.0,0.0,0.0,0.0
0.0,0.0,0.0,0.0,0.0,0.0
0.0,0.0,0.0,0.0,0.0,0.0
0.0,0.0,0.0,0.0,0.0,0.0
0.0,0.0,0.0,0.0,0.0,0.0
0.0,0.0,0.0,0.0,0.0,0.0
0.0,0.0,0.0,0.0,0.0,0.0
0.0,0.0,0.0,0.0,0.0,0.0
0.0,0.0,0.0,0.0,0.0,0.0
0.0,0.0,0.0,0.0,0.0,0.0
0.0,0.0,0.0,0.0,0.0,0.0
0.0,0.0,0.0,0.0,0.0,0.0
0.0,0.0,0.0,0.0,0.0,0.0
0.0,0.0,0.0,0.0,0.0,0.0
0.0,0.0,0.0,0.0,0.0,0.0
0.0,0.0,0.0,0.0,0.0,0.0
0.0,0.0,0.0,0.0,0.0,0.0
0.0,0.0,0.0,0.0,0.0,0.0
0.0,0.0,0.0,0.0,0.0,0.0
0.0,0.0,0.0,0.0,0.0,0.0
0.0,0.0,0.0,0.0,0.0,0.0
0.0,97.0,87.6,93.9,0.0,144.3
0.0,74.7,77.0,101.6,86.1,83.4
0.0,104.8,85.5,101.5,130.9,0.0
0.0,98.1,98.5,0.0,226.2,0.0
130.6,130.6,130.6,130.6,130.6,130.6
130.6,130.6,130.6,130.6,130.6,130.6
130.6,130.6,130.6,130.6,130.6,130.6
130.6,130.6,130.6,130.6,130.6,130.6
220.4,220.4,220.4,220.4,220.4,220.4
223.2,158.8,253.1,222.3,239.5,225.1
220.4,220.4,220.4,220.4,220.4,220.4
220.4,220.4,220.4,220.4,220.4,220.4
318.5,159.9,347.3,372.2,345.6,315.5
314.0,163.5,331.0,257.8,472.4,320.3
314.0,239.2,327.0,312.6,346.3,320.0
309.8,309.8,309.8,309.8,309.8,309.8
401.3,410.1,405.7,295.3,427.4,397.3
418.4,240.4,420.4,393.5,455.5,408.9
389.5,389.5,389.5,389.5,389.5,389.5
389.5,389.5,389.5,389.5,389.5,389.5
439.7,439.7,439.7,439.7,439.7,439.7
439.7,439.7,439.7,439.7,439.7,439.7
409.5,442.1,444.8,446.5,452.8,442.8
439.7,439.7,439.7,439.7,439.7,439.7
439.1,440.1,440.2,440.2,440.4,440.1
440.0,440.0,440.0,440.0,440.0,440.0
440.0,440.0,440.0,440.0,440.0,440.0
440.0,440.0,440.0,440.0,440.0,440.0
310.0,310.0,310.0,310.0,310.0,310.0
310.0,310.0,310.0,310.0,310.0,310.0
310.0,310.0,310.0,310.0,310.0,310.0
310.0,310.0,310.0,310.0,310.0,310.0
419.4,419.4,419.4,419.4,419.4,419.4
419.4,419.4,419.4,419.4,419.4,419.4
381.4,422.0,425.2,442.7,436.7,408.4
419.4,419.4,419.4,419.4,419.4,419.4
280.2,280.2,280.2,280.2,280.2,280.2
280.2,280.2,280.2,280.2,280.2,280.2
280.2,280.2,280.2,280.2,280.2,280.2
280.2,280.2,280.2,280.2,280.2,280.2
151.0,151.0,151.0,151.0,151.0,151.0
151.0,151.0,151.0,151.0,151.0,151.0
151.0,151.0,151.0,151.0,151.0,151.0
151.0,151.0,151.0,151.0,151.0,151.0
448.2,1984.4,339.5,1035.7,1575.4,643.0
482.1,1257.6,435.9,2104.0,1331.6,730.9
453.4,1347.4,363.7,1996.1,1378.5,653.3
376.2,1441.9,512.2,1851.9,1216.1,794.2
0.0,0.0,0.0,0.0,0.0,0.0
0.0,0.0,0.0,0.0,0.0,0.0
0.0,0.0,0.0,0.0,0.0,0.0
0.0,0.0,0.0,0.0,0.0,0.0
0.0,0.0,0.0,0.0,0.0,0.0
0.0,0.0,0.0,0.0,0.0,0.0
0.0,0.0,0.0,0.0,0.0,0.0
0.0,0.0,0.0,0.0,0.0,0.0
0.0,0.0,0.0,0.0,0.0,0.0
0.0,0.0,0.0,0.0,0.0,0.0
0.0,0.0,0.0,0.0,0.0,0.0
0.0,0.0,0.0,0.0,0.0,0.0
0.0,0.0,0.0,0.0,0.0,0.0
0.0,0.0,0.0,0.0,0.0,0.0
0.0,0.0,0.0,0.0,0.0,0.0
0.0,0.0,0.0,0.0,0.0,0.0
0.0,0.0,0.0,0.0,0.0,0.0
0.0,0.0,0.0,0.0,0.0,0.0
0.0,0.0,0.0,0.0,0.0,0.0
0.0,0.0,0.0,0.0,0.0,0.0
0.0,0.0,0.0,0.0,0.0,0.0
0.0,0.0,0.0,0.0,0.0,0.0
0.0,0.0,0.0,0.0,0.0,0.0
0.0,0.0,0.0,0.0,0.0,0.0
0.0,0.0,0.0,0.0,0.0,0.0
0.0,0.0,0.0,0.0,0.0,0.0
0.0,0.0,0.0,0.0,0.0,0.0
0.0,0.0,0.0,0.0,0.0,0.0
0.0,0.0,0.0,0.0,0.0,0.0
0.0,0.0,0.0,0.0,0.0,0.0
0.0,0.0,0.0,0.0,0.0,0.0
0.0,0.0,0.0,0.0,0.0,0.0
0.0,0.0,0.0,0.0,0.0,0.0
0.0,0.0,0.0,0.0,0.0,0.0
0.0,0.0,0.0,0.0,0.0,0.0
0.0,0.0,0.0,0.0,0.0,0.0
0.0,0.0,0.0,0.0,0.0,0.0
0.0,0.0,0.0,0.0,0.0,0.0
0.0,0.0,0.0,0.0,0.0,0.0
0.0,0.0,0.0,0.0,0.0,0.0
0.0,0.0,0.0,0.0,0.0,0.0
0.0,0.0,0.0,0.0,0.0,0.0
0.0,0.0,0.0,0.0,0.0,0.0
0.0,0.0,0.0,0.0,0.0,0.0
0.0,0.0,0.0,0.0,0.0,0.0
0.0,0.0,0.0,0.0,0.0,0.0
0.0,0.0,0.0,0.0,0.0,0.0
0.0,0.0,0.0,0.0,0.0,0.0
426.8,279.0,454.2,0.0,0.0,968.3
366.0,538.2,713.4,0.0,0.0,510.6
397.2,532.0,558.5,0.0,0.0,640.5
386.9,516.9,533.3,41.0,47.6,602.6
202.3,202.3,202.3,202.3,202.3,202.3
137.6,223.2,228.1,204.8,209.3,210.6
117.2,229.6,208.7,208.8,222.6,226.7
152.2,215.7,207.5,207.6,215.4,215.2
108.9,637.7,283.1,285.8,490.2,572.8
228.6,653.4,324.7,327.8,562.3,614.3
451.1,675.7,360.7,364.2,624.7,648.2
410.4,629.9,264.4,266.9,457.8,556.3
486.4,692.6,394.2,390.5,650.3,699.8
501.2,694.2,405.7,945.4,983.2,719.0
415.5,637.3,270.4,2946.6,1456.8,565.2
441.0,677.7,536.5,1640.6,1593.8,480.0
432.3,655.0,886.2,1447.3,1549.2,305.0
404.2,375.2,816.1,1697.2,1423.7,245.0
436.1,173.5,893.0,1750.2,2492.5,317.4
432.1,164.9,867.8,1010.6,6125.7,301.6
418.3,146.4,829.8,966.6,3685.3,267.9
477.5,191.6,931.3,1055.8,3522.2,372.6
506.9,195.5,947.0,1053.6,4068.2,397.8
442.3,159.2,860.1,979.0,3542.9,301.3
429.3,165.9,874.0,999.6,1546.5,303.5
277.6,169.4,885.1,1009.2,1554.6,310.0
116.7,156.0,859.1,975.1,1524.6,285.5
119.5,159.7,864.1,987.5,1533.2,292.2
129.0,172.4,897.2,1017.5,1557.0,315.4
120.5,161.1,873.2,995.4,1025.1,294.8
148.1,168.8,883.5,1008.4,554.5,326.9
193.6,194.0,662.1,1068.9,622.6,395.1
142.1,167.3,330.0,1013.2,552.6,320.2
114.1,152.5,296.5,970.8,513.5,279.0
130.9,174.9,340.1,675.2,589.0,320.1
121.3,162.1,315.3,318.3,545.9,296.7
115.0,153.8,299.0,301.8,517.7,281.3
133.8,178.8,347.7,351.0,602.1,327.2
124.9,167.0,324.7,327.8,562.3,305.5
138.8,162.9,321.4,320.2,537.8,312.1
203.4,207.1,416.1,407.6,666.6,419.1
161.6,186.9,369.5,367.5,615.6,360.1
113.3,151.4,294.4,297.2,509.8,277.0
0.0,0.0,0.0,0.0,0.0,0.0
9.8,0.0,0.0,0.0,0.0,0.0
201.3,0.0,0.0,0.0,0.0,0.0
72.7,0.0,0.0,0.0,0.0,0.0
9.8,0.0,0.0,0.0,98.9,0.0
27.4,7.3,17.6,14.7,2055.5,23.4
83.1,30.8,73.8,61.5,807.6,98.5
164.3,14.7,35.2,29.3,132.9,46.9
188.3,0.0,727.5,0.0,98.9,0.0
0.0,0.0,654.4,0.0,93.4,684.5
0.0,0.0,753.3,0.0,1307.7,615.8
0.5,1.7,1407.7,599.1,2322.0,669.0
0.0,431.7,1495.8,689.6,1133.2,683.3
269.8,501.5,1290.9,684.4,1088.6,1164.8
373.2,522.6,1049.4,729.0,1219.6,1106.1
377.9,521.8,1015.3,719.3,1320.1,1045.6
368.5,507.6,1072.1,911.6,1181.1,959.1
361.4,515.1,1066.5,898.5,1155.1,1003.3
316.9,502.1,966.2,921.0,1270.8,1023.0
311.1,835.9,943.2,878.2,1116.8,914.8
459.7,840.7,931.9,883.6,979.5,904.7
409.5,840.1,926.7,903.8,988.0,931.9
729.1,835.6,852.8,850.4,880.6,851.6
686.6,838.7,858.3,857.4,904.3,854.9
682.6,839.4,850.7,876.9,878.3,872.1
701.6,847.3,849.8,865.0,878.0,858.3
833.3,833.3,833.3,833.3,833.3,833.3
833.3,833.3,833.3,833.3,833.3,833.3
833.3,833.3,833.3,833.3,833.3,833.3
833.3,833.3,833.3,833.3,833.3,833.3
833.3,833.3,833.3,833.3,833.3,833.3
849.1,930.3,833.3,942.4,868.7,576.1
848.3,890.4,834.4,949.0,875.1,602.9
858.6,875.1,836.3,917.9,873.0,639.0
878.0,888.1,835.2,903.8,883.9,611.1
889.2,865.4,835.2,887.8,926.9,595.5
874.8,890.0,902.3,347.7,1610.8,359.5
142.1,142.1,142.1,142.1,142.1,142.1
0.0,0.0,0.0,0.0,0.0,0.0
0.0,0.0,0.0,0.0,0.0,0.0
0.0,0.0,0.0,0.0,0.0,0.0
0.0,0.0,0.0,0.0,0.0,0.0
0.0,0.0,0.0,0.0,0.0,0.0
0.0,0.0,0.0,0.0,0.0,0.0
0.0,0.0,0.0,0.0,0.0,0.0
0.0,0.0,0.0,0.0,0.0,0.0
0.0,0.0,0.0,0.0,0.0,0.0
0.0,0.0,0.0,0.0,0.0,0.0
0.0,0.0,0.0,0.0,0.0,0.0
0.0,0.0,0.0,0.0,0.0,0.0
0.0,0.0,0.0,0.0,0.0,0.0
0.0,0.0,0.0,0.0,0.0,0.0
0.0,0.0,0.0,0.0,0.0,0.0
71.7,26.4,78.7,75.0,91.4,81.2
71.8,23.4,80.0,75.2,92.9,81.1
71.4,30.2,80.1,73.3,91.1,78.4
70.7,70.7,70.7,70.7,70.7,70.7
0.0,193.1,0.0,159.2,317.5,173.0
147.6,155.5,0.0,171.4,210.0,158.2
151.4,169.6,0.0,209.7,166.6,145.5
173.1,242.4,0.0,41.5,227.6,158.3
625.8,1567.0,387.8,1081.0,1648.1,671.2
805.4,1746.0,390.8,1073.7,1653.3,2184.1
952.1,1329.7,415.9,1086.1,1693.1,1918.6
619.5,1272.9,386.2,1065.3,1636.2,1782.9
658.8,1303.3,481.0,1142.0,1755.7,1949.8
63.3,514.7,63.3,729.4,694.7,389.6
59.8,513.2,59.8,718.6,57.8,277.7
0.0,486.4,33.9,676.6,0.0,0.0
0.0,486.4,564.2,687.0,0.0,0.0
0.0,1336.6,555.7,674.0,0.0,0.0
18.9,795.1,545.1,671.4,0.0,0.0
313.4,445.9,553.6,671.4,0.0,0.0
308.7,341.6,547.2,668.8,0.0,0.0
488.1,536.3,2247.8,2348.7,2761.8,453.0
231.3,594.7,1720.0,1857.5,2433.7,565.7
161.7,522.7,1533.7,2142.9,1738.2,395.4
119.6,720.2,987.6,2385.7,1529.1,288.7
240.0,256.1,511.3,1728.1,1830.8,508.7
270.3,303.0,601.2,1725.2,1999.4,590.5
253.9,281.2,558.7,1677.0,1925.8,550.6
163.2,202.0,396.0,1085.5,1694.2,379.6
126.0,168.4,327.4,1147.1,1588.8,308.1
108.0,144.3,280.7,1413.6,783.9,264.1
441.4,183.6,713.4,1050.0,618.2,401.9
427.9,165.6,322.0,1012.0,557.6,618.8
414.6,146.3,284.4,979.3,492.4,581.0
335.8,184.2,358.2,1053.7,620.2,649.3
117.6,157.2,971.7,1011.1,529.3,602.3
109.0,145.7,1405.4,988.6,490.7,581.3
138.5,185.1,1486.1,568.1,623.2,658.0
145.2,168.2,1445.9,330.6,554.1,643.1
180.4,176.4,1471.9,347.3,563.2,455.9
207.7,219.4,1554.3,431.6,711.1,437.6
160.2,168.8,1459.6,332.2,547.0,337.0
291.1,494.6,1878.5,763.7,1310.0,711.8
543.4,732.3,1158.4,445.7,764.5,415.5
765.1,695.7,377.6,381.2,653.9,355.3
756.4,680.7,352.0,355.4,609.6,331.2
789.5,734.9,450.2,454.5,779.6,423.7
742.2,663.8,312.0,315.0,540.2,293.6
1157.3,687.8,344.0,347.3,595.7,323.7
1401.6,510.9,0.0,0.0,0.0,0.0
53.1,17.6,0.0,0.0,0.0,0.0
0.0,0.0,0.0,0.0,0.0,0.0
0.0,0.0,0.0,0.0,0.0,0.0
0.0,0.0,0.0,0.0,0.0,0.0
0.0,0.0,0.0,0.0,0.0,0.0
0.0,0.0,0.0,0.0,0.0,0.0
0.0,0.0,0.0,0.0,0.0,0.0
0.0,0.0,0.0,0.0,0.0,0.0
0.0,0.0,0.0,0.0,0.0,0.0
0.0,0.0,0.0,0.0,0.0,0.0
0.0,0.0,0.0,0.0,0.0,0.0
0.0,0.0,0.0,0.0,0.0,0.0
0.0,0.0,0.0,0.0,0.0,0.0
0.0,0.0,0.0,0.0,0.0,0.0
0.0,0.0,0.0,0.0,0.0,0.0
0.0,0.0,0.0,0.0,0.0,0.0
0.0,0.0,0.0,0.0,0.0,0.0
0.0,0.0,0.0,0.0,0.0,0.0
0.0,0.0,0.0,0.0,0.0,0.0
0.0,0.0,0.0,0.0,0.0,0.0
0.0,0.0,0.0,0.0,0.0,0.0
0.0,0.0,0.0,0.0,0.0,0.0
0.0,0.0,0.0,0.0,0.0,0.0
0.0,0.0,0.0,0.0,0.0,0.0
0.0,0.0,0.0,0.0,0.0,0.0
0.0,0.0,0.0,0.0,0.0,0.0
0.0,0.0,0.0,0.0,0.0,0.0
0.0,0.0,0.0,0.0,0.0,0.0
0.0,0.0,0.0,0.0,0.0,0.0
0.0,0.0,0.0,0.0,0.0,0.0
0.0,0.0,0.0,0.0,0.0,0.0
0.0,0.0,0.0,0.0,0.0,0.0
0.0,0.0,0.0,0.0,0.0,0.0
0.0,0.0,0.0,0.0,0.0,0.0
0.0,0.0,0.0,0.0,0.0,0.0
0.0,0.0,0.0,0.0,0.0,0.0
0.0,0.0,0.0,0.0,0.0,0.0
0.0,0.0,0.0,0.0,0.0,0.0
0.0,0.0,0.0,0.0,0.0,0.0
0.0,0.0,0.0,0.0,0.0,0.0
0.0,0.0,0.0,0.0,0.0,0.0
0.0,0.0,0.0,0.0,0.0,0.0
0.0,0.0,0.0,0.0,0.0,0.0
0.0,0.0,0.0,0.0,0.0,0.0
0.0,0.0,0.0,0.0,0.0,0.0
0.0,0.0,0.0,0.0,0.0,0.0
102.0,14.7,35.2,29.3,319.1,46.9
96.4,0.0,0.0,136.6,314.2,0.0
79.2,0.0,0.0,195.4,272.6,0.0
0.0,0.0,136.0,217.4,193.8,0.0
0.0,0.0,345.7,480.4,439.6,0.0
0.0,0.0,341.9,461.1,462.7,0.0
211.0,211.0,211.0,211.0,211.0,211.0
211.0,211.0,211.0,211.0,211.0,211.0
49.2,20.5,2596.8,2761.9,4660.6,65.6
80.9,33.7,2636.9,2652.7,7346.1,107.8
84.4,35.2,2779.6,2616.4,7095.8,112.5
168.8,70.3,2729.7,2830.0,6687.5,1128.6
386.8,161.2,2908.8,2877.8,5621.8,3052.2
1870.8,1273.3,4534.8,4107.5,6243.7,4874.6
1765.3,2121.8,5721.1,4144.0,6369.0,4747.0
1526.2,1936.8,5355.7,3863.6,6014.5,4572.6
813.4,2540.2,4423.2,3273.5,5177.8,3492.5
234.3,2470.6,3493.7,3244.8,8561.1,2923.3
534.2,2122.6,2978.3,3066.0,4787.9,6136.2
1243.3,1831.2,3217.2,3082.8,2532.7,5842.6
1160.3,1626.4,3090.6,4949.6,2319.7,4973.8
1247.2,1582.3,3065.4,2895.7,3408.6,3941.5
1254.8,1570.6,5314.4,1487.1,2581.2,2886.3
1252.9,1569.5,3298.9,1275.1,2269.2,2746.4
1272.0,1482.6,1648.9,1847.6,2203.8,2828.2
1218.6,1520.8,1476.6,1829.1,2502.1,2826.9
1466.2,1952.5,593.7,717.0,1216.6,3515.2
1372.3,1770.2,628.1,500.3,1556.2,3402.8
1387.5,1657.2,617.6,263.4,172.4,3214.3
1622.2,1830.4,604.2,726.8,160.1,4026.4
1255.9,1642.2,547.9,674.7,105.7,4743.5
1262.8,1617.8,559.9,677.6,614.6,2913.4
1209.5,1930.0,554.3,666.9,1852.8,1401.4
1308.9,1631.7,580.9,669.8,10.2,1712.4
1269.1,1269.1,1269.1,1269.1,1269.1,1269.1
1413.9,1279.3,1357.0,1005.8,390.9,2167.8
1264.8,1091.4,651.5,703.4,61.2,1512.5
440.7,367.1,358.0,360.9,83.7,410.5
207.4,194.1,190.5,191.4,78.2,212.0
179.7,179.8,179.6,181.0,173.4,180.2
101.7,103.0,104.0,108.3,78.2,103.8
99.8,99.8,99.8,99.8,99.8,99.8
99.8,99.8,99.8,99.8,99.8,99.8
99.8,99.8,99.8,99.8,99.8,99.8
50.1,50.1,50.1,50.1,50.1,50.1
50.1,50.1,50.1,50.1,50.1,50.1
50.1,50.1,50.1,50.1,50.1,50.1
50.1,50.1,50.1,50.1,50.1,50.1
0.0,0.0,0.0,0.0,0.0,0.0
0.0,0.0,0.0,0.0,0.0,0.0
0.0,0.0,0.0,0.0,0.0,0.0
0.0,0.0,0.0,0.0,0.0,0.0
0.0,0.0,0.0,0.0,0.0,0.0
0.0,0.0,0.0,0.0,0.0,0.0
0.0,0.0,0.0,0.0,0.0,0.0
0.0,0.0,0.0,0.0,0.0,0.0
0.0,0.0,0.0,0.0,0.0,0.0
0.0,0.0,0.0,0.0,0.0,0.0
0.0,0.0,0.0,0.0,0.0,0.0
0.0,0.0,0.0,0.0,0.0,0.0
0.0,0.0,0.0,0.0,0.0,0.0
0.0,0.0,0.0,0.0,0.0,0.0
0.0,0.0,0.0,0.0,0.0,0.0
0.0,0.0,0.0,0.0,0.0,0.0
0.0,0.0,0.0,0.0,0.0,0.0
0.0,0.0,0.0,0.0,0.0,0.0
0.0,0.0,0.0,0.0,0.0,0.0
0.0,0.0,0.0,0.0,0.0,0.0
0.0,0.0,0.0,0.0,0.0,0.0
0.0,0.0,0.0,0.0,0.0,0.0
0.0,0.0,0.0,0.0,0.0,0.0
0.0,0.0,0.0,0.0,0.0,0.0
0.0,0.0,0.0,0.0,0.0,0.0
0.0,0.0,0.0,0.0,0.0,0.0
0.0,0.0,0.0,0.0,0.0,0.0
0.0,0.0,0.0,0.0,0.0,0.0
0.0,0.0,0.0,0.0,0.0,0.0
0.0,0.0,0.0,0.0,0.0,0.0
0.0,0.0,0.0,0.0,0.0,0.0
0.0,0.0,0.0,0.0,0.0,0.0
0.0,0.0,0.0,0.0,0.0,0.0
0.0,0.0,0.0,0.0,0.0,0.0
0.0,0.0,0.0,0.0,0.0,0.0
0.0,0.0,0.0,0.0,0.0,0.0
0.0,0.0,0.0,0.0,0.0,0.0
0.0,0.0,0.0,0.0,0.0,0.0
0.0,0.0,0.0,0.0,0.0,0.0
0.0,0.0,0.0,0.0,0.0,0.0
0.0,0.0,0.0,0.0,0.0,0.0
0.0,0.0,0.0,0.0,0.0,0.0
0.0,0.0,0.0,0.0,0.0,0.0
0.0,0.0,0.0,0.0,0.0,0.0
0.0,0.0,0.0,0.0,0.0,0.0
0.0,0.0,0.0,0.0,0.0,0.0
0.0,0.0,0.0,0.0,0.0,0.0
0.0,0.0,0.0,0.0,0.0,0.0
90.7,90.7,90.7,90.7,90.7,90.7
90.7,90.7,90.7,90.7,90.7,90.7
90.7,90.7,90.7,90.7,90.7,90.7
96.0,111.9,0.0,99.2,125.2,112.0
230.4,278.6,0.0,273.2,301.3,242.0
229.9,267.6,0.0,287.0,293.8,247.2
229.1,246.6,24.6,261.3,334.7,229.2
227.0,243.9,70.3,240.1,316.9,227.3
360.1,360.1,360.1,360.1,360.1,360.1
399.9,446.5,42.2,35.2,834.3,402.4
388.2,427.8,0.0,0.0,897.9,446.6
384.3,418.5,0.0,403.6,511.0,443.0
506.0,553.2,0.0,602.1,677.5,592.0
505.0,552.2,0.0,600.6,675.4,597.8
488.5,488.5,488.5,488.5,488.5,488.5
488.5,488.5,488.5,488.5,488.5,488.5
577.0,577.0,577.0,577.0,577.0,577.0
577.0,577.0,577.0,577.0,577.0,577.0
577.0,577.0,577.0,577.0,577.0,577.0
577.0,577.0,577.0,577.0,577.0,577.0
605.7,605.7,605.7,605.7,605.7,605.7
605.7,605.7,605.7,605.7,605.7,605.7
605.7,605.7,605.7,605.7,605.7,605.7
605.7,605.7,605.7,605.7,605.7,605.7
605.4,605.4,605.4,605.4,605.4,605.4
605.4,605.4,605.4,605.4,605.4,605.4
605.4,605.4,605.4,605.4,605.4,605.4
574.7,606.1,621.2,609.4,615.0,605.7
592.1,673.9,2278.5,996.5,1570.5,617.5
538.0,725.9,970.8,1084.8,1737.8,705.8
507.1,758.8,1044.5,1169.1,1864.2,779.7
465.3,705.7,935.9,746.3,1680.1,677.9
519.0,716.0,966.6,1096.9,1685.8,735.0
538.4,744.3,1029.7,1158.2,1790.2,791.5
513.8,712.6,699.0,1086.4,1673.3,3013.8
447.9,1308.1,890.7,1017.4,1567.9,4400.1
161.7,1265.4,968.0,3136.5,721.7,3453.4
112.3,1001.4,856.0,4350.8,505.3,2386.9
108.2,731.4,845.4,3718.4,487.0,1693.2
193.2,655.0,1066.2,3079.2,2929.7,2169.6
1243.4,1243.4,1243.4,1243.4,1243.4,1243.4
1254.9,750.2,1254.9,1380.0,1519.7,1301.0
45.7,24.1,45.7,624.2,1945.3,61.0
70.3,29.3,70.3,74.9,1353.7,93.8
105.5,44.0,105.5,87.9,1629.5,140.7
186.4,77.7,186.4,155.3,773.6,248.5
1037.6,454.2,1045.5,908.4,1026.0,1313.4
964.2,964.2,964.2,964.2,964.2,964.2
849.6,706.2,872.8,844.3,848.5,878.6
860.7,687.2,856.3,847.6,853.4,894.8
954.6,399.7,872.3,782.4,851.8,1139.2
628.0,55.4,111.3,49.8,57.8,994.3
291.5,359.3,56.7,8.8,10.2,511.8
0.0,0.0,0.0,0.0,0.0,0.0
0.0,0.0,0.0,0.0,0.0,0.0
0.0,0.0,0.0,0.0,0.0,0.0
0.0,0.0,0.0,0.0,0.0,0.0
0.0,0.0,0.0,0.0,0.0,0.0
0.0,0.0,0.0,0.0,0.0,0.0
0.0,0.0,0.0,0.0,0.0,0.0
0.0,0.0,0.0,0.0,0.0,0.0
0.0,0.0,0.0,0.0,0.0,0.0
0.0,0.0,0.0,0.0,0.0,0.0
0.0,0.0,0.0,0.0,0.0,0.0
0.0,0.0,0.0,0.0,0.0,0.0
0.0,0.0,0.0,0.0,0.0,0.0
0.0,0.0,0.0,0.0,0.0,0.0
0.0,0.0,0.0,0.0,0.0,0.0
0.0,0.0,0.0,0.0,0.0,0.0
0.0,0.0,0.0,0.0,0.0,0.0
0.0,0.0,0.0,0.0,0.0,0.0
0.0,0.0,0.0,0.0,0.0,0.0
0.0,0.0,0.0,0.0,0.0,0.0
0.0,0.0,0.0,0.0,0.0,0.0
0.0,0.0,0.0,0.0,0.0,0.0
0.0,0.0,0.0,0.0,0.0,0.0
0.0,0.0,0.0,0.0,0.0,0.0
0.0,0.0,0.0,0.0,0.0,0.0
0.0,0.0,0.0,0.0,0.0,0.0
0.0,0.0,0.0,0.0,0.0,0.0
0.0,0.0,0.0,0.0,0.0,0.0
0.0,0.0,0.0,0.0,0.0,0.0
0.0,0.0,0.0,0.0,0.0,0.0
0.0,0.0,0.0,0.0,0.0,0.0
0.0,0.0,0.0,0.0,0.0,0.0
0.0,0.0,0.0,0.0,0.0,0.0
0.0,0.0,0.0,0.0,0.0,0.0
0.0,0.0,0.0,0.0,0.0,0.0
0.0,0.0,0.0,0.0,0.0,0.0
0.0,0.0,0.0,0.0,0.0,0.0
0.0,0.0,0.0,0.0,0.0,0.0
0.0,0.0,0.0,0.0,0.0,0.0
0.0,0.0,0.0,0.0,0.0,0.0
0.0,0.0,0.0,0.0,0.0,0.0
0.0,0.0,0.0,0.0,0.0,0.0
0.0,0.0,0.0,0.0,0.0,0.0
156.0,143.9,0.0,245.2,0.0,0.0
123.1,126.8,170.5,124.7,0.0,0.0
158.7,116.8,177.5,0.0,0.0,92.0
110.2,0.0,133.4,0.0,202.5,99.0
120.7,120.7,120.7,120.7,120.7,120.7
131.8,27.8,66.8,186.6,177.9,133.4
133.3,24.9,59.8,149.4,222.3,134.6
137.9,134.8,14.1,11.7,287.4,138.4
220.4,220.4,220.4,220.4,220.4,220.4
220.4,220.4,220.4,220.4,220.4,220.4
220.4,220.4,220.4,220.4,220.4,220.4
220.4,220.4,220.4,220.4,220.4,220.4
433.7,1164.3,1465.8,1025.1,1542.6,609.5
436.0,1159.9,1444.2,1016.2,1518.4,1122.7
388.2,1100.6,1239.2,892.3,1245.8,1615.2
419.0,958.5,1421.9,984.0,1495.7,1170.2
476.6,683.2,1296.5,1060.8,1621.7,679.8
464.6,627.0,2200.4,945.8,1419.2,606.1
479.7,658.4,2429.9,1007.3,1525.8,656.3
480.8,677.5,1545.9,1044.5,1588.6,2407.9
401.6,612.4,788.6,912.5,1405.8,1661.8
420.9,636.4,838.8,965.7,1489.0,1775.2
431.2,644.8,864.6,987.1,1518.8,2214.9
438.3,664.0,877.9,997.5,1541.7,1397.9
466.5,696.7,940.9,1080.9,1673.2,680.8
512.2,745.8,1060.1,1185.8,1868.9,783.4
418.8,622.2,821.2,939.0,1455.2,560.6
490.4,722.3,994.9,1118.2,1755.6,731.1
436.1,656.9,854.7,989.1,1523.9,602.4
468.9,642.3,850.4,972.8,1453.4,617.5
253.0,708.6,997.2,1111.5,1697.8,755.8
178.5,677.6,926.2,1035.3,1587.5,685.8
108.3,619.4,799.3,925.7,1416.1,559.7
143.1,687.2,927.7,1054.8,1662.3,667.0
117.4,654.6,860.8,989.8,1538.9,602.9
86.6,617.2,782.9,911.6,1407.8,255.4
138.6,694.3,920.1,1053.2,1638.0,338.9
122.6,669.1,882.7,1021.5,1562.2,299.7
86.6,624.9,797.9,922.1,529.5,211.9
129.6,680.4,905.3,1040.0,583.3,317.0
124.4,671.6,896.1,1023.8,560.0,304.3
117.0,200.3,829.7,951.4,427.3,254.9
194.0,194.6,960.2,479.0,624.6,396.2
188.8,194.2,468.1,382.1,626.2,391.4
144.1,150.5,409.5,296.2,486.9,301.5
107.5,468.5,841.5,282.0,483.8,857.3
154.0,692.4,958.2,536.4,693.2,1091.0
169.8,1065.5,988.6,1176.0,764.3,1035.4
0.0,806.9,551.5,1045.4,0.0,569.1
208.9,883.2,888.1,1103.8,923.9,992.1
442.2,887.5,869.6,930.3,892.8,977.5
292.6,1498.1,571.6,798.1,5.5,1834.1
253.6,1089.3,720.5,787.5,923.5,1225.7
289.0,937.0,995.4,837.5,956.3,984.8
362.1,907.3,653.0,1240.6,891.9,945.1
660.8,923.3,873.6,700.8,857.8,983.7
800.9,883.4,856.7,693.3,856.6,909.1
804.2,890.0,851.1,658.5,909.3,886.9
639.8,875.7,927.1,653.3,983.2,920.8
833.3,833.3,833.3,833.3,833.3,833.3
833.3,833.3,833.3,833.3,833.3,833.3
842.2,834.0,858.9,767.8,876.0,821.1
869.2,888.2,1030.3,692.2,1344.2,176.1
869.3,505.3,985.4,694.8,1451.4,464.9
0.0,0.0,0.0,0.0,0.0,0.0
0.0,0.0,0.0,0.0,0.0,0.0
0.0,0.0,0.0,0.0,0.0,0.0
0.0,0.0,0.0,0.0,0.0,0.0
0.0,0.0,0.0,0.0,0.0,0.0
0.0,0.0,0.0,0.0,0.0,0.0
0.0,0.0,0.0,0.0,0.0,0.0
0.0,0.0,0.0,0.0,0.0,0.0
0.0,0.0,0.0,0.0,0.0,0.0
0.0,0.0,0.0,0.0,0.0,0.0
0.0,0.0,0.0,0.0,0.0,0.0
0.0,0.0,0.0,0.0,0.0,0.0
0.0,0.0,0.0,0.0,0.0,0.0
0.0,0.0,0.0,0.0,0.0,0.0
0.0,0.0,0.0,0.0,0.0,0.0
0.0,0.0,0.0,0.0,0.0,0.0
0.0,0.0,0.0,0.0,0.0,0.0
0.0,0.0,0.0,0.0,0.0,0.0
0.0,0.0,0.0,0.0,0.0,0.0
0.0,0.0,0.0,0.0,0.0,0.0
0.0,0.0,0.0,0.0,0.0,0.0
0.0,0.0,0.0,0.0,0.0,0.0
0.0,0.0,0.0,0.0,0.0,0.0
0.0,0.0,0.0,0.0,0.0,0.0
0.0,0.0,0.0,0.0,0.0,0.0
0.0,0.0,0.0,0.0,0.0,0.0
0.0,0.0,0.0,0.0,0.0,0.0
0.0,0.0,0.0,0.0,0.0,0.0
0.0,0.0,0.0,0.0,0.0,0.0
0.0,0.0,0.0,0.0,0.0,0.0
0.0,0.0,0.0,0.0,0.0,0.0
0.0,0.0,0.0,0.0,0.0,0.0
101.9,0.0,145.3,145.8,203.8,0.0
105.6,0.0,142.7,143.2,205.2,0.0
105.0,0.0,143.7,144.2,203.9,0.0
105.8,106.3,113.7,113.9,157.1,0.0
235.9,274.0,0.0,0.0,373.3,424.5
217.9,217.9,217.9,217.9,217.9,217.9
217.9,217.9,217.9,217.9,217.9,217.9
217.9,217.9,217.9,217.9,217.9,217.9
355.9,357.0,357.2,331.5,362.1,366.9
355.1,355.1,355.1,355.1,355.1,355.1
355.1,355.1,355.1,355.1,355.1,355.1
359.2,373.4,359.3,316.5,365.0,357.2
1064.3,1042.7,883.4,427.3,1035.2,712.8
1023.1,1127.5,876.1,338.5,1176.3,624.2
954.6,1243.3,850.5,306.1,1221.8,589.4
948.4,888.3,865.3,764.3,1095.0,604.4
637.8,647.2,857.0,967.5,1491.3,578.7
427.7,655.2,861.8,985.6,1525.5,599.1
428.8,658.3,859.3,983.9,1162.6,604.8
423.2,645.7,840.7,965.6,504.6,585.3
372.3,685.1,927.4,1056.7,614.2,686.3
184.0,678.4,931.3,1032.0,591.9,685.6
175.9,674.6,915.9,1027.4,568.0,668.5
159.7,492.2,918.8,1048.3,594.5,662.6
113.2,151.3,852.1,976.3,509.5,471.3
113.5,151.7,852.8,966.6,510.8,277.6
126.3,168.8,884.0,1002.8,568.5,308.9
113.0,151.0,853.6,967.9,508.5,276.3
113.3,151.5,644.5,981.7,510.0,277.1
130.7,174.6,339.6,1027.2,588.0,319.5
109.8,146.7,285.2,972.3,493.9,268.4
112.1,149.9,291.4,976.0,504.6,274.2
137.6,184.0,357.7,1042.9,619.5,336.6
168.3,169.9,341.7,1013.7,546.0,345.0
178.3,176.8,356.5,1032.5,566.2,361.7
200.6,213.2,425.8,847.1,691.6,424.1
129.5,147.2,291.6,289.5,483.5,285.5
109.4,146.2,284.2,287.0,492.2,267.5
145.5,194.4,378.0,381.6,654.6,355.7
98.9,132.2,257.1,259.5,445.2,241.9
112.9,151.0,293.5,296.3,508.3,276.2
146.6,195.9,380.9,384.5,659.6,358.4
96.1,128.4,249.6,252.0,432.3,234.9
134.5,179.7,349.4,352.8,605.1,328.8
167.1,223.4,434.4,438.5,752.2,408.7
123.4,166.9,323.4,331.9,1823.8,311.4
210.7,223.4,446.3,439.4,2269.9,444.8
134.0,27.8,66.8,55.7,4469.7,89.1
363.1,892.7,59.8,66.1,3538.6,79.7
833.3,833.3,833.3,833.3,833.3,833.3
833.3,833.3,833.3,833.3,833.3,833.3
417.3,775.9,1244.7,410.9,2048.5,102.7
410.5,698.5,1914.2,170.5,1428.4,378.0
549.3,639.1,895.7,855.5,911.5,854.5
0.0,0.0,0.0,0.0,0.0,0.0
0.0,0.0,0.0,0.0,0.0,0.0
0.0,0.0,0.0,0.0,0.0,0.0
0.0,0.0,0.0,0.0,0.0,0.0
0.0,0.0,0.0,0.0,0.0,0.0
0.0,0.0,0.0,0.0,0.0,0.0
0.0,0.0,0.0,0.0,0.0,0.0
0.0,0.0,0.0,0.0,0.0,0.0
0.0,0.0,0.0,0.0,0.0,0.0
0.0,0.0,0.0,0.0,0.0,0.0
0.0,0.0,0.0,0.0,0.0,0.0
0.0,0.0,0.0,0.0,0.0,0.0
0.0,0.0,0.0,0.0,0.0,0.0
0.0,0.0,0.0,0.0,0.0,0.0
0.0,0.0,0.0,0.0,0.0,0.0
0.0,0.0,0.0,0.0,0.0,0.0
0.0,0.0,0.0,0.0,0.0,0.0
0.0,0.0,0.0,0.0,0.0,0.0
0.0,0.0,0.0,0.0,0.0,0.0
0.0,0.0,0.0,0.0,0.0,0.0
0.0,0.0,0.0,0.0,0.0,0.0
0.0,0.0,0.0,0.0,0.0,0.0
0.0,0.0,0.0,0.0,0.0,0.0
0.0,0.0,0.0,0.0,0.0,0.0
0.0,0.0,0.0,0.0,0.0,0.0
0.0,0.0,0.0,0.0,0.0,0.0
0.0,0.0,0.0,0.0,0.0,0.0
0.0,0.0,0.0,0.0,0.0,0.0
0.0,0.0,0.0,0.0,0.0,0.0
0.0,0.0,0.0,0.0,0.0,0.0
0.0,0.0,0.0,0.0,0.0,0.0
0.0,0.0,0.0,0.0,0.0,0.0
0.0,0.0,0.0,0.0,0.0,0.0
0.0,0.0,0.0,0.0,0.0,0.0
0.0,0.0,0.0,0.0,0.0,0.0
0.0,0.0,0.0,0.0,0.0,0.0
0.0,0.0,0.0,0.0,0.0,0.0
0.0,0.0,0.0,0.0,0.0,0.0
0.0,0.0,0.0,0.0,0.0,0.0
0.0,0.0,0.0,0.0,0.0,0.0
0.0,0.0,0.0,0.0,0.0,0.0
0.0,0.0,0.0,0.0,0.0,0.0
0.0,112.8,0.0,0.0,267.5,98.3
0.0,140.6,0.0,0.0,224.9,113.2
85.3,104.5,0.0,0.0,195.6,93.3
79.8,79.8,79.8,79.8,79.8,79.8
891.5,528.9,70.3,58.6,68.0,401.3
773.0,518.4,63.3,52.7,61.2,394.3
602.1,517.8,52.7,44.0,51.0,380.2
574.7,495.8,0.0,0.0,2311.5,317.0
569.8,507.2,0.0,0.0,1794.0,314.6
448.9,692.3,1702.2,751.9,1713.5,657.9
480.4,727.5,1479.1,1131.7,1975.0,729.2
1082.1,641.5,898.1,955.0,1636.5,570.6
949.8,624.7,944.4,2681.3,427.6,538.7
714.2,1594.6,1085.5,2513.2,720.7,694.5
858.7,1331.7,249.4,1553.9,431.8,539.8
415.6,946.5,1999.9,2140.1,465.2,559.2
464.6,1297.4,1796.8,1079.3,1245.1,1937.8
460.5,1337.4,944.1,998.1,1515.2,3235.9
516.8,1253.2,1620.0,1123.6,1711.0,2662.1
548.6,1086.7,843.2,2570.2,1867.2,2077.7
646.2,1287.9,1403.7,2585.5,2433.9,2847.2
574.5,1202.2,1250.5,2018.7,2187.1,969.2
479.0,727.5,999.5,1834.8,1760.3,725.8
496.1,745.4,1035.7,2130.0,1811.6,759.5
469.7,707.8,963.7,4266.8,1701.1,700.1
495.9,745.1,1039.5,4070.7,1697.6,760.3
466.7,702.5,951.8,3630.5,1703.8,683.4
441.4,666.6,893.5,1975.4,2576.7,628.2
896.7,945.4,853.7,1790.3,2939.1,591.8
970.9,1100.3,910.4,1117.1,2813.3,632.1
754.6,1041.1,914.1,2641.9,1878.1,648.6
701.9,534.6,1337.4,1996.6,5289.4,400.1
804.8,805.2,1812.5,739.7,3028.1,389.6
571.3,851.8,2337.3,739.4,2690.6,389.6
463.7,962.5,1901.6,1050.1,1735.2,979.0
684.7,697.8,825.9,829.5,861.5,1009.5
315.6,595.2,600.9,687.0,1085.1,5143.7
465.8,1512.4,597.6,684.4,2625.6,2542.9
435.3,1844.8,1354.6,679.2,2264.7,460.0
456.3,1306.7,2117.6,1052.4,1626.1,776.0
457.8,741.4,1755.5,1062.1,1642.0,459.3
447.6,223.1,1613.3,1602.4,1597.7,2132.3
435.6,190.6,876.6,1676.8,1536.4,1706.2
488.4,735.8,1018.9,1685.8,1786.6,1584.4
372.1,413.7,1217.8,715.4,1046.5,70.3
66.8,316.3,800.6,55.7,64.6,89.1
63.3,499.6,938.0,52.7,61.2,84.4
21.1,491.4,766.9,17.6,20.4,757.5
0.0,486.4,786.8,608.7,0.0,935.6
0.0,497.7,795.4,740.8,0.0,932.1
237.2,169.7,1024.0,883.1,0.0,646.9
522.7,0.0,2185.3,752.9,0.0,0.0
340.7,0.0,1781.0,812.5,991.7,0.0
317.3,856.8,1409.8,803.0,1014.3,0.0
315.5,1181.4,1357.0,1203.0,943.1,0.0
9.8,1128.4,2070.4,1791.4,0.0,0.0
182.3,880.1,2450.0,1366.1,5.5,116.0
139.1,420.8,1232.0,781.8,37.4,949.1
0.0,0.0,0.0,0.0,0.0,0.0
0.0,0.0,0.0,0.0,0.0,0.0
0.0,0.0,0.0,0.0,0.0,0.0
0.0,0.0,0.0,0.0,0.0,0.0
0.0,0.0,0.0,0.0,0.0,0.0
0.0,0.0,0.0,0.0,0.0,0.0
0.0,0.0,0.0,0.0,0.0,0.0
0.0,0.0,0.0,0.0,0.0,0.0
0.0,0.0,0.0,0.0,0.0,0.0
0.0,0.0,0.0,0.0,0.0,0.0
0.0,0.0,0.0,0.0,0.0,0.0
0.0,0.0,0.0,0.0,0.0,0.0
0.0,0.0,0.0,0.0,0.0,0.0
0.0,0.0,0.0,0.0,0.0,0.0
0.0,0.0,0.0,0.0,0.0,0.0
0.0,0.0,0.0,0.0,0.0,0.0
0.0,0.0,0.0,0.0,0.0,0.0
0.0,0.0,0.0,0.0,0.0,0.0
0.0,0.0,0.0,0.0,0.0,0.0
0.0,0.0,0.0,0.0,0.0,0.0
0.0,0.0,0.0,0.0,0.0,0.0
0.0,0.0,0.0,0.0,0.0,0.0
0.0,0.0,0.0,0.0,0.0,0.0
0.0,0.0,0.0,0.0,0.0,0.0
0.0,0.0,0.0,0.0,0.0,0.0
0.0,0.0,0.0,0.0,0.0,0.0
0.0,0.0,0.0,0.0,0.0,0.0
0.0,0.0,0.0,0.0,0.0,0.0
0.0,0.0,0.0,0.0,0.0,0.0
0.0,0.0,0.0,0.0,0.0,0.0
0.0,0.0,0.0,0.0,0.0,0.0
0.0,0.0,0.0,0.0,0.0,0.0
0.0,0.0,0.0,0.0,0.0,0.0
0.0,0.0,0.0,0.0,0.0,0.0
0.0,0.0,0.0,0.0,0.0,0.0
0.0,0.0,0.0,0.0,0.0,0.0
0.0,0.0,0.0,0.0,0.0,0.0
0.0,0.0,0.0,0.0,0.0,0.0
0.0,663.8,0.0,0.0,0.0,0.0
45.7,246.4,228.4,38.1,44.2,61.0
70.3,123.5,137.5,117.6,121.1,93.8
59.8,115.8,153.9,131.9,122.6,79.7
241.0,241.0,241.0,241.0,241.0,241.0
241.0,241.0,241.0,241.0,241.0,241.0
241.0,241.0,241.0,241.0,241.0,241.0
241.0,241.0,241.0,241.0,241.0,241.0
390.6,390.6,390.6,390.6,390.6,390.6
283.7,395.9,400.5,401.9,448.2,413.6
390.6,390.6,390.6,390.6,390.6,390.6
390.6,390.6,390.6,390.6,390.6,390.6
458.7,699.5,773.7,783.1,993.9,842.0
426.2,649.1,817.6,884.0,1177.7,596.1
758.5,758.5,758.5,758.5,758.5,758.5
605.9,760.6,784.9,792.9,837.6,768.9
612.5,773.9,805.3,815.2,867.2,786.9
555.6,766.0,815.6,830.6,908.7,784.5
454.7,689.1,838.2,892.1,1121.1,665.8
447.7,304.3,875.2,981.3,1412.3,640.2
510.5,261.8,1067.0,1195.8,1869.6,793.7
454.7,188.8,922.9,1047.3,1627.5,658.9
451.6,186.3,504.3,1050.0,1615.1,653.0
512.0,266.9,519.0,1200.6,1151.4,800.6
445.6,181.4,352.7,1035.3,610.8,641.8
456.1,198.6,386.2,1071.7,668.7,670.9
500.7,253.5,492.9,1176.7,853.4,774.8
453.4,188.5,367.9,543.9,631.7,656.5
536.2,239.4,478.8,471.0,775.3,786.9
558.7,271.1,539.8,533.2,883.6,844.0
510.6,214.8,429.1,422.7,697.3,735.9
256.1,233.6,454.9,458.6,785.0,508.4
271.2,362.4,704.7,711.5,1220.4,663.1
201.0,268.6,522.3,527.3,904.4,491.5
171.5,229.2,445.7,449.9,771.7,419.4
206.6,276.2,537.0,542.1,929.9,505.3
191.7,256.3,498.3,503.0,862.8,468.9
178.2,238.2,463.1,467.5,801.9,435.8
200.4,267.8,520.7,525.7,901.7,490.0
187.9,251.1,488.3,492.9,845.5,459.4
192.9,251.4,490.2,493.6,843.4,464.0
259.6,282.3,562.2,555.1,919.7,556.6
253.0,276.7,550.7,544.1,902.4,544.4
248.6,277.3,550.5,545.2,907.5,541.4
197.4,247.6,484.8,486.4,1706.5,463.1
190.5,254.6,495.1,499.9,2717.5,465.9
191.7,256.3,498.3,503.0,3651.2,468.9
199.0,266.0,517.2,522.1,1995.4,559.9
3.5,1.5,3.5,2.9,3868.4,957.1
847.7,670.9,850.7,840.2,909.5,880.9
464.6,327.6,1403.2,686.0,1801.0,317.6
394.3,917.5,1096.1,759.9,1609.8,222.4
381.4,888.9,1050.2,740.4,1735.5,203.7
384.9,669.3,1262.7,743.0,1626.5,313.6
833.3,833.3,833.3,833.3,833.3,833.3
833.3,833.3,833.3,833.3,833.3,833.3
833.3,833.3,833.3,833.3,833.3,833.3
833.3,833.3,833.3,833.3,833.3,833.3
833.3,833.3,833.3,833.3,833.3,833.3
833.3,833.3,833.3,833.3,833.3,833.3
881.5,843.9,979.2,850.2,1060.7,384.5
780.6,923.4,1126.5,777.6,1382.5,9.4
850.2,896.2,1213.7,790.4,1238.7,10.8
964.1,895.2,1071.3,841.4,1167.4,0.0
0.0,0.0,0.0,0.0,0.0,0.0
0.0,0.0,0.0,0.0,0.0,0.0
0.0,0.0,0.0,0.0,0.0,0.0
0.0,0.0,0.0,0.0,0.0,0.0
0.0,0.0,0.0,0.0,0.0,0.0
0.0,0.0,0.0,0.0,0.0,0.0
0.0,0.0,0.0,0.0,0.0,0.0
0.0,0.0,0.0,0.0,0.0,0.0
0.0,0.0,0.0,0.0,0.0,0.0
0.0,0.0,0.0,0.0,0.0,0.0
0.0,0.0,0.0,0.0,0.0,0.0
0.0,0.0,0.0,0.0,0.0,0.0
0.0,0.0,0.0,0.0,0.0,0.0
0.0,0.0,0.0,0.0,0.0,0.0
0.0,0.0,0.0,0.0,0.0,0.0
0.0,0.0,0.0,0.0,0.0,0.0
0.0,0.0,0.0,0.0,0.0,0.0
0.0,0.0,0.0,0.0,0.0,0.0
0.0,0.0,0.0,0.0,0.0,0.0
0.0,0.0,0.0,0.0,0.0,0.0
0.0,0.0,0.0,0.0,0.0,0.0
0.0,0.0,0.0,0.0,0.0,0.0
0.0,0.0,0.0,0.0,0.0,0.0
0.0,0.0,0.0,0.0,0.0,0.0
0.0,0.0,0.0,0.0,0.0,0.0
0.0,0.0,0.0,0.0,0.0,0.0
0.0,0.0,0.0,0.0,0.0,0.0
0.0,0.0,0.0,0.0,0.0,0.0
0.0,0.0,0.0,0.0,0.0,0.0
0.0,0.0,0.0,0.0,0.0,0.0
0.0,0.0,0.0,0.0,0.0,0.0
0.0,0.0,0.0,0.0,0.0,0.0
600.4,27.8,66.8,55.7,1060.0,89.1
592.7,26.4,63.3,52.7,1056.7,84.4
596.4,128.8,10.5,8.8,1001.9,14.1
766.8,499.2,3.5,2.9,987.6,82.5
2053.3,1362.9,2006.0,1724.7,3168.3,2867.9
292.0,729.8,500.3,647.7,1745.7,845.3
188.8,672.5,355.8,1028.7,1554.5,673.1
178.2,677.7,1888.9,1038.7,1577.6,676.5
132.9,673.4,2281.1,1020.0,1585.8,636.0
97.5,1335.7,2336.2,940.3,1434.4,548.4
125.5,1368.5,2848.1,1001.2,1531.8,606.7
286.3,1495.5,1587.3,1096.8,1665.6,740.2
471.5,1674.7,870.1,978.0,1473.9,631.5
496.5,999.5,938.4,1060.0,4003.9,696.4
434.6,666.9,889.9,2429.2,3960.3,628.7
404.4,622.4,804.6,2323.4,3083.1,1841.9
438.4,666.0,895.0,2558.2,4007.9,1917.1
433.7,659.4,885.9,3006.6,1601.9,2045.4
398.9,616.1,799.6,1533.3,411.2,2398.8
447.1,676.1,906.1,1035.6,606.8,1206.2
431.9,656.0,867.8,990.0,533.1,599.6
406.3,137.3,799.2,922.8,417.9,538.2
461.2,192.6,931.5,1059.9,645.3,364.6
498.3,185.5,930.4,1049.6,592.3,381.5
469.9,150.9,863.8,315.3,478.8,314.2
511.8,211.6,983.4,416.3,684.9,423.3
432.1,158.4,324.1,311.0,530.2,293.8
402.6,125.5,244.1,246.4,422.6,229.7
453.9,192.4,374.2,377.7,647.9,352.1
427.6,155.7,302.8,305.7,524.4,284.9
103.1,126.8,246.5,248.8,426.8,231.9
145.9,195.0,379.2,382.8,656.6,356.8
114.4,152.9,297.3,300.1,514.7,279.7
95.4,127.6,248.1,250.4,429.6,233.4
144.8,193.5,376.3,379.9,651.6,354.1
185.9,180.5,365.0,355.4,575.5,372.4
172.1,168.6,340.5,331.9,538.5,346.6
216.4,231.0,461.2,454.4,750.2,458.8
136.5,176.0,343.5,345.5,589.4,325.9
147.3,196.8,382.8,386.4,662.8,360.2
154.4,206.3,401.2,405.0,694.7,377.5
130.1,173.9,338.1,341.4,585.5,318.2
147.2,196.8,382.6,386.3,662.5,360.0
161.4,215.7,419.5,423.5,726.4,394.7
130.9,175.0,340.3,343.5,589.3,320.2
2208.2,1796.1,2280.6,2135.4,2347.5,2465.3
2205.5,2205.5,2205.5,2205.5,2205.5,2205.5
2061.0,2212.7,2174.0,1881.8,2617.0,2286.5
833.3,833.3,833.3,833.3,833.3,833.3
833.3,833.3,833.3,833.3,833.3,833.3
833.3,833.3,833.3,833.3,833.3,833.3
565.7,866.0,696.0,918.1,1475.2,479.0
850.0,837.5,431.0,964.5,1013.7,903.4
851.2,839.1,308.6,1018.8,1054.0,928.4
849.3,841.0,467.1,947.9,977.5,917.3
864.4,731.4,102.0,1114.5,1154.9,1032.8
506.0,748.9,10.5,1056.5,1536.0,1142.0
538.0,551.8,7.0,1125.1,1700.0,1078.1
546.3,526.3,3.5,1228.9,1529.4,1165.6
833.3,833.3,833.3,833.3,833.3,833.3
823.2,823.2,823.2,823.2,823.2,823.2
0.0,0.0,0.0,0.0,0.0,0.0
0.0,0.0,0.0,0.0,0.0,0.0
0.0,0.0,0.0,0.0,0.0,0.0
0.0,0.0,0.0,0.0,0.0,0.0
0.0,0.0,0.0,0.0,0.0,0.0
0.0,0.0,0.0,0.0,0.0,0.0
0.0,0.0,0.0,0.0,0.0,0.0
0.0,0.0,0.0,0.0,0.0,0.0
0.0,0.0,0.0,0.0,0.0,0.0
0.0,0.0,0.0,0.0,0.0,0.0
0.0,0.0,0.0,0.0,0.0,0.0
0.0,0.0,0.0,0.0,0.0,0.0
0.0,0.0,0.0,0.0,0.0,0.0
0.0,0.0,0.0,0.0,0.0,0.0
0.0,0.0,0.0,0.0,0.0,0.0
0.0,0.0,0.0,0.0,0.0,0.0
0.0,0.0,0.0,0.0,0.0,0.0
0.0,0.0,0.0,0.0,0.0,0.0
0.0,0.0,0.0,0.0,0.0,0.0
0.0,0.0,0.0,0.0,0.0,0.0
0.0,0.0,0.0,0.0,0.0,0.0
0.0,0.0,0.0,0.0,0.0,0.0
0.0,0.0,0.0,0.0,0.0,0.0
0.0,0.0,0.0,0.0,0.0,0.0
0.0,0.0,0.0,0.0,0.0,0.0
0.0,0.0,0.0,0.0,0.0,0.0
0.0,0.0,0.0,0.0,0.0,0.0
0.0,0.0,0.0,0.0,0.0,0.0
0.0,0.0,0.0,0.0,0.0,0.0
0.0,0.0,0.0,0.0,0.0,0.0
0.0,0.0,0.0,0.0,0.0,0.0
0.0,0.0,0.0,0.0,0.0,0.0
0.0,0.0,0.0,0.0,0.0,0.0
0.0,0.0,0.0,0.0,0.0,0.0
0.0,0.0,0.0,0.0,0.0,0.0
154.7,510.2,1638.9,285.9,465.9,295.8
199.1,501.2,1677.9,375.8,613.7,387.5
73.1,433.1,1474.2,107.0,61.2,84.4
40.3,403.2,967.4,520.2,30.6,253.1
204.0,588.7,632.7,2623.8,0.0,307.5
98.2,1054.7,846.7,774.3,0.0,308.7
0.0,693.4,246.9,782.3,0.0,313.4
0.0,945.8,1079.9,787.2,0.0,308.7
0.0,524.5,48.8,766.0,0.0,315.8
0.0,528.6,51.6,2735.2,0.0,314.6
647.0,1401.2,695.9,3772.3,625.5,972.3
1121.0,1404.8,1382.6,2136.1,1565.8,1646.5
391.7,819.9,1678.4,1233.9,1642.4,707.6
364.7,523.7,1197.2,1484.5,2091.2,723.8
224.6,209.6,426.3,1145.4,1705.8,439.8
340.1,143.5,285.0,1134.8,1972.3,1733.5
2005.9,856.4,1956.9,2450.3,8061.6,3173.2
2777.2,891.1,2065.7,2414.9,4573.2,3755.6
2191.3,763.6,1769.8,2349.4,4071.9,5428.4
1970.8,717.6,1641.6,1428.6,3669.0,2846.3
1297.6,384.7,855.5,763.9,2392.6,1937.9
781.8,173.8,353.9,342.4,4076.7,1170.9
638.1,204.2,411.0,401.9,2928.5,1108.7
466.0,178.4,360.1,351.2,1665.4,3433.1
412.5,170.9,343.7,336.5,1968.7,1451.9
539.5,209.0,425.2,411.9,660.9,438.7
117.8,151.0,295.0,296.6,505.4,280.3
123.5,155.4,304.2,305.3,518.7,290.4
131.4,169.1,330.2,332.1,566.3,313.4
118.3,151.7,296.3,297.9,507.7,281.5
130.1,164.3,321.4,322.6,548.5,306.5
127.4,163.8,319.9,321.7,548.5,303.7
150.8,162.8,324.6,320.2,529.8,322.0
253.8,264.9,530.4,521.2,856.6,530.8
279.2,305.2,607.4,600.2,995.4,600.6
264.4,291.9,580.3,574.0,953.7,572.2
223.9,292.9,570.8,575.0,983.0,539.9
211.6,273.1,533.0,536.2,914.9,505.7
203.1,265.0,516.6,520.3,889.2,488.9
329.9,431.3,840.5,846.7,1447.4,795.1
163.7,212.3,414.1,416.8,711.7,392.4
147.5,190.7,372.2,374.5,639.1,353.0
173.9,222.7,435.1,437.3,745.3,413.5
142.5,180.7,353.4,354.9,603.9,336.7
220.0,226.1,453.6,460.5,751.6,455.8
238.1,250.3,500.8,1156.2,1776.0,507.3
207.1,202.7,420.2,1083.3,1647.3,712.7
489.4,218.6,974.8,1782.9,2689.1,717.0
456.0,228.8,875.0,1198.7,1558.6,682.9
434.2,675.5,861.0,1027.3,1381.2,620.8
458.8,701.8,896.0,966.9,1284.1,692.4
452.3,313.5,925.0,1049.5,1594.7,664.9
432.1,169.6,879.2,1012.2,1559.1,619.1
475.2,222.5,959.5,1061.2,1565.7,715.8
449.4,188.1,921.4,1051.0,1625.0,665.8
450.7,175.2,724.4,769.4,954.9,743.4
0.0,0.0,0.0,0.0,0.0,0.0
0.0,0.0,0.0,0.0,0.0,0.0
0.0,0.0,0.0,0.0,0.0,0.0
0.0,0.0,0.0,0.0,0.0,0.0
0.0,0.0,0.0,0.0,0.0,0.0
0.0,0.0,0.0,0.0,0.0,0.0
0.0,0.0,0.0,0.0,0.0,0.0
0.0,0.0,0.0,0.0,0.0,0.0
0.0,0.0,0.0,0.0,0.0,0.0
0.0,0.0,0.0,0.0,0.0,0.0
0.0,0.0,0.0,0.0,0.0,0.0
0.0,0.0,0.0,0.0,0.0,0.0
0.0,0.0,0.0,0.0,0.0,0.0
0.0,0.0,0.0,0.0,0.0,0.0
0.0,0.0,0.0,0.0,0.0,0.0
0.0,0.0,0.0,0.0,0.0,0.0
0.0,0.0,0.0,0.0,0.0,0.0
0.0,0.0,0.0,0.0,0.0,0.0
0.0,0.0,0.0,0.0,0.0,0.0
0.0,0.0,0.0,0.0,0.0,0.0
0.0,0.0,0.0,0.0,0.0,0.0
0.0,0.0,0.0,0.0,0.0,0.0
0.0,0.0,0.0,0.0,0.0,0.0
0.0,0.0,0.0,0.0,0.0,0.0
0.0,0.0,0.0,0.0,0.0,0.0
0.0,0.0,0.0,0.0,0.0,0.0
0.0,0.0,0.0,0.0,0.0,0.0
0.0,0.0,0.0,0.0,0.0,0.0
0.0,0.0,0.0,0.0,0.0,0.0
0.0,0.0,0.0,0.0,0.0,0.0
0.0,0.0,0.0,0.0,0.0,0.0
0.0,0.0,0.0,0.0,0.0,0.0
0.0,0.0,0.0,0.0,0.0,0.0
0.0,0.0,0.0,0.0,0.0,0.0
0.0,0.0,0.0,0.0,0.0,0.0
0.0,0.0,0.0,0.0,0.0,0.0
0.0,0.0,0.0,0.0,0.0,0.0
0.0,0.0,0.0,0.0,0.0,0.0
0.0,0.0,0.0,0.0,0.0,0.0
0.0,0.0,0.0,0.0,0.0,0.0
118.6,118.6,118.6,118.6,118.6,118.6
118.6,118.6,118.6,118.6,118.6,118.6
118.6,118.6,118.6,118.6,118.6,118.6
118.6,118.6,118.6,118.6,118.6,118.6
235.7,235.7,235.7,235.7,235.7,235.7
235.7,235.7,235.7,235.7,235.7,235.7
235.7,235.7,235.7,235.7,235.7,235.7
235.7,235.7,235.7,235.7,235.7,235.7
1230.1,1576.3,3028.5,2999.5,5185.5,2984.6
1239.4,1954.7,3219.0,3187.6,5539.3,3187.1
1204.2,2065.8,2974.7,3094.4,5255.1,3177.6
1195.0,2095.0,3083.5,3035.9,5298.8,3234.0
1269.7,1710.3,3358.9,3368.4,5859.4,3076.1
1460.9,1655.1,3153.7,3243.2,5464.0,3001.9
1551.2,1654.4,3622.1,3186.8,5507.6,3025.7
1572.8,1686.5,3895.9,3367.8,5771.7,3078.3
1248.4,1657.6,3723.5,3246.7,5436.0,3030.2
1236.1,1652.3,3252.8,3208.6,5555.8,3040.0
1252.1,1673.6,3283.2,3339.9,5996.4,3057.0
1189.6,1567.4,2981.7,3035.1,3379.9,2866.3
1207.1,1548.8,3106.9,3052.8,4511.3,2911.9
1232.3,1588.9,3079.5,3403.4,5876.2,2933.2
1278.7,1660.6,3201.2,3884.4,5409.7,3089.2
1143.1,1527.9,3049.0,3726.9,5323.1,2812.6
1259.4,1683.3,3218.6,4017.8,2547.2,3066.6
1177.4,1438.3,3024.3,3692.9,1223.8,2868.1
822.2,683.1,2906.0,3674.1,1768.4,2725.7
1014.8,939.1,1762.6,3312.2,1554.6,2658.7
1501.2,1587.6,2359.0,1477.7,1508.1,2417.2
1377.3,1581.0,3681.4,1844.5,1567.9,1234.0
1400.9,1948.1,3272.0,3091.1,1472.0,1978.3
723.1,1024.5,3444.6,2781.6,1542.8,3255.8
331.8,702.3,1670.7,2973.1,1071.4,3014.1
159.6,660.3,553.2,1014.8,494.5,3038.5
169.8,683.7,357.0,351.1,577.9,1333.7
133.6,680.0,347.2,350.5,601.1,640.1
92.8,337.0,241.1,243.4,417.4,360.0
121.6,162.5,316.0,319.0,547.2,297.3
128.5,171.8,334.0,337.2,578.4,314.3
90.8,121.4,236.1,238.3,408.8,222.1
128.5,171.7,333.9,337.0,578.1,314.1
124.4,166.3,323.4,326.5,560.0,304.3
89.9,120.2,233.8,236.0,404.8,220.0
162.9,188.6,372.8,370.8,621.3,363.2
189.0,187.9,378.7,370.0,602.0,564.3
153.3,146.7,297.2,288.9,466.2,619.1
180.2,195.5,389.5,384.6,636.8,659.2
114.8,153.5,298.4,301.2,516.7,280.8
89.6,119.7,232.8,235.0,403.1,219.0
135.1,180.5,351.0,354.4,607.8,330.3
294.4,152.6,296.7,299.5,513.7,279.2
404.2,119.7,232.8,235.0,403.1,219.0
412.1,473.9,360.6,364.0,624.4,339.3
109.5,649.7,284.5,287.2,1069.6,267.7
88.0,555.0,228.6,230.8,1402.7,215.1
181.5,203.8,404.4,400.8,1542.7,397.0
179.1,174.7,677.5,344.0,557.5,359.8
151.8,144.7,859.7,285.0,459.6,300.9
178.8,203.4,894.9,399.9,668.0,394.2
108.2,144.6,281.1,283.8,486.8,264.5
92.8,124.0,241.2,640.1,417.7,227.0
132.6,177.3,344.7,1040.2,596.9,324.4
105.2,140.6,273.4,877.4,473.4,257.2
102.3,136.7,265.8,268.3,460.3,250.1
125.6,167.9,326.4,329.5,565.2,307.1
114.1,152.5,296.5,299.4,513.5,279.0
108.9,145.6,283.1,285.8,490.2,266.4
141.1,141.1,141.1,141.1,141.1,141.1
0.0,0.0,0.0,0.0,0.0,0.0
0.0,0.0,0.0,0.0,0.0,0.0
0.0,0.0,0.0,0.0,0.0,0.0
0.0,0.0,0.0,0.0,0.0,0.0
0.0,0.0,0.0,0.0,0.0,0.0
0.0,0.0,0.0,0.0,0.0,0.0
0.0,0.0,0.0,0.0,0.0,0.0
0.0,0.0,0.0,0.0,0.0,0.0
0.0,0.0,0.0,0.0,0.0,0.0
0.0,0.0,0.0,0.0,0.0,0.0
0.0,0.0,0.0,0.0,0.0,0.0
0.0,0.0,0.0,0.0,0.0,0.0
0.0,0.0,0.0,0.0,0.0,0.0
0.0,0.0,0.0,0.0,0.0,0.0
0.0,0.0,0.0,0.0,0.0,0.0
0.0,0.0,0.0,0.0,0.0,0.0
0.0,0.0,0.0,0.0,0.0,0.0
0.0,0.0,0.0,0.0,0.0,0.0
0.0,0.0,0.0,0.0,0.0,0.0
0.0,0.0,0.0,0.0,0.0,0.0
0.0,0.0,0.0,0.0,0.0,0.0
0.0,0.0,0.0,0.0,0.0,0.0
0.0,0.0,0.0,0.0,0.0,0.0
0.0,0.0,0.0,0.0,0.0,0.0
0.0,0.0,0.0,0.0,0.0,0.0
0.0,0.0,0.0,0.0,0.0,0.0
0.0,0.0,0.0,0.0,0.0,0.0
0.0,0.0,0.0,0.0,0.0,0.0
89.2,89.2,89.2,89.2,89.2,89.2
89.2,89.2,89.2,89.2,89.2,89.2
89.2,89.2,89.2,89.2,89.2,89.2
89.2,89.2,89.2,89.2,89.2,89.2
88.9,118.8,161.4,194.0,216.9,167.0
133.9,158.0,159.4,164.8,169.3,161.7
115.7,154.7,161.1,169.6,178.4,167.5
159.7,141.8,160.0,159.9,162.9,162.8
508.8,209.0,419.8,411.4,673.1,422.6
480.6,180.9,363.8,356.2,581.6,367.2
292.4,135.0,268.4,265.4,440.6,265.0
135.3,180.8,351.6,354.9,608.8,330.8
113.5,151.7,295.0,297.8,510.8,277.6
95.4,127.5,247.9,250.3,429.3,233.3
121.7,162.7,316.4,319.4,547.9,297.7
111.4,148.9,289.5,292.3,501.4,272.4
103.1,137.8,267.9,270.5,464.0,252.1
118.8,158.8,308.7,311.6,534.5,290.5
111.9,149.6,290.8,293.6,503.6,273.6
159.2,167.5,566.2,329.6,542.5,334.6
184.4,181.8,914.1,358.0,581.5,372.8
175.1,175.8,896.8,346.0,3624.7,357.8
141.5,163.2,628.1,320.8,1993.3,314.7
110.9,148.2,288.2,291.0,2812.3,271.2
110.7,148.0,287.8,290.6,2602.8,270.8
121.6,162.5,316.0,319.0,614.1,297.3
105.4,140.9,273.9,276.6,1481.2,257.8
108.5,145.0,282.0,284.6,1487.5,265.3
130.4,174.3,339.0,342.2,1578.7,329.6
99.5,132.9,1769.8,261.0,1439.3,557.9
407.7,1102.5,993.1,300.0,1470.1,570.2
349.0,1165.6,1568.7,1110.9,1686.5,737.3
389.9,1367.9,1371.0,990.9,490.4,630.4
397.9,1344.4,980.9,1073.4,644.1,709.4
199.6,752.3,1044.2,1165.4,821.4,772.8
122.8,661.9,877.0,1006.6,552.6,300.3
114.5,638.4,827.8,959.5,467.4,254.0
461.6,196.5,942.0,385.7,661.6,359.5
412.4,133.8,822.3,3285.4,450.6,244.9
424.2,152.8,297.1,1738.0,514.5,279.6
479.9,227.3,442.0,2730.8,765.3,415.9
430.2,159.3,309.7,1765.5,536.3,2501.6
492.1,204.8,405.6,435.2,672.7,2014.6
213.1,220.1,441.4,433.2,710.5,3013.1
156.9,151.5,306.6,298.4,482.6,2651.6
183.2,199.6,634.9,392.5,650.5,429.9
196.2,262.9,1053.2,513.8,880.0,476.5
0.0,0.0,551.5,0.0,1273.8,0.0
0.0,0.0,555.7,0.0,4444.3,0.0
0.0,0.0,545.1,0.0,4454.9,0.0
3.8,0.0,564.2,0.0,3851.5,0.0
15.7,11.9,46.7,0.0,4721.2,0.0
236.6,49.2,0.0,0.0,1843.8,0.0
0.0,0.0,0.0,0.0,0.0,0.0
0.0,0.0,0.0,0.0,0.0,0.0
0.0,0.0,0.0,0.0,0.0,0.0
0.0,0.0,0.0,0.0,0.0,0.0
0.0,0.0,0.0,0.0,0.0,0.0
0.0,0.0,0.0,0.0,0.0,0.0
0.0,0.0,0.0,0.0,0.0,0.0
0.0,0.0,0.0,0.0,0.0,0.0
0.0,0.0,0.0,0.0,0.0,0.0
0.0,0.0,0.0,0.0,0.0,0.0
0.0,0.0,0.0,0.0,0.0,0.0
0.0,0.0,0.0,0.0,0.0,0.0
0.0,0.0,0.0,0.0,0.0,0.0
0.0,0.0,0.0,0.0,0.0,0.0
0.0,0.0,0.0,0.0,0.0,0.0
0.0,0.0,0.0,0.0,0.0,0.0
0.0,0.0,0.0,0.0,0.0,0.0
0.0,0.0,0.0,0.0,0.0,0.0
0.0,0.0,0.0,0.0,0.0,0.0
0.0,0.0,0.0,0.0,0.0,0.0
0.0,0.0,0.0,0.0,0.0,0.0
0.0,0.0,0.0,0.0,0.0,0.0
0.0,0.0,0.0,0.0,0.0,0.0
0.0,0.0,0.0,0.0,0.0,0.0
0.0,0.0,0.0,0.0,0.0,0.0
0.0,0.0,0.0,0.0,0.0,0.0
0.0,0.0,0.0,0.0,0.0,0.0
0.0,0.0,0.0,0.0,0.0,0.0
0.0,0.0,0.0,0.0,0.0,0.0
0.0,0.0,0.0,0.0,0.0,0.0
0.0,0.0,0.0,0.0,0.0,0.0
0.0,0.0,0.0,0.0,0.0,0.0
0.0,0.0,0.0,0.0,0.0,0.0
0.0,0.0,0.0,0.0,0.0,0.0
0.0,0.0,0.0,0.0,0.0,0.0
0.0,0.0,0.0,0.0,0.0,0.0
0.0,0.0,0.0,0.0,0.0,0.0
0.0,0.0,0.0,0.0,0.0,0.0
0.0,0.0,0.0,0.0,0.0,0.0
0.0,0.0,0.0,0.0,0.0,0.0
0.0,0.0,0.0,0.0,0.0,0.0
0.0,0.0,0.0,0.0,0.0,0.0
0.0,0.0,0.0,0.0,0.0,0.0
96.8,129.3,251.5,253.9,435.5,236.7
120.5,161.1,313.3,316.3,542.5,294.8
119.7,160.0,311.1,314.1,538.7,292.8
98.7,132.0,256.6,259.1,444.4,241.5
124.5,166.4,323.6,326.6,560.3,304.5
149.3,167.2,331.7,328.7,547.5,325.9
168.5,160.5,325.4,316.1,509.7,333.8
194.8,202.1,405.0,397.7,652.9,405.9
156.1,163.3,326.9,321.3,528.4,326.9
106.3,142.1,276.4,279.0,478.6,260.1
130.9,175.0,340.3,343.5,589.3,320.2
105.2,140.7,273.5,276.1,473.6,257.4
109.3,146.0,284.0,286.7,491.7,267.2
123.7,165.4,321.6,324.6,556.8,302.6
102.6,137.1,266.7,269.2,461.7,250.9
115.0,153.7,298.8,301.7,517.5,281.2
117.2,156.7,304.7,307.6,527.6,286.7
145.3,155.5,310.3,305.8,505.0,308.5
189.7,188.9,380.6,371.8,605.2,385.7
178.2,180.0,362.0,354.3,578.4,365.4
147.2,154.6,309.4,304.3,500.7,309.0
124.2,166.0,322.7,325.8,558.8,303.7
114.5,153.1,297.7,300.5,515.5,280.1
103.1,137.8,267.9,270.5,464.0,252.1
130.1,173.9,338.1,341.4,585.5,318.2
108.5,145.0,282.0,284.6,488.2,265.3
338.6,137.6,267.5,270.1,463.2,251.7
448.2,180.2,350.3,353.6,606.6,329.6
416.2,137.4,267.1,269.6,462.5,251.3
161.3,159.3,319.2,313.5,515.0,319.6
209.6,215.5,432.4,424.1,1449.0,434.4
162.1,158.4,320.1,830.5,1508.9,326.0
145.4,155.5,310.4,995.5,1508.3,308.7
146.3,195.5,380.2,1073.4,684.7,357.7
93.6,502.1,243.2,263.7,421.1,228.8
107.4,645.1,279.2,281.9,483.5,262.8
146.6,697.5,381.0,384.7,659.8,358.5
91.5,135.5,237.8,240.0,411.7,223.7
111.5,149.0,289.7,292.4,501.6,272.6
140.3,187.6,364.7,368.2,631.6,343.2
92.3,123.4,239.9,242.2,415.4,225.8
174.6,178.4,782.5,351.2,574.7,360.6
241.5,258.1,1079.3,507.7,838.2,512.3
254.1,281.4,1123.3,553.3,919.8,786.6
234.9,288.1,580.3,565.9,957.6,856.5
225.7,301.6,586.5,592.1,1015.6,1610.5
166.5,222.6,1224.8,436.9,749.4,1362.9
316.1,422.5,1828.4,829.4,1422.6,1691.4
303.3,405.4,1228.9,795.8,1059.2,1207.4
164.7,220.2,1461.1,432.2,741.3,1316.4
196.5,262.6,1205.2,515.4,1649.2,1171.1
207.2,289.6,1140.6,595.8,1633.2,1133.5
340.6,600.2,971.7,916.4,1142.3,1028.8
87.9,36.6,1042.7,73.3,1873.8,1070.1
80.9,33.7,269.7,67.4,337.0,274.8
0.0,0.0,0.0,0.0,0.0,0.0
0.0,0.0,0.0,0.0,0.0,0.0
0.0,0.0,0.0,0.0,0.0,0.0
0.0,0.0,0.0,0.0,0.0,0.0
0.0,0.0,0.0,0.0,0.0,0.0
0.0,0.0,0.0,0.0,0.0,0.0
0.0,0.0,0.0,0.0,0.0,0.0
0.0,0.0,0.0,0.0,0.0,0.0
0.0,0.0,0.0,0.0,0.0,0.0
0.0,0.0,0.0,0.0,0.0,0.0
0.0,0.0,0.0,0.0,0.0,0.0
0.0,0.0,0.0,0.0,0.0,0.0
0.0,0.0,0.0,0.0,0.0,0.0
0.0,0.0,0.0,0.0,0.0,0.0
0.0,0.0,0.0,0.0,0.0,0.0
0.0,0.0,0.0,0.0,0.0,0.0
0.0,0.0,0.0,0.0,0.0,0.0
0.0,0.0,0.0,0.0,0.0,0.0
0.0,0.0,0.0,0.0,0.0,0.0
0.0,0.0,0.0,0.0,0.0,0.0
0.0,0.0,0.0,0.0,0.0,0.0
0.0,0.0,0.0,0.0,0.0,0.0
0.0,0.0,0.0,0.0,0.0,0.0
0.0,0.0,0.0,0.0,0.0,0.0
0.0,0.0,0.0,0.0,0.0,0.0
0.0,0.0,0.0,0.0,0.0,0.0
0.0,0.0,0.0,0.0,0.0,0.0
0.0,0.0,0.0,0.0,0.0,0.0
0.0,0.0,0.0,0.0,0.0,0.0
0.0,0.0,0.0,0.0,0.0,0.0
0.0,0.0,0.0,0.0,0.0,0.0
0.0,0.0,0.0,0.0,0.0,0.0
0.0,0.0,0.0,0.0,0.0,0.0
0.0,0.0,0.0,0.0,0.0,0.0
0.0,0.0,0.0,0.0,0.0,0.0
0.0,0.0,0.0,0.0,0.0,0.0
0.0,0.0,0.0,0.0,0.0,0.0
0.0,0.0,0.0,0.0,0.0,0.0
0.0,0.0,0.0,0.0,0.0,0.0
0.0,0.0,0.0,0.0,0.0,0.0
0.0,0.0,0.0,0.0,0.0,0.0
129.6,129.6,129.6,129.6,129.6,129.6
129.6,129.6,129.6,129.6,129.6,129.6
129.6,129.6,129.6,129.6,129.6,129.6
129.6,129.6,129.6,129.6,129.6,129.6
138.9,138.9,138.9,138.9,138.9,138.9
138.9,138.9,138.9,138.9,138.9,138.9
138.9,138.9,138.9,138.9,138.9,138.9
138.9,138.9,138.9,138.9,138.9,138.9
236.7,248.4,375.3,473.2,419.6,375.2
73.8,30.8,73.8,748.5,71.4,98.5
73.8,30.8,73.8,743.3,71.4,98.5
42.2,318.6,42.2,719.5,40.8,56.3
127.8,538.4,434.0,807.1,1588.5,369.1
174.6,567.7,1018.0,458.1,2023.5,740.5
291.4,389.5,1310.9,764.6,2437.2,1020.2
270.1,361.0,1255.5,708.6,1215.4,968.0
159.0,212.6,969.1,417.3,715.8,697.7
192.5,181.7,917.5,356.7,611.8,645.9
416.5,137.7,823.5,270.4,644.7,560.7
416.4,236.0,842.9,285.7,1493.0,577.3
462.9,683.3,918.8,357.3,1584.0,659.8
485.5,663.6,911.0,337.8,1531.0,667.4
490.5,670.5,921.0,351.2,1561.1,674.9
483.4,672.4,920.4,351.2,1577.8,672.9
458.9,663.4,884.3,318.5,1516.3,630.6
429.0,651.6,864.4,309.5,1526.3,598.4
421.4,642.0,840.5,283.2,1481.2,575.0
426.3,650.2,682.4,299.2,1516.3,493.4
436.4,667.5,322.7,325.8,1558.0,303.7
414.1,635.7,264.7,267.2,1457.5,249.0
424.7,653.1,298.4,301.2,1515.9,280.8
441.0,673.3,337.7,340.9,1576.5,317.8
366.4,650.5,310.7,304.3,1493.1,313.0
183.1,681.0,369.1,360.8,1274.3,373.5
196.8,547.9,410.2,402.9,661.8,410.8
149.7,151.6,304.8,298.4,487.5,307.5
122.6,163.8,318.6,321.6,551.6,299.7
134.1,179.2,348.4,351.8,603.4,327.9
92.0,123.0,239.2,241.5,414.2,225.1
125.9,168.2,327.1,330.3,566.5,307.8
131.6,176.0,342.2,345.4,592.5,321.9
90.9,121.5,236.3,238.6,409.3,222.4
126.1,168.6,327.9,331.0,567.7,308.5
130.4,174.3,338.9,342.1,586.8,318.9
159.4,151.6,307.4,417.9,481.3,315.5
189.7,192.1,386.2,1078.1,617.7,389.6
191.0,200.3,400.8,1094.0,821.7,400.6
131.4,136.9,274.1,515.6,1460.5,274.5
122.5,250.5,318.4,321.4,1569.5,353.8
133.6,687.7,347.3,350.6,959.6,644.9
89.6,628.8,232.8,235.0,403.1,537.2
120.3,339.8,410.1,315.5,541.2,406.0
131.2,175.4,913.7,344.3,590.5,320.9
88.7,118.6,803.3,232.8,399.4,217.0
124.1,165.8,523.9,325.5,558.3,303.4
127.1,169.9,330.4,333.6,572.2,310.9
162.6,149.4,304.5,294.4,470.7,315.5
192.9,199.6,400.2,392.8,644.5,401.4
231.9,179.2,360.6,352.8,575.9,364.1
443.0,144.2,285.1,283.5,474.9,277.9
451.9,178.8,347.7,351.0,602.1,327.2
222.5,147.8,287.4,290.1,497.6,270.4
111.6,149.1,290.0,292.7,502.1,272.8
127.6,170.6,331.7,334.9,574.4,312.1
103.0,137.7,267.8,270.4,463.7,252.0
117.5,157.0,305.3,308.2,528.6,287.2
120.3,160.8,312.7,315.7,541.5,294.2
115.6,138.3,272.2,271.7,457.9,263.1
28.0,28.0,28.0,28.0,28.0,28.0
0.0,0.0,0.0,0.0,0.0,0.0
0.0,0.0,0.0,0.0,0.0,0.0
0.0,0.0,0.0,0.0,0.0,0.0
0.0,0.0,0.0,0.0,0.0,0.0
0.0,0.0,0.0,0.0,0.0,0.0
0.0,0.0,0.0,0.0,0.0,0.0
0.0,0.0,0.0,0.0,0.0,0.0
0.0,0.0,0.0,0.0,0.0,0.0
0.0,0.0,0.0,0.0,0.0,0.0
0.0,0.0,0.0,0.0,0.0,0.0
0.0,0.0,0.0,0.0,0.0,0.0
0.0,0.0,0.0,0.0,0.0,0.0
0.0,0.0,0.0,0.0,0.0,0.0
0.0,0.0,0.0,0.0,0.0,0.0
0.0,0.0,0.0,0.0,0.0,0.0
0.0,0.0,0.0,0.0,0.0,0.0
0.0,0.0,0.0,0.0,0.0,0.0
0.0,0.0,0.0,0.0,0.0,0.0
0.0,0.0,0.0,0.0,0.0,0.0
0.0,0.0,0.0,0.0,0.0,0.0
0.0,0.0,0.0,0.0,0.0,0.0
0.0,0.0,0.0,0.0,0.0,0.0
0.0,0.0,0.0,0.0,0.0,0.0
0.0,0.0,0.0,0.0,0.0,0.0
0.0,0.0,0.0,0.0,0.0,0.0
0.0,0.0,0.0,0.0,0.0,0.0
0.0,0.0,0.0,0.0,0.0,0.0
99.9,99.9,99.9,99.9,99.9,99.9
99.9,99.9,99.9,99.9,99.9,99.9
99.9,99.9,99.9,99.9,99.9,99.9
99.9,99.9,99.9,99.9,99.9,99.9
119.0,149.4,154.6,154.7,162.5,154.0
106.5,142.3,158.1,158.2,172.3,156.9
108.1,144.5,157.0,157.2,171.5,156.0
149.0,149.0,149.0,149.0,149.0,149.0
172.1,182.3,334.8,325.6,1065.8,342.7
169.5,483.1,345.0,337.8,739.9,348.1
182.1,504.9,394.7,407.0,544.0,390.7
101.7,570.8,264.4,796.0,441.8,248.8
106.3,228.9,276.4,973.8,478.6,260.1
139.2,186.1,361.9,1060.1,626.6,340.5
98.0,131.0,254.8,376.5,441.2,239.7
105.7,141.3,293.8,277.3,475.6,258.4
142.6,190.7,939.2,374.3,642.0,348.9
90.7,121.3,804.2,238.0,408.3,221.9
104.2,139.3,839.4,273.5,469.2,254.9
199.5,218.2,531.8,429.1,711.5,439.9
155.7,146.6,297.7,288.8,464.4,622.2
164.6,161.8,326.7,318.6,517.2,648.0
197.0,218.0,433.3,428.7,712.6,742.8
89.3,119.3,232.1,234.3,401.8,272.6
105.1,140.4,273.1,275.7,472.9,257.0
146.3,195.6,380.3,383.9,658.6,357.9
88.7,118.6,230.6,232.8,399.4,217.0
108.5,145.0,282.0,284.6,488.2,265.3
135.1,180.6,351.2,354.5,608.1,330.4
92.4,123.5,240.1,242.3,415.7,225.9
112.5,150.4,292.4,295.2,506.3,275.1
187.3,195.4,391.2,384.4,631.7,391.6
165.7,160.0,323.7,315.1,509.5,330.8
182.5,185.7,373.1,365.5,597.7,375.9
150.7,169.1,335.6,332.6,554.2,329.5
103.6,138.5,269.4,271.9,466.5,253.5
125.5,167.8,326.3,329.4,565.0,307.0
106.0,141.6,275.4,278.0,476.9,259.1
108.7,145.2,282.4,285.1,489.0,265.7
131.6,176.0,342.2,345.4,592.5,321.9
96.9,129.5,251.8,254.2,436.0,236.9
119.9,160.2,311.6,314.5,539.5,293.2
147.1,183.7,359.9,360.9,612.5,344.2
160.3,149.5,304.1,294.6,472.8,313.7
188.1,193.2,387.7,380.3,623.0,389.7
187.6,192.6,386.4,379.0,620.7,388.4
113.2,128.6,254.8,646.9,422.4,249.4
127.7,170.7,332.0,1024.7,574.9,312.4
121.9,162.9,316.7,1011.9,548.4,298.0
88.5,118.3,230.1,921.8,398.4,216.5
129.1,172.6,335.6,359.5,1154.2,315.8
122.6,450.4,318.6,321.6,1554.6,299.7
268.0,620.3,553.3,233.1,1406.6,217.3
441.8,674.9,897.8,336.7,1580.6,313.9
464.3,682.2,921.7,355.1,629.4,342.7
473.1,163.8,866.7,293.0,470.1,312.3
199.4,195.6,409.4,385.0,631.1,394.1
191.4,197.6,396.2,388.8,637.6,397.6
118.1,132.0,262.0,259.6,432.2,436.7
128.2,171.3,333.1,336.3,576.9,626.9
127.0,169.7,268.6,269.3,325.4,338.1
0.0,0.0,0.0,0.0,0.0,0.0
0.0,0.0,0.0,0.0,0.0,0.0
0.0,0.0,0.0,0.0,0.0,0.0
0.0,0.0,0.0,0.0,0.0,0.0
0.0,0.0,0.0,0.0,0.0,0.0
0.0,0.0,0.0,0.0,0.0,0.0
0.0,0.0,0.0,0.0,0.0,0.0
0.0,0.0,0.0,0.0,0.0,0.0
0.0,0.0,0.0,0.0,0.0,0.0
0.0,0.0,0.0,0.0,0.0,0.0
0.0,0.0,0.0,0.0,0.0,0.0
0.0,0.0,0.0,0.0,0.0,0.0
0.0,0.0,0.0,0.0,0.0,0.0
0.0,0.0,0.0,0.0,0.0,0.0
0.0,0.0,0.0,0.0,0.0,0.0
0.0,0.0,0.0,0.0,0.0,0.0
0.0,0.0,0.0,0.0,0.0,0.0
0.0,0.0,0.0,0.0,0.0,0.0
0.0,0.0,0.0,0.0,0.0,0.0
0.0,0.0,0.0,0.0,0.0,0.0
0.0,0.0,0.0,0.0,0.0,0.0
0.0,0.0,0.0,0.0,0.0,0.0
0.0,0.0,0.0,0.0,0.0,0.0
0.0,0.0,0.0,0.0,0.0,0.0
0.0,0.0,0.0,0.0,0.0,0.0
0.0,0.0,0.0,0.0,0.0,0.0
0.0,0.0,0.0,0.0,0.0,0.0
0.0,0.0,0.0,0.0,0.0,0.0
0.0,0.0,0.0,0.0,0.0,0.0
0.0,0.0,0.0,0.0,0.0,0.0
0.0,0.0,0.0,0.0,0.0,0.0
0.0,0.0,0.0,0.0,0.0,0.0
0.0,0.0,0.0,0.0,0.0,0.0
0.0,0.0,0.0,0.0,0.0,0.0
0.0,0.0,0.0,0.0,0.0,0.0
144.7,124.3,141.7,141.7,145.0,141.4
139.8,139.8,139.8,139.8,139.8,139.8
108.4,139.9,142.7,142.7,162.8,142.3
96.5,129.0,143.5,143.6,183.0,143.0
132.0,176.5,788.6,346.4,1578.4,322.9
110.3,147.4,844.5,289.4,1405.1,269.7
117.4,144.0,836.2,827.2,478.6,271.4
198.2,197.0,908.1,1069.5,630.9,402.5
177.9,179.5,361.1,1030.0,576.9,364.6
165.0,165.6,333.3,950.7,531.4,337.1
150.3,178.3,351.3,350.3,589.5,340.2
115.0,153.7,298.8,301.7,517.5,281.2
108.5,145.1,282.1,284.8,488.5,265.4
115.4,550.2,300.0,302.8,519.4,282.3
109.1,641.7,283.7,286.4,491.2,266.9
115.6,646.6,300.5,303.4,520.4,282.8
112.3,604.5,292.0,294.7,505.6,274.7
108.3,144.8,281.5,284.2,487.5,264.9
152.4,181.1,356.8,355.8,598.9,345.4
181.7,175.0,354.2,344.6,556.9,609.7
168.9,167.5,337.7,329.7,536.3,652.5
193.8,204.1,408.2,401.6,661.2,715.1
125.5,148.3,292.3,291.4,490.1,567.3
104.1,139.2,270.7,273.2,468.7,254.7
137.5,183.8,357.3,360.7,618.7,336.2
100.3,134.1,260.8,263.3,451.6,245.4
100.1,133.8,260.2,262.7,450.6,244.9
142.1,189.9,369.3,372.8,639.5,347.5
98.9,132.1,256.9,259.4,444.9,241.8
96.5,129.0,250.9,253.3,434.5,236.1
181.6,213.6,421.4,419.8,705.5,408.9
164.7,155.5,315.7,306.3,492.8,324.6
159.7,155.3,313.9,305.8,495.2,320.2
212.6,229.1,456.8,450.7,745.3,453.3
114.5,130.4,258.2,256.4,428.4,252.7
99.0,132.3,257.2,259.7,445.4,242.0
153.7,205.4,399.3,403.1,691.5,375.8
89.6,119.7,232.8,235.0,403.1,219.0
104.4,139.5,271.2,273.8,469.7,255.2
148.1,197.9,384.9,388.6,666.5,362.2
91.0,121.6,236.5,238.7,409.5,222.5
109.3,146.0,284.0,286.7,491.7,267.2
167.7,198.3,390.9,389.6,655.3,378.8
164.0,154.5,313.8,304.4,489.6,322.9
174.4,174.9,352.1,344.3,561.3,356.2
190.2,199.3,852.7,392.1,644.8,398.7
115.6,138.3,823.7,271.7,457.9,263.1
114.3,152.7,856.9,854.6,514.2,279.4
376.9,166.7,882.0,1001.2,561.3,305.0
408.9,137.0,291.8,953.3,461.3,250.6
430.0,158.9,309.0,993.7,535.0,290.7
424.8,153.6,298.7,332.6,517.2,281.0
120.6,545.8,276.8,279.4,479.3,260.5
125.3,657.7,325.7,328.8,564.0,306.5
152.1,662.2,327.9,323.6,535.5,325.1
178.7,669.9,351.9,342.8,555.5,358.7
189.0,220.2,395.5,388.7,639.1,395.6
161.3,157.4,318.1,310.0,502.4,324.1
124.0,159.3,311.2,312.9,533.4,295.5
133.8,178.8,347.7,351.0,602.1,327.2
93.7,125.3,243.6,246.0,933.7,436.3
0.0,0.0,0.0,0.0,0.0,0.0
0.0,0.0,0.0,0.0,0.0,0.0
0.0,0.0,0.0,0.0,0.0,0.0
0.0,0.0,0.0,0.0,0.0,0.0
0.0,0.0,0.0,0.0,0.0,0.0
0.0,0.0,0.0,0.0,0.0,0.0
0.0,0.0,0.0,0.0,0.0,0.0
0.0,0.0,0.0,0.0,0.0,0.0
0.0,0.0,0.0,0.0,0.0,0.0
0.0,0.0,0.0,0.0,0.0,0.0
0.0,0.0,0.0,0.0,0.0,0.0
0.0,0.0,0.0,0.0,0.0,0.0
0.0,0.0,0.0,0.0,0.0,0.0
0.0,0.0,0.0,0.0,0.0,0.0
0.0,0.0,0.0,0.0,0.0,0.0
0.0,0.0,0.0,0.0,0.0,0.0
0.0,0.0,0.0,0.0,0.0,0.0
0.0,0.0,0.0,0.0,0.0,0.0
0.0,0.0,0.0,0.0,0.0,0.0
0.0,0.0,0.0,0.0,0.0,0.0
0.0,0.0,0.0,0.0,0.0,0.0
0.0,0.0,0.0,0.0,0.0,0.0
0.0,0.0,0.0,0.0,0.0,0.0
0.0,0.0,0.0,0.0,0.0,0.0
0.0,0.0,0.0,0.0,0.0,0.0
0.0,0.0,0.0,0.0,0.0,0.0
0.0,0.0,0.0,0.0,0.0,0.0
0.0,0.0,0.0,0.0,0.0,0.0
0.0,0.0,0.0,0.0,0.0,0.0
0.0,0.0,0.0,0.0,0.0,0.0
0.0,0.0,0.0,0.0,0.0,0.0
0.0,0.0,0.0,0.0,0.0,0.0
0.0,0.0,0.0,0.0,0.0,0.0
0.0,0.0,0.0,0.0,0.0,0.0
0.0,0.0,0.0,0.0,0.0,0.0
100.1,133.8,260.2,262.7,450.6,244.9
126.4,168.9,328.4,331.6,568.7,309.0
109.5,146.3,284.5,287.2,492.7,267.7
107.2,143.3,278.7,281.3,1018.0,262.2
122.5,163.7,318.3,321.3,1516.4,299.5
123.8,152.5,299.2,299.5,1491.4,287.0
187.5,185.9,374.9,734.2,1575.7,380.3
184.9,185.6,373.6,1029.1,874.9,377.8
165.3,165.9,334.0,1003.3,532.7,337.7
151.6,173.5,343.3,1015.0,570.3,335.5
112.3,150.1,291.8,486.4,505.3,274.6
100.9,402.7,262.4,264.9,454.3,246.9
126.5,651.7,328.7,331.8,569.2,309.3
111.2,640.8,289.1,291.9,500.6,272.0
100.5,624.5,261.2,263.7,452.3,245.8
132.9,317.2,646.6,348.7,598.2,325.0
104.3,139.4,814.1,273.7,469.4,255.1
120.1,141.1,831.9,277.3,465.8,437.5
377.1,215.6,984.1,424.4,695.4,736.3
465.2,160.3,480.8,315.7,512.3,637.1
464.1,154.3,311.3,303.7,493.3,622.7
474.5,205.3,403.1,403.3,681.9,474.8
183.5,128.8,250.4,252.7,433.5,235.6
95.1,127.1,247.1,249.4,427.8,232.5
153.6,205.3,399.2,403.0,691.3,375.6
94.1,125.7,244.5,246.8,423.4,230.1
96.3,128.7,250.2,252.6,433.3,235.4
156.9,209.7,407.8,411.7,706.1,383.7
89.0,118.9,231.2,233.4,400.3,217.5
148.9,157.0,313.9,308.9,508.7,313.3
216.4,227.8,455.7,448.3,738.0,455.0
152.6,145.7,295.4,287.0,463.0,302.7
164.7,165.1,332.4,325.1,529.9,336.3
155.9,195.5,382.8,384.0,652.1,365.7
94.1,125.8,244.6,247.0,423.6,230.2
108.0,144.4,280.8,283.5,486.3,264.2
134.2,179.4,348.9,352.2,604.1,328.3
97.8,130.7,254.1,256.5,440.0,239.1
112.8,150.7,293.1,295.9,507.6,275.8
124.9,167.0,324.7,327.8,562.3,305.5
101.7,136.0,264.4,266.9,457.8,248.8
168.2,179.5,358.4,353.1,582.9,356.5
185.9,183.8,370.7,361.9,588.2,376.4
167.8,169.3,340.4,333.2,543.8,343.8
183.7,187.3,376.3,368.7,603.2,378.9
351.6,145.4,282.8,285.5,489.7,266.1
421.8,149.6,290.8,293.6,503.6,273.6
440.2,169.4,329.4,332.6,570.4,310.0
415.2,134.5,261.5,264.0,452.8,246.1
130.9,154.5,300.4,303.3,520.2,282.7
130.9,175.0,340.3,343.5,589.3,320.2
97.6,130.5,253.8,256.2,439.5,238.8
121.8,162.8,316.6,319.6,548.2,297.9
205.7,207.0,416.4,407.4,664.6,420.8
161.3,154.1,312.3,303.5,489.7,320.1
182.0,188.3,377.5,370.5,607.9,621.4
187.0,198.2,396.1,390.0,642.9,704.7
90.3,120.7,234.8,237.0,406.5,534.3
124.4,166.3,323.4,326.5,560.0,618.9
131.9,176.3,342.9,346.1,593.7,337.9
90.5,121.0,235.2,237.4,407.3,221.3
127.3,170.2,330.9,334.0,572.9,311.3
131.2,175.3,340.9,344.1,590.2,320.7
95.3,127.4,336.1,221.2,268.5,216.7
0.0,0.0,0.0,0.0,0.0,0.0
0.0,0.0,0.0,0.0,0.0,0.0
0.0,0.0,0.0,0.0,0.0,0.0
0.0,0.0,0.0,0.0,0.0,0.0
0.0,0.0,0.0,0.0,0.0,0.0
0.0,0.0,0.0,0.0,0.0,0.0
0.0,0.0,0.0,0.0,0.0,0.0
0.0,0.0,0.0,0.0,0.0,0.0
0.0,0.0,0.0,0.0,0.0,0.0
0.0,0.0,0.0,0.0,0.0,0.0
0.0,0.0,0.0,0.0,0.0,0.0
0.0,0.0,0.0,0.0,0.0,0.0
0.0,0.0,0.0,0.0,0.0,0.0
0.0,0.0,0.0,0.0,0.0,0.0
0.0,0.0,0.0,0.0,0.0,0.0
0.0,0.0,0.0,0.0,0.0,0.0
0.0,0.0,0.0,0.0,0.0,0.0
0.0,0.0,0.0,0.0,0.0,0.0
0.0,0.0,0.0,0.0,0.0,0.0
0.0,0.0,0.0,0.0,0.0,0.0
0.0,0.0,0.0,0.0,0.0,0.0
0.0,0.0,0.0,0.0,0.0,0.0
0.0,0.0,0.0,0.0,0.0,0.0
0.0,0.0,0.0,0.0,0.0,0.0
0.0,0.0,0.0,0.0,0.0,0.0
0.0,0.0,0.0,0.0,0.0,0.0
0.0,0.0,0.0,0.0,0.0,0.0
0.0,0.0,0.0,0.0,0.0,0.0
0.0,0.0,0.0,0.0,0.0,0.0
0.0,0.0,0.0,0.0,0.0,0.0
0.0,0.0,0.0,0.0,0.0,0.0
0.0,0.0,0.0,0.0,0.0,0.0
124.7,240.0,215.9,216.1,233.1,214.5
119.9,239.2,216.6,216.9,236.8,215.0
99.1,132.4,231.8,233.0,323.6,224.4
131.2,175.3,226.2,226.7,261.5,223.4
116.0,155.1,298.6,301.2,495.0,282.8
171.1,160.8,303.7,298.2,405.7,309.2
200.8,210.1,299.0,297.8,342.0,299.0
171.5,171.0,293.4,291.3,347.8,373.6
142.0,144.6,290.4,465.0,338.9,374.8
143.3,191.5,305.5,414.9,349.5,351.2
104.4,139.5,271.2,518.8,354.0,367.9
91.4,122.1,237.5,694.7,386.7,223.5
148.0,197.8,762.4,388.3,587.6,361.9
102.7,137.2,818.3,269.3,462.0,251.0
88.8,118.8,780.3,233.1,399.9,217.3
446.9,202.0,850.9,396.5,680.1,369.6
417.9,142.6,278.6,280.0,477.0,264.9
467.2,148.6,303.0,292.9,1414.7,314.1
476.0,237.9,474.5,467.9,1753.6,471.3
159.4,154.8,313.1,304.9,1470.3,319.4
131.2,139.7,279.0,274.9,1268.1,277.7
148.6,198.7,386.3,390.0,669.0,363.5
95.5,127.7,1866.5,250.6,429.8,233.6
93.5,124.9,2059.2,245.2,420.6,228.6
147.7,197.4,1101.4,387.4,664.5,361.1
99.7,133.2,259.1,261.5,448.6,243.8
99.6,133.1,258.8,261.3,448.1,243.5
141.3,188.9,367.3,370.8,636.0,1868.3
393.6,312.5,651.7,617.0,951.0,2413.3
459.2,410.0,839.2,808.2,1283.7,1661.4
206.8,260.3,509.4,1170.4,690.4,660.0
220.0,245.5,461.6,780.0,516.7,513.4
145.3,194.3,371.6,545.4,521.3,440.0
0.0,0.0,0.0,0.0,965.3,101.3
165.8,23.4,253.5,46.9,1031.0,75.0
333.3,13.2,574.6,26.4,2824.2,42.2
333.9,255.1,342.0,334.0,390.4,333.5
331.5,331.5,331.5,331.5,331.5,331.5
296.6,340.2,339.1,335.3,343.1,334.6
157.8,405.2,343.1,343.4,399.8,339.5
177.5,258.1,240.8,240.2,251.3,241.2
285.3,238.0,197.0,257.2,246.4,185.4
234.9,234.9,234.9,234.9,234.9,234.9
241.1,277.6,196.5,268.8,240.5,184.9
72.0,141.5,130.2,157.7,135.7,129.8
127.8,127.8,127.8,127.8,127.8,127.8
127.8,127.8,127.8,127.8,127.8,127.8
72.3,96.7,141.9,142.4,174.2,139.3
0.0,0.0,0.0,0.0,0.0,0.0
0.0,0.0,0.0,0.0,0.0,0.0
0.0,0.0,0.0,0.0,0.0,0.0
0.0,0.0,0.0,0.0,0.0,0.0
0.0,0.0,0.0,0.0,0.0,0.0
0.0,0.0,0.0,0.0,0.0,0.0
0.0,0.0,0.0,0.0,0.0,0.0
0.0,0.0,0.0,0.0,0.0,0.0
0.0,0.0,0.0,0.0,0.0,0.0
0.0,0.0,0.0,0.0,0.0,0.0
0.0,0.0,0.0,0.0,0.0,0.0
0.0,0.0,0.0,0.0,0.0,0.0
0.0,0.0,0.0,0.0,0.0,0.0
0.0,0.0,0.0,0.0,0.0,0.0
0.0,0.0,0.0,0.0,0.0,0.0
0.0,0.0,0.0,0.0,0.0,0.0
0.0,0.0,0.0,0.0,0.0,0.0
0.0,0.0,0.0,0.0,0.0,0.0
0.0,0.0,0.0,0.0,0.0,0.0
0.0,0.0,0.0,0.0,0.0,0.0
0.0,0.0,0.0,0.0,0.0,0.0
0.0,0.0,0.0,0.0,0.0,0.0
0.0,0.0,0.0,0.0,0.0,0.0
0.0,0.0,0.0,0.0,0.0,0.0
0.0,0.0,0.0,0.0,0.0,0.0
0.0,0.0,0.0,0.0,0.0,0.0
0.0,0.0,0.0,0.0,0.0,0.0
0.0,0.0,0.0,0.0,0.0,0.0
0.0,0.0,0.0,0.0,0.0,0.0
0.0,0.0,0.0,0.0,0.0,0.0
0.0,0.0,0.0,0.0,0.0,0.0
0.0,0.0,0.0,0.0,0.0,0.0
0.0,0.0,0.0,0.0,0.0,0.0
0.0,0.0,0.0,0.0,0.0,0.0
0.0,0.0,0.0,0.0,0.0,0.0
0.0,0.0,0.0,0.0,0.0,0.0
0.0,0.0,0.0,0.0,0.0,0.0
0.0,0.0,0.0,0.0,0.0,0.0
0.0,0.0,0.0,0.0,0.0,0.0
0.0,0.0,0.0,0.0,0.0,0.0
0.0,0.0,0.0,0.0,0.0,0.0
0.0,0.0,0.0,0.0,0.0,0.0
0.0,0.0,0.0,0.0,0.0,0.0
0.0,0.0,0.0,0.0,0.0,0.0
0.0,0.0,0.0,0.0,0.0,0.0
0.0,0.0,0.0,0.0,0.0,0.0
0.0,0.0,0.0,0.0,0.0,0.0
0.0,0.0,0.0,0.0,0.0,0.0
89.4,89.4,89.4,89.4,89.4,89.4
89.4,89.4,89.4,89.4,89.4,89.4
89.4,89.4,89.4,89.4,89.4,89.4
89.4,89.4,89.4,89.4,89.4,89.4
119.3,159.5,310.1,313.1,537.0,291.8
91.7,122.6,238.3,240.6,412.7,224.3
57.5,76.9,149.6,151.0,259.0,140.7
83.3,111.4,216.6,218.7,386.4,203.8
109.0,138.4,260.7,260.7,1443.7,250.8
129.1,609.3,223.0,212.8,1312.8,237.5
78.6,595.3,204.3,206.3,1334.2,192.3
96.6,619.3,251.1,253.5,1411.4,236.2
60.1,568.6,162.5,157.6,1250.7,146.9
77.9,589.6,757.5,202.9,1243.5,181.9
412.5,586.8,809.0,949.5,445.9,242.3
447.9,121.3,801.3,913.2,376.2,264.1
404.1,120.9,786.5,911.6,402.6,227.3
416.3,148.5,840.3,963.0,500.1,275.3
391.4,113.7,732.2,897.2,382.8,521.4
370.4,115.4,224.5,851.4,388.7,517.6
108.4,144.9,281.8,284.5,488.0,571.5
168.7,170.5,342.9,335.6,548.0,651.3
255.3,318.6,624.1,625.7,1061.9,903.3
485.4,648.8,1261.5,1273.5,2184.5,1471.0
116.6,155.9,303.1,306.0,524.9,285.2
75.6,101.1,196.6,198.5,340.4,185.0
118.1,157.8,306.8,309.8,531.3,288.7
154.0,163.8,327.2,322.3,531.7,325.9
110.0,108.2,218.5,213.1,346.1,222.1
152.2,203.5,395.6,399.4,685.1,372.3
152.6,204.0,396.6,400.4,686.8,373.2
109.0,145.7,283.2,285.9,490.5,266.5
210.6,193.2,375.8,379.3,650.7,353.6
501.7,225.7,444.2,588.6,747.7,429.0
480.8,175.1,351.1,1034.1,564.9,352.4
444.9,289.2,357.0,1044.8,618.2,335.9
477.5,722.4,429.5,1110.2,743.7,404.1
422.3,644.8,286.0,975.7,495.2,269.1
415.4,669.4,463.5,1035.0,596.9,390.4
196.1,742.3,1040.1,1098.9,1019.1,769.5
189.0,690.8,944.3,376.3,1617.5,699.0
145.0,646.3,930.5,380.5,1648.1,662.2
257.4,344.0,1230.9,675.2,2142.4,941.6
159.8,213.6,977.4,419.3,1718.5,703.1
78.8,122.3,713.8,206.7,1381.3,475.5
129.5,677.5,325.3,327.2,1561.8,898.5
169.5,678.1,341.6,312.5,2694.2,1260.9
56.3,330.7,1342.3,141.5,340.0,1065.2
88.2,794.5,1790.7,231.4,495.8,1118.9
138.7,216.0,1607.1,364.0,1328.3,1240.0
88.2,148.4,1189.2,231.4,1512.1,1461.7
102.4,455.6,985.9,268.6,2071.5,1116.0
696.0,734.4,1123.6,430.8,868.7,1146.5
833.3,833.3,833.3,833.3,833.3,833.3
803.6,652.0,1151.7,1178.3,108.8,1105.6
774.1,507.4,1369.5,1366.2,0.0,922.5
233.9,244.6,306.2,260.4,0.0,280.6
0.0,0.0,0.0,0.0,0.0,0.0
0.0,0.0,0.0,0.0,0.0,0.0
0.0,0.0,0.0,0.0,0.0,0.0
0.0,0.0,0.0,0.0,0.0,0.0
0.0,0.0,0.0,0.0,0.0,0.0
0.0,0.0,0.0,0.0,0.0,0.0
0.0,0.0,0.0,0.0,0.0,0.0
0.0,0.0,0.0,0.0,0.0,0.0
0.0,0.0,0.0,0.0,0.0,0.0
0.0,0.0,0.0,0.0,0.0,0.0
0.0,0.0,0.0,0.0,0.0,0.0
0.0,0.0,0.0,0.0,0.0,0.0
0.0,0.0,0.0,0.0,0.0,0.0
0.0,0.0,0.0,0.0,0.0,0.0
0.0,0.0,0.0,0.0,0.0,0.0
0.0,0.0,0.0,0.0,0.0,0.0
0.0,0.0,0.0,0.0,0.0,0.0
0.0,0.0,0.0,0.0,0.0,0.0
0.0,0.0,0.0,0.0,0.0,0.0
0.0,0.0,0.0,0.0,0.0,0.0
0.0,0.0,0.0,0.0,0.0,0.0
0.0,0.0,0.0,0.0,0.0,0.0
0.0,0.0,0.0,0.0,0.0,0.0
0.0,0.0,0.0,0.0,0.0,0.0
0.0,0.0,0.0,0.0,0.0,0.0
0.0,0.0,0.0,0.0,0.0,0.0
0.0,0.0,0.0,0.0,0.0,0.0
0.0,0.0,0.0,0.0,0.0,0.0
0.0,0.0,0.0,0.0,0.0,0.0
0.0,0.0,0.0,0.0,0.0,0.0
0.0,0.0,0.0,0.0,0.0,0.0
0.0,0.0,0.0,0.0,0.0,0.0
0.0,0.0,0.0,0.0,0.0,0.0
0.0,0.0,0.0,0.0,0.0,0.0
0.0,0.0,0.0,0.0,0.0,0.0
0.0,0.0,0.0,0.0,0.0,0.0
0.0,0.0,0.0,0.0,0.0,0.0
0.0,0.0,0.0,0.0,0.0,0.0
0.0,0.0,0.0,0.0,0.0,0.0
721.6,0.0,1070.1,0.0,984.2,0.0
413.1,0.0,0.0,0.0,984.2,0.0
377.9,0.0,0.0,142.6,976.6,1764.6
392.6,965.9,3.5,676.9,983.8,1014.9
622.3,765.7,429.2,1094.2,1674.6,1356.9
84.0,607.7,201.6,396.1,1328.9,1145.4
116.3,675.5,302.3,981.7,1503.8,1291.3
113.4,701.9,294.7,974.1,1490.7,342.1
74.4,99.5,193.5,866.7,1330.4,488.4
118.1,154.6,301.2,977.5,1514.3,591.2
197.2,195.6,394.4,1064.3,1621.9,488.5
70.5,191.5,172.0,851.6,1288.0,472.2
100.7,624.8,261.7,938.2,1456.1,553.8
133.4,668.5,346.7,1024.0,1584.5,631.4
65.7,229.2,287.4,856.7,1291.1,467.0
84.4,604.9,770.9,905.9,828.8,515.2
188.3,679.0,928.3,2945.6,598.8,690.9
78.3,580.1,340.1,1948.6,3550.1,482.3
73.2,588.1,743.9,1873.2,2188.7,485.4
180.4,648.5,854.1,2000.9,2221.1,593.9
416.7,641.5,836.2,2054.2,2247.8,581.0
376.2,583.5,732.9,491.7,2167.1,481.8
251.4,1186.4,895.0,333.2,547.2,651.0
454.6,1115.3,887.3,329.2,550.0,637.9
563.4,1115.7,1216.3,671.2,1151.3,933.1
487.3,741.1,1024.7,477.8,819.5,756.4
433.7,668.0,890.9,334.2,573.2,451.7
398.9,622.0,794.3,236.6,405.8,220.5
447.3,641.7,858.1,294.2,2260.7,295.8
451.0,645.7,857.1,291.3,1992.4,298.9
402.0,352.2,812.7,1285.1,1359.7,233.8
405.0,125.6,797.8,1130.0,422.9,229.8
407.1,128.3,809.4,793.7,432.0,234.8
403.8,123.9,493.3,243.2,417.2,226.7
428.7,137.8,271.9,270.8,454.7,264.1
477.8,161.5,326.0,317.9,516.0,331.5
520.6,284.7,553.6,558.9,958.7,520.9
455.1,192.4,374.2,377.7,647.9,1316.0
246.9,142.6,277.2,279.9,480.1,1084.4
82.7,110.6,215.0,217.1,372.4,707.4
133.2,171.5,334.9,336.8,574.5,317.9
468.0,30.8,1098.3,61.5,71.4,98.5
340.3,1.5,878.7,2.9,3.4,4.7
206.5,0.0,536.7,0.0,0.0,0.0
161.5,215.9,419.8,1709.9,726.9,395.0
80.3,537.1,346.5,4595.3,2320.9,272.9
675.5,1193.1,777.6,3995.2,2985.6,787.0
1166.5,1319.3,1153.0,2114.9,3458.7,1990.0
611.9,746.6,581.8,1155.2,1538.2,1314.3
0.0,759.7,36.1,1446.1,2624.8,1081.3
0.0,827.7,0.0,1624.7,3151.3,0.0
188.6,1160.0,1085.0,1369.1,1683.8,461.3
130.3,1086.6,1008.9,1008.2,1447.2,318.7
56.3,1289.7,56.3,1409.1,2113.8,75.0
28.1,977.2,28.1,1420.3,1054.0,1492.2
0.0,410.1,643.1,805.0,981.7,2160.2
0.0,430.5,1073.2,835.4,1214.3,1446.5
0.0,459.9,1030.3,1019.5,1539.5,950.8
76.6,490.4,566.0,1270.0,1585.3,1011.8
356.8,861.1,331.3,1123.1,1294.1,1033.6
347.4,955.4,35.2,1043.2,1655.4,963.4
313.4,1047.7,0.0,1169.0,1327.7,1142.2
20.0,838.1,1487.2,1208.2,0.0,1446.5
0.0,0.0,1500.1,0.0,0.0,750.3
0.0,0.0,1029.1,699.2,641.0,664.1
0.0,0.0,0.0,0.0,0.0,0.0
0.0,0.0,0.0,0.0,0.0,0.0
0.0,0.0,0.0,0.0,0.0,0.0
0.0,0.0,0.0,0.0,0.0,0.0
0.0,0.0,0.0,0.0,0.0,0.0
0.0,0.0,0.0,0.0,0.0,0.0
0.0,0.0,0.0,0.0,0.0,0.0
0.0,0.0,0.0,0.0,0.0,0.0
0.0,0.0,0.0,0.0,0.0,0.0
0.0,0.0,0.0,0.0,0.0,0.0
0.0,0.0,0.0,0.0,0.0,0.0
0.0,0.0,0.0,0.0,0.0,0.0
0.0,0.0,0.0,0.0,0.0,0.0
0.0,0.0,0.0,0.0,0.0,0.0
0.0,0.0,0.0,0.0,0.0,0.0
0.0,0.0,0.0,0.0,0.0,0.0
0.0,0.0,0.0,0.0,0.0,0.0
0.0,0.0,0.0,0.0,0.0,0.0
0.0,0.0,0.0,0.0,0.0,0.0
0.0,0.0,0.0,0.0,0.0,0.0
0.0,0.0,0.0,0.0,0.0,0.0
0.0,0.0,0.0,0.0,0.0,0.0
0.0,0.0,0.0,0.0,0.0,0.0
0.0,0.0,0.0,0.0,0.0,0.0
0.0,0.0,0.0,0.0,0.0,0.0
0.0,0.0,0.0,0.0,0.0,0.0
0.0,0.0,0.0,0.0,0.0,0.0
0.0,0.0,0.0,0.0,0.0,0.0
0.0,0.0,0.0,0.0,0.0,0.0
0.0,0.0,0.0,0.0,0.0,0.0
0.0,0.0,0.0,0.0,0.0,0.0
35.2,874.5,408.5,682.6,793.7,1351.3
346.2,510.7,787.2,946.4,762.2,793.0
311.1,273.4,812.8,1099.7,776.6,872.2
306.4,450.5,984.2,1242.5,98.0,807.8
266.9,908.8,801.1,1204.5,520.2,989.8
117.2,874.2,1380.1,1372.8,2477.5,648.9
405.4,505.2,1628.4,915.6,1470.2,1008.6
925.5,149.8,1163.8,818.9,1693.0,1151.3
818.7,63.7,1460.6,125.0,3667.3,1002.0
420.6,121.7,1349.5,241.0,956.3,534.4
398.8,120.5,785.8,550.3,613.2,526.9
338.3,167.6,633.4,1005.6,1548.4,634.2
185.3,236.1,459.1,1140.1,795.0,432.0
683.2,24.9,59.8,729.0,57.8,79.7
558.2,10.3,24.6,694.5,23.8,32.8
566.1,0.0,0.0,154.2,0.0,0.0
688.6,181.4,1027.0,2570.2,2000.0,331.9
376.7,94.0,743.5,287.7,1275.1,172.1
125.3,738.0,860.3,470.9,426.1,542.6
143.5,1103.3,365.7,3442.5,533.9,622.1
124.5,1051.5,1346.4,798.3,374.1,416.8
286.7,1287.8,745.1,1372.3,1290.2,765.9
144.6,1017.7,375.9,379.5,650.9,661.2
91.4,1426.4,237.6,239.9,411.5,528.8
89.0,393.5,231.3,233.5,400.6,455.7
132.6,180.8,339.1,341.7,584.5,320.4
147.7,129.4,265.7,255.2,403.6,279.0
66.8,86.1,168.1,169.1,288.4,159.5
145.7,194.8,378.8,382.4,655.9,356.4
208.5,278.7,541.9,547.1,938.4,509.9
194.5,260.0,505.6,656.9,1023.8,475.7
185.6,248.0,482.3,3091.7,3472.5,453.8
147.9,145.9,294.5,1009.1,1197.6,299.2
91.8,96.9,193.7,212.3,335.9,193.3
116.0,155.0,301.4,304.3,521.9,283.6
86.9,116.2,225.9,228.1,391.2,212.6
59.6,79.7,155.0,156.5,268.4,310.7
121.2,142.4,277.0,279.6,479.6,3191.0
388.8,142.4,282.9,280.0,465.6,1090.5
188.6,107.1,218.2,211.0,337.4,250.4
107.6,141.0,274.1,276.7,474.6,257.9
123.4,164.9,320.7,323.8,555.3,301.8
67.1,89.6,299.1,176.0,301.8,164.0
116.5,155.7,1716.5,305.7,524.4,284.9
172.5,220.9,2036.7,433.7,739.1,410.1
167.1,155.5,893.5,306.3,491.3,942.5
100.3,134.1,818.6,263.3,451.6,769.8
162.3,217.0,421.9,426.0,730.6,1017.0
110.5,147.7,287.2,318.5,497.4,3763.3
101.4,135.5,263.5,958.2,1589.8,1769.0
158.4,211.8,411.8,1097.5,1678.1,1967.9
445.4,200.5,401.9,394.5,1788.3,1987.6
322.1,127.8,251.8,251.1,2965.7,1081.5
420.4,223.0,433.7,437.8,2063.4,1421.8
1157.6,0.0,0.0,0.0,2513.2,1329.2
622.0,336.6,0.0,0.0,3321.1,720.3
646.2,286.6,0.0,0.0,2373.9,710.2
307.2,271.0,45.7,38.1,583.4,317.5
0.0,0.0,0.0,0.0,0.0,0.0
0.0,0.0,0.0,0.0,0.0,0.0
0.0,0.0,0.0,0.0,0.0,0.0
0.0,0.0,0.0,0.0,0.0,0.0
0.0,0.0,0.0,0.0,0.0,0.0
0.0,0.0,0.0,0.0,0.0,0.0
0.0,0.0,0.0,0.0,0.0,0.0
0.0,0.0,0.0,0.0,0.0,0.0
0.0,0.0,0.0,0.0,0.0,0.0
0.0,0.0,0.0,0.0,0.0,0.0
0.0,0.0,0.0,0.0,0.0,0.0
0.0,0.0,0.0,0.0,0.0,0.0
0.0,0.0,0.0,0.0,0.0,0.0
0.0,0.0,0.0,0.0,0.0,0.0
0.0,0.0,0.0,0.0,0.0,0.0
0.0,0.0,0.0,0.0,0.0,0.0
0.0,0.0,0.0,0.0,0.0,0.0
0.0,0.0,0.0,0.0,0.0,0.0
0.0,0.0,0.0,0.0,0.0,0.0
0.0,0.0,0.0,0.0,0.0,0.0
0.0,0.0,0.0,0.0,0.0,0.0
0.0,0.0,0.0,0.0,0.0,0.0
0.0,0.0,0.0,0.0,0.0,0.0
0.0,0.0,0.0,0.0,0.0,0.0
0.0,0.0,0.0,0.0,0.0,0.0
0.0,0.0,0.0,0.0,0.0,0.0
0.0,0.0,0.0,0.0,0.0,0.0
0.0,0.0,0.0,0.0,0.0,0.0
0.0,0.0,0.0,0.0,0.0,0.0
0.0,0.0,0.0,0.0,0.0,0.0
0.0,0.0,0.0,0.0,0.0,0.0
0.0,0.0,0.0,0.0,0.0,0.0
0.0,0.0,0.0,0.0,0.0,0.0
0.0,0.0,0.0,0.0,0.0,0.0
0.0,0.0,0.0,0.0,0.0,0.0
0.0,0.0,0.0,0.0,0.0,0.0
0.0,0.0,0.0,0.0,0.0,0.0
0.0,0.0,0.0,0.0,0.0,0.0
248.9,293.9,579.5,577.6,971.2,561.9
615.1,822.2,908.9,909.9,989.3,902.4
103.3,138.0,268.4,270.9,464.7,252.5
99.9,133.5,259.7,262.1,449.6,244.3
73.9,98.8,192.2,194.0,332.8,180.8
172.5,107.6,209.8,211.2,360.7,198.8
455.1,132.4,271.4,261.0,413.5,284.4
389.4,104.6,204.0,205.3,350.5,193.3
389.1,102.7,199.6,201.5,345.6,187.8
387.0,106.2,206.5,208.4,357.5,283.8
405.5,134.1,260.8,263.3,738.2,550.6
404.7,122.0,237.2,239.5,1387.4,531.9
457.5,141.0,283.6,277.6,1441.3,598.4
454.4,157.8,312.7,310.1,1516.6,614.2
410.9,131.8,256.4,258.8,1428.1,546.4
391.3,107.2,208.5,210.4,1337.6,509.6
139.4,132.8,419.4,457.7,1450.1,561.1
74.5,99.6,743.1,867.0,1353.6,496.9
132.3,157.5,310.2,309.4,521.0,300.2
177.1,181.7,364.6,357.6,585.6,366.5
74.2,99.2,192.9,194.7,334.0,181.5
88.7,118.5,230.5,1160.6,399.1,216.9
104.6,139.8,271.8,1549.7,470.7,255.8
72.8,97.3,189.2,1965.5,327.6,178.0
404.9,541.2,1052.3,1062.4,1822.2,990.2
182.8,687.6,935.9,1053.2,598.9,376.6
95.0,619.8,778.7,902.1,365.4,212.7
81.0,611.6,282.6,300.6,364.4,198.0
124.9,666.6,324.7,327.8,562.3,305.5
157.3,708.0,408.8,412.7,707.8,384.6
308.9,327.3,511.9,516.7,886.4,481.6
530.4,267.2,525.5,524.9,885.8,506.9
419.4,99.4,203.3,195.9,1676.7,212.0
364.1,360.8,894.9,139.0,2225.6,129.6
427.2,553.7,1419.6,304.7,2506.0,284.0
471.3,644.6,1284.4,176.8,1427.0,589.0
407.9,70.8,1247.0,139.0,1233.9,749.4
281.5,139.0,1394.5,272.9,1463.6,603.2
157.9,143.1,1424.8,281.9,1177.2,615.0
60.3,253.3,1121.2,1071.2,1186.3,450.8
90.4,758.1,235.1,1603.5,1698.2,1576.2
94.5,1108.6,245.6,1603.8,2222.1,1893.2
63.2,1076.2,628.3,1521.6,284.5,2150.9
221.4,1193.0,1038.8,1759.7,611.2,420.2
1616.6,1782.2,2710.3,2962.6,2019.0,2299.1
250.6,1031.8,381.4,1547.8,531.3,425.1
403.3,306.1,643.2,1609.5,920.2,704.6
964.6,888.0,1163.1,2775.2,1371.2,2104.6
161.1,675.0,272.6,1987.2,402.1,1287.1
92.4,655.2,240.2,1738.1,415.9,1198.9
546.4,1081.3,1094.5,1219.3,1207.3,1203.3
1058.7,1058.7,1058.7,1058.7,1058.7,1058.7
744.2,850.5,837.2,787.8,847.3,933.0
296.2,282.7,573.0,556.8,898.1,587.5
114.5,153.0,297.5,300.4,515.2,280.0
0.0,0.0,0.0,0.0,0.0,0.0
14.1,5.9,737.1,11.7,13.6,18.8
348.5,29.3,1127.5,58.6,68.0,93.8
406.8,0.0,1033.9,0.0,0.0,0.0
522.7,0.0,1075.8,0.0,0.0,0.0
723.8,0.0,1064.3,0.0,0.0,0.0
908.7,251.4,1859.9,493.5,846.5,460.0
339.7,219.6,326.9,314.5,331.7,312.9
0.0,0.0,0.0,0.0,0.0,0.0
0.0,0.0,0.0,0.0,0.0,0.0
0.0,0.0,0.0,0.0,0.0,0.0
0.0,0.0,0.0,0.0,0.0,0.0
0.0,0.0,0.0,0.0,0.0,0.0
0.0,0.0,0.0,0.0,0.0,0.0
0.0,0.0,0.0,0.0,0.0,0.0
0.0,0.0,0.0,0.0,0.0,0.0
0.0,0.0,0.0,0.0,0.0,0.0
0.0,0.0,0.0,0.0,0.0,0.0
0.0,0.0,0.0,0.0,0.0,0.0
0.0,0.0,0.0,0.0,0.0,0.0
0.0,0.0,0.0,0.0,0.0,0.0
0.0,0.0,0.0,0.0,0.0,0.0
0.0,0.0,0.0,0.0,0.0,0.0
0.0,0.0,0.0,0.0,0.0,0.0
0.0,0.0,0.0,0.0,0.0,0.0
0.0,0.0,0.0,0.0,0.0,0.0
0.0,0.0,0.0,0.0,0.0,0.0
0.0,0.0,0.0,0.0,0.0,0.0
0.0,0.0,0.0,0.0,0.0,0.0
0.0,0.0,0.0,0.0,0.0,0.0
0.0,0.0,0.0,0.0,0.0,0.0
0.0,0.0,0.0,0.0,0.0,0.0
0.0,0.0,0.0,0.0,0.0,0.0
0.0,0.0,0.0,0.0,0.0,0.0
0.0,0.0,0.0,0.0,0.0,0.0
0.0,0.0,0.0,0.0,0.0,0.0
0.0,0.0,0.0,0.0,0.0,0.0
0.0,0.0,0.0,0.0,0.0,0.0
0.0,0.0,0.0,0.0,0.0,0.0
0.0,0.0,0.0,0.0,0.0,0.0
0.0,0.0,0.0,0.0,0.0,0.0
783.3,783.3,783.3,783.3,783.3,783.3
122.7,164.0,887.3,321.9,552.1,585.2
170.0,227.3,1004.0,446.2,765.3,731.6
145.8,194.9,943.2,382.6,656.4,668.9
412.3,613.2,867.8,308.3,522.4,608.7
445.4,617.1,312.8,220.5,347.3,553.8
376.1,585.0,166.0,167.6,287.4,202.2
412.6,634.0,257.6,260.1,446.2,242.4
376.7,585.5,170.6,172.2,295.4,160.5
101.0,147.1,143.1,771.8,247.8,134.7
104.6,139.9,271.9,969.3,470.9,255.9
129.2,117.6,240.1,918.8,370.0,249.4
73.7,79.2,157.9,845.3,1169.8,156.9
106.9,142.9,278.0,965.0,1491.9,261.5
68.6,91.7,178.3,281.1,1308.0,167.8
51.9,69.3,134.8,136.1,1236.5,126.9
100.9,134.9,262.4,264.9,1449.8,246.9
105.2,114.7,228.3,225.5,520.9,225.9
104.0,90.4,185.9,178.3,281.5,195.6
91.8,122.7,238.6,240.9,413.2,224.5
84.0,112.3,218.3,220.4,378.1,205.4
52.7,70.4,137.0,138.3,237.2,128.9
99.7,133.3,259.2,261.7,448.9,243.9
137.7,184.1,357.9,361.3,619.7,336.7
164.7,152.2,310.0,300.0,480.4,320.7
125.4,161.2,314.7,316.5,539.6,298.9
134.3,179.5,349.0,352.3,604.4,328.4
90.8,121.4,236.1,238.3,408.8,222.1
150.9,201.7,392.2,395.9,679.1,369.0
256.0,338.9,1209.0,665.3,1139.6,622.1
191.3,194.2,948.2,382.3,624.9,393.5
118.0,157.7,446.7,309.6,531.1,593.8
128.6,171.9,334.3,337.5,578.9,624.5
97.0,129.7,252.2,254.6,436.7,315.1
132.4,164.0,321.6,322.2,546.2,308.1
167.1,174.8,349.9,1015.3,565.5,349.9
117.8,645.7,306.1,990.8,530.1,288.0
427.8,659.7,318.6,492.7,551.6,299.7
418.9,270.1,283.2,285.9,490.5,266.5
207.9,160.9,315.6,316.1,535.8,302.5
208.4,230.0,457.2,452.3,1728.0,450.9
113.8,152.1,295.7,298.5,1503.7,278.2
104.2,139.3,270.8,273.4,717.8,254.8
129.6,173.2,336.7,339.9,583.1,316.8
123.1,158.0,335.7,310.3,529.0,293.1
154.8,152.0,613.5,299.2,485.6,312.2
166.9,223.1,1426.9,437.9,751.2,408.2
115.2,154.0,348.2,302.3,518.4,281.7
95.3,127.4,299.3,250.1,1107.8,233.2
155.4,207.7,452.6,407.6,1683.3,379.9
255.7,280.3,601.2,551.3,1883.9,551.1
173.7,232.1,1829.8,510.0,1724.3,424.7
276.5,362.4,704.6,1324.5,1220.1,663.0
174.8,151.7,295.0,2283.9,510.8,277.6
538.0,509.5,1203.5,431.7,1793.8,523.4
373.6,515.5,1204.5,150.0,2042.8,382.6
788.8,488.9,1291.2,106.5,2007.7,316.9
746.2,471.3,1355.8,86.8,1984.2,355.6
569.1,0.0,688.6,749.2,812.8,576.4
0.0,0.0,0.0,0.0,0.0,0.0
0.0,0.0,0.0,0.0,0.0,0.0
0.0,0.0,0.0,0.0,0.0,0.0
0.0,0.0,0.0,0.0,0.0,0.0
0.0,0.0,0.0,0.0,0.0,0.0
0.0,0.0,0.0,0.0,0.0,0.0
0.0,0.0,0.0,0.0,0.0,0.0
0.0,0.0,0.0,0.0,0.0,0.0
0.0,0.0,0.0,0.0,0.0,0.0
0.0,0.0,0.0,0.0,0.0,0.0
0.0,0.0,0.0,0.0,0.0,0.0
0.0,0.0,0.0,0.0,0.0,0.0
0.0,0.0,0.0,0.0,0.0,0.0
0.0,0.0,0.0,0.0,0.0,0.0
0.0,0.0,0.0,0.0,0.0,0.0
0.0,0.0,0.0,0.0,0.0,0.0
0.0,0.0,0.0,0.0,0.0,0.0
0.0,0.0,0.0,0.0,0.0,0.0
0.0,0.0,0.0,0.0,0.0,0.0
0.0,0.0,0.0,0.0,0.0,0.0
0.0,0.0,0.0,0.0,0.0,0.0
0.0,0.0,0.0,0.0,0.0,0.0
0.0,0.0,0.0,0.0,0.0,0.0
0.0,0.0,0.0,0.0,0.0,0.0
0.0,0.0,0.0,0.0,0.0,0.0
0.0,0.0,0.0,0.0,0.0,0.0
0.0,0.0,0.0,0.0,0.0,0.0
0.0,0.0,0.0,0.0,0.0,0.0
0.0,0.0,0.0,0.0,0.0,0.0
0.0,0.0,0.0,0.0,0.0,0.0
0.0,0.0,0.0,0.0,0.0,0.0
0.0,0.0,0.0,0.0,0.0,0.0
0.0,0.0,0.0,0.0,0.0,0.0
0.0,0.0,0.0,0.0,0.0,0.0
0.0,0.0,0.0,0.0,0.0,0.0
0.0,0.0,0.0,0.0,0.0,0.0
0.0,0.0,0.0,0.0,0.0,0.0
832.9,935.6,949.9,959.3,971.5,949.6
232.5,310.7,604.2,1281.4,1046.3,876.1
102.2,113.9,226.2,900.6,372.9,527.7
141.7,153.8,306.5,893.6,501.1,608.8
94.1,125.8,244.6,247.0,423.6,537.7
56.4,75.4,146.7,148.1,254.0,406.7
86.6,115.8,225.2,227.3,389.9,211.9
97.9,130.8,254.4,256.8,440.5,239.3
173.4,163.9,332.6,322.8,519.5,342.0
197.5,202.5,406.4,398.5,652.6,408.6
153.1,149.7,302.4,294.8,477.9,308.0
129.9,118.7,242.1,233.9,373.5,251.2
90.7,117.9,420.9,231.6,395.6,217.8
93.9,295.1,797.5,246.2,422.4,229.5
281.5,868.3,1281.0,738.6,1606.3,688.4
190.6,743.0,1044.6,500.0,1841.8,466.0
196.7,609.5,789.2,237.9,1384.6,221.7
472.1,712.0,911.2,431.7,1717.1,402.4
502.4,693.4,512.4,517.3,1871.5,482.2
524.0,234.2,467.5,460.8,1620.8,464.7
618.6,548.5,701.6,696.6,1163.9,686.4
585.3,883.2,744.3,742.7,1251.1,719.6
259.6,680.6,359.2,362.6,621.9,338.0
536.1,794.0,572.5,577.9,991.3,538.7
530.7,809.8,576.3,854.2,999.6,1140.9
513.6,770.6,523.2,1222.9,905.9,808.1
591.5,737.3,465.8,1152.1,806.6,748.2
631.7,739.8,456.1,2064.5,789.8,741.4
434.6,619.9,233.8,2361.6,375.3,555.7
551.5,622.0,229.3,1006.4,343.3,556.8
640.6,683.9,599.8,2081.5,620.1,675.5
411.6,897.7,774.5,2396.9,729.2,518.0
382.7,1034.7,734.7,870.7,1316.8,481.0
427.4,674.0,849.0,992.2,1488.6,589.3
383.3,916.1,764.6,881.7,1324.3,491.3
424.1,1057.0,752.5,887.4,1351.7,494.2
699.0,624.9,825.5,952.4,1462.8,560.9
600.4,584.4,762.6,1295.7,1331.7,492.6
612.5,314.1,808.2,3796.9,2323.0,554.3
468.0,154.2,887.4,3161.9,3365.1,627.9
262.8,137.3,843.9,2803.1,4476.0,4862.0
104.0,139.0,840.8,977.0,4738.4,4616.9
108.5,145.0,1300.5,551.7,4903.7,2590.6
75.0,230.9,1675.4,196.9,1333.2,1398.4
125.5,1068.2,2371.5,329.2,3999.1,1991.9
143.8,192.2,927.3,377.3,8153.1,351.7
0.0,335.5,2033.9,0.0,5576.1,0.0
7.0,724.7,1800.4,5.9,4301.4,9.4
73.8,333.9,1996.7,61.5,3274.7,98.5
518.1,812.3,1582.2,52.7,1313.9,1543.5
847.4,878.1,1251.1,8.8,1321.0,1532.6
690.5,992.5,1213.0,450.1,1238.5,1254.6
840.8,844.5,912.0,525.3,944.8,932.7
833.3,833.3,833.3,833.3,833.3,833.3
424.4,937.5,845.8,890.7,944.2,957.3
608.2,715.2,848.8,847.5,959.5,1020.8
718.3,485.2,745.9,8.8,885.2,2156.7
375.5,513.4,985.9,61.5,71.4,98.5
357.9,970.5,699.6,49.8,57.8,1100.2
0.0,0.0,0.0,0.0,0.0,0.0
0.0,0.0,0.0,0.0,0.0,0.0
0.0,0.0,0.0,0.0,0.0,0.0
0.0,0.0,0.0,0.0,0.0,0.0
0.0,0.0,0.0,0.0,0.0,0.0
0.0,0.0,0.0,0.0,0.0,0.0
0.0,0.0,0.0,0.0,0.0,0.0
0.0,0.0,0.0,0.0,0.0,0.0
0.0,0.0,0.0,0.0,0.0,0.0
0.0,0.0,0.0,0.0,0.0,0.0
0.0,0.0,0.0,0.0,0.0,0.0
0.0,0.0,0.0,0.0,0.0,0.0
0.0,0.0,0.0,0.0,0.0,0.0
0.0,0.0,0.0,0.0,0.0,0.0
0.0,0.0,0.0,0.0,0.0,0.0
0.0,0.0,0.0,0.0,0.0,0.0
0.0,0.0,0.0,0.0,0.0,0.0
0.0,0.0,0.0,0.0,0.0,0.0
0.0,0.0,0.0,0.0,0.0,0.0
0.0,0.0,0.0,0.0,0.0,0.0
0.0,0.0,0.0,0.0,0.0,0.0
0.0,0.0,0.0,0.0,0.0,0.0
0.0,0.0,0.0,0.0,0.0,0.0
0.0,0.0,0.0,0.0,0.0,0.0
0.0,0.0,0.0,0.0,0.0,0.0
0.0,0.0,0.0,0.0,0.0,0.0
0.0,0.0,0.0,0.0,0.0,0.0
0.0,0.0,0.0,0.0,0.0,0.0
0.0,0.0,0.0,0.0,0.0,0.0
0.0,0.0,0.0,0.0,0.0,0.0
0.0,0.0,0.0,0.0,0.0,0.0
0.0,0.0,0.0,0.0,0.0,0.0
0.0,0.0,0.0,0.0,0.0,0.0
0.0,0.0,0.0,0.0,0.0,0.0
0.0,0.0,0.0,0.0,0.0,0.0
0.0,0.0,0.0,0.0,0.0,0.0
0.0,0.0,0.0,0.0,0.0,0.0
1340.6,30.8,73.8,414.1,2732.1,2153.9
1536.1,150.8,63.3,52.7,4437.9,504.4
1236.3,503.8,28.1,23.4,3019.7,1933.9
1229.1,486.4,0.0,274.8,2677.2,2077.7
179.4,166.1,0.0,172.3,270.4,199.9
194.2,0.0,0.0,202.2,355.1,236.7
196.4,0.0,0.0,246.8,340.1,204.9
181.4,169.6,0.0,192.0,274.8,170.3
2452.5,1690.3,1346.8,5960.6,5214.7,5033.6
975.7,1295.8,55.5,4872.4,2923.4,3042.0
825.6,2005.6,137.1,5447.0,6039.4,695.3
985.0,1840.6,527.9,6026.9,5619.6,492.8
1160.9,2455.9,1022.1,4727.3,3315.4,491.6
383.3,2111.7,768.5,3639.4,3523.5,395.5
441.0,1714.9,2690.4,5127.3,3239.2,936.5
448.5,1430.0,2617.8,3624.8,1104.2,1338.8
532.3,1207.4,2902.2,1957.7,1245.8,1002.4
1755.2,1409.8,4652.9,2761.8,3087.2,3269.6
605.4,1604.4,2906.8,1719.3,1554.3,2430.1
511.1,1918.5,2993.9,2092.6,2558.8,2314.9
414.7,1528.1,4337.1,1992.0,3383.5,2079.2
477.8,1437.8,3732.5,1864.9,3246.0,2021.3
884.0,1549.0,3059.8,2152.1,2917.3,1526.4
755.7,1462.1,2643.2,3995.7,2478.7,1778.6
346.2,825.7,2193.3,741.4,2071.2,1758.5
597.8,776.2,2504.9,822.0,2323.5,1841.0
791.9,1332.5,2992.8,4312.2,3080.3,2607.6
644.6,786.5,2656.0,1500.6,2791.3,2711.3
386.7,1299.3,2507.1,1272.2,2184.5,2470.5
255.2,730.0,2426.7,1373.0,962.9,2719.9
510.8,643.6,1160.4,1294.4,904.8,2576.7
750.0,1479.3,2243.4,1943.8,2891.6,1584.1
478.2,708.3,1735.7,2075.3,999.9,1298.4
255.5,659.7,1234.1,1777.8,1043.3,3966.2
414.6,592.9,3111.6,1340.1,3367.8,1054.1
327.8,713.6,1498.5,2071.2,1127.4,1512.0
1417.8,1162.3,2452.4,2790.2,2093.8,5878.2
288.6,667.7,1348.7,1452.5,888.9,1242.3
194.2,246.6,1323.0,1168.7,824.2,1197.0
158.1,211.3,1136.7,1104.4,711.6,1177.9
208.3,246.1,1254.2,1167.9,813.1,1153.2
270.4,296.7,1302.0,1006.0,968.2,1306.6
236.9,255.2,1254.1,502.0,830.1,1174.8
214.5,924.2,2478.4,449.5,998.2,1465.3
234.1,1738.4,2184.8,500.8,1802.5,1432.3
63.3,1387.6,1170.5,52.7,773.8,84.4
63.3,26.4,63.3,52.7,61.2,84.4
59.8,24.9,59.8,49.8,57.8,79.7
59.8,24.9,59.8,49.8,57.8,79.7
59.8,24.9,59.8,49.8,57.8,79.7
808.8,337.0,808.8,674.0,781.8,1078.4
576.7,240.3,1161.1,480.6,557.5,768.9
116.0,348.9,1003.4,96.7,112.2,154.7
0.0,1385.8,719.9,0.0,0.0,0.0
0.0,1365.7,745.2,0.0,1745.8,0.0
3.5,1182.6,945.8,2.9,2860.5,4.7
73.8,1287.0,836.3,61.5,2642.8,98.5
288.1,1098.8,894.6,327.5,2181.6,209.3
401.2,924.1,1114.1,734.2,1435.7,390.8
308.6,1088.5,857.1,703.0,1007.2,349.7
286.7,364.7,357.4,357.9,366.3,363.0
0.0,0.0,0.0,0.0,0.0,0.0
0.0,0.0,0.0,0.0,0.0,0.0
0.0,0.0,0.0,0.0,0.0,0.0
0.0,0.0,0.0,0.0,0.0,0.0
0.0,0.0,0.0,0.0,0.0,0.0
0.0,0.0,0.0,0.0,0.0,0.0
0.0,0.0,0.0,0.0,0.0,0.0
0.0,0.0,0.0,0.0,0.0,0.0
0.0,0.0,0.0,0.0,0.0,0.0
0.0,0.0,0.0,0.0,0.0,0.0
0.0,0.0,0.0,0.0,0.0,0.0
0.0,0.0,0.0,0.0,0.0,0.0
0.0,0.0,0.0,0.0,0.0,0.0
0.0,0.0,0.0,0.0,0.0,0.0
0.0,0.0,0.0,0.0,0.0,0.0
0.0,0.0,0.0,0.0,0.0,0.0
0.0,0.0,0.0,0.0,0.0,0.0
0.0,0.0,0.0,0.0,0.0,0.0
0.0,0.0,0.0,0.0,0.0,0.0
0.0,0.0,0.0,0.0,0.0,0.0
0.0,0.0,0.0,0.0,0.0,0.0
0.0,0.0,0.0,0.0,0.0,0.0
0.0,0.0,0.0,0.0,0.0,0.0
0.0,0.0,0.0,0.0,0.0,0.0
0.0,0.0,0.0,0.0,0.0,0.0
0.0,0.0,0.0,0.0,0.0,0.0
0.0,0.0,0.0,0.0,0.0,0.0
0.0,0.0,0.0,0.0,0.0,0.0
0.0,0.0,0.0,0.0,0.0,0.0
0.0,0.0,0.0,0.0,0.0,0.0
0.0,0.0,0.0,0.0,0.0,0.0
0.0,0.0,0.0,0.0,0.0,0.0
0.0,0.0,0.0,0.0,0.0,0.0
0.0,0.0,0.0,0.0,0.0,0.0
0.0,0.0,0.0,0.0,0.0,0.0
265.1,29.3,70.3,58.6,68.0,1239.9
228.8,26.4,63.3,52.7,61.2,1622.0
72.9,10.3,24.6,484.5,62.3,1622.9
9.8,0.0,0.0,676.6,527.5,889.3
78.3,94.5,183.7,854.3,2965.6,1046.5
83.9,99.9,194.2,864.8,2996.2,2661.9
350.2,122.4,214.9,859.8,1531.5,1898.2
47.2,222.9,117.0,450.2,598.8,505.7
80.0,575.1,207.9,626.8,850.9,526.9
102.2,641.0,220.7,600.8,782.8,519.9
123.5,503.0,214.2,511.4,1023.2,492.2
142.5,492.6,288.0,513.5,686.8,744.1
84.4,610.1,457.4,844.4,3542.2,339.0
67.3,595.8,1149.1,2255.5,3620.2,164.7
67.7,2098.4,2372.9,2251.3,2280.6,165.6
802.2,1016.4,1310.1,4111.8,1247.7,157.5
736.0,1246.2,1964.5,3925.6,1303.0,199.9
869.1,1246.5,2120.9,1877.2,1208.8,136.4
904.7,857.8,1366.9,548.4,1264.0,166.4
661.4,614.5,2170.6,357.6,1404.1,284.1
728.1,996.8,1567.9,1110.0,2109.1,987.8
470.5,653.9,900.4,3042.2,599.9,377.1
406.2,614.7,787.0,288.8,445.1,264.6
347.8,559.5,670.0,158.2,271.4,147.5
413.1,637.3,843.8,329.4,565.0,307.0
380.4,312.7,740.6,225.2,386.2,209.9
357.9,78.3,682.5,153.7,263.7,440.2
415.6,164.9,859.4,323.8,555.3,599.9
367.1,90.6,702.2,177.8,305.0,283.6
85.2,107.3,210.1,210.8,358.4,200.4
179.3,171.7,347.9,338.2,546.0,356.4
115.8,96.5,199.7,190.4,297.4,212.7
115.4,112.1,449.4,220.8,357.6,231.3
81.9,109.5,212.9,214.9,368.7,200.3
57.3,76.6,149.0,150.4,1208.2,140.2
80.9,108.1,1283.4,212.2,1317.9,197.8
65.2,87.2,1244.9,171.2,670.7,159.6
69.5,568.0,920.8,182.3,312.7,169.9
83.7,588.8,217.5,219.5,376.6,204.6
51.2,257.0,133.1,134.4,230.5,125.3
748.7,145.5,294.9,286.6,462.3,302.3
739.8,140.0,284.2,929.0,443.7,292.3
366.7,109.1,224.1,871.0,339.7,235.7
77.5,100.3,195.7,456.2,336.2,185.5
80.7,531.5,209.8,211.7,363.2,197.4
49.6,486.6,128.8,130.1,223.1,121.2
474.0,537.7,1232.1,412.2,3662.8,384.2
314.5,54.7,817.3,0.0,2012.9,0.0
279.4,475.1,637.3,0.0,2516.5,0.0
296.9,463.8,0.0,0.0,2713.1,0.0
1091.3,619.7,314.1,310.2,4129.7,344.9
895.5,1195.8,307.7,298.9,3499.2,612.7
847.6,801.4,407.9,400.6,1844.0,698.5
736.5,890.1,308.1,306.7,2170.2,588.3
658.6,805.8,0.0,0.0,0.0,116.7
532.1,880.3,0.0,0.0,0.0,0.0
397.7,711.2,0.0,1723.1,0.0,0.0
437.6,531.6,0.0,1173.5,0.0,0.0
0.0,584.9,0.0,1467.1,109.4,0.0
0.0,0.0,1768.4,1581.7,950.2,0.0
28.1,11.7,815.7,824.3,566.5,37.5
0.0,0.0,0.0,0.0,0.0,0.0
0.0,0.0,0.0,0.0,0.0,0.0
0.0,0.0,0.0,0.0,0.0,0.0
0.0,0.0,0.0,0.0,0.0,0.0
0.0,0.0,0.0,0.0,0.0,0.0
0.0,0.0,0.0,0.0,0.0,0.0
0.0,0.0,0.0,0.0,0.0,0.0
0.0,0.0,0.0,0.0,0.0,0.0
0.0,0.0,0.0,0.0,0.0,0.0
0.0,0.0,0.0,0.0,0.0,0.0
0.0,0.0,0.0,0.0,0.0,0.0
0.0,0.0,0.0,0.0,0.0,0.0
0.0,0.0,0.0,0.0,0.0,0.0
0.0,0.0,0.0,0.0,0.0,0.0
0.0,0.0,0.0,0.0,0.0,0.0
0.0,0.0,0.0,0.0,0.0,0.0
0.0,0.0,0.0,0.0,0.0,0.0
0.0,0.0,0.0,0.0,0.0,0.0
0.0,0.0,0.0,0.0,0.0,0.0
0.0,0.0,0.0,0.0,0.0,0.0
0.0,0.0,0.0,0.0,0.0,0.0
0.0,0.0,0.0,0.0,0.0,0.0
0.0,0.0,0.0,0.0,0.0,0.0
0.0,0.0,0.0,0.0,0.0,0.0
0.0,0.0,0.0,0.0,0.0,0.0
0.0,0.0,0.0,0.0,0.0,0.0
0.0,0.0,0.0,0.0,0.0,0.0
0.0,0.0,0.0,0.0,0.0,0.0
0.0,0.0,0.0,0.0,0.0,0.0
0.0,0.0,0.0,0.0,0.0,0.0
0.0,0.0,0.0,0.0,0.0,0.0
0.0,0.0,0.0,0.0,0.0,0.0
0.0,0.0,0.0,0.0,0.0,0.0
0.0,0.0,0.0,0.0,0.0,0.0
0.0,0.0,0.0,0.0,0.0,0.0
119.4,119.4,119.4,119.4,119.4,119.4
119.4,119.4,119.4,119.4,119.4,119.4
119.4,119.4,119.4,119.4,119.4,119.4
93.5,119.5,121.4,131.8,124.3,125.9
82.4,110.1,183.2,269.6,204.2,221.4
71.1,200.5,167.8,238.7,188.3,204.4
144.9,190.6,180.4,184.7,183.6,186.7
178.5,178.5,178.5,178.5,178.5,178.5
381.1,796.1,625.4,173.4,898.6,381.1
380.0,712.2,650.8,214.9,805.2,492.6
409.2,561.5,632.3,463.0,642.9,546.8
365.8,140.9,778.8,656.4,769.0,544.8
143.0,191.2,524.3,519.1,433.6,433.8
321.1,156.7,304.7,642.1,445.8,374.6
390.9,137.1,266.5,754.5,445.2,250.8
379.0,329.5,381.3,381.4,393.3,380.6
602.9,350.5,694.9,689.1,1149.4,681.4
531.7,258.7,515.1,508.9,843.6,509.5
302.1,256.5,504.8,504.0,849.9,487.4
118.7,158.7,308.6,311.5,534.3,290.3
169.4,226.4,440.2,444.4,762.3,414.2
155.9,208.3,873.8,408.9,701.4,381.1
59.5,79.6,154.7,156.2,267.9,145.6
65.3,87.3,169.7,171.3,293.9,159.7
105.7,141.3,274.7,277.3,475.6,258.4
77.2,93.5,183.8,183.7,310.3,177.1
142.8,126.2,258.8,248.9,394.3,271.1
153.4,146.8,297.5,289.2,466.7,304.8
119.1,113.9,230.8,224.3,362.0,236.5
137.2,183.4,356.6,360.0,617.5,335.5
200.9,268.5,522.2,527.1,904.2,491.3
206.9,276.6,537.7,542.9,931.2,506.0
190.3,254.3,494.6,499.3,856.4,465.4
73.6,98.3,191.2,193.0,331.0,179.9
81.8,109.3,212.6,214.6,368.2,200.1
158.2,211.4,411.1,415.0,711.8,386.8
217.9,226.6,453.9,445.9,732.3,454.7
185.7,190.0,381.4,373.9,612.1,383.7
194.2,211.0,420.3,415.1,687.5,416.2
151.9,203.1,394.9,398.7,683.8,371.6
111.9,149.6,290.8,293.6,503.6,273.6
104.0,139.0,270.2,272.8,467.9,254.3
121.2,162.0,315.0,318.0,545.4,296.4
93.7,125.3,243.6,246.0,421.9,229.3
88.0,117.7,228.8,230.9,396.1,215.3
135.0,180.4,364.4,354.2,607.6,330.2
137.6,115.9,858.1,228.7,358.1,254.3
129.9,453.1,1148.1,227.5,361.0,247.3
142.6,867.8,340.9,286.1,468.0,294.1
54.2,620.7,189.8,142.3,244.1,132.7
76.9,914.6,243.2,201.6,345.9,282.2
196.3,1412.8,1250.9,515.0,883.4,780.5
202.9,1390.4,999.9,739.9,874.9,792.1
90.6,1739.5,892.1,898.8,407.8,516.2
0.0,1001.4,1404.8,650.7,1136.9,293.4
7.0,945.1,1122.4,653.9,1967.6,304.0
70.3,839.7,1494.6,704.1,1505.2,386.0
63.3,878.6,1200.6,1019.2,1458.1,380.2
38.7,516.2,608.0,609.3,792.8,348.5
0.0,0.0,0.0,0.0,0.0,0.0
0.0,0.0,0.0,0.0,0.0,0.0
0.0,0.0,0.0,0.0,0.0,0.0
0.0,0.0,0.0,0.0,0.0,0.0
0.0,0.0,0.0,0.0,0.0,0.0
0.0,0.0,0.0,0.0,0.0,0.0
0.0,0.0,0.0,0.0,0.0,0.0
0.0,0.0,0.0,0.0,0.0,0.0
0.0,0.0,0.0,0.0,0.0,0.0
0.0,0.0,0.0,0.0,0.0,0.0
0.0,0.0,0.0,0.0,0.0,0.0
0.0,0.0,0.0,0.0,0.0,0.0
0.0,0.0,0.0,0.0,0.0,0.0
0.0,0.0,0.0,0.0,0.0,0.0
0.0,0.0,0.0,0.0,0.0,0.0
0.0,0.0,0.0,0.0,0.0,0.0
0.0,0.0,0.0,0.0,0.0,0.0
0.0,0.0,0.0,0.0,0.0,0.0
0.0,0.0,0.0,0.0,0.0,0.0
0.0,0.0,0.0,0.0,0.0,0.0
0.0,0.0,0.0,0.0,0.0,0.0
0.0,0.0,0.0,0.0,0.0,0.0
0.0,0.0,0.0,0.0,0.0,0.0
0.0,0.0,0.0,0.0,0.0,0.0
0.0,0.0,0.0,0.0,0.0,0.0
0.0,0.0,0.0,0.0,0.0,0.0
0.0,0.0,0.0,0.0,0.0,0.0
0.0,0.0,0.0,0.0,0.0,0.0
0.0,0.0,0.0,0.0,0.0,0.0
0.0,0.0,0.0,0.0,0.0,0.0
0.0,0.0,0.0,0.0,0.0,0.0
0.0,0.0,0.0,0.0,0.0,0.0
0.0,0.0,0.0,0.0,0.0,0.0
0.0,0.0,0.0,0.0,0.0,0.0
0.0,0.0,0.0,0.0,0.0,0.0
0.0,0.0,0.0,0.0,0.0,0.0
0.0,0.0,0.0,0.0,0.0,0.0
63.3,376.3,63.3,478.5,61.2,84.4
63.3,356.3,63.3,498.5,61.2,84.4
3.5,235.1,3.5,251.5,628.7,4.7
121.0,161.8,191.9,213.0,247.9,191.3
126.1,168.5,327.7,1661.2,1184.9,308.4
233.8,312.4,607.5,978.5,1072.9,571.6
122.1,163.2,317.4,1263.9,1611.4,298.7
105.4,140.8,273.8,1796.5,1201.9,257.6
908.6,185.9,361.5,2066.0,1591.2,567.5
549.1,240.0,476.0,1114.8,1744.4,768.9
509.6,221.4,443.1,1073.3,1666.4,742.5
547.7,225.6,450.8,1092.0,1686.1,745.9
583.5,599.5,459.6,1108.2,1744.4,733.3
379.8,686.3,2396.1,1042.7,1624.7,670.8
455.9,685.0,1273.2,1050.1,1625.3,670.5
488.5,728.0,1266.2,1149.7,1790.4,753.7
456.8,690.6,1696.2,1057.0,1654.4,684.2
609.5,786.5,2212.4,1259.9,1918.9,924.7
1705.2,1340.8,2441.3,2378.0,3397.9,4392.5
690.6,867.2,1341.9,1433.2,2229.4,1930.4
510.8,695.3,989.8,1100.3,1663.4,1477.6
1509.5,1074.0,1574.6,1555.1,1658.8,1711.4
444.0,598.8,804.6,266.1,1372.4,1566.4
485.1,722.6,1014.4,493.3,1768.9,762.6
453.8,682.3,941.9,417.7,1663.0,679.2
419.1,635.6,852.7,329.8,1512.2,603.2
425.2,647.2,867.4,348.9,1533.5,620.9
405.4,624.7,821.2,293.7,1457.8,566.0
347.9,532.0,660.7,133.8,1081.7,422.8
448.4,617.2,819.9,283.7,452.4,571.8
454.9,627.8,840.6,304.3,492.7,318.9
406.4,563.7,732.2,189.6,299.3,208.1
378.5,592.4,746.1,226.5,388.5,211.1
381.5,537.6,749.1,218.8,375.3,204.0
335.5,92.5,712.2,181.6,311.5,169.2
89.0,119.0,757.4,233.5,400.6,217.7
65.1,87.1,705.9,170.9,293.1,159.3
84.2,112.6,698.3,221.0,379.1,206.0
111.3,132.6,261.2,260.6,438.9,252.7
130.1,105.9,220.0,209.1,324.4,236.0
149.6,141.7,287.6,279.2,449.6,295.5
156.9,154.7,312.1,304.6,494.8,317.2
54.5,72.9,141.7,143.0,245.4,133.3
90.2,120.5,234.3,236.6,405.8,220.5
106.2,141.9,276.0,278.6,477.8,259.7
709.4,67.2,130.7,131.9,226.3,1127.6
739.5,116.4,226.3,228.5,391.9,1712.9
879.1,1020.6,271.2,273.8,469.7,1786.1
949.2,779.7,1325.9,631.4,447.1,1317.5
1074.9,926.8,1640.3,1237.2,1913.8,579.7
968.6,766.9,1693.8,709.0,2824.9,89.1
1437.8,1256.2,1201.8,697.9,2699.3,79.7
1346.4,1370.4,10.5,654.3,1604.3,14.1
1366.5,1769.3,0.0,648.1,0.0,0.0
479.5,1691.9,468.4,1108.3,811.1,440.7
306.4,602.4,0.0,637.7,0.0,168.5
304.0,269.6,0.0,658.5,0.0,302.8
135.5,484.5,0.0,674.0,0.0,296.9
0.0,475.1,0.0,668.8,0.0,294.6
59.8,496.2,59.8,347.9,57.8,373.1
63.3,249.5,63.3,52.7,598.5,233.4
0.0,0.0,0.0,0.0,0.0,0.0
0.0,0.0,0.0,0.0,0.0,0.0
0.0,0.0,0.0,0.0,0.0,0.0
0.0,0.0,0.0,0.0,0.0,0.0
0.0,0.0,0.0,0.0,0.0,0.0
0.0,0.0,0.0,0.0,0.0,0.0
0.0,0.0,0.0,0.0,0.0,0.0
0.0,0.0,0.0,0.0,0.0,0.0
0.0,0.0,0.0,0.0,0.0,0.0
0.0,0.0,0.0,0.0,0.0,0.0
0.0,0.0,0.0,0.0,0.0,0.0
0.0,0.0,0.0,0.0,0.0,0.0
0.0,0.0,0.0,0.0,0.0,0.0
0.0,0.0,0.0,0.0,0.0,0.0
0.0,0.0,0.0,0.0,0.0,0.0
0.0,0.0,0.0,0.0,0.0,0.0
0.0,0.0,0.0,0.0,0.0,0.0
0.0,0.0,0.0,0.0,0.0,0.0
0.0,0.0,0.0,0.0,0.0,0.0
0.0,0.0,0.0,0.0,0.0,0.0
0.0,0.0,0.0,0.0,0.0,0.0
0.0,0.0,0.0,0.0,0.0,0.0
0.0,0.0,0.0,0.0,0.0,0.0
0.0,0.0,0.0,0.0,0.0,0.0
0.0,0.0,0.0,0.0,0.0,0.0
0.0,0.0,0.0,0.0,0.0,0.0
0.0,0.0,0.0,0.0,0.0,0.0
0.0,0.0,0.0,0.0,0.0,0.0
0.0,0.0,0.0,0.0,0.0,0.0
0.0,0.0,0.0,0.0,0.0,0.0
0.0,0.0,0.0,0.0,0.0,0.0
0.0,0.0,0.0,0.0,0.0,0.0
0.0,0.0,0.0,0.0,0.0,0.0
0.0,0.0,0.0,0.0,0.0,0.0
0.0,0.0,0.0,0.0,0.0,0.0
0.0,272.0,412.3,27.1,423.3,0.0
0.0,233.0,376.2,108.5,417.0,0.0
17.6,7.3,326.3,410.9,349.1,23.4
70.3,29.3,585.7,156.3,68.0,93.8
1416.6,706.2,1719.4,1453.9,1586.8,1675.3
1427.2,893.7,1495.4,1668.1,1464.9,1490.7
1281.6,1129.2,1626.4,1316.4,1519.7,1566.6
344.8,691.7,1021.5,451.3,657.0,1399.8
136.6,629.2,864.3,339.6,577.7,1085.3
197.8,707.6,1032.3,510.4,868.4,1104.9
143.7,645.7,886.2,364.5,810.6,1183.0
299.1,722.5,1030.0,497.9,1755.0,4318.3
590.6,750.2,732.0,575.1,1887.7,1747.2
511.2,691.2,476.4,454.8,1770.0,853.0
530.8,735.0,580.3,518.6,4216.0,3791.7
499.5,744.7,1751.1,1436.2,1930.2,797.4
451.3,677.0,450.7,1222.3,1714.7,662.7
490.1,718.0,515.3,1241.7,4409.3,734.3
1064.3,753.7,1812.1,1903.8,1759.7,755.4
774.1,1436.1,411.8,2208.1,1647.6,677.9
739.9,748.9,492.6,2172.5,1790.3,753.8
1037.5,387.6,457.9,1076.7,1724.8,730.9
960.7,1054.4,456.3,1079.0,1663.5,755.7
932.1,252.9,505.8,1143.1,1758.2,799.5
496.7,207.0,415.9,1037.4,1597.8,711.2
464.4,218.7,428.0,1062.1,1661.7,701.6
496.3,264.7,516.7,1167.8,1139.3,781.4
386.0,403.9,786.7,1441.0,1356.9,1034.1
191.8,246.6,481.5,1132.3,825.7,536.2
190.2,247.7,483.0,1129.3,831.0,457.3
135.0,174.0,339.6,987.1,582.7,322.3
125.0,141.1,279.8,917.8,462.9,274.3
161.4,141.3,290.1,918.9,440.4,304.7
120.9,97.0,201.9,365.1,295.8,217.5
168.0,163.1,329.8,321.1,519.9,336.5
89.3,109.6,215.2,215.3,364.5,206.6
49.5,66.2,128.7,129.9,222.8,121.1
100.3,134.0,260.7,263.1,451.3,245.3
82.2,109.9,213.8,215.8,370.1,201.1
50.1,67.0,130.3,131.5,225.6,122.6
96.7,129.2,251.2,253.6,435.0,236.4
123.3,155.1,303.5,304.5,517.5,289.7
167.9,156.4,318.2,308.2,494.5,328.4
165.1,162.5,328.0,319.9,519.5,333.4
145.4,139.3,282.3,274.4,443.0,289.0
70.5,87.8,172.0,457.6,292.5,164.6
108.5,145.1,282.1,938.1,488.5,265.4
119.0,159.1,309.4,963.0,535.8,291.1
118.1,157.9,879.0,960.6,531.6,288.9
89.7,119.9,1308.8,891.1,403.6,219.3
231.6,136.3,1682.9,926.1,1449.6,249.4
439.9,191.0,1785.8,1023.1,2506.1,349.5
359.1,320.6,617.9,713.8,2366.0,622.7
359.1,579.6,941.8,713.8,1472.1,933.6
361.4,755.5,996.4,711.2,1091.6,1083.9
501.9,848.0,892.5,885.5,956.7,915.4
301.6,307.3,1434.9,731.6,1623.4,601.2
300.5,542.4,1013.0,668.8,1602.4,872.9
300.5,591.8,1005.2,510.7,1708.6,883.3
299.3,847.5,1208.4,0.0,1598.1,1046.8
301.7,929.9,939.2,0.0,1559.5,1214.0
0.0,0.0,0.0,0.0,0.0,0.0
0.0,0.0,0.0,0.0,0.0,0.0
0.0,0.0,0.0,0.0,0.0,0.0
0.0,0.0,0.0,0.0,0.0,0.0
0.0,0.0,0.0,0.0,0.0,0.0
0.0,0.0,0.0,0.0,0.0,0.0
0.0,0.0,0.0,0.0,0.0,0.0
0.0,0.0,0.0,0.0,0.0,0.0
0.0,0.0,0.0,0.0,0.0,0.0
0.0,0.0,0.0,0.0,0.0,0.0
0.0,0.0,0.0,0.0,0.0,0.0
0.0,0.0,0.0,0.0,0.0,0.0
0.0,0.0,0.0,0.0,0.0,0.0
0.0,0.0,0.0,0.0,0.0,0.0
0.0,0.0,0.0,0.0,0.0,0.0
0.0,0.0,0.0,0.0,0.0,0.0
0.0,0.0,0.0,0.0,0.0,0.0
0.0,0.0,0.0,0.0,0.0,0.0
0.0,0.0,0.0,0.0,0.0,0.0
0.0,0.0,0.0,0.0,0.0,0.0
0.0,0.0,0.0,0.0,0.0,0.0
0.0,0.0,0.0,0.0,0.0,0.0
0.0,0.0,0.0,0.0,0.0,0.0
0.0,0.0,0.0,0.0,0.0,0.0
0.0,0.0,0.0,0.0,0.0,0.0
0.0,0.0,0.0,0.0,0.0,0.0
0.0,0.0,0.0,0.0,0.0,0.0
0.0,0.0,0.0,0.0,0.0,0.0
0.0,0.0,0.0,0.0,0.0,0.0
0.0,0.0,0.0,0.0,0.0,0.0
0.0,0.0,0.0,0.0,0.0,0.0
0.0,0.0,0.0,0.0,0.0,0.0
0.0,0.0,0.0,0.0,0.0,0.0
0.0,0.0,0.0,0.0,0.0,0.0
0.0,0.0,0.0,0.0,0.0,0.0
279.9,345.7,672.9,1326.8,1162.6,634.6
473.1,230.7,448.5,756.1,776.7,422.0
452.9,206.9,402.3,447.7,696.7,448.1
367.6,96.0,220.7,849.6,323.3,471.5
172.2,242.1,795.4,912.8,440.7,534.1
72.0,569.4,723.6,839.5,323.8,313.8
56.9,547.4,680.2,312.6,256.0,139.1
167.1,388.9,472.2,331.3,540.6,342.1
140.4,126.2,258.0,248.7,395.6,269.0
127.1,145.0,234.6,226.3,820.6,244.2
142.6,668.1,365.0,367.8,1575.7,344.8
122.6,640.8,318.6,321.6,1494.3,318.6
244.8,800.4,636.3,642.3,1542.9,899.2
169.5,345.3,440.5,444.7,823.1,712.6
146.4,195.7,380.5,384.1,1620.4,653.8
120.8,161.4,313.8,316.8,1497.4,369.5
108.0,144.3,280.7,283.3,1432.5,264.1
171.1,160.8,451.8,316.7,509.1,336.3
170.6,169.8,874.5,334.2,544.0,346.7
157.0,158.1,848.3,311.2,507.7,321.4
89.8,120.1,481.6,235.7,404.3,219.7
116.3,155.4,302.3,305.1,523.4,284.4
108.7,145.2,282.4,285.1,489.0,265.7
135.9,181.6,353.2,356.5,611.5,332.3
177.9,237.8,462.4,466.8,800.7,435.1
140.9,188.3,366.2,369.7,634.1,344.5
151.4,192.6,376.6,378.3,644.0,358.5
258.7,281.1,559.9,552.8,915.7,554.4
197.2,205.4,411.3,404.1,663.8,411.9
180.3,202.1,401.1,397.5,662.2,394.0
194.9,260.5,506.6,511.4,877.2,476.7
130.4,174.3,338.9,342.1,586.8,318.9
143.5,191.8,372.9,376.4,645.7,350.9
208.2,278.3,541.2,546.3,937.1,509.2
137.1,183.2,356.3,359.7,617.0,335.3
152.9,204.4,397.5,401.3,688.3,374.0
214.1,250.6,494.6,492.5,826.9,480.6
213.3,223.6,447.4,439.9,723.7,447.2
218.3,233.6,466.2,459.5,758.9,463.5
196.5,227.1,448.9,446.3,747.7,437.6
157.0,209.8,407.9,411.8,706.4,383.8
181.2,242.1,470.8,475.3,815.3,443.0
148.7,198.8,386.5,390.2,669.2,363.7
152.7,204.1,396.8,400.5,687.1,373.3
303.6,238.9,464.5,469.0,804.4,437.1
1029.9,229.2,445.7,1576.7,771.7,1783.8
803.3,228.3,451.3,2602.2,3301.4,1198.2
1201.5,736.7,291.6,793.2,1498.7,2146.6
847.0,674.2,604.2,1582.0,649.1,1351.6
796.8,48.6,567.5,2424.1,56.0,1815.2
925.5,298.5,528.1,1347.7,862.6,1643.4
986.7,620.8,708.8,1223.9,1025.3,1142.7
953.8,118.5,754.4,1046.3,841.1,1285.9
978.6,297.9,718.9,931.8,1071.9,1000.9
833.3,833.3,833.3,833.3,833.3,833.3
753.6,473.2,937.8,609.2,858.2,1368.0
637.9,487.0,620.1,35.2,955.2,2264.6
199.1,195.5,210.7,55.7,209.4,251.8
0.0,0.0,0.0,0.0,0.0,0.0
0.0,0.0,0.0,0.0,0.0,0.0
0.0,0.0,0.0,0.0,0.0,0.0
0.0,0.0,0.0,0.0,0.0,0.0
0.0,0.0,0.0,0.0,0.0,0.0
0.0,0.0,0.0,0.0,0.0,0.0
0.0,0.0,0.0,0.0,0.0,0.0
0.0,0.0,0.0,0.0,0.0,0.0
0.0,0.0,0.0,0.0,0.0,0.0
0.0,0.0,0.0,0.0,0.0,0.0
0.0,0.0,0.0,0.0,0.0,0.0
0.0,0.0,0.0,0.0,0.0,0.0
0.0,0.0,0.0,0.0,0.0,0.0
0.0,0.0,0.0,0.0,0.0,0.0
0.0,0.0,0.0,0.0,0.0,0.0
0.0,0.0,0.0,0.0,0.0,0.0
0.0,0.0,0.0,0.0,0.0,0.0
0.0,0.0,0.0,0.0,0.0,0.0
0.0,0.0,0.0,0.0,0.0,0.0
0.0,0.0,0.0,0.0,0.0,0.0
0.0,0.0,0.0,0.0,0.0,0.0
0.0,0.0,0.0,0.0,0.0,0.0
0.0,0.0,0.0,0.0,0.0,0.0
0.0,0.0,0.0,0.0,0.0,0.0
0.0,0.0,0.0,0.0,0.0,0.0
0.0,0.0,0.0,0.0,0.0,0.0
0.0,0.0,0.0,0.0,0.0,0.0
0.0,0.0,0.0,0.0,0.0,0.0
0.0,0.0,0.0,0.0,0.0,0.0
0.0,0.0,0.0,0.0,0.0,0.0
0.0,0.0,0.0,0.0,0.0,0.0
0.0,0.0,0.0,0.0,0.0,0.0
0.0,0.0,0.0,0.0,0.0,0.0
0.0,0.0,0.0,0.0,0.0,0.0
0.0,0.0,0.0,0.0,0.0,0.0
0.0,0.0,0.0,0.0,0.0,0.0
0.0,0.0,0.0,0.0,0.0,0.0
0.0,0.0,0.0,0.0,0.0,0.0
0.0,0.0,0.0,0.0,0.0,0.0
0.0,0.0,0.0,0.0,0.0,0.0
0.0,0.0,0.0,0.0,0.0,0.0
0.0,0.0,0.0,0.0,0.0,0.0
0.0,0.0,0.0,0.0,0.0,0.0
0.0,0.0,0.0,0.0,0.0,0.0
0.0,0.0,0.0,0.0,0.0,0.0
0.0,0.0,0.0,0.0,0.0,0.0
0.0,0.0,0.0,0.0,0.0,0.0
0.0,0.0,0.0,0.0,0.0,0.0
0.0,0.0,0.0,0.0,0.0,0.0
0.0,0.0,0.0,0.0,0.0,0.0
0.0,0.0,0.0,0.0,0.0,0.0
0.0,0.0,0.0,0.0,0.0,0.0
0.0,0.0,0.0,0.0,0.0,0.0
0.0,0.0,0.0,0.0,0.0,0.0
0.0,0.0,0.0,0.0,0.0,0.0
0.0,0.0,0.0,0.0,0.0,0.0
0.0,0.0,0.0,0.0,0.0,0.0
0.0,0.0,0.0,0.0,0.0,0.0
0.0,0.0,0.0,0.0,0.0,0.0
0.0,0.0,0.0,0.0,0.0,0.0
0.0,0.0,0.0,0.0,0.0,0.0
0.0,0.0,0.0,0.0,0.0,0.0
0.0,0.0,0.0,0.0,0.0,0.0
0.0,0.0,0.0,0.0,0.0,0.0
0.0,0.0,0.0,0.0,0.0,0.0
0.0,0.0,0.0,0.0,0.0,0.0
0.0,0.0,0.0,0.0,0.0,0.0
0.0,0.0,0.0,0.0,0.0,0.0
0.0,0.0,0.0,0.0,0.0,0.0
0.0,0.0,0.0,0.0,0.0,0.0
0.0,0.0,0.0,0.0,0.0,0.0
0.0,0.0,0.0,0.0,0.0,0.0
0.0,0.0,0.0,0.0,0.0,0.0
0.0,0.0,0.0,0.0,0.0,0.0
0.0,0.0,0.0,0.0,0.0,0.0
0.0,0.0,0.0,0.0,0.0,0.0
0.0,0.0,0.0,0.0,0.0,0.0
0.0,0.0,0.0,0.0,0.0,0.0
0.0,0.0,0.0,0.0,0.0,0.0
0.0,0.0,0.0,0.0,0.0,0.0
0.0,0.0,0.0,0.0,0.0,0.0
0.0,0.0,0.0,0.0,0.0,0.0
0.0,0.0,0.0,0.0,0.0,0.0
0.0,0.0,0.0,0.0,0.0,0.0
0.0,0.0,0.0,0.0,0.0,0.0
0.0,0.0,0.0,0.0,0.0,0.0
0.0,0.0,0.0,0.0,0.0,0.0
0.0,0.0,0.0,0.0,0.0,0.0
0.0,0.0,0.0,0.0,0.0,0.0
0.0,0.0,0.0,0.0,0.0,0.0
0.0,0.0,0.0,0.0,0.0,0.0
0.0,0.0,0.0,0.0,0.0,0.0
0.0,0.0,0.0,0.0,0.0,0.0
0.0,0.0,0.0,0.0,0.0,0.0
0.0,0.0,0.0,0.0,0.0,0.0
0.0,0.0,0.0,0.0,0.0,0.0
0.0,0.0,0.0,0.0,0.0,0.0
0.0,0.0,0.0,0.0,0.0,0.0
0.0,0.0,0.0,0.0,0.0,0.0
0.0,0.0,0.0,0.0,0.0,0.0
0.0,0.0,0.0,0.0,0.0,0.0
0.0,0.0,0.0,0.0,0.0,0.0
0.0,0.0,0.0,0.0,0.0,0.0
0.0,0.0,0.0,0.0,0.0,0.0
0.0,0.0,0.0,0.0,0.0,0.0
0.0,0.0,0.0,0.0,0.0,0.0
0.0,0.0,0.0,0.0,0.0,0.0
0.0,0.0,0.0,0.0,0.0,0.0
0.0,0.0,0.0,0.0,0.0,0.0
0.0,0.0,0.0,0.0,0.0,0.0
0.0,0.0,0.0,0.0,0.0,0.0
0.0,0.0,0.0,0.0,0.0,0.0
0.0,0.0,0.0,0.0,0.0,0.0
0.0,0.0,0.0,0.0,0.0,0.0
0.0,0.0,0.0,0.0,0.0,0.0
0.0,0.0,0.0,0.0,0.0,0.0
0.0,0.0,0.0,0.0,0.0,0.0
0.0,0.0,0.0,0.0,0.0,0.0
0.0,0.0,0.0,0.0,0.0,0.0
0.0,0.0,0.0,0.0,0.0,0.0
0.0,0.0,0.0,0.0,0.0,0.0
0.0,0.0,0.0,0.0,0.0,0.0
0.0,0.0,0.0,0.0,0.0,0.0
0.0,0.0,0.0,0.0,0.0,0.0
0.0,0.0,0.0,0.0,0.0,0.0
0.0,0.0,0.0,0.0,0.0,0.0
0.0,0.0,0.0,0.0,0.0,0.0
0.0,0.0,0.0,0.0,0.0,0.0
0.0,0.0,0.0,0.0,0.0,0.0
0.0,0.0,0.0,0.0,0.0,0.0
0.0,0.0,0.0,0.0,0.0,0.0
0.0,0.0,0.0,0.0,0.0,0.0
0.0,0.0,0.0,0.0,0.0,0.0
0.0,0.0,0.0,0.0,0.0,0.0
0.0,0.0,0.0,0.0,0.0,0.0
0.0,0.0,0.0,0.0,0.0,0.0
0.0,0.0,0.0,0.0,0.0,0.0
0.0,0.0,0.0,0.0,0.0,0.0
0.0,0.0,0.0,0.0,0.0,0.0
0.0,0.0,0.0,0.0,0.0,0.0
0.0,0.0,0.0,0.0,0.0,0.0
0.0,0.0,0.0,0.0,0.0,0.0
0.0,0.0,0.0,0.0,0.0,0.0
0.0,0.0,0.0,0.0,0.0,0.0
0.0,0.0,0.0,0.0,0.0,0.0
0.0,0.0,0.0,0.0,0.0,0.0
0.0,0.0,0.0,0.0,0.0,0.0
0.0,0.0,0.0,0.0,0.0,0.0
0.0,0.0,0.0,0.0,0.0,0.0
0.0,0.0,0.0,0.0,0.0,0.0
0.0,0.0,0.0,0.0,0.0,0.0
0.0,0.0,0.0,0.0,0.0,0.0
0.0,0.0,0.0,0.0,0.0,0.0
0.0,0.0,0.0,0.0,0.0,0.0
0.0,0.0,0.0,0.0,0.0,0.0
0.0,0.0,0.0,0.0,0.0,0.0
0.0,0.0,0.0,0.0,0.0,0.0
0.0,0.0,0.0,0.0,0.0,0.0
0.0,0.0,0.0,0.0,0.0,0.0
0.0,0.0,0.0,0.0,0.0,0.0
0.0,0.0,0.0,0.0,0.0,0.0
0.0,0.0,0.0,0.0,0.0,0.0
0.0,0.0,0.0,0.0,0.0,0.0
0.0,0.0,0.0,0.0,0.0,0.0
0.0,0.0,0.0,0.0,0.0,0.0
0.0,0.0,0.0,0.0,0.0,0.0
0.0,0.0,0.0,0.0,0.0,0.0
0.0,0.0,0.0,0.0,0.0,0.0
0.0,0.0,0.0,0.0,0.0,0.0
0.0,0.0,0.0,0.0,0.0,0.0
0.0,0.0,0.0,0.0,0.0,0.0
0.0,0.0,0.0,0.0,0.0,0.0
0.0,0.0,0.0,0.0,0.0,0.0
0.0,0.0,0.0,0.0,0.0,0.0
0.0,0.0,0.0,0.0,0.0,0.0
0.0,0.0,0.0,0.0,0.0,0.0
0.0,0.0,0.0,0.0,0.0,0.0
0.0,0.0,0.0,0.0,0.0,0.0
0.0,0.0,0.0,0.0,0.0,0.0
0.0,0.0,0.0,0.0,0.0,0.0
0.0,0.0,0.0,0.0,0.0,0.0
0.0,0.0,0.0,0.0,0.0,0.0
0.0,0.0,0.0,0.0,0.0,0.0
0.0,0.0,0.0,0.0,0.0,0.0
0.0,0.0,0.0,0.0,0.0,0.0
0.0,0.0,0.0,0.0,0.0,0.0
0.0,0.0,0.0,0.0,0.0,0.0
0.0,0.0,0.0,0.0,0.0,0.0
0.0,0.0,0.0,0.0,0.0,0.0
0.0,0.0,0.0,0.0,0.0,0.0
0.0,0.0,0.0,0.0,0.0,0.0
0.0,0.0,0.0,0.0,0.0,0.0
0.0,0.0,0.0,0.0,0.0,0.0
0.0,0.0,0.0,0.0,0.0,0.0
0.0,0.0,0.0,0.0,0.0,0.0
0.0,0.0,0.0,0.0,0.0,0.0
0.0,0.0,0.0,0.0,0.0,0.0
0.0,0.0,0.0,0.0,0.0,0.0
0.0,0.0,0.0,0.0,0.0,0.0
0.0,0.0,0.0,0.0,0.0,0.0
0.0,0.0,0.0,0.0,0.0,0.0
0.0,0.0,0.0,0.0,0.0,0.0
0.0,0.0,0.0,0.0,0.0,0.0
0.0,0.0,0.0,0.0,0.0,0.0
0.0,0.0,0.0,0.0,0.0,0.0
0.0,0.0,0.0,0.0,0.0,0.0
0.0,0.0,0.0,0.0,0.0,0.0
0.0,0.0,0.0,0.0,0.0,0.0
0.0,0.0,0.0,0.0,0.0,0.0
0.0,0.0,0.0,0.0,0.0,0.0
0.0,0.0,0.0,0.0,0.0,0.0
0.0,0.0,0.0,0.0,0.0,0.0
0.0,0.0,0.0,0.0,0.0,0.0
0.0,0.0,0.0,0.0,0.0,0.0
0.0,0.0,0.0,0.0,0.0,0.0
0.0,0.0,0.0,0.0,0.0,0.0
0.0,0.0,0.0,0.0,0.0,0.0
0.0,0.0,0.0,0.0,0.0,0.0
0.0,0.0,0.0,0.0,0.0,0.0
0.0,0.0,0.0,0.0,0.0,0.0
0.0,0.0,0.0,0.0,0.0,0.0
0.0,0.0,0.0,0.0,0.0,0.0
0.0,0.0,0.0,0.0,0.0,0.0
0.0,0.0,0.0,0.0,0.0,0.0
0.0,0.0,0.0,0.0,0.0,0.0
0.0,0.0,0.0,0.0,0.0,0.0
0.0,0.0,0.0,0.0,0.0,0.0
0.0,0.0,0.0,0.0,0.0,0.0
0.0,0.0,0.0,0.0,0.0,0.0
0.0,0.0,0.0,0.0,0.0,0.0
0.0,0.0,0.0,0.0,0.0,0.0
0.0,0.0,0.0,0.0,0.0,0.0
0.0,0.0,0.0,0.0,0.0,0.0
0.0,0.0,0.0,0.0,0.0,0.0
0.0,0.0,0.0,0.0,0.0,0.0
0.0,0.0,0.0,0.0,0.0,0.0
0.0,0.0,0.0,0.0,0.0,0.0
0.0,0.0,0.0,0.0,0.0,0.0
0.0,0.0,0.0,0.0,0.0,0.0
0.0,0.0,0.0,0.0,0.0,0.0
0.0,0.0,0.0,0.0,0.0,0.0
0.0,0.0,0.0,0.0,0.0,0.0
0.0,0.0,0.0,0.0,0.0,0.0
0.0,0.0,0.0,0.0,0.0,0.0
0.0,0.0,0.0,0.0,0.0,0.0
0.0,0.0,0.0,0.0,0.0,0.0
0.0,0.0,0.0,0.0,0.0,0.0
0.0,0.0,0.0,0.0,0.0,0.0
0.0,0.0,0.0,0.0,0.0,0.0
0.0,0.0,0.0,0.0,0.0,0.0
0.0,0.0,0.0,0.0,0.0,0.0
0.0,0.0,0.0,0.0,0.0,0.0
0.0,0.0,0.0,0.0,0.0,0.0
0.0,0.0,0.0,0.0,0.0,0.0
0.0,0.0,0.0,0.0,0.0,0.0
0.0,0.0,0.0,0.0,0.0,0.0
0.0,0.0,0.0,0.0,0.0,0.0
0.0,0.0,0.0,0.0,0.0,0.0
0.0,0.0,0.0,0.0,0.0,0.0
84.3,112.7,513.9,221.2,379.4,206.2
77.3,103.4,735.5,202.9,348.1,189.2
113.3,132.0,498.3,259.5,435.4,253.6
162.6,152.6,310.1,300.7,483.2,319.4
139.7,128.5,261.9,253.2,405.1,271.3
144.3,144.3,290.7,284.1,463.0,294.2
84.3,112.7,219.0,221.1,379.3,206.1
75.6,101.1,196.6,558.8,340.4,185.0
260.0,128.6,250.1,905.7,433.0,235.3
378.9,109.6,213.0,505.4,368.9,200.5
207.5,101.0,196.3,198.2,339.9,184.7
105.6,141.2,274.5,277.1,475.4,422.1
117.2,124.4,248.5,244.7,403.4,544.6
143.9,130.9,267.3,258.0,411.7,409.7
183.8,187.5,376.6,369.0,603.6,379.2
149.1,157.2,314.4,309.3,509.4,313.7
100.6,134.5,261.5,264.0,452.8,516.9
129.6,173.2,336.7,339.9,583.1,1869.3
88.1,117.7,228.9,231.1,396.4,1641.3
80.0,123.9,208.0,210.0,360.2,1947.9
121.9,514.0,316.8,319.9,548.7,408.0
925.0,784.2,918.0,903.9,933.7,957.1
424.2,899.2,130.1,108.4,125.8,271.2
434.8,594.8,80.9,67.4,749.4,1908.8
168.6,474.7,63.3,52.7,985.0,1771.7
201.5,429.4,45.7,92.4,817.2,1031.6
277.8,1348.4,0.0,1123.3,0.0,764.4
406.7,1073.8,0.0,1052.8,54.9,701.1
321.3,360.5,0.0,1557.5,1137.4,1551.8
446.8,294.0,0.0,97.7,1065.9,1440.2
58.2,51.6,0.0,48.6,71.2,57.2
0.0,0.0,0.0,0.0,0.0,0.0
0.0,0.0,0.0,0.0,0.0,0.0
0.0,0.0,0.0,0.0,0.0,0.0
0.0,0.0,0.0,0.0,0.0,0.0
0.0,0.0,0.0,0.0,0.0,0.0
0.0,0.0,0.0,0.0,0.0,0.0
0.0,0.0,0.0,0.0,0.0,0.0
0.0,0.0,0.0,0.0,0.0,0.0
0.0,0.0,0.0,0.0,0.0,0.0
0.0,0.0,0.0,0.0,0.0,0.0
0.0,0.0,0.0,0.0,0.0,0.0
0.0,0.0,0.0,0.0,0.0,0.0
0.0,0.0,0.0,0.0,0.0,0.0
0.0,0.0,0.0,0.0,0.0,0.0
0.0,0.0,0.0,0.0,0.0,0.0
0.0,0.0,0.0,0.0,0.0,0.0
0.0,0.0,0.0,0.0,0.0,0.0
0.0,0.0,0.0,0.0,0.0,0.0
0.0,0.0,0.0,0.0,0.0,0.0
0.0,0.0,0.0,0.0,0.0,0.0
0.0,0.0,0.0,0.0,0.0,0.0
0.0,0.0,0.0,0.0,0.0,0.0
0.0,0.0,0.0,0.0,0.0,0.0
0.0,0.0,0.0,0.0,0.0,0.0
0.0,0.0,0.0,0.0,0.0,0.0
0.0,0.0,0.0,0.0,0.0,0.0
0.0,0.0,0.0,0.0,0.0,0.0
0.0,0.0,0.0,0.0,0.0,0.0
0.0,0.0,0.0,0.0,0.0,0.0
0.0,0.0,0.0,0.0,0.0,0.0
0.0,0.0,0.0,0.0,0.0,0.0
0.0,0.0,0.0,0.0,0.0,0.0
0.0,0.0,0.0,0.0,0.0,0.0
0.0,0.0,0.0,0.0,0.0,0.0
0.0,0.0,0.0,0.0,0.0,0.0
0.0,0.0,0.0,0.0,0.0,0.0
410.4,620.0,540.2,593.7,798.6,277.6
490.2,559.7,554.1,557.4,597.6,481.4
541.4,552.0,548.0,550.1,573.2,475.9
540.1,540.1,540.1,540.1,540.1,540.1
1265.9,1381.8,1348.1,1464.2,4293.5,765.5
1240.5,1337.2,869.7,1277.3,3016.9,346.2
913.3,1707.8,913.2,1677.9,3002.4,527.3
860.2,876.9,908.7,2150.6,4167.2,385.0
956.1,1314.6,1224.9,2430.7,1209.5,665.8
673.3,769.7,892.4,3074.8,649.2,352.8
559.1,176.1,1106.0,2139.4,593.0,322.2
467.3,125.0,1309.9,1495.8,420.9,228.7
717.5,251.3,1466.3,1499.0,1283.4,1017.5
896.4,143.0,1074.5,1372.1,1424.2,1277.8
0.0,0.0,1079.9,1121.2,935.1,1913.9
63.3,26.4,2097.3,1033.4,1000.1,1149.8
63.3,26.4,1195.6,1442.0,1011.4,1017.9
59.8,24.9,1051.9,2121.1,996.7,1454.3
14.1,5.9,1010.3,11.7,948.7,1578.0
0.0,0.0,1081.1,0.0,935.1,1337.3
0.0,0.0,1110.7,0.0,927.6,1207.5
0.0,0.0,971.4,0.0,920.0,1591.9
0.0,258.3,1376.2,0.0,920.0,2224.0
0.0,471.3,2051.8,0.0,935.1,1201.9
80.9,477.0,0.0,0.0,946.4,2789.2
443.5,523.1,469.0,461.7,1123.0,2198.2
468.0,180.4,653.3,355.0,579.6,1929.6
718.4,359.8,1241.3,707.3,1185.5,2164.4
569.0,211.7,950.2,415.7,708.1,1503.6
372.6,159.9,635.4,313.8,1054.8,2377.0
270.2,148.6,289.0,1100.3,2261.7,494.9
82.1,349.3,187.9,2409.2,3526.6,1104.7
201.4,852.6,309.1,1592.8,2408.9,2232.3
325.8,605.1,398.3,1536.3,1838.1,374.8
105.4,495.3,273.9,1684.5,1540.3,257.8
177.2,497.9,342.5,1708.0,1272.9,351.3
188.7,421.3,389.3,2627.7,2235.6,391.1
163.5,660.5,733.7,816.4,623.6,333.4
110.1,171.2,1384.6,1101.1,1305.7,261.4
129.4,430.8,976.8,2065.3,2329.8,316.6
135.4,720.2,919.0,355.2,609.3,492.5
86.7,115.9,751.7,227.5,390.2,506.6
107.7,144.0,643.5,282.6,484.8,561.5
140.0,187.1,1158.7,367.2,629.9,522.5
116.0,148.6,339.1,291.8,497.3,275.9
263.4,284.2,566.6,558.9,924.6,562.1
63.3,26.4,63.3,488.3,61.2,84.4
995.9,537.7,995.1,1050.0,989.6,1144.6
268.7,24.9,59.8,703.1,1502.0,1668.8
91.0,29.3,70.3,603.0,3034.4,1411.1
205.6,0.0,0.0,645.5,3190.5,1197.5
464.4,0.0,0.0,650.7,3148.6,975.4
420.1,0.0,32.6,640.3,3107.2,799.8
247.5,0.0,966.5,640.3,2118.4,1027.3
325.1,13.2,134.8,551.3,1149.3,838.0
0.0,0.0,0.0,0.0,0.0,0.0
0.0,0.0,0.0,0.0,0.0,0.0
0.0,0.0,0.0,0.0,0.0,0.0
0.0,0.0,0.0,0.0,0.0,0.0
0.0,0.0,0.0,0.0,0.0,0.0
0.0,0.0,0.0,0.0,0.0,0.0
0.0,0.0,0.0,0.0,0.0,0.0
0.0,0.0,0.0,0.0,0.0,0.0
0.0,0.0,0.0,0.0,0.0,0.0
0.0,0.0,0.0,0.0,0.0,0.0
0.0,0.0,0.0,0.0,0.0,0.0
0.0,0.0,0.0,0.0,0.0,0.0
0.0,0.0,0.0,0.0,0.0,0.0
0.0,0.0,0.0,0.0,0.0,0.0
0.0,0.0,0.0,0.0,0.0,0.0
0.0,0.0,0.0,0.0,0.0,0.0
0.0,0.0,0.0,0.0,0.0,0.0
0.0,0.0,0.0,0.0,0.0,0.0
0.0,0.0,0.0,0.0,0.0,0.0
0.0,0.0,0.0,0.0,0.0,0.0
0.0,0.0,0.0,0.0,0.0,0.0
0.0,0.0,0.0,0.0,0.0,0.0
0.0,0.0,0.0,0.0,0.0,0.0
0.0,0.0,0.0,0.0,0.0,0.0
0.0,0.0,0.0,0.0,0.0,0.0
0.0,0.0,0.0,0.0,0.0,0.0
0.0,0.0,0.0,0.0,0.0,0.0
0.0,0.0,0.0,0.0,0.0,0.0
0.0,0.0,0.0,0.0,0.0,0.0
0.0,0.0,0.0,0.0,0.0,0.0
0.0,0.0,0.0,0.0,0.0,0.0
0.0,0.0,0.0,0.0,0.0,0.0
0.0,0.0,0.0,0.0,0.0,0.0
0.0,0.0,0.0,0.0,0.0,0.0
0.0,0.0,0.0,0.0,0.0,0.0
0.0,0.0,0.0,0.0,0.0,0.0
0.0,0.0,0.0,0.0,0.0,0.0
0.0,0.0,0.0,0.0,0.0,0.0
0.0,0.0,0.0,0.0,0.0,0.0
0.0,0.0,0.0,0.0,0.0,0.0
0.0,0.0,0.0,0.0,0.0,0.0
63.3,26.4,63.3,1061.7,1791.8,383.7
236.6,274.1,541.7,1233.4,2094.5,822.2
361.7,483.5,940.1,949.0,1627.9,1179.2
365.1,488.0,2733.9,958.0,1643.2,1187.5
133.4,178.3,1346.2,350.0,600.4,622.0
86.8,572.3,913.6,855.1,390.7,505.7
90.6,601.9,235.5,898.8,407.8,253.4
354.6,569.8,180.4,838.0,312.5,1849.3
420.9,602.4,251.1,902.6,405.3,1191.9
445.1,613.9,275.1,924.4,425.3,932.5
430.2,589.6,242.0,881.3,1283.2,252.6
417.9,1518.7,257.6,902.5,1383.3,254.8
364.4,1078.6,694.7,831.3,1268.2,170.7
369.5,927.2,735.6,847.3,1291.2,183.2
386.5,592.3,775.4,886.5,1371.2,224.7
357.2,133.0,696.2,231.1,1219.0,150.1
438.6,194.1,916.2,381.1,1596.3,355.2
150.1,158.2,837.8,310.5,1475.2,289.4
118.9,123.4,777.5,242.8,1345.1,247.9
144.8,128.9,794.2,254.0,1342.1,275.9
334.7,159.1,854.4,313.3,608.3,329.2
1508.1,572.5,1856.2,1141.2,1976.5,1693.9
372.6,132.6,327.8,634.7,1378.9,280.8
225.6,566.6,575.1,1240.4,1718.2,543.9
97.3,610.8,252.9,755.7,438.0,238.0
72.2,460.3,187.6,189.4,324.8,176.5
212.6,284.1,552.5,557.7,956.7,519.9
83.7,111.8,217.5,219.5,376.6,204.6
134.6,137.9,276.8,271.4,444.3,278.4
207.0,212.0,730.9,417.2,683.0,428.0
135.4,122.8,791.6,242.0,385.8,260.8
96.5,103.0,615.1,202.7,334.7,204.6
98.9,132.1,256.9,259.4,444.9,241.8
231.5,309.4,601.7,607.4,1041.8,566.1
266.0,355.6,691.4,698.0,1197.3,650.6
91.0,121.7,236.6,238.9,409.8,222.7
72.2,96.5,187.7,189.5,325.1,176.6
79.8,106.6,207.3,209.3,359.0,195.1
139.4,134.6,272.4,265.1,428.7,278.4
143.2,130.0,265.4,256.2,408.5,276.0
149.7,141.9,287.9,279.5,450.1,295.8
73.4,91.7,179.6,180.1,305.6,171.8
81.4,108.8,211.5,213.5,366.2,199.0
93.6,125.2,243.4,245.7,421.4,398.7
61.2,81.8,159.0,160.5,275.3,450.1
111.7,149.3,290.4,293.2,502.8,500.7
142.4,816.9,370.2,373.7,641.0,348.3
97.3,877.6,235.9,1466.1,2509.8,226.1
160.8,1087.0,305.5,1223.9,2066.8,315.1
531.0,1046.6,1007.0,1085.1,1216.8,1002.6
243.0,890.4,547.3,1320.2,1717.7,1170.5
173.8,925.3,451.8,1397.9,1862.3,1078.0
174.7,855.5,454.1,1143.1,1452.1,920.5
833.6,838.5,493.7,915.4,1020.2,898.6
659.9,743.5,10.5,1062.8,1532.5,990.6
769.6,769.6,769.6,769.6,769.6,769.6
0.0,0.0,0.0,0.0,0.0,0.0
0.0,0.0,0.0,0.0,0.0,0.0
0.0,0.0,0.0,0.0,0.0,0.0
0.0,0.0,0.0,0.0,0.0,0.0
0.0,0.0,0.0,0.0,0.0,0.0
0.0,0.0,0.0,0.0,0.0,0.0
0.0,0.0,0.0,0.0,0.0,0.0
0.0,0.0,0.0,0.0,0.0,0.0
0.0,0.0,0.0,0.0,0.0,0.0
0.0,0.0,0.0,0.0,0.0,0.0
0.0,0.0,0.0,0.0,0.0,0.0
0.0,0.0,0.0,0.0,0.0,0.0
0.0,0.0,0.0,0.0,0.0,0.0
0.0,0.0,0.0,0.0,0.0,0.0
0.0,0.0,0.0,0.0,0.0,0.0
0.0,0.0,0.0,0.0,0.0,0.0
0.0,0.0,0.0,0.0,0.0,0.0
0.0,0.0,0.0,0.0,0.0,0.0
0.0,0.0,0.0,0.0,0.0,0.0
0.0,0.0,0.0,0.0,0.0,0.0
0.0,0.0,0.0,0.0,0.0,0.0
0.0,0.0,0.0,0.0,0.0,0.0
0.0,0.0,0.0,0.0,0.0,0.0
0.0,0.0,0.0,0.0,0.0,0.0
0.0,0.0,0.0,0.0,0.0,0.0
0.0,0.0,0.0,0.0,0.0,0.0
0.0,0.0,0.0,0.0,0.0,0.0
0.0,0.0,0.0,0.0,0.0,0.0
0.0,0.0,0.0,0.0,0.0,0.0
0.0,0.0,0.0,0.0,0.0,0.0
0.0,0.0,0.0,0.0,0.0,0.0
0.0,0.0,0.0,0.0,0.0,0.0
0.0,0.0,0.0,0.0,0.0,0.0
0.0,0.0,0.0,0.0,0.0,0.0
0.0,0.0,0.0,0.0,0.0,0.0
0.0,0.0,0.0,0.0,0.0,0.0
0.0,0.0,0.0,0.0,0.0,0.0
0.0,0.0,0.0,0.0,0.0,0.0
0.0,0.0,0.0,0.0,0.0,0.0
0.0,0.0,0.0,0.0,0.0,0.0
466.2,586.2,425.5,944.2,731.5,403.2
602.6,348.4,691.5,1341.0,1141.0,679.7
621.8,375.7,744.6,1379.0,1232.8,729.6
431.9,129.9,265.3,893.7,408.2,510.3
438.9,160.5,318.8,950.8,525.2,611.9
346.2,70.6,137.3,786.7,237.7,420.2
352.2,73.8,143.6,790.4,248.6,424.9
397.9,135.0,262.5,918.3,454.6,535.7
352.5,74.3,144.4,799.1,250.1,430.5
65.5,78.1,151.8,806.6,262.9,436.3
94.8,502.0,246.5,264.4,426.8,528.9
123.6,584.0,220.0,210.9,332.5,528.8
129.3,577.1,229.2,219.6,345.8,538.9
144.1,601.4,279.0,271.1,437.3,293.0
75.7,550.1,174.2,173.4,290.9,169.4
67.8,561.9,176.2,177.8,305.0,165.7
72.7,566.6,188.9,190.7,327.1,177.7
67.1,564.7,596.4,176.0,301.8,164.0
71.8,571.1,723.3,188.5,323.3,175.7
67.1,564.8,698.3,176.1,1052.4,164.1
70.7,105.8,705.5,185.5,1272.1,172.9
146.0,133.7,792.4,263.5,1352.5,282.8
128.8,110.6,758.1,218.2,1271.0,240.6
129.6,118.3,769.5,233.1,1296.0,250.6
91.3,115.6,760.6,227.0,1328.8,215.5
58.2,77.8,685.8,152.7,1200.8,142.3
65.0,86.9,703.5,170.6,1242.9,159.0
94.5,126.3,258.4,248.0,1375.6,231.1
68.9,92.1,179.2,180.9,1260.4,168.6
69.6,93.1,181.0,182.7,336.1,170.3
153.2,204.7,398.1,401.8,689.3,374.6
125.6,103.2,214.0,203.7,316.8,229.0
128.7,110.6,227.7,218.1,343.1,240.4
206.4,220.9,440.8,434.5,717.6,438.2
151.8,193.2,377.7,379.5,646.0,359.6
112.6,150.5,292.7,295.5,506.8,275.4
109.9,146.9,285.7,288.4,494.7,268.8
85.4,114.2,222.0,224.2,384.5,208.9
82.3,110.0,213.9,215.9,370.4,201.3
124.1,165.9,322.6,325.6,558.6,303.5
78.7,105.2,204.5,206.4,354.0,192.4
148.6,140.4,285.1,276.6,445.2,293.1
174.6,175.1,352.5,344.7,562.1,356.6
113.2,93.1,193.1,183.8,286.0,206.6
103.0,434.4,239.5,238.7,1042.3,232.2
136.5,756.1,354.7,358.1,1572.0,333.8
269.7,1183.8,180.3,182.0,1281.3,169.7
477.9,461.8,464.3,468.7,1761.7,436.8
432.6,310.8,337.3,340.5,1526.7,317.4
373.5,763.9,192.7,194.6,1246.3,181.4
501.1,276.0,536.7,541.9,1845.7,853.0
404.1,110.5,224.9,217.7,1280.4,2436.2
475.5,150.0,304.3,295.4,1411.0,416.3
703.5,231.2,461.5,1214.0,1469.2,920.7
816.1,212.0,415.6,934.6,1112.3,1509.3
793.2,175.3,340.9,1019.3,1748.4,923.0
913.0,0.0,893.9,937.4,1085.1,972.0
664.8,0.0,828.4,0.0,1436.7,873.7
309.9,320.5,1024.8,309.3,3035.5,0.0
505.5,478.9,988.6,1806.9,1220.0,0.0
281.3,281.3,281.3,281.3,281.3,281.3
0.0,0.0,0.0,0.0,0.0,0.0
0.0,0.0,0.0,0.0,0.0,0.0
0.0,0.0,0.0,0.0,0.0,0.0
0.0,0.0,0.0,0.0,0.0,0.0
0.0,0.0,0.0,0.0,0.0,0.0
0.0,0.0,0.0,0.0,0.0,0.0
0.0,0.0,0.0,0.0,0.0,0.0
0.0,0.0,0.0,0.0,0.0,0.0
0.0,0.0,0.0,0.0,0.0,0.0
0.0,0.0,0.0,0.0,0.0,0.0
0.0,0.0,0.0,0.0,0.0,0.0
0.0,0.0,0.0,0.0,0.0,0.0
0.0,0.0,0.0,0.0,0.0,0.0
0.0,0.0,0.0,0.0,0.0,0.0
0.0,0.0,0.0,0.0,0.0,0.0
0.0,0.0,0.0,0.0,0.0,0.0
0.0,0.0,0.0,0.0,0.0,0.0
0.0,0.0,0.0,0.0,0.0,0.0
0.0,0.0,0.0,0.0,0.0,0.0
0.0,0.0,0.0,0.0,0.0,0.0
0.0,0.0,0.0,0.0,0.0,0.0
0.0,0.0,0.0,0.0,0.0,0.0
0.0,0.0,0.0,0.0,0.0,0.0
0.0,0.0,0.0,0.0,0.0,0.0
0.0,0.0,0.0,0.0,0.0,0.0
0.0,0.0,0.0,0.0,0.0,0.0
0.0,0.0,0.0,0.0,0.0,0.0
0.0,0.0,0.0,0.0,0.0,0.0
0.0,0.0,0.0,0.0,0.0,0.0
0.0,0.0,0.0,0.0,0.0,0.0
0.0,0.0,0.0,0.0,0.0,0.0
0.0,0.0,0.0,0.0,0.0,0.0
0.0,0.0,0.0,0.0,0.0,0.0
0.0,0.0,0.0,0.0,0.0,0.0
0.0,0.0,0.0,0.0,0.0,0.0
160.7,214.8,417.6,421.6,723.2,393.0
157.7,210.7,409.8,1077.3,709.6,385.6
175.5,234.6,456.2,1124.2,790.0,429.3
86.4,115.5,224.6,890.4,389.0,211.4
73.2,97.9,190.3,855.8,329.5,179.1
414.3,140.8,818.8,940.2,469.5,263.6
425.5,97.5,746.7,851.1,296.2,220.6
439.2,125.6,799.2,890.4,395.2,265.9
454.2,155.4,855.1,601.3,500.1,314.4
351.6,66.7,672.7,130.9,224.6,122.0
373.3,99.0,731.2,194.3,333.3,181.1
390.6,131.5,781.7,258.1,442.7,240.6
184.9,67.6,373.2,132.6,1192.8,123.6
78.3,587.4,203.6,205.5,1317.9,191.6
95.4,610.2,248.1,250.4,1394.9,233.4
50.9,550.7,132.3,133.5,1194.3,124.4
153.8,626.7,292.9,283.9,1421.3,301.8
144.0,616.9,273.0,264.5,1382.2,281.8
119.2,583.2,214.2,205.7,1260.3,225.0
93.6,589.4,237.6,239.2,838.6,526.6
67.1,304.6,174.3,176.0,301.8,465.7
73.8,98.7,533.4,193.7,332.3,482.2
88.4,421.6,768.4,231.8,397.6,517.7
54.8,552.2,573.1,143.9,246.8,435.8
201.8,652.5,524.6,529.6,908.4,792.9
121.4,162.2,315.4,735.8,546.2,589.0
143.3,133.4,271.3,921.2,421.4,414.5
403.7,224.6,449.4,968.2,727.1,449.1
505.4,220.4,440.0,433.6,716.1,627.2
353.4,139.7,274.3,274.4,464.2,562.9
129.9,173.7,337.7,340.9,584.8,557.0
148.0,197.8,384.6,388.3,666.0,361.9
100.0,133.7,259.9,262.4,450.1,244.6
134.4,179.6,349.3,352.6,604.9,328.7
143.6,192.0,373.3,376.9,646.4,351.3
72.1,96.4,187.4,189.2,324.6,176.4
152.8,162.1,324.0,319.0,526.0,322.8
157.2,148.7,301.7,292.8,1078.5,310.1
144.3,137.9,279.5,271.7,1396.1,286.5
120.0,134.5,266.9,264.5,1206.1,262.2
68.4,91.5,177.9,179.6,308.0,167.4
80.9,108.2,210.3,212.3,364.2,197.9
86.2,115.2,223.9,226.0,387.7,210.7
61.7,82.5,160.4,162.0,277.8,151.0
114.9,500.5,298.7,301.5,517.2,1315.8
103.3,981.3,658.6,270.9,464.7,1261.2
116.5,1191.0,764.0,242.6,1093.7,1660.5
210.7,741.5,959.1,427.0,1619.9,1410.5
59.8,890.6,293.1,49.8,989.1,1280.9
38.7,599.6,38.7,1345.5,452.2,1324.2
0.0,803.8,0.0,3044.4,0.0,1852.9
0.0,562.5,272.5,1036.5,0.0,5314.6
0.0,965.0,981.0,861.2,407.2,1785.6
216.8,704.0,1108.8,103.1,881.8,1985.5
418.3,872.7,1146.8,97.7,879.3,1585.2
536.3,852.4,842.3,834.7,916.2,1018.1
338.7,879.0,686.7,1200.1,961.7,933.8
189.5,932.7,685.5,900.5,1051.9,1240.0
177.3,1064.6,942.8,1051.9,1361.0,402.4
51.4,1107.7,62.8,1561.3,1860.1,356.7
0.0,980.3,0.0,1684.3,2205.7,129.6
0.0,622.2,0.0,1435.7,2942.2,0.0
128.5,128.5,128.5,128.5,128.5,128.5
0.0,0.0,0.0,0.0,0.0,0.0
0.0,0.0,0.0,0.0,0.0,0.0
0.0,0.0,0.0,0.0,0.0,0.0
0.0,0.0,0.0,0.0,0.0,0.0
0.0,0.0,0.0,0.0,0.0,0.0
0.0,0.0,0.0,0.0,0.0,0.0
0.0,0.0,0.0,0.0,0.0,0.0
0.0,0.0,0.0,0.0,0.0,0.0
0.0,0.0,0.0,0.0,0.0,0.0
0.0,0.0,0.0,0.0,0.0,0.0
0.0,0.0,0.0,0.0,0.0,0.0
0.0,0.0,0.0,0.0,0.0,0.0
0.0,0.0,0.0,0.0,0.0,0.0
0.0,0.0,0.0,0.0,0.0,0.0
0.0,0.0,0.0,0.0,0.0,0.0
0.0,0.0,0.0,0.0,0.0,0.0
0.0,0.0,0.0,0.0,0.0,0.0
0.0,0.0,0.0,0.0,0.0,0.0
0.0,0.0,0.0,0.0,0.0,0.0
0.0,0.0,0.0,0.0,0.0,0.0
0.0,0.0,0.0,0.0,0.0,0.0
0.0,0.0,0.0,0.0,0.0,0.0
0.0,0.0,0.0,0.0,0.0,0.0
0.0,0.0,0.0,0.0,0.0,0.0
0.0,0.0,0.0,0.0,0.0,0.0
0.0,0.0,0.0,0.0,0.0,0.0
0.0,0.0,0.0,0.0,0.0,0.0
0.0,0.0,0.0,0.0,0.0,0.0
0.0,0.0,0.0,0.0,0.0,0.0
0.0,0.0,0.0,0.0,0.0,0.0
0.0,0.0,0.0,0.0,0.0,0.0
0.0,0.0,0.0,0.0,0.0,0.0
0.0,0.0,0.0,0.0,0.0,0.0
379.9,109.3,212.5,214.5,367.9,199.9
483.8,196.3,393.7,386.3,633.4,395.3
564.3,303.9,602.9,597.5,995.6,592.1
500.5,209.1,418.6,411.4,676.4,418.7
843.6,729.1,1417.6,1431.1,2454.8,1333.9
416.7,160.1,311.3,314.2,539.0,292.9
415.4,161.6,314.1,317.1,543.9,295.6
450.4,216.1,420.2,424.2,727.7,611.0
488.3,254.2,494.3,973.4,855.9,763.2
441.8,535.5,370.5,1029.9,641.5,642.0
1134.4,997.9,1135.7,1678.0,1471.7,1616.0
860.7,917.9,1016.9,1537.6,1177.1,1556.7
261.2,647.1,380.8,1012.7,516.9,729.6
194.7,682.7,404.7,1053.3,652.4,702.6
111.7,616.6,273.5,927.5,465.5,556.1
108.2,619.7,669.2,931.9,486.8,553.2
229.3,777.8,1132.6,1236.7,1031.9,858.9
146.3,657.4,908.3,1039.7,658.3,657.0
89.7,596.9,761.3,893.9,403.8,518.7
142.2,668.9,910.3,1031.4,1329.8,347.6
185.6,743.2,994.6,859.0,1747.0,611.2
483.9,887.3,917.2,1043.9,1563.9,682.2
522.4,658.6,1013.1,1130.9,1721.2,780.0
501.5,344.9,971.6,1111.3,1695.7,856.7
144.4,179.3,824.7,957.8,1444.7,3072.8
307.1,439.4,1337.0,2125.4,2332.5,2546.4
170.2,261.4,981.1,1737.6,1708.7,1137.0
163.0,1001.4,440.6,1705.7,733.6,816.3
368.8,284.6,1147.1,1274.1,858.1,1362.0
1933.9,964.2,2737.4,2565.4,2571.4,3479.0
1767.4,900.1,2571.5,2436.8,4589.9,5957.0
1456.4,762.6,1775.9,2157.1,3357.9,2448.3
488.4,374.5,785.7,1390.6,1513.8,1153.7
233.2,247.0,818.2,1236.7,905.5,791.4
275.0,341.7,1214.8,3551.9,1231.5,939.3
150.8,195.1,917.3,2381.6,763.6,662.6
191.5,188.1,924.8,1406.0,3139.4,684.4
208.9,247.9,1018.4,807.5,819.1,574.5
398.8,282.3,1079.1,646.7,946.1,522.6
506.7,266.0,1046.7,630.8,892.7,490.8
577.8,329.2,1172.7,3153.8,1092.9,622.3
811.4,307.9,1190.4,605.6,1001.4,609.5
618.5,189.8,2023.1,373.7,608.5,387.5
520.0,495.2,1607.0,406.6,1251.6,406.4
314.3,488.9,724.4,8.8,979.3,14.1
308.5,479.9,1322.0,5.9,960.8,9.4
597.3,488.9,1938.7,8.8,3175.6,14.1
1247.0,728.6,1625.4,475.5,5859.6,447.2
616.6,1092.8,2717.5,261.5,4301.5,249.6
543.4,1269.7,2380.5,649.5,3787.2,609.3
738.3,1490.8,1940.2,1079.2,2851.9,1031.4
824.1,1284.5,1337.3,1251.2,1813.8,1301.8
833.3,833.3,833.3,833.3,833.3,833.3
808.1,858.5,751.9,849.6,876.2,855.7
59.8,53.7,619.2,49.8,57.8,369.6
10.8,26.7,566.8,5.9,6.8,298.1
160.6,317.1,1029.2,0.0,0.0,289.9
299.8,713.2,1718.3,328.1,562.8,595.7
285.1,366.6,850.3,661.1,850.2,750.1
0.0,0.0,0.0,0.0,0.0,0.0
0.0,0.0,0.0,0.0,0.0,0.0
0.0,0.0,0.0,0.0,0.0,0.0
0.0,0.0,0.0,0.0,0.0,0.0
0.0,0.0,0.0,0.0,0.0,0.0
0.0,0.0,0.0,0.0,0.0,0.0
0.0,0.0,0.0,0.0,0.0,0.0
0.0,0.0,0.0,0.0,0.0,0.0
0.0,0.0,0.0,0.0,0.0,0.0
0.0,0.0,0.0,0.0,0.0,0.0
0.0,0.0,0.0,0.0,0.0,0.0
0.0,0.0,0.0,0.0,0.0,0.0
0.0,0.0,0.0,0.0,0.0,0.0
0.0,0.0,0.0,0.0,0.0,0.0
0.0,0.0,0.0,0.0,0.0,0.0
0.0,0.0,0.0,0.0,0.0,0.0
0.0,0.0,0.0,0.0,0.0,0.0
0.0,0.0,0.0,0.0,0.0,0.0
0.0,0.0,0.0,0.0,0.0,0.0
0.0,0.0,0.0,0.0,0.0,0.0
0.0,0.0,0.0,0.0,0.0,0.0
0.0,0.0,0.0,0.0,0.0,0.0
0.0,0.0,0.0,0.0,0.0,0.0
0.0,0.0,0.0,0.0,0.0,0.0
0.0,0.0,0.0,0.0,0.0,0.0
0.0,0.0,0.0,0.0,0.0,0.0
0.0,0.0,0.0,0.0,0.0,0.0
0.0,0.0,0.0,0.0,0.0,0.0
0.0,0.0,0.0,0.0,0.0,0.0
0.0,0.0,0.0,0.0,0.0,0.0
0.0,0.0,0.0,0.0,0.0,0.0
0.0,0.0,0.0,0.0,0.0,0.0
0.0,0.0,0.0,0.0,0.0,0.0
0.0,0.0,0.0,0.0,0.0,0.0
0.0,0.0,0.0,0.0,0.0,0.0
0.0,0.0,0.0,0.0,0.0,0.0
0.0,0.0,0.0,0.0,0.0,0.0
17.6,7.3,17.6,14.7,17.0,23.4
0.0,0.0,0.0,0.0,0.0,0.0
392.8,101.5,1021.0,1030.3,1676.7,1657.1
413.5,1772.9,1074.8,860.0,5969.3,1901.1
1426.7,1472.7,0.0,3948.5,4958.7,293.4
1418.5,1340.9,0.0,3669.0,4515.0,287.5
1221.3,1285.5,0.0,2811.1,4328.3,287.5
1249.9,1275.3,0.0,3168.9,4293.9,108.4
1321.0,1309.2,70.3,3194.5,4377.5,93.8
1020.9,1290.8,3771.3,3197.7,4318.7,84.4
1087.1,1030.8,3746.5,2770.4,3444.5,79.7
1045.9,0.0,3174.3,1974.4,260.2,0.0
1051.2,221.3,3678.9,1993.2,5098.8,405.0
1066.6,186.0,3758.4,2043.3,4661.3,340.2
1132.0,202.6,3410.7,3064.5,5483.8,370.6
1028.3,621.2,3410.3,3129.9,5008.5,408.5
1054.6,736.1,2801.5,2904.9,4723.0,308.8
1216.6,920.8,567.6,2788.2,4781.9,350.5
1395.3,1174.3,2120.6,3210.8,5111.8,541.1
1097.7,1723.4,2261.2,2602.8,4783.8,5674.8
63.3,486.4,63.3,52.7,61.2,84.4
42.2,477.6,42.2,76.6,40.8,160.0
0.0,0.0,0.0,655.9,0.0,2496.9
0.0,0.0,0.0,658.5,0.0,1190.5
9.2,28.8,0.0,666.2,0.0,1257.6
424.7,2056.4,2669.4,1193.1,912.6,2919.3
355.5,2318.3,671.5,1298.3,1192.1,2552.9
305.0,1727.6,971.3,1087.2,2967.7,535.5
166.6,523.9,805.8,912.6,1466.6,2843.8
280.8,704.6,1120.1,1314.4,5443.5,1067.3
969.9,236.3,956.3,3290.9,3272.2,422.7
931.1,1036.5,789.1,1950.2,2779.3,268.0
765.1,823.3,3781.1,1669.2,3154.6,5560.0
735.4,682.1,4633.5,497.7,3976.1,6636.0
371.9,609.7,5123.1,900.0,834.3,5580.8
186.0,671.2,4954.9,1687.2,613.6,5105.1
166.2,676.5,5261.3,4706.2,721.4,4788.8
320.4,618.8,439.0,2164.9,2395.9,259.4
18.9,478.9,48.8,1312.4,957.8,0.0
298.1,477.0,48.8,0.0,969.1,0.0
299.3,767.5,1687.1,0.0,961.5,0.0
302.8,805.6,866.0,0.0,954.0,517.7
300.5,421.0,620.7,0.0,954.0,608.1
499.1,529.6,1042.4,1166.0,1626.2,1020.1
204.1,518.6,1020.4,422.3,695.0,1018.6
595.9,222.0,703.9,436.7,721.3,996.4
985.3,181.4,891.3,675.1,1725.0,337.9
743.7,394.5,854.9,975.0,1487.0,297.5
995.4,666.8,907.8,1031.0,1593.5,347.2
817.0,811.2,530.3,658.5,1107.5,0.0
909.9,757.9,1153.0,648.1,0.0,950.5
995.7,754.8,1053.8,619.6,0.0,2060.0
491.4,779.5,1062.4,624.8,0.0,1521.3
714.7,849.9,855.0,867.4,834.7,878.3
754.5,836.7,837.1,875.6,834.3,861.7
671.2,888.3,587.2,1650.5,61.2,1141.6
264.8,792.5,547.7,1942.9,25.9,1426.2
99.3,891.3,1095.6,1973.0,0.0,940.8
195.9,852.2,855.2,1222.7,944.0,930.0
103.6,471.9,915.0,1354.8,1198.4,956.3
448.5,571.4,957.9,1084.2,1020.3,917.7
772.5,710.2,892.0,861.5,920.5,843.3
63.6,851.2,1060.0,1020.7,1332.0,672.4
116.0,900.6,1008.0,950.8,1285.1,734.5
0.0,0.0,0.0,0.0,0.0,0.0
0.0,0.0,0.0,0.0,0.0,0.0
0.0,0.0,0.0,0.0,0.0,0.0
0.0,0.0,0.0,0.0,0.0,0.0
0.0,0.0,0.0,0.0,0.0,0.0
0.0,0.0,0.0,0.0,0.0,0.0
0.0,0.0,0.0,0.0,0.0,0.0
0.0,0.0,0.0,0.0,0.0,0.0
0.0,0.0,0.0,0.0,0.0,0.0
0.0,0.0,0.0,0.0,0.0,0.0
0.0,0.0,0.0,0.0,0.0,0.0
0.0,0.0,0.0,0.0,0.0,0.0
0.0,0.0,0.0,0.0,0.0,0.0
0.0,0.0,0.0,0.0,0.0,0.0
0.0,0.0,0.0,0.0,0.0,0.0
0.0,0.0,0.0,0.0,0.0,0.0
0.0,0.0,0.0,0.0,0.0,0.0
0.0,0.0,0.0,0.0,0.0,0.0
0.0,0.0,0.0,0.0,0.0,0.0
0.0,0.0,0.0,0.0,0.0,0.0
0.0,0.0,0.0,0.0,0.0,0.0
0.0,0.0,0.0,0.0,0.0,0.0
0.0,0.0,0.0,0.0,0.0,0.0
0.0,0.0,0.0,0.0,0.0,0.0
0.0,0.0,0.0,0.0,0.0,0.0
0.0,0.0,0.0,0.0,0.0,0.0
0.0,0.0,0.0,0.0,0.0,0.0
0.0,0.0,0.0,0.0,0.0,0.0
0.0,0.0,0.0,0.0,0.0,0.0
0.0,0.0,0.0,0.0,0.0,0.0
0.0,0.0,0.0,0.0,0.0,0.0
0.0,0.0,0.0,0.0,0.0,0.0
323.7,26.4,697.6,1017.8,61.2,188.2
321.5,11.7,575.3,23.4,27.2,2076.6
292.2,0.0,1368.5,572.9,0.0,897.4
443.8,215.2,418.4,1067.8,1557.8,1146.0
493.3,684.7,531.7,1179.7,1859.7,2510.1
852.5,664.7,562.6,1091.0,1479.0,750.2
2922.5,2126.5,3102.6,2830.0,3451.0,3511.8
1549.9,1181.6,2852.5,1692.7,2147.6,1948.3
1776.7,928.5,2141.3,2589.0,3606.2,1388.7
357.8,1057.6,579.4,683.4,991.8,386.0
2439.6,1611.3,2675.3,2426.3,2992.5,3156.9
1818.3,1100.7,2055.0,1910.2,2398.4,2332.9
1876.4,866.1,1507.8,1491.6,1875.2,2188.6
1472.8,908.0,1590.7,3317.8,1952.3,2280.7
1561.6,1088.8,4107.5,2472.4,2492.7,2734.0
1348.4,991.9,2721.5,1531.9,2292.3,2395.0
487.6,975.3,934.1,2210.3,2954.5,1285.6
838.3,1026.6,1055.7,1332.9,6257.9,822.0
542.6,2213.7,489.1,481.4,3558.8,487.8
901.1,1475.5,738.0,2002.7,4157.6,682.3
380.1,869.5,1266.1,1726.6,2327.1,384.7
155.4,88.1,472.5,813.5,1275.8,921.4
128.0,164.6,367.6,875.7,551.2,913.2
491.5,650.5,2172.5,1851.4,2187.3,1892.5
147.3,187.2,764.9,367.6,1048.0,348.5
49.2,20.5,49.2,41.0,979.0,65.6
209.3,32.2,77.4,64.5,1009.9,520.3
1208.9,382.4,917.8,1571.7,1833.7,1797.6
447.3,145.9,296.3,939.6,1412.2,764.6
466.2,166.3,336.0,1076.6,1469.7,638.2
362.8,499.1,171.1,172.8,1239.0,458.0
374.3,440.4,956.8,502.5,1302.9,491.2
386.1,503.9,1062.9,880.4,1350.6,518.3
367.2,98.7,717.9,836.6,1267.4,474.0
680.6,106.5,739.4,859.7,1289.9,488.2
691.0,142.5,823.6,933.9,1387.3,589.1
720.2,130.5,794.5,902.7,2348.5,567.9
434.7,132.2,799.3,908.5,1536.3,570.2
265.7,110.7,746.1,863.0,1651.6,383.8
513.4,686.3,1862.6,1992.6,2310.7,1255.6
177.1,236.8,986.4,1107.7,797.2,433.2
123.8,165.4,1644.9,965.1,557.1,302.7
188.5,252.0,1662.1,1137.6,848.5,461.1
0.0,0.0,0.0,0.0,0.0,0.0
0.0,0.0,0.0,0.0,0.0,0.0
59.8,493.0,59.8,49.8,57.8,79.7
253.4,747.9,551.8,545.3,1183.4,545.4
59.8,451.8,651.5,49.8,1004.2,79.7
7.0,864.8,887.3,5.9,949.5,9.4
0.0,0.0,517.5,0.0,946.4,0.0
0.0,469.5,523.9,0.0,938.9,0.0
187.2,1143.1,579.9,491.2,3222.1,1006.6
83.2,878.8,685.1,218.4,2018.0,203.6
109.6,571.2,737.6,207.1,355.3,193.1
394.6,606.0,1592.9,271.8,1881.3,253.3
435.4,419.8,1647.9,280.9,1920.9,295.1
534.6,964.6,1302.7,297.0,1501.8,399.2
833.3,833.3,833.3,833.3,833.3,833.3
970.7,1460.9,154.7,128.9,1069.6,206.3
774.4,1018.4,73.8,61.5,2973.4,98.5
639.3,1339.1,0.0,0.0,3021.7,0.0
763.7,730.3,0.0,0.0,1973.0,0.0
0.0,0.0,0.0,0.0,0.0,0.0
0.0,0.0,0.0,0.0,0.0,0.0
0.0,0.0,0.0,0.0,0.0,0.0
0.0,0.0,0.0,0.0,0.0,0.0
0.0,0.0,0.0,0.0,0.0,0.0
0.0,0.0,0.0,0.0,0.0,0.0
0.0,0.0,0.0,0.0,0.0,0.0
0.0,0.0,0.0,0.0,0.0,0.0
0.0,0.0,0.0,0.0,0.0,0.0
0.0,0.0,0.0,0.0,0.0,0.0
0.0,0.0,0.0,0.0,0.0,0.0
0.0,0.0,0.0,0.0,0.0,0.0
0.0,0.0,0.0,0.0,0.0,0.0
0.0,0.0,0.0,0.0,0.0,0.0
0.0,0.0,0.0,0.0,0.0,0.0
0.0,0.0,0.0,0.0,0.0,0.0
0.0,0.0,0.0,0.0,0.0,0.0
0.0,0.0,0.0,0.0,0.0,0.0
0.0,0.0,0.0,0.0,0.0,0.0
0.0,0.0,0.0,0.0,0.0,0.0
0.0,0.0,0.0,0.0,0.0,0.0
0.0,0.0,0.0,0.0,0.0,0.0
0.0,0.0,0.0,0.0,0.0,0.0
0.0,0.0,0.0,0.0,0.0,0.0
0.0,0.0,0.0,0.0,0.0,0.0
0.0,0.0,0.0,0.0,0.0,0.0
0.0,0.0,0.0,0.0,0.0,0.0
0.0,0.0,0.0,0.0,0.0,0.0
0.0,0.0,0.0,0.0,0.0,0.0
0.0,0.0,0.0,0.0,0.0,0.0
0.0,0.0,0.0,0.0,0.0,0.0
0.0,0.0,0.0,0.0,0.0,0.0
0.0,0.0,0.0,0.0,0.0,0.0
0.0,0.0,0.0,0.0,0.0,0.0
97.7,117.7,746.9,861.2,1306.5,223.4
170.7,160.2,864.2,974.0,1464.9,335.2
137.8,125.9,286.6,284.5,449.2,266.6
126.2,117.0,505.4,230.5,369.3,246.1
97.0,129.7,803.7,254.6,436.7,237.3
85.2,113.8,766.4,223.4,383.3,208.3
63.4,322.3,709.8,166.3,285.2,155.0
809.4,1572.0,2648.6,2123.6,3642.5,1979.3
209.0,763.9,814.7,548.4,940.6,659.6
160.0,698.4,415.9,419.9,720.2,697.7
269.1,645.8,313.6,316.5,543.0,597.9
479.8,431.1,377.7,373.3,1094.2,676.2
457.8,142.4,290.2,280.6,1429.2,603.5
445.6,132.6,269.9,261.3,1388.0,429.6
428.0,147.9,291.6,290.7,1457.9,282.7
228.0,103.2,200.6,202.5,1316.4,188.8
99.4,132.9,258.4,260.8,447.4,243.1
123.7,165.4,321.6,324.6,556.8,302.6
169.3,226.3,440.1,444.3,762.1,414.1
209.5,170.0,353.2,335.5,520.1,379.2
1876.1,922.4,2120.7,1837.3,2354.2,2671.6
1610.5,671.1,1610.5,1342.1,2552.3,3442.6
1294.1,539.2,1294.1,1078.4,2216.2,2629.4
274.3,114.3,274.3,228.6,1226.7,1025.9
70.3,285.7,70.3,58.6,1006.9,763.9
14.1,488.5,14.1,1401.3,929.9,575.7
7.0,483.7,7.0,975.7,930.6,591.8
73.8,1624.6,1872.8,769.8,995.2,692.2
35.2,1520.8,1712.0,748.3,969.1,775.0
7.0,773.5,500.9,603.4,953.2,598.0
7.0,1272.1,2675.0,630.7,964.6,672.6
561.3,933.5,1716.8,663.4,984.6,650.3
646.1,1265.3,2085.9,1361.9,5563.0,586.3
852.5,776.3,1281.7,1089.9,5099.6,466.4
814.9,703.7,1041.3,1137.6,2640.3,432.3
467.5,669.5,984.9,1009.6,6558.5,336.8
656.4,694.4,1054.1,400.7,4774.5,379.3
523.0,1181.4,1974.4,342.5,4366.7,323.1
607.3,1031.2,1583.3,376.1,3032.5,4404.1
413.0,707.5,1425.1,385.3,2662.1,4136.0
617.8,742.7,1694.3,4059.3,2841.9,1547.1
328.4,514.2,611.6,3374.2,944.3,3385.4
386.2,1178.5,1683.5,1407.6,1819.9,2338.8
539.3,664.2,833.5,3308.3,1252.7,2204.2
469.8,463.4,941.9,3151.3,163.5,614.5
305.5,2.9,1408.5,3600.6,100.2,332.3
308.5,4.4,582.7,2548.6,375.1,327.2
308.5,2.9,580.1,2550.5,3110.2,353.0
521.2,4.4,1811.0,2235.7,1447.4,2855.9
351.7,1.5,540.1,1944.1,410.6,2251.7
298.1,222.2,540.9,3080.1,633.5,1376.1
0.0,551.1,0.0,1876.3,976.6,1232.3
70.3,58.1,70.3,1186.3,1048.4,1040.0
63.3,51.8,63.3,991.7,1890.5,1939.4
63.3,1242.5,63.3,892.2,1742.7,996.0
301.0,877.1,866.5,1089.5,1020.5,845.4
299.3,896.6,878.9,911.5,1129.1,884.6
296.9,868.5,905.7,955.2,1016.3,957.3
295.8,764.9,933.2,1010.5,914.9,1080.7
300.5,785.8,947.3,1152.9,912.4,901.2
272.2,685.8,887.5,1023.4,826.8,818.7
0.0,0.0,0.0,0.0,0.0,0.0
0.0,0.0,0.0,0.0,0.0,0.0
0.0,0.0,0.0,0.0,0.0,0.0
0.0,0.0,0.0,0.0,0.0,0.0
0.0,0.0,0.0,0.0,0.0,0.0
0.0,0.0,0.0,0.0,0.0,0.0
0.0,0.0,0.0,0.0,0.0,0.0
0.0,0.0,0.0,0.0,0.0,0.0
0.0,0.0,0.0,0.0,0.0,0.0
0.0,0.0,0.0,0.0,0.0,0.0
0.0,0.0,0.0,0.0,0.0,0.0
0.0,0.0,0.0,0.0,0.0,0.0
0.0,0.0,0.0,0.0,0.0,0.0
0.0,0.0,0.0,0.0,0.0,0.0
0.0,0.0,0.0,0.0,0.0,0.0
0.0,0.0,0.0,0.0,0.0,0.0
0.0,0.0,0.0,0.0,0.0,0.0
0.0,0.0,0.0,0.0,0.0,0.0
0.0,0.0,0.0,0.0,0.0,0.0
0.0,0.0,0.0,0.0,0.0,0.0
0.0,0.0,0.0,0.0,0.0,0.0
0.0,0.0,0.0,0.0,0.0,0.0
0.0,0.0,0.0,0.0,0.0,0.0
0.0,0.0,0.0,0.0,0.0,0.0
0.0,0.0,0.0,0.0,0.0,0.0
0.0,0.0,0.0,0.0,0.0,0.0
0.0,0.0,0.0,0.0,0.0,0.0
0.0,0.0,0.0,0.0,0.0,0.0
0.0,0.0,0.0,0.0,0.0,0.0
0.0,0.0,0.0,0.0,0.0,0.0
0.0,0.0,0.0,0.0,0.0,0.0
0.0,0.0,0.0,0.0,0.0,0.0
0.0,0.0,0.0,0.0,0.0,0.0
0.0,0.0,0.0,0.0,0.0,0.0
0.0,0.0,0.0,0.0,0.0,0.0
1224.3,0.0,0.0,1371.2,2083.2,2994.1
462.9,1636.5,0.0,645.5,2166.6,1132.0
640.3,831.1,412.9,1062.4,1955.4,1565.9
348.0,1141.8,188.2,843.2,325.8,851.1
119.5,999.4,3492.6,959.0,537.8,292.2
101.6,603.3,1467.0,912.0,457.0,248.4
88.6,553.2,1431.0,813.6,1090.3,181.6
164.6,626.6,1031.6,948.8,1434.8,324.2
149.4,614.1,292.7,930.4,1396.2,298.9
93.8,569.0,198.8,838.7,1250.4,198.1
323.5,572.0,188.4,833.1,1269.0,177.3
369.6,569.7,194.9,834.5,1276.4,183.4
376.3,581.8,218.5,863.5,1317.2,205.6
360.2,557.8,182.9,824.9,1266.9,172.1
353.2,546.0,152.4,791.6,1202.8,143.4
386.2,593.4,241.1,888.9,1356.3,226.8
459.0,672.7,402.2,695.9,1610.6,385.3
457.2,617.0,755.7,294.5,1407.7,313.6
453.8,620.0,845.9,307.5,1437.1,572.8
875.2,782.5,1233.9,626.0,1776.3,1158.0
427.5,604.3,800.6,272.8,1380.3,573.9
432.5,609.2,821.6,286.1,1397.1,582.0
453.2,660.5,904.2,375.3,1567.5,658.1
590.5,611.7,1303.2,782.5,2273.5,1022.7
399.7,143.7,813.9,282.0,1411.4,556.3
1543.3,675.8,2048.4,1343.3,2740.2,2153.8
3181.6,1290.2,3567.5,2575.8,3550.6,4250.3
1975.4,766.4,2318.4,1529.4,1876.4,2617.3
1823.6,743.1,2240.6,1480.6,1882.3,2460.7
1611.0,606.2,1945.2,1209.4,1493.6,2118.2
1167.5,483.1,1651.0,963.5,1200.3,1735.6
297.4,226.0,1000.9,446.6,679.8,812.2
107.1,139.9,794.5,274.7,469.6,550.3
1705.8,811.3,2406.6,1617.2,2035.2,2685.8
1688.3,836.4,2443.2,1665.6,2142.7,2704.0
1578.2,773.4,2301.4,1540.7,1970.6,2535.4
1527.3,728.0,2214.6,1451.0,1828.2,2437.0
1232.8,602.8,1627.4,1200.8,1534.2,2044.9
980.0,494.6,1129.9,984.6,1278.8,1544.1
178.1,121.6,260.4,240.6,354.1,294.7
78.9,99.0,193.9,194.5,330.4,185.2
108.6,135.5,265.5,266.2,451.6,253.9
77.6,97.3,190.5,191.1,324.5,182.0
170.3,137.1,285.2,270.6,418.5,307.0
96.1,118.7,232.9,233.2,395.2,223.3
131.2,594.4,295.9,293.8,490.9,289.5
233.3,729.8,1937.3,486.1,801.3,492.3
162.2,641.2,1028.4,312.1,506.1,326.2
247.3,741.8,1970.1,1062.0,2320.4,534.4
234.9,751.6,1556.7,1725.3,1745.4,2184.7
0.0,475.1,1340.7,97.7,2201.8,1593.4
288.7,1376.1,1863.3,651.2,2010.5,2008.9
141.6,849.9,966.3,1073.5,938.5,1030.1
503.6,911.6,1222.8,0.0,1200.4,1161.6
514.5,906.8,1222.2,0.0,1330.9,1025.5
655.8,982.3,1350.2,5.9,1606.9,247.5
652.1,736.5,894.7,61.5,1466.9,477.0
0.0,0.0,0.0,0.0,0.0,0.0
0.0,0.0,0.0,0.0,0.0,0.0
0.0,0.0,0.0,0.0,0.0,0.0
0.0,0.0,0.0,0.0,0.0,0.0
0.0,0.0,0.0,0.0,0.0,0.0
0.0,0.0,0.0,0.0,0.0,0.0
0.0,0.0,0.0,0.0,0.0,0.0
0.0,0.0,0.0,0.0,0.0,0.0
0.0,0.0,0.0,0.0,0.0,0.0
0.0,0.0,0.0,0.0,0.0,0.0
0.0,0.0,0.0,0.0,0.0,0.0
0.0,0.0,0.0,0.0,0.0,0.0
0.0,0.0,0.0,0.0,0.0,0.0
0.0,0.0,0.0,0.0,0.0,0.0
0.0,0.0,0.0,0.0,0.0,0.0
0.0,0.0,0.0,0.0,0.0,0.0
0.0,0.0,0.0,0.0,0.0,0.0
0.0,0.0,0.0,0.0,0.0,0.0
0.0,0.0,0.0,0.0,0.0,0.0
0.0,0.0,0.0,0.0,0.0,0.0
0.0,0.0,0.0,0.0,0.0,0.0
0.0,0.0,0.0,0.0,0.0,0.0
0.0,0.0,0.0,0.0,0.0,0.0
0.0,0.0,0.0,0.0,0.0,0.0
0.0,0.0,0.0,0.0,0.0,0.0
0.0,0.0,0.0,0.0,0.0,0.0
0.0,0.0,0.0,0.0,0.0,0.0
0.0,0.0,0.0,0.0,0.0,0.0
0.0,0.0,0.0,0.0,0.0,0.0
0.0,0.0,0.0,0.0,0.0,0.0
0.0,0.0,0.0,0.0,0.0,0.0
0.0,0.0,0.0,0.0,0.0,0.0
0.0,0.0,0.0,0.0,0.0,0.0
0.0,0.0,0.0,0.0,0.0,0.0
0.0,0.0,0.0,0.0,0.0,0.0
53.7,69.5,70.0,70.0,83.9,69.9
69.5,69.5,69.5,69.5,69.5,69.5
65.2,69.6,70.3,70.3,71.3,70.2
69.5,69.5,69.5,69.5,69.5,69.5
200.6,248.7,515.2,488.6,828.3,467.1
244.3,261.8,1059.0,515.0,850.9,519.2
272.6,306.1,1139.6,601.8,1003.0,596.2
172.9,176.2,886.3,346.7,567.1,356.4
118.9,135.2,656.0,265.5,453.8,249.4
351.0,70.7,137.5,138.9,238.2,129.4
371.7,101.5,197.5,199.3,341.9,185.8
389.9,125.8,244.6,247.0,423.6,230.2
276.3,77.9,151.6,153.0,311.5,142.6
65.1,87.1,169.3,170.9,1247.1,159.3
95.8,128.0,248.9,285.0,1377.5,234.2
98.2,102.2,204.7,856.9,1276.6,205.0
126.2,107.3,221.2,862.2,1029.6,234.4
155.2,173.7,302.1,944.5,474.7,309.1
99.5,587.4,219.4,696.7,361.0,216.1
50.3,540.4,130.7,131.9,226.3,123.0
91.1,595.0,236.8,239.0,410.0,222.8
81.9,458.2,212.8,214.8,368.4,200.2
52.4,70.0,136.1,137.4,235.7,143.4
82.5,110.3,214.5,216.5,371.4,499.9
84.7,113.2,220.2,222.3,381.3,503.0
85.8,95.3,189.2,187.3,311.6,482.1
142.9,126.4,259.1,249.1,394.8,489.4
148.1,139.7,283.6,275.2,442.7,291.7
116.6,113.8,230.0,224.2,363.3,234.4
64.6,86.4,168.0,169.6,290.9,158.1
88.2,117.9,229.2,231.4,396.9,357.1
75.0,100.2,194.9,196.7,337.5,482.7
57.4,76.8,149.3,150.7,258.5,437.4
92.3,123.3,239.8,242.1,415.2,270.4
211.3,93.4,181.6,183.3,314.4,170.9
364.7,87.4,169.9,171.5,294.1,159.8
453.0,143.9,547.8,283.6,454.0,303.5
181.3,124.2,792.3,244.9,390.7,263.5
136.7,124.5,788.5,245.3,391.5,263.9
76.5,99.0,273.7,194.3,784.2,183.1
82.8,110.7,215.3,217.4,1330.6,202.6
73.7,98.5,191.6,504.5,1282.0,180.3
67.4,90.1,175.2,835.3,446.6,164.8
95.1,127.1,247.2,902.8,428.1,232.6
66.6,89.0,173.1,273.3,299.8,162.9
66.3,88.6,172.3,173.9,298.3,162.1
138.1,368.8,285.9,280.6,460.1,287.0
133.4,592.5,234.3,224.2,352.0,248.1
162.7,637.5,823.5,319.7,520.8,331.3
126.3,221.0,829.0,293.6,493.8,285.4
98.5,131.7,782.1,258.5,443.4,326.4
95.0,127.0,783.5,249.3,427.6,2784.2
107.9,144.2,314.3,283.1,485.5,373.7
0.0,0.0,0.0,606.6,0.0,661.4
0.0,360.8,0.0,653.3,0.0,3906.1
0.0,751.3,0.0,1208.4,970.0,588.5
31.6,896.3,31.6,1565.4,1666.4,808.5
346.1,1122.0,70.3,731.4,1150.9,997.3
367.8,885.9,63.3,863.3,1929.9,889.7
757.5,874.3,557.8,955.9,1314.3,540.1
577.8,0.0,0.0,0.0,935.1,0.0
592.9,0.0,0.0,0.0,954.0,0.0
715.3,0.0,0.0,0.0,137.3,0.0
401.6,442.9,2.7,5.4,2302.2,6.1
417.7,475.1,0.0,76.0,2835.7,0.0
271.5,467.6,0.0,1978.0,2282.9,0.0
118.4,138.1,138.4,136.4,147.4,136.1
0.0,0.0,0.0,0.0,0.0,0.0
0.0,0.0,0.0,0.0,0.0,0.0
0.0,0.0,0.0,0.0,0.0,0.0
0.0,0.0,0.0,0.0,0.0,0.0
0.0,0.0,0.0,0.0,0.0,0.0
0.0,0.0,0.0,0.0,0.0,0.0
0.0,0.0,0.0,0.0,0.0,0.0
0.0,0.0,0.0,0.0,0.0,0.0
0.0,0.0,0.0,0.0,0.0,0.0
0.0,0.0,0.0,0.0,0.0,0.0
0.0,0.0,0.0,0.0,0.0,0.0
0.0,0.0,0.0,0.0,0.0,0.0
0.0,0.0,0.0,0.0,0.0,0.0
0.0,0.0,0.0,0.0,0.0,0.0
0.0,0.0,0.0,0.0,0.0,0.0
0.0,0.0,0.0,0.0,0.0,0.0
0.0,0.0,0.0,0.0,0.0,0.0
0.0,0.0,0.0,0.0,0.0,0.0
0.0,0.0,0.0,0.0,0.0,0.0
0.0,0.0,0.0,0.0,0.0,0.0
0.0,0.0,0.0,0.0,0.0,0.0
0.0,0.0,0.0,0.0,0.0,0.0
0.0,0.0,0.0,0.0,0.0,0.0
0.0,0.0,0.0,0.0,0.0,0.0
0.0,0.0,0.0,0.0,0.0,0.0
0.0,0.0,0.0,0.0,0.0,0.0
0.0,0.0,0.0,0.0,0.0,0.0
0.0,0.0,0.0,0.0,0.0,0.0
0.0,0.0,0.0,0.0,0.0,0.0
0.0,0.0,0.0,0.0,0.0,0.0
0.0,0.0,0.0,0.0,0.0,0.0
0.0,0.0,0.0,0.0,0.0,0.0
0.0,0.0,0.0,0.0,0.0,0.0
716.8,916.0,1599.9,1603.9,2164.8,1691.6
135.5,181.1,610.9,355.5,609.8,627.1
205.2,274.3,1076.3,538.4,923.5,797.6
169.8,227.0,975.9,445.6,764.3,707.5
142.6,190.6,900.9,374.1,1101.8,642.1
143.9,192.3,906.3,377.5,1612.7,647.6
175.8,235.0,989.3,461.3,1741.5,726.9
150.4,201.0,916.8,394.5,1619.3,610.4
194.9,202.3,933.6,398.2,1600.1,406.3
227.8,246.2,1023.2,484.3,1747.9,486.7
222.4,242.3,1016.9,476.5,1724.8,477.4
128.3,168.3,764.9,330.4,1504.1,310.0
299.3,437.9,404.2,408.1,1646.4,380.3
466.8,703.3,429.1,433.2,1693.2,403.7
435.2,659.9,359.3,362.7,1398.9,338.1
465.0,699.1,443.0,447.2,767.0,416.8
488.3,730.5,500.3,821.3,866.3,470.7
439.0,664.7,372.3,1039.5,644.7,350.3
483.4,690.8,440.7,1091.9,736.1,428.4
677.8,918.5,886.5,1530.6,1481.2,861.7
438.1,608.4,274.2,917.0,429.2,281.5
387.4,573.3,195.6,843.8,368.9,193.7
376.1,566.7,346.7,992.9,1565.7,326.3
94.8,126.8,246.5,894.3,1380.8,231.9
77.5,128.0,201.3,853.9,1302.6,189.4
121.8,645.4,316.6,972.8,1509.7,297.9
137.5,660.8,357.3,894.7,1580.2,351.5
126.1,645.5,327.7,330.8,1529.0,610.0
179.5,701.3,432.7,433.1,1687.2,713.6
246.6,745.7,556.0,521.1,1438.2,823.0
198.2,687.4,956.9,406.7,668.3,714.8
177.4,688.2,952.7,415.0,698.9,703.0
223.9,587.7,1118.5,587.5,1007.7,848.0
141.1,188.6,907.6,370.2,635.1,643.2
134.8,180.2,891.3,353.8,606.8,510.0
200.2,267.7,1061.3,525.4,901.2,489.7
143.1,191.3,908.7,409.3,644.2,350.1
60.5,80.8,481.7,822.3,272.1,147.9
153.8,165.6,326.1,981.3,548.5,315.1
453.8,138.6,282.9,929.1,436.1,293.8
412.7,94.9,196.6,848.3,291.9,209.8
407.1,116.5,232.5,890.2,378.5,231.2
405.6,140.4,273.1,936.7,472.9,257.0
403.5,137.7,267.7,926.1,463.5,251.9
408.5,144.3,280.7,680.0,486.0,264.1
398.1,133.7,259.9,853.9,525.5,244.6
255.9,101.0,196.5,1983.7,1328.1,184.9
178.2,127.7,248.2,348.3,1391.3,233.6
1052.1,110.2,747.9,884.1,759.3,211.7
740.6,193.1,921.3,2263.3,619.6,393.5
779.0,238.7,1008.5,469.5,1374.9,472.8
684.4,138.8,277.8,273.0,2256.5,572.6
463.5,105.3,204.7,206.7,453.4,488.4
479.6,120.9,530.8,237.3,1082.9,516.9
521.7,382.1,1174.9,387.1,2173.4,360.8
385.3,1068.9,48.8,0.0,0.0,0.0
407.7,997.7,333.7,0.0,0.0,1150.0
319.9,689.4,941.5,699.9,0.0,580.8
17.6,793.7,17.6,1278.0,1964.3,928.8
70.3,29.3,70.3,1370.3,1136.8,1290.8
357.9,654.9,63.3,324.9,1710.1,1325.8
341.5,336.5,45.7,38.1,2501.5,1736.7
295.8,489.7,0.0,710.3,987.2,1034.2
0.0,0.0,0.0,0.0,0.0,0.0
0.0,0.0,0.0,0.0,0.0,0.0
0.0,0.0,0.0,0.0,0.0,0.0
0.0,0.0,0.0,0.0,0.0,0.0
0.0,0.0,0.0,0.0,0.0,0.0
0.0,0.0,0.0,0.0,0.0,0.0
0.0,0.0,0.0,0.0,0.0,0.0
0.0,0.0,0.0,0.0,0.0,0.0
0.0,0.0,0.0,0.0,0.0,0.0
0.0,0.0,0.0,0.0,0.0,0.0
0.0,0.0,0.0,0.0,0.0,0.0
0.0,0.0,0.0,0.0,0.0,0.0
0.0,0.0,0.0,0.0,0.0,0.0
0.0,0.0,0.0,0.0,0.0,0.0
0.0,0.0,0.0,0.0,0.0,0.0
0.0,0.0,0.0,0.0,0.0,0.0
0.0,0.0,0.0,0.0,0.0,0.0
0.0,0.0,0.0,0.0,0.0,0.0
0.0,0.0,0.0,0.0,0.0,0.0
0.0,0.0,0.0,0.0,0.0,0.0
0.0,0.0,0.0,0.0,0.0,0.0
0.0,0.0,0.0,0.0,0.0,0.0
0.0,0.0,0.0,0.0,0.0,0.0
0.0,0.0,0.0,0.0,0.0,0.0
0.0,0.0,0.0,0.0,0.0,0.0
0.0,0.0,0.0,0.0,0.0,0.0
0.0,0.0,0.0,0.0,0.0,0.0
0.0,0.0,0.0,0.0,0.0,0.0
0.0,0.0,0.0,0.0,0.0,0.0
78.8,78.8,78.8,78.8,78.8,78.8
78.8,78.8,78.8,78.8,78.8,78.8
62.4,78.8,79.7,81.8,90.6,79.6
65.4,78.9,79.4,83.6,86.2,79.3
121.9,162.9,316.8,965.4,1234.9,298.1
69.6,93.0,180.9,654.4,1267.2,170.2
488.5,653.0,1269.7,1937.6,3148.8,1194.7
370.7,495.5,963.5,1626.0,2611.2,906.6
156.0,166.5,332.4,975.6,1490.8,422.6
173.3,170.1,343.5,988.3,1486.3,644.0
196.8,208.1,415.9,1057.5,1628.5,708.2
224.1,286.6,560.0,1218.7,1924.2,746.9
131.7,176.0,342.3,1009.2,1550.5,620.2
138.6,332.4,525.7,1022.2,1585.4,636.0
207.4,625.8,830.5,964.2,1462.6,577.1
358.1,554.3,693.1,814.7,877.7,452.2
369.7,445.1,584.3,607.2,343.4,481.2
341.0,646.1,865.5,332.0,569.4,607.6
388.6,576.6,735.9,199.6,332.6,499.4
579.5,784.3,1152.1,615.3,1022.9,912.0
612.4,857.9,1287.5,752.2,1269.0,1027.0
429.7,648.8,875.3,348.3,597.4,619.2
357.4,560.9,699.8,164.7,282.5,338.5
400.1,619.0,808.1,267.6,459.0,249.4
489.0,677.5,935.7,390.9,644.4,1096.0
444.9,613.9,812.4,262.4,419.1,933.2
777.3,667.6,923.8,386.2,633.1,1125.3
805.6,564.7,867.6,528.5,877.2,1184.0
746.3,296.2,587.4,582.4,971.4,1246.1
898.9,787.9,1891.2,1547.5,2626.7,2227.5
535.0,293.9,1110.9,577.8,1581.9,3074.9
329.8,24.9,575.2,49.8,996.7,189.6
28.1,11.7,558.4,23.4,943.5,190.1
1515.6,1014.3,2048.0,1263.0,2407.8,4859.6
63.3,691.6,582.9,52.7,1007.6,84.4
77.4,900.7,607.6,489.6,2287.5,103.2
0.0,816.8,534.5,645.5,2141.5,193.2
206.1,1114.0,1067.3,1174.8,3224.6,802.3
197.8,1066.2,996.7,1185.6,2998.7,731.0
200.3,665.0,951.2,3275.3,5096.5,706.3
170.8,663.7,875.9,1061.4,2812.1,639.3
142.3,1315.3,831.9,1068.9,1561.4,581.8
110.1,649.0,824.8,3465.5,4011.9,563.8
106.0,662.9,812.0,926.1,1434.6,556.1
92.6,1384.2,573.8,880.2,1334.3,501.2
519.4,617.5,1013.9,1687.2,1096.4,552.9
404.1,615.6,995.2,1622.1,454.1,548.4
384.2,591.5,2107.5,1665.5,379.3,505.4
724.7,646.7,1090.1,1696.6,539.1,653.1
540.2,583.3,1313.9,1902.6,876.2,826.6
175.0,208.0,2373.2,1117.1,688.0,396.6
199.4,266.6,518.3,1111.9,897.5,1299.0
0.0,299.9,1280.0,790.1,1752.5,766.3
159.5,901.1,1282.3,1470.1,1541.2,1448.0
149.8,1138.6,1192.3,1293.8,1648.0,1379.8
136.8,803.9,1445.8,1212.0,3093.9,109.9
227.0,871.4,913.3,986.9,1107.6,893.8
461.4,890.1,660.0,949.4,1076.4,962.6
635.9,1005.7,519.1,878.6,1870.1,90.5
596.2,451.0,827.6,710.2,1415.7,0.0
493.7,602.0,0.0,1058.5,1234.7,0.0
0.0,0.0,0.0,0.0,0.0,0.0
0.0,0.0,0.0,0.0,0.0,0.0
0.0,0.0,0.0,0.0,0.0,0.0
0.0,0.0,0.0,0.0,0.0,0.0
0.0,0.0,0.0,0.0,0.0,0.0
0.0,0.0,0.0,0.0,0.0,0.0
0.0,0.0,0.0,0.0,0.0,0.0
0.0,0.0,0.0,0.0,0.0,0.0
0.0,0.0,0.0,0.0,0.0,0.0
0.0,0.0,0.0,0.0,0.0,0.0
0.0,0.0,0.0,0.0,0.0,0.0
0.0,0.0,0.0,0.0,0.0,0.0
0.0,0.0,0.0,0.0,0.0,0.0
0.0,0.0,0.0,0.0,0.0,0.0
0.0,0.0,0.0,0.0,0.0,0.0
0.0,0.0,0.0,0.0,0.0,0.0
0.0,0.0,0.0,0.0,0.0,0.0
0.0,0.0,0.0,0.0,0.0,0.0
0.0,0.0,0.0,0.0,0.0,0.0
0.0,0.0,0.0,0.0,0.0,0.0
0.0,0.0,0.0,0.0,0.0,0.0
0.0,0.0,0.0,0.0,0.0,0.0
0.0,0.0,0.0,0.0,0.0,0.0
0.0,0.0,0.0,0.0,0.0,0.0
0.0,0.0,0.0,0.0,0.0,0.0
0.0,0.0,0.0,0.0,0.0,0.0
0.0,0.0,0.0,0.0,0.0,0.0
0.0,0.0,0.0,0.0,0.0,0.0
0.0,0.0,0.0,0.0,0.0,0.0
0.0,0.0,0.0,0.0,0.0,0.0
0.0,0.0,0.0,0.0,0.0,0.0
0.0,0.0,0.0,0.0,0.0,0.0
0.0,0.0,0.0,0.0,0.0,0.0
0.0,0.0,0.0,0.0,0.0,0.0
0.0,0.0,0.0,0.0,0.0,0.0
70.7,0.0,0.0,0.0,0.0,0.0
0.0,0.0,0.0,0.0,0.0,0.0
0.0,0.0,0.0,879.0,0.0,0.0
128.4,144.4,145.4,154.6,147.1,145.3
94.3,126.0,151.8,184.5,157.6,177.8
116.3,106.9,167.8,164.8,153.4,182.8
148.7,148.7,148.7,148.7,148.7,148.7
136.1,148.7,153.4,149.6,150.9,153.2
59.9,80.0,155.6,157.0,269.4,146.4
360.1,124.7,242.5,244.8,419.9,228.2
317.9,317.9,317.9,317.9,317.9,317.9
250.4,166.3,249.8,270.0,300.0,249.3
143.6,400.9,373.3,433.4,541.5,422.5
387.6,400.0,280.2,400.3,441.9,405.2
431.3,430.0,219.2,215.1,565.1,454.6
442.3,404.9,490.8,275.4,405.9,295.8
447.8,359.7,476.4,455.2,474.6,454.3
147.8,197.6,1001.5,387.8,571.7,361.5
96.8,129.4,971.3,254.0,979.5,236.8
360.0,192.9,626.3,378.7,755.2,354.9
660.4,660.4,660.4,660.4,660.4,660.4
168.1,374.9,80.9,67.4,78.2,321.1
56.3,492.9,56.3,516.1,736.9,368.4
59.8,381.5,59.8,49.8,57.8,79.7
254.4,887.0,560.0,1080.6,921.3,551.8
0.0,485.3,1709.4,2414.9,0.0,0.0
0.0,1111.6,2149.0,2668.8,2231.3,0.0
710.3,1111.6,1095.0,1115.2,1219.5,1109.3
253.1,666.0,653.0,683.3,746.7,772.3
521.0,642.4,633.7,662.3,670.6,644.3
339.8,670.4,346.9,807.4,879.2,730.7
629.1,629.1,629.1,629.1,629.1,629.1
207.9,501.1,525.2,533.1,521.1,600.9
481.5,481.5,481.5,481.5,481.5,481.5
481.5,481.5,481.5,481.5,481.5,481.5
495.2,496.1,408.8,499.7,619.0,370.5
229.8,874.5,357.4,1332.7,965.1,304.7
365.9,626.8,690.5,1230.7,860.0,290.2
463.7,655.6,754.0,703.6,791.4,695.8
677.3,677.3,677.3,677.3,677.3,677.3
386.1,782.7,1155.0,1234.9,2122.1,1133.4
50.6,146.0,41.4,1561.8,3486.2,57.7
33.0,632.4,0.0,2619.8,4534.7,120.2
296.9,1203.2,263.2,663.6,3163.0,296.9
379.6,990.5,233.2,893.9,1041.1,509.3
712.0,1140.1,394.3,503.3,1493.1,3113.9
781.5,993.0,1019.1,916.8,1751.1,1800.6
634.0,200.7,854.5,2487.0,1533.9,2347.1
298.1,0.0,511.2,658.5,946.4,298.1
299.3,0.0,513.3,658.5,49.0,299.3
711.5,0.0,0.0,0.0,0.0,2399.3
341.9,0.0,0.0,0.0,0.0,1111.1
466.8,10.3,24.6,20.5,23.8,142.7
351.4,368.4,70.3,58.6,68.0,1070.6
350.2,352.6,28.1,23.4,27.2,2235.3
338.0,329.9,0.0,0.0,0.0,0.0
271.5,375.8,0.0,0.0,0.0,0.0
221.4,430.5,0.0,0.0,0.0,0.0
338.1,451.8,0.0,0.0,1141.9,0.0
360.1,363.0,0.0,0.0,1147.8,0.0
471.8,317.9,52.7,44.0,1161.9,690.8
825.7,479.8,605.6,55.7,1329.8,1013.3
773.8,481.3,144.2,0.0,1449.4,903.0
739.7,560.1,358.5,0.0,1521.2,986.8
772.1,612.7,540.9,0.0,1222.1,1083.3
450.1,634.3,538.7,860.7,996.3,841.9
692.3,588.6,956.6,684.4,1169.0,909.1
815.7,638.2,857.7,651.0,1033.2,849.8
0.0,0.0,0.0,0.0,0.0,0.0
0.0,0.0,0.0,0.0,0.0,0.0
0.0,0.0,0.0,0.0,0.0,0.0
0.0,0.0,0.0,0.0,0.0,0.0
0.0,0.0,0.0,0.0,0.0,0.0
0.0,0.0,0.0,0.0,0.0,0.0
0.0,0.0,0.0,0.0,0.0,0.0
0.0,0.0,0.0,0.0,0.0,0.0
0.0,0.0,0.0,0.0,0.0,0.0
0.0,0.0,0.0,0.0,0.0,0.0
0.0,0.0,0.0,0.0,0.0,0.0
0.0,0.0,0.0,0.0,0.0,0.0
0.0,0.0,0.0,0.0,0.0,0.0
0.0,0.0,0.0,0.0,0.0,0.0
0.0,0.0,0.0,0.0,0.0,0.0
0.0,0.0,0.0,0.0,0.0,0.0
0.0,0.0,0.0,0.0,0.0,0.0
0.0,0.0,0.0,0.0,0.0,0.0
0.0,0.0,0.0,0.0,0.0,0.0
0.0,0.0,0.0,0.0,0.0,0.0
0.0,0.0,0.0,0.0,0.0,0.0
0.0,0.0,0.0,0.0,0.0,0.0
0.0,0.0,0.0,0.0,0.0,0.0
0.0,0.0,0.0,0.0,0.0,0.0
0.0,0.0,0.0,0.0,0.0,0.0
0.0,0.0,0.0,0.0,0.0,0.0
0.0,0.0,0.0,0.0,0.0,0.0
0.0,0.0,0.0,0.0,0.0,0.0
103.1,114.4,116.1,116.2,118.7,115.9
92.0,127.5,115.7,115.7,118.0,115.5
114.1,114.1,114.1,114.1,114.1,114.1
114.1,114.1,114.1,114.1,114.1,114.1
31.6,337.7,31.6,26.4,947.1,42.2
0.0,262.9,0.0,0.0,1153.8,0.0
0.0,279.9,0.0,0.0,1136.8,0.0
0.0,0.0,0.0,902.8,513.9,0.0
652.4,0.0,0.0,817.6,814.4,0.0
381.5,0.0,1132.1,770.8,0.0,0.0
398.6,208.1,451.5,442.3,402.0,381.8
393.1,189.4,488.8,430.9,401.0,381.3
562.7,205.6,747.3,664.4,572.3,386.2
573.3,215.1,670.2,422.2,864.1,393.5
414.2,163.0,769.9,320.0,1173.0,298.3
433.3,573.2,351.4,354.8,1095.0,330.7
443.1,444.3,443.1,443.1,449.5,434.7
417.1,504.5,321.4,324.5,787.9,302.4
445.4,464.2,371.1,365.9,549.4,461.9
443.0,443.0,443.0,443.0,443.0,443.0
418.5,643.0,797.7,340.6,1207.8,609.7
404.8,631.3,709.5,313.9,858.8,1099.0
465.2,674.8,726.1,453.8,852.0,845.6
416.2,657.6,694.6,701.1,764.0,783.8
122.4,619.9,846.3,974.4,1414.4,1398.1
159.7,681.0,945.3,1061.9,718.7,1213.7
232.8,678.2,1018.6,1140.7,799.1,1322.5
169.6,184.6,887.4,1016.4,601.8,649.1
154.4,206.4,914.6,1050.7,695.0,669.9
178.4,238.4,989.6,1116.0,802.7,706.0
157.9,211.0,896.1,1057.2,710.6,386.1
168.1,224.7,436.9,1076.2,756.6,411.1
144.0,192.5,374.3,1005.2,648.2,352.2
174.1,216.6,424.5,1068.4,721.6,406.3
218.3,223.8,449.2,1034.1,721.3,451.6
150.0,174.7,345.0,343.3,575.8,335.6
161.8,216.3,420.5,424.5,728.2,395.7
158.1,211.3,410.9,414.8,711.6,386.7
151.7,202.8,394.3,398.1,682.8,371.1
243.2,325.0,632.0,638.0,1094.3,594.7
271.2,362.4,704.7,711.5,1220.4,663.1
240.9,289.6,569.8,569.0,959.7,549.9
256.8,278.6,555.0,547.9,907.3,549.9
191.0,245.6,479.5,482.2,822.3,455.3
135.5,181.1,352.2,355.5,609.8,331.4
128.6,171.8,334.1,337.3,578.6,314.4
351.4,469.7,913.2,921.9,1581.3,859.3
237.1,316.9,616.2,622.1,1067.1,579.9
141.9,189.6,851.7,372.3,638.5,347.0
215.9,236.8,1502.1,1685.6,772.6,465.3
139.9,456.7,879.2,1444.8,1155.1,79.7
1545.3,1343.0,2124.8,3123.1,3118.5,2086.3
458.7,1117.7,1158.4,2725.0,2037.6,1128.6
102.0,770.3,1134.2,2366.1,1709.8,1045.2
1.1,1151.1,1037.4,3360.0,2133.5,1351.9
0.0,1136.1,528.1,2481.6,3406.4,2086.3
23.6,527.5,848.9,953.0,1423.1,1223.9
306.7,721.5,800.9,959.0,1134.3,1077.7
387.8,746.8,925.5,958.5,1109.0,872.4
289.5,711.0,991.6,1084.8,1048.3,874.7
556.5,779.4,938.8,920.9,941.9,862.5
833.3,833.3,833.3,833.3,833.3,833.3
833.3,833.3,833.3,833.3,833.3,833.3
833.3,833.3,833.3,833.3,833.3,833.3
833.3,833.3,833.3,833.3,833.3,833.3
747.7,838.6,850.1,807.7,854.3,901.6
738.1,842.5,862.8,787.8,858.3,910.5
747.0,427.7,936.7,812.2,999.6,1076.8
833.3,833.3,833.3,833.3,833.3,833.3
833.3,833.3,833.3,833.3,833.3,833.3
835.2,696.3,851.9,855.6,873.9,887.1
824.4,833.9,834.9,835.2,837.4,834.2
757.7,854.4,848.2,927.0,897.3,715.4
771.6,938.0,874.3,1050.3,1084.7,281.2
438.7,623.4,680.3,705.2,861.0,355.4
0.0,0.0,0.0,0.0,0.0,0.0
0.0,0.0,0.0,0.0,0.0,0.0
0.0,0.0,0.0,0.0,0.0,0.0
0.0,0.0,0.0,0.0,0.0,0.0
0.0,0.0,0.0,0.0,0.0,0.0
0.0,0.0,0.0,0.0,0.0,0.0
0.0,0.0,0.0,0.0,0.0,0.0
0.0,0.0,0.0,0.0,0.0,0.0
0.0,0.0,0.0,0.0,0.0,0.0
0.0,0.0,0.0,0.0,0.0,0.0
0.0,0.0,0.0,0.0,0.0,0.0
0.0,0.0,0.0,0.0,0.0,0.0
0.0,0.0,0.0,0.0,0.0,0.0
0.0,0.0,0.0,0.0,0.0,0.0
0.0,0.0,0.0,0.0,0.0,0.0
0.0,0.0,0.0,0.0,0.0,0.0
0.0,0.0,0.0,0.0,0.0,0.0
0.0,0.0,0.0,0.0,0.0,0.0
0.0,0.0,0.0,0.0,0.0,0.0
0.0,0.0,0.0,0.0,0.0,0.0
0.0,0.0,0.0,0.0,0.0,0.0
0.0,0.0,0.0,0.0,0.0,0.0
0.0,0.0,0.0,0.0,0.0,0.0
0.0,0.0,0.0,0.0,0.0,0.0
0.0,0.0,0.0,0.0,0.0,0.0
0.0,280.2,396.0,0.0,354.8,431.7
45.7,293.2,317.2,38.1,395.8,372.6
138.7,275.0,312.8,55.7,334.6,345.8
243.8,243.8,243.8,243.8,243.8,243.8
696.7,706.6,468.5,473.0,1746.5,731.9
723.6,1268.0,483.7,357.7,1537.3,625.6
736.3,904.6,833.0,299.2,1444.6,567.6
449.2,1055.6,928.2,1606.8,1609.6,657.5
452.9,1117.2,943.7,985.0,3751.8,679.3
474.8,659.8,895.4,1121.1,2494.6,670.5
467.1,664.3,925.7,1243.0,2892.4,674.0
456.3,695.4,965.9,439.8,3171.9,704.5
410.5,631.0,834.4,313.5,782.9,586.8
414.7,286.3,844.4,321.4,551.4,376.2
467.9,225.3,957.7,442.3,758.6,412.2
422.6,172.7,859.6,338.9,581.3,315.9
428.2,162.5,845.3,319.2,539.4,307.3
520.7,234.2,1008.2,460.9,756.5,470.7
246.6,207.8,936.1,408.2,690.4,392.2
113.5,151.8,825.4,456.1,511.0,277.7
141.3,188.8,897.4,1026.5,635.8,345.5
157.0,209.9,545.9,1070.4,706.6,384.0
119.5,159.8,310.7,964.3,538.0,292.3
132.4,177.0,344.2,995.5,595.9,323.8
205.5,232.6,460.9,1115.7,763.2,451.6
196.5,201.2,404.0,1044.1,648.4,406.3
121.3,162.1,315.3,958.6,545.9,296.7
155.3,207.6,403.6,1050.4,698.9,379.8
141.3,188.9,367.3,1005.9,636.0,345.6
113.5,151.7,295.0,938.1,510.8,277.6
150.4,201.0,390.8,1037.4,676.7,367.7
143.8,192.2,373.7,1035.8,647.2,351.7
194.8,195.7,393.9,1030.7,628.3,398.2
186.4,207.1,411.3,1055.3,677.3,405.0
145.5,194.4,378.0,1029.7,654.6,355.7
135.2,180.7,351.3,523.1,608.3,330.6
131.0,175.1,340.4,343.7,589.5,320.3
148.4,198.4,385.8,389.4,668.0,363.0
138.1,184.6,359.0,362.4,621.7,337.8
140.1,171.1,336.0,336.1,568.4,323.1
228.1,237.0,474.8,466.3,765.6,475.7
159.2,190.1,374.3,373.6,629.4,361.9
128.5,171.8,334.0,337.2,578.4,314.3
148.1,197.9,384.9,388.6,666.5,362.2
132.1,391.6,343.4,346.7,594.7,323.2
501.7,675.7,390.0,689.3,675.4,503.7
464.5,728.4,470.5,1128.3,814.8,1611.3
543.4,621.7,561.3,1227.4,937.0,1546.9
433.7,190.4,383.6,1385.5,610.4,1938.8
580.1,244.9,476.8,1057.3,822.9,1598.0
701.7,191.5,614.1,1233.7,2227.0,1505.9
415.5,367.7,824.2,1536.6,1777.4,1438.6
609.7,748.5,906.8,953.9,1315.3,465.8
395.9,727.5,966.8,908.7,1435.9,565.1
410.9,752.9,899.6,544.8,1617.0,774.8
289.2,57.2,625.7,61.5,2232.3,402.5
35.2,14.7,840.8,29.3,1959.5,257.8
0.0,278.5,555.7,0.0,1041.9,0.0
0.0,293.8,553.6,0.0,955.7,0.0
206.0,559.1,1091.0,540.4,1896.0,503.7
0.0,0.0,29.7,0.0,0.0,0.0
0.0,0.0,0.0,922.5,0.0,0.0
35.2,772.4,35.2,773.1,34.0,46.9
70.3,408.2,70.3,844.0,497.8,93.8
10.5,279.3,10.5,374.5,498.3,14.1
0.0,0.0,0.0,0.0,0.0,0.0
0.0,0.0,0.0,0.0,0.0,0.0
0.0,0.0,0.0,0.0,0.0,0.0
0.0,0.0,0.0,0.0,0.0,0.0
0.0,0.0,0.0,0.0,0.0,0.0
0.0,0.0,0.0,0.0,0.0,0.0
0.0,0.0,0.0,0.0,0.0,0.0
0.0,0.0,0.0,0.0,0.0,0.0
0.0,0.0,0.0,0.0,0.0,0.0
0.0,0.0,0.0,0.0,0.0,0.0
0.0,0.0,0.0,0.0,0.0,0.0
0.0,0.0,0.0,0.0,0.0,0.0
0.0,0.0,0.0,0.0,0.0,0.0
0.0,0.0,0.0,0.0,0.0,0.0
0.0,0.0,0.0,0.0,0.0,0.0
0.0,0.0,0.0,0.0,0.0,0.0
0.0,0.0,0.0,0.0,0.0,0.0
0.0,0.0,0.0,0.0,0.0,0.0
0.0,0.0,0.0,0.0,0.0,0.0
0.0,0.0,0.0,0.0,0.0,0.0
0.0,0.0,0.0,0.0,0.0,0.0
0.0,0.0,0.0,0.0,0.0,0.0
0.0,0.0,0.0,0.0,0.0,0.0
0.0,0.0,0.0,0.0,0.0,0.0
0.0,0.0,0.0,0.0,0.0,0.0
0.0,0.0,0.0,0.0,0.0,0.0
0.0,0.0,0.0,0.0,0.0,0.0
101.2,118.3,121.1,121.1,125.2,120.7
117.9,117.9,117.9,117.9,117.9,117.9
117.9,117.9,117.9,117.9,117.9,117.9
117.9,117.9,117.9,117.9,117.9,117.9
200.3,249.4,246.7,261.3,250.5,255.9
172.0,271.9,0.0,622.9,65.9,331.2
247.1,250.7,0.0,400.7,298.5,267.0
251.1,255.0,0.0,290.8,379.4,287.8
426.4,489.0,0.0,648.1,93.4,1140.0
502.7,27.8,66.8,698.6,1681.0,1807.1
348.3,19.0,728.8,681.0,2630.4,1922.0
832.4,245.1,2128.2,1124.0,1779.2,852.7
937.5,119.7,2016.4,875.3,1364.6,1700.3
714.5,163.5,1628.0,963.9,1500.8,2393.6
700.1,174.4,2060.7,1003.4,1526.2,612.5
643.9,131.3,2547.5,911.1,1381.1,534.9
784.2,160.5,848.6,963.3,1478.5,591.9
1938.8,890.6,2530.2,2423.5,4439.1,2734.9
653.6,284.4,1119.8,1214.7,3573.7,929.0
495.8,217.3,962.8,1080.6,2993.3,718.7
440.2,194.6,904.5,1037.9,2835.1,648.3
450.6,480.7,925.5,1059.2,2767.3,676.4
437.1,670.0,890.3,1021.1,3238.8,639.7
435.4,682.4,883.6,1013.8,1573.1,633.1
497.7,1108.6,988.4,1111.3,1716.5,745.8
368.5,938.5,611.2,696.3,1018.2,390.7
1535.0,1337.8,1542.4,1535.1,1553.3,1555.9
1509.9,1509.9,1509.9,1509.9,1509.9,1509.9
2173.6,1754.0,2412.3,1564.8,2769.2,2801.9
1889.9,1134.2,2134.5,1333.3,2500.7,2430.3
2045.7,1093.2,2036.0,1251.3,2401.7,2297.8
1582.6,1332.0,1795.5,1049.1,2163.4,1974.3
1057.5,1133.6,1324.3,656.4,1707.9,1340.1
548.2,1075.9,1024.7,486.9,2886.1,769.1
476.2,1197.3,1066.2,537.1,2987.8,576.0
494.6,1124.8,1109.9,581.8,2431.6,546.2
453.4,1059.4,970.6,451.2,2260.8,426.4
599.5,1142.4,1130.1,592.5,2148.9,620.7
241.4,1110.6,623.2,488.6,2006.9,654.8
151.4,632.2,314.7,309.1,1741.3,616.0
258.2,715.4,763.4,469.7,2055.7,802.8
164.8,697.2,969.1,432.3,741.5,703.4
107.4,618.7,820.1,621.5,483.5,355.8
110.0,867.2,826.7,949.6,494.9,268.9
142.3,1144.1,537.3,1034.3,640.3,347.9
194.7,1140.1,393.6,1046.0,627.8,1019.9
298.4,1088.5,950.9,488.2,955.7,915.1
423.5,424.6,980.3,990.0,1515.1,960.7
437.2,182.8,1056.8,1025.7,1577.0,1145.0
1106.4,433.5,1837.2,1569.7,2115.8,1839.1
1686.9,774.9,2473.4,2413.5,2264.1,3272.7
1388.6,707.6,2309.4,2101.8,1854.3,2980.8
1233.0,612.9,1454.5,1422.4,1659.4,1558.4
1096.6,861.7,1429.3,1400.4,1789.5,1363.2
320.7,1255.9,1094.8,1255.1,2081.5,1106.0
7.0,1378.0,1734.7,5.9,105.7,1249.8
12.2,876.9,2019.2,151.4,103.6,1391.2
111.8,601.9,1437.5,664.3,1054.0,1130.5
567.9,622.5,901.8,654.3,1180.0,1073.5
420.1,924.5,1035.7,349.3,872.0,1398.5
550.8,1249.5,1373.7,38.1,462.7,1325.2
516.4,935.4,1697.7,0.0,0.0,1485.8
123.0,91.8,134.1,16.3,0.0,140.5
0.0,0.0,0.0,0.0,0.0,0.0
0.0,0.0,0.0,0.0,0.0,0.0
0.0,0.0,0.0,0.0,0.0,0.0
0.0,0.0,0.0,0.0,0.0,0.0
0.0,0.0,0.0,0.0,0.0,0.0
0.0,0.0,0.0,0.0,0.0,0.0
0.0,0.0,0.0,0.0,0.0,0.0
0.0,0.0,0.0,0.0,0.0,0.0
0.0,0.0,0.0,0.0,0.0,0.0
0.0,0.0,0.0,0.0,0.0,0.0
0.0,0.0,0.0,0.0,0.0,0.0
0.0,0.0,0.0,0.0,0.0,0.0
0.0,0.0,0.0,0.0,0.0,0.0
0.0,0.0,0.0,0.0,0.0,0.0
0.0,0.0,0.0,0.0,0.0,0.0
0.0,0.0,0.0,0.0,0.0,0.0
0.0,0.0,0.0,0.0,0.0,0.0
0.0,0.0,0.0,0.0,0.0,0.0
0.0,0.0,0.0,0.0,0.0,0.0
0.0,0.0,0.0,0.0,0.0,0.0
0.0,0.0,0.0,0.0,0.0,0.0
0.0,0.0,0.0,0.0,0.0,0.0
0.0,0.0,0.0,0.0,0.0,0.0
0.0,0.0,0.0,0.0,0.0,0.0
0.0,0.0,0.0,0.0,0.0,0.0
0.0,0.0,0.0,0.0,0.0,0.0
0.0,0.0,0.0,0.0,0.0,0.0
0.0,0.0,0.0,0.0,0.0,0.0
0.0,0.0,0.0,0.0,0.0,0.0
0.0,0.0,0.0,0.0,0.0,0.0
0.0,0.0,0.0,0.0,0.0,0.0
0.0,0.0,0.0,0.0,0.0,0.0
0.0,0.0,0.0,0.0,0.0,0.0
0.0,0.0,0.0,0.0,0.0,0.0
0.0,0.0,0.0,0.0,0.0,0.0
0.0,0.0,0.0,0.0,0.0,0.0
0.0,0.0,0.0,0.0,0.0,0.0
263.5,193.8,261.3,292.5,271.0,260.5
216.1,161.3,264.3,345.5,293.4,261.9
239.2,259.2,259.4,263.5,262.2,259.1
257.1,257.1,257.1,257.1,257.1,257.1
222.6,728.5,488.6,483.4,1349.8,481.9
182.5,355.3,373.0,365.4,1551.4,490.1
172.9,231.1,449.4,453.7,1743.5,717.4
185.8,248.4,483.0,487.6,1175.7,744.3
97.9,130.9,254.5,256.9,440.7,534.1
820.8,515.0,1098.6,995.0,1407.3,1383.0
1014.8,1067.6,1316.2,1183.2,1647.1,1562.8
436.2,711.6,518.8,488.3,783.9,519.7
504.8,679.6,1256.8,410.0,669.1,594.1
514.8,398.8,1545.0,859.7,810.3,772.5
278.4,230.4,1521.2,1108.1,775.7,723.2
107.9,144.2,643.1,283.1,485.5,263.8
1174.5,609.1,1382.5,1211.7,1595.1,1710.7
1685.8,839.6,1924.3,1671.9,2156.7,2413.7
1240.3,603.2,1390.4,1201.7,1557.2,1758.2
383.3,256.8,552.0,508.3,1686.1,628.4
208.5,223.7,446.3,440.0,1654.6,443.4
109.3,136.4,267.2,828.9,1397.3,255.6
99.1,126.0,246.2,887.9,726.4,234.5
377.0,482.0,444.7,1104.1,716.2,446.0
460.8,655.8,896.1,933.0,559.8,335.4
555.8,607.1,882.2,2362.4,420.7,237.1
383.5,307.2,1362.3,2206.2,650.5,413.1
371.0,899.5,1932.6,911.5,1381.9,807.8
324.8,697.9,1747.3,1429.7,1060.5,584.8
323.9,210.6,1812.5,2535.9,614.6,339.7
232.2,839.2,1197.1,1256.6,1007.7,556.1
120.6,1049.1,345.6,964.8,517.8,287.1
132.6,514.1,743.4,471.3,584.5,320.4
174.6,488.2,1306.6,395.2,661.6,387.9
190.9,485.1,383.6,374.9,610.4,388.5
113.5,434.0,266.8,266.2,448.5,420.6
389.1,234.2,455.4,459.7,1750.9,1254.3
437.9,259.0,503.6,508.4,1970.8,1371.4
254.4,0.0,0.0,0.0,1145.1,681.2
214.8,0.0,0.0,0.0,999.8,525.4
220.5,0.0,0.0,0.0,2547.3,539.2
297.2,30.8,73.8,61.5,2312.8,644.7
45.7,19.0,45.7,38.1,132.1,97.6
0.0,0.0,0.0,0.0,1339.0,1727.7
189.6,253.5,492.9,497.5,3663.2,1837.4
335.0,195.7,948.7,384.2,1620.6,455.8
473.6,237.7,1649.3,466.5,800.2,1344.5
461.6,218.5,1317.7,428.8,735.6,2444.9
549.0,299.4,592.2,588.6,985.1,577.9
950.7,820.3,1607.7,1611.2,2732.8,1539.0
457.1,221.9,431.5,435.6,747.2,940.5
433.0,188.2,365.9,784.1,633.6,1461.3
565.0,364.6,708.9,1271.7,989.5,1100.3
477.3,245.8,478.0,1852.7,1496.4,449.8
434.7,488.9,364.2,1457.0,1912.5,342.7
473.2,697.5,438.1,1022.5,1952.5,416.3
561.1,768.4,580.7,1213.5,949.1,575.4
321.5,476.6,35.2,672.2,34.0,46.9
287.5,465.7,0.0,642.9,791.8,0.0
507.3,465.7,0.0,645.5,946.4,0.0
879.6,909.1,521.9,966.3,1232.0,491.1
768.6,880.3,520.2,843.9,986.3,489.4
0.0,0.0,0.0,0.0,0.0,0.0
0.0,0.0,0.0,0.0,0.0,0.0
0.0,0.0,0.0,0.0,0.0,0.0
0.0,0.0,0.0,0.0,0.0,0.0
0.0,0.0,0.0,0.0,0.0,0.0
0.0,0.0,0.0,0.0,0.0,0.0
0.0,0.0,0.0,0.0,0.0,0.0
0.0,0.0,0.0,0.0,0.0,0.0
0.0,0.0,0.0,0.0,0.0,0.0
0.0,0.0,0.0,0.0,0.0,0.0
0.0,0.0,0.0,0.0,0.0,0.0
0.0,0.0,0.0,0.0,0.0,0.0
0.0,0.0,0.0,0.0,0.0,0.0
0.0,0.0,0.0,0.0,0.0,0.0
0.0,0.0,0.0,0.0,0.0,0.0
0.0,0.0,0.0,0.0,0.0,0.0
0.0,0.0,0.0,0.0,0.0,0.0
0.0,0.0,0.0,0.0,0.0,0.0
0.0,0.0,0.0,0.0,0.0,0.0
0.0,0.0,0.0,0.0,0.0,0.0
0.0,0.0,0.0,0.0,0.0,0.0
0.0,0.0,0.0,0.0,0.0,0.0
0.0,0.0,0.0,0.0,0.0,0.0
0.0,0.0,0.0,0.0,0.0,0.0
0.0,0.0,0.0,0.0,0.0,0.0
0.0,0.0,0.0,0.0,0.0,0.0
0.0,0.0,0.0,0.0,0.0,0.0
0.0,0.0,0.0,0.0,0.0,0.0
0.0,0.0,0.0,0.0,0.0,0.0
0.0,0.0,0.0,0.0,0.0,0.0
80.0,80.0,80.0,80.0,80.0,80.0
80.0,80.0,80.0,80.0,80.0,80.0
80.0,80.0,80.0,80.0,80.0,80.0
80.0,80.0,80.0,80.0,80.0,80.0
98.9,132.2,199.3,199.9,248.2,195.4
179.0,179.0,179.0,179.0,179.0,179.0
179.0,179.0,179.0,179.0,179.0,179.0
179.4,175.5,179.3,179.3,181.3,179.2
423.5,162.8,316.6,319.6,1509.7,297.9
531.4,279.6,867.8,549.3,1900.4,529.6
508.4,211.7,969.4,416.5,1656.4,425.4
416.7,131.2,802.1,257.9,1409.2,252.1
432.3,169.9,871.3,333.6,1541.2,310.9
424.4,162.4,863.1,318.9,1516.0,297.2
390.8,117.6,775.8,230.8,1361.2,215.1
421.2,159.8,860.0,313.7,1503.3,469.1
428.4,169.3,874.4,332.4,1520.4,612.7
470.9,177.5,901.6,738.2,1518.0,660.5
474.7,187.3,917.9,1034.9,1552.7,675.4
446.9,202.0,935.7,1060.1,1615.3,673.6
424.0,176.1,876.9,1006.7,762.7,626.2
181.2,454.1,865.5,1005.1,576.9,618.7
138.9,670.1,893.3,1033.1,624.9,642.4
124.7,649.3,850.0,998.5,561.0,607.7
129.2,634.0,397.5,967.4,506.9,594.2
196.5,684.4,398.3,1056.0,635.9,704.1
162.4,677.6,377.1,1061.1,631.6,662.9
184.1,734.4,478.6,2373.2,828.7,746.1
219.3,777.6,569.9,2270.5,986.9,832.0
169.9,718.5,441.7,1188.8,764.8,707.8
179.8,1106.3,467.4,2473.8,948.9,492.8
1426.7,1042.1,1638.8,2647.4,2805.6,2049.8
257.3,272.4,494.3,479.8,1726.6,507.9
250.3,633.9,436.9,417.5,1627.1,487.9
212.7,607.6,451.5,444.6,1687.4,1829.4
237.2,232.9,548.7,458.6,1702.0,1650.5
124.8,166.8,863.0,327.4,1530.6,452.5
106.9,142.9,814.4,280.5,1446.4,2080.9
139.7,739.2,921.2,366.6,1443.3,2013.5
166.5,1147.8,1532.0,380.8,640.2,674.6
294.5,1115.3,1394.0,325.1,525.0,640.2
255.7,1136.3,940.1,347.2,582.5,638.6
149.8,1132.4,1583.9,368.8,632.6,646.6
247.8,714.3,1361.5,295.6,529.0,577.2
250.9,656.7,334.7,337.9,1821.4,569.5
484.8,829.8,737.1,686.5,2081.2,821.9
1949.6,1337.3,2154.3,2592.7,2430.4,2741.8
1638.6,795.9,1823.2,2359.8,3414.3,2285.4
1116.9,449.0,1005.9,1548.1,3462.4,1221.1
469.4,541.1,394.7,1061.7,2366.6,646.3
972.1,1043.1,668.1,1212.6,3087.0,3925.0
1036.6,1300.1,1370.7,1273.8,3035.0,2260.6
102.0,1442.4,2724.4,85.0,2824.5,1521.8
14.1,1439.3,2975.1,11.7,2636.5,2137.9
73.8,622.6,1846.4,61.5,2519.5,1533.1
42.2,605.2,1398.2,504.4,1741.5,324.9
833.3,833.3,833.3,833.3,833.3,833.3
833.3,833.3,833.3,833.3,833.3,833.3
833.3,833.3,833.3,833.3,833.3,833.3
833.3,833.3,833.3,833.3,833.3,833.3
833.3,833.3,833.3,833.3,833.3,833.3
427.9,858.9,946.2,920.8,998.7,847.5
417.9,865.4,984.0,456.7,1253.2,1022.9
401.3,839.6,875.1,933.9,948.3,1001.7
391.4,1029.2,1095.1,67.4,1334.3,1082.6
415.7,548.8,710.0,17.6,584.1,601.9
0.0,0.0,0.0,0.0,0.0,0.0
0.0,0.0,0.0,0.0,0.0,0.0
0.0,0.0,0.0,0.0,0.0,0.0
0.0,0.0,0.0,0.0,0.0,0.0
0.0,0.0,0.0,0.0,0.0,0.0
0.0,0.0,0.0,0.0,0.0,0.0
0.0,0.0,0.0,0.0,0.0,0.0
0.0,0.0,0.0,0.0,0.0,0.0
0.0,0.0,0.0,0.0,0.0,0.0
0.0,0.0,0.0,0.0,0.0,0.0
0.0,0.0,0.0,0.0,0.0,0.0
0.0,0.0,0.0,0.0,0.0,0.0
0.0,0.0,0.0,0.0,0.0,0.0
0.0,0.0,0.0,0.0,0.0,0.0
0.0,0.0,0.0,0.0,0.0,0.0
0.0,0.0,0.0,0.0,0.0,0.0
0.0,0.0,0.0,0.0,0.0,0.0
0.0,0.0,0.0,0.0,0.0,0.0
0.0,0.0,0.0,0.0,0.0,0.0
0.0,0.0,0.0,0.0,0.0,0.0
0.0,0.0,0.0,0.0,0.0,0.0
0.0,0.0,0.0,0.0,0.0,0.0
0.0,0.0,0.0,0.0,0.0,0.0
0.0,0.0,0.0,0.0,0.0,0.0
0.0,0.0,0.0,0.0,0.0,0.0
0.0,0.0,0.0,0.0,0.0,0.0
0.0,0.0,0.0,0.0,0.0,0.0
0.0,0.0,0.0,0.0,0.0,0.0
0.0,0.0,0.0,0.0,0.0,0.0
0.0,0.0,0.0,0.0,0.0,0.0
0.0,0.0,0.0,0.0,0.0,0.0
0.0,0.0,0.0,0.0,0.0,0.0
0.0,0.0,0.0,0.0,0.0,0.0
0.0,0.0,0.0,0.0,0.0,0.0
269.4,131.8,303.6,292.8,318.7,291.7
268.0,268.0,268.0,268.0,268.0,268.0
268.0,268.0,268.0,268.0,268.0,268.0
268.0,268.0,268.0,268.0,268.0,268.0
414.5,414.5,414.5,414.5,414.5,414.5
414.5,414.5,414.5,414.5,414.5,414.5
435.7,420.6,527.5,0.0,629.3,474.1
329.4,373.3,445.3,419.2,501.2,418.8
477.9,0.0,802.8,592.7,1428.4,0.0
547.7,0.0,609.4,681.1,1463.6,0.0
662.9,17.6,898.4,764.8,901.9,56.3
520.6,41.0,914.7,628.4,1108.0,89.1
11.1,471.8,13.3,836.2,15.7,20.2
97.1,771.1,485.7,1934.7,983.5,1092.8
146.5,800.0,732.6,1150.0,896.0,924.2
0.0,49.0,0.0,1457.7,0.0,85.5
7.0,26.7,7.0,1304.7,6.8,2433.1
73.8,984.8,73.8,1168.5,71.4,208.4
235.9,678.9,506.3,1077.9,1572.3,775.9
266.6,787.2,604.1,602.4,1013.8,4004.5
533.9,1975.5,1429.1,637.3,1093.1,1486.0
492.9,1136.8,1520.7,526.4,1302.5,1864.3
289.9,703.3,1147.4,0.0,1005.3,1120.4
117.6,790.0,1242.2,35.2,951.0,1130.4
229.6,632.2,2027.0,55.7,1466.8,272.2
85.9,526.6,53.9,2588.6,1223.0,79.3
9.8,505.8,0.0,1573.7,2420.6,557.3
9.2,804.5,0.0,4375.7,2943.8,807.1
332.1,960.1,0.0,3251.8,0.0,1022.1
670.3,717.5,465.4,4426.4,798.6,1472.1
640.9,705.2,461.5,1249.0,742.6,1430.1
731.5,1637.7,1990.0,1511.1,1192.0,1213.0
593.5,1770.3,1301.9,519.9,1917.3,1138.9
640.9,1718.2,1340.7,386.5,2148.3,360.3
782.6,1194.5,376.2,360.6,2499.4,336.1
551.8,1311.8,486.0,482.4,2716.5,449.6
407.5,1101.7,945.7,464.9,2555.7,458.8
209.7,1003.8,914.2,975.2,4148.5,3260.2
258.3,978.2,1163.6,1505.9,3885.4,2378.7
151.3,542.7,927.7,1493.5,2620.4,2525.0
143.3,578.6,911.1,1477.2,683.2,658.2
0.0,322.4,536.6,583.3,291.2,934.8
0.0,405.6,536.6,645.5,848.4,1000.4
326.7,1125.4,447.5,1920.0,2298.8,1532.2
352.9,577.5,877.3,2098.6,1846.9,2658.0
241.2,610.5,200.8,1204.7,1978.0,1197.5
487.4,296.8,1617.9,2051.0,992.8,559.8
433.3,176.7,1407.4,336.9,594.4,417.8
148.8,198.8,1457.0,390.3,669.5,1535.9
191.1,248.9,1956.6,488.7,835.0,2205.4
216.0,220.8,443.3,434.5,711.1,446.1
185.0,205.2,1277.2,403.4,670.8,401.5
471.3,229.9,1274.1,1012.3,1410.4,602.0
447.7,495.6,1370.5,794.7,1522.9,368.6
433.5,652.6,1417.7,352.0,1184.6,328.1
352.5,698.1,1513.5,448.8,769.7,418.3
166.7,688.3,1273.4,418.6,713.1,396.0
206.1,678.9,956.3,408.5,666.6,421.9
205.1,706.7,1004.4,462.7,774.1,454.8
152.9,683.3,673.2,401.3,688.3,374.0
481.7,869.4,885.6,887.1,999.9,876.3
503.7,559.6,564.4,564.5,575.9,563.4
0.0,0.0,0.0,0.0,0.0,0.0
0.0,0.0,0.0,0.0,0.0,0.0
0.0,0.0,0.0,0.0,0.0,0.0
0.0,0.0,0.0,0.0,0.0,0.0
0.0,0.0,0.0,0.0,0.0,0.0
0.0,0.0,0.0,0.0,0.0,0.0
0.0,0.0,0.0,0.0,0.0,0.0
0.0,0.0,0.0,0.0,0.0,0.0
0.0,0.0,0.0,0.0,0.0,0.0
0.0,0.0,0.0,0.0,0.0,0.0
0.0,0.0,0.0,0.0,0.0,0.0
0.0,0.0,0.0,0.0,0.0,0.0
0.0,0.0,0.0,0.0,0.0,0.0
0.0,0.0,0.0,0.0,0.0,0.0
0.0,0.0,0.0,0.0,0.0,0.0
0.0,0.0,0.0,0.0,0.0,0.0
0.0,0.0,0.0,0.0,0.0,0.0
0.0,0.0,0.0,0.0,0.0,0.0
0.0,0.0,0.0,0.0,0.0,0.0
0.0,0.0,0.0,0.0,0.0,0.0
0.0,0.0,0.0,0.0,0.0,0.0
0.0,0.0,0.0,0.0,0.0,0.0
0.0,0.0,0.0,0.0,0.0,0.0
0.0,0.0,0.0,0.0,0.0,0.0
0.0,0.0,0.0,0.0,0.0,0.0
0.0,0.0,0.0,0.0,0.0,0.0
0.0,0.0,0.0,0.0,0.0,0.0
0.0,0.0,0.0,0.0,0.0,0.0
0.0,0.0,0.0,0.0,0.0,0.0
0.0,0.0,0.0,0.0,0.0,0.0
0.0,0.0,0.0,0.0,0.0,0.0
0.0,0.0,0.0,0.0,0.0,0.0
0.0,0.0,0.0,0.0,0.0,0.0
0.0,0.0,0.0,0.0,0.0,0.0
210.1,278.9,272.4,274.3,279.9,287.8
188.0,278.0,277.8,297.3,276.1,286.0
185.1,277.3,283.8,290.8,279.8,286.7
267.2,267.2,267.2,267.2,267.2,267.2
721.5,279.5,557.4,549.7,908.7,1446.1
202.3,17.6,42.2,35.2,40.8,909.2
70.5,10.2,16.3,0.0,0.0,1026.0
9.8,500.3,800.4,0.0,0.0,1005.5
173.7,220.5,352.7,0.0,0.0,876.8
346.2,30.5,48.8,0.0,0.0,2777.9
295.8,542.7,868.3,0.0,33.0,2569.5
180.1,282.1,465.5,35.2,2851.8,2044.0
66.8,27.8,754.1,55.7,2922.2,1013.4
10.5,4.4,1248.3,8.8,6367.1,848.5
0.0,353.5,1948.2,0.0,5334.9,540.0
0.0,636.6,874.3,0.0,3450.9,1063.1
490.6,1002.0,910.1,693.8,2740.3,604.2
476.2,449.7,1099.1,1249.6,2218.8,0.0
753.1,469.5,738.3,1969.7,2223.2,41.3
410.3,596.0,1101.0,944.2,1714.1,1899.4
392.4,395.5,990.9,953.9,1610.5,849.9
422.9,528.3,906.5,1109.6,1888.1,109.9
282.7,487.9,1090.4,741.8,1850.5,1953.6
395.2,466.2,1068.6,2718.5,1613.5,952.4
365.0,560.8,931.8,2160.2,2227.8,0.0
348.8,549.6,1286.5,1508.5,2666.0,168.5
722.3,705.0,1986.1,1544.6,3383.8,735.8
904.6,848.6,1901.6,1446.9,2299.7,685.1
872.3,1062.5,1510.5,1472.1,2442.2,633.2
777.6,1024.8,1354.7,1771.2,1804.2,440.3
752.6,719.3,990.3,1974.6,2677.4,391.8
732.3,650.8,1508.4,1921.5,2306.7,356.3
553.8,530.2,1099.1,1452.9,1752.8,430.0
488.1,777.5,381.9,1651.4,1630.4,359.3
462.4,588.4,818.6,1748.2,1260.8,512.5
1494.7,779.6,1349.2,2347.8,2007.0,1614.5
566.3,792.1,616.0,1246.6,1941.1,632.1
265.7,770.4,566.8,558.5,1895.1,563.7
189.1,416.8,491.6,496.2,1179.3,569.8
1068.7,375.1,900.2,1652.3,870.2,1505.5
1661.4,567.0,2094.8,2095.8,1315.5,2118.5
1164.4,628.6,1956.0,1386.8,832.8,1251.2
265.6,536.4,918.4,336.9,129.2,178.2
17.6,491.9,202.1,14.7,17.0,23.4
7.0,721.1,7.0,5.9,6.8,9.4
10.5,672.6,821.8,8.8,10.2,14.1
94.9,443.2,1164.0,79.1,91.8,126.6
7.0,496.4,652.8,5.9,6.8,9.4
45.7,402.3,835.3,38.1,44.2,61.0
70.3,402.4,683.5,58.6,68.0,93.8
39.8,479.5,628.6,26.4,30.6,133.8
231.7,6.8,1200.1,0.0,0.0,2606.8
499.7,27.1,537.5,5.4,1648.4,2039.1
660.9,724.1,530.3,0.0,1595.9,1488.9
353.5,564.7,526.0,0.0,0.0,793.7
578.4,550.9,533.8,557.7,3.4,2489.4
828.1,251.2,649.0,701.8,1211.5,1358.3
513.3,707.8,1113.2,683.3,1260.7,721.7
495.3,463.0,1440.2,642.9,1273.3,109.9
432.7,184.8,1097.2,648.1,1185.2,1451.9
301.6,30.5,479.5,457.4,667.4,675.4
0.0,0.0,0.0,0.0,0.0,0.0
0.0,0.0,0.0,0.0,0.0,0.0
0.0,0.0,0.0,0.0,0.0,0.0
0.0,0.0,0.0,0.0,0.0,0.0
0.0,0.0,0.0,0.0,0.0,0.0
0.0,0.0,0.0,0.0,0.0,0.0
0.0,0.0,0.0,0.0,0.0,0.0
0.0,0.0,0.0,0.0,0.0,0.0
0.0,0.0,0.0,0.0,0.0,0.0
0.0,0.0,0.0,0.0,0.0,0.0
0.0,0.0,0.0,0.0,0.0,0.0
0.0,0.0,0.0,0.0,0.0,0.0
0.0,0.0,0.0,0.0,0.0,0.0
0.0,0.0,0.0,0.0,0.0,0.0
0.0,0.0,0.0,0.0,0.0,0.0
0.0,0.0,0.0,0.0,0.0,0.0
0.0,0.0,0.0,0.0,0.0,0.0
0.0,0.0,0.0,0.0,0.0,0.0
0.0,0.0,0.0,0.0,0.0,0.0
0.0,0.0,0.0,0.0,0.0,0.0
0.0,0.0,0.0,0.0,0.0,0.0
0.0,0.0,0.0,0.0,0.0,0.0
0.0,0.0,0.0,0.0,0.0,0.0
0.0,0.0,0.0,0.0,0.0,0.0
0.0,0.0,0.0,0.0,0.0,0.0
0.0,0.0,0.0,0.0,0.0,0.0
0.0,0.0,0.0,0.0,0.0,0.0
0.0,0.0,0.0,0.0,0.0,0.0
0.0,0.0,0.0,0.0,0.0,0.0
0.0,0.0,0.0,0.0,0.0,0.0
0.0,0.0,0.0,0.0,0.0,0.0
78.6,78.6,78.6,78.6,78.6,78.6
78.6,78.6,78.6,78.6,78.6,78.6
78.6,78.6,78.6,78.6,78.6,78.6
0.0,0.0,0.0,0.0,471.6,0.0
0.0,0.0,411.3,0.0,410.4,0.0
73.8,30.8,298.0,61.5,259.2,98.5
52.7,22.0,292.9,44.0,339.8,70.3
0.0,0.0,439.2,75.2,307.3,0.0
138.6,185.3,597.7,536.5,652.7,339.0
139.7,458.1,363.0,522.5,625.1,341.6
116.0,518.7,301.4,549.7,680.6,283.6
415.1,464.4,310.0,459.8,509.1,291.7
554.5,665.4,372.0,605.0,679.1,370.8
454.6,679.7,346.4,646.5,768.7,350.8
589.6,563.0,358.7,652.3,802.1,281.0
487.1,548.1,563.7,571.4,724.0,352.4
110.5,613.4,811.1,1872.0,3513.2,561.3
108.9,605.5,809.0,2146.4,2692.2,557.3
129.1,630.6,859.3,1727.6,4197.4,1490.4
143.2,627.5,851.1,2529.4,3083.3,1742.7
177.7,645.5,879.0,1934.1,1023.7,1341.9
146.5,641.3,853.4,971.8,560.0,2073.1
151.8,624.9,821.2,949.1,529.6,1448.4
402.2,621.8,808.6,932.0,500.4,558.2
400.3,609.8,812.1,932.2,491.7,555.9
416.1,631.2,852.1,965.2,557.3,596.3
403.4,615.9,818.1,611.2,505.8,569.4
462.9,637.7,872.3,331.4,537.5,638.3
476.3,664.7,918.8,391.5,647.2,690.1
403.8,385.4,826.0,305.0,523.1,574.1
379.7,124.8,766.5,244.9,420.2,519.4
417.3,171.9,862.4,337.5,578.9,605.6
415.5,163.2,841.3,320.4,549.6,592.1
384.3,119.9,491.8,235.3,403.6,510.3
455.2,185.5,367.3,364.6,609.1,503.2
491.5,200.1,401.8,393.9,644.7,404.3
406.3,136.1,268.7,267.6,449.2,261.2
408.6,157.1,305.5,308.5,529.1,287.5
424.9,178.9,347.9,351.2,602.4,327.3
394.2,134.8,262.1,264.6,453.8,246.6
397.4,142.1,276.4,279.0,478.6,260.1
283.7,187.0,363.6,367.1,629.6,342.1
175.8,173.6,350.2,341.8,555.3,355.7
152.9,152.6,307.3,300.3,489.1,311.3
139.1,185.9,361.5,364.9,625.9,340.1
117.0,156.3,304.0,306.9,526.4,286.0
91.0,121.7,236.6,238.9,409.8,222.7
139.0,185.8,361.3,364.8,625.7,340.0
129.4,173.0,336.4,339.6,582.6,316.6
158.3,185.8,366.6,365.1,613.2,454.9
221.2,230.9,462.4,454.4,746.9,764.3
236.9,161.7,319.2,317.9,850.6,606.9
405.1,138.3,268.9,271.5,1431.0,550.0
532.5,314.9,612.2,618.1,2010.4,874.2
560.6,352.4,685.2,691.7,2053.8,945.4
494.2,262.1,509.7,514.6,1836.6,778.9
516.1,281.8,548.0,553.3,1925.6,812.6
606.0,354.9,701.5,697.6,1705.8,934.2
557.1,286.2,986.5,562.9,1761.8,845.6
299.3,0.0,794.4,0.0,2333.3,879.2
299.3,0.0,724.8,0.0,2212.8,1055.0
124.3,0.0,155.4,0.0,242.8,161.6
0.0,0.0,0.0,0.0,0.0,0.0
0.0,0.0,0.0,0.0,0.0,0.0
0.0,0.0,0.0,0.0,0.0,0.0
0.0,0.0,0.0,0.0,0.0,0.0
0.0,0.0,0.0,0.0,0.0,0.0
0.0,0.0,0.0,0.0,0.0,0.0
0.0,0.0,0.0,0.0,0.0,0.0
0.0,0.0,0.0,0.0,0.0,0.0
0.0,0.0,0.0,0.0,0.0,0.0
0.0,0.0,0.0,0.0,0.0,0.0
0.0,0.0,0.0,0.0,0.0,0.0
0.0,0.0,0.0,0.0,0.0,0.0
0.0,0.0,0.0,0.0,0.0,0.0
0.0,0.0,0.0,0.0,0.0,0.0
0.0,0.0,0.0,0.0,0.0,0.0
0.0,0.0,0.0,0.0,0.0,0.0
0.0,0.0,0.0,0.0,0.0,0.0
0.0,0.0,0.0,0.0,0.0,0.0
0.0,0.0,0.0,0.0,0.0,0.0
0.0,0.0,0.0,0.0,0.0,0.0
0.0,0.0,0.0,0.0,0.0,0.0
0.0,0.0,0.0,0.0,0.0,0.0
0.0,0.0,0.0,0.0,0.0,0.0
0.0,0.0,0.0,0.0,0.0,0.0
0.0,0.0,0.0,0.0,0.0,0.0
0.0,0.0,0.0,0.0,0.0,0.0
0.0,0.0,0.0,0.0,0.0,0.0
0.0,0.0,0.0,0.0,0.0,0.0
0.0,0.0,0.0,0.0,0.0,0.0
0.0,0.0,0.0,0.0,0.0,0.0
0.0,0.0,0.0,0.0,0.0,0.0
0.0,0.0,0.0,0.0,0.0,0.0
0.0,0.0,0.0,0.0,0.0,0.0
0.0,0.0,0.0,0.0,0.0,0.0
0.0,0.0,0.0,0.0,0.0,0.0
0.0,0.0,0.0,0.0,0.0,0.0
0.0,0.0,0.0,0.0,0.0,0.0
0.0,0.0,0.0,0.0,0.0,0.0
434.6,180.8,936.5,354.9,1570.3,330.8
377.2,461.7,1777.5,417.7,1651.6,389.4
198.3,723.2,788.2,476.3,1744.6,457.7
231.8,712.7,490.0,482.3,1744.9,488.6
367.8,730.5,512.3,512.9,1117.2,491.7
505.5,749.2,812.9,538.0,922.8,501.4
460.1,348.8,977.1,440.4,755.4,410.5
470.7,237.0,986.8,465.2,841.9,433.6
499.7,271.0,1055.2,532.0,2780.7,788.7
280.1,270.5,1060.4,1067.5,1421.6,2866.3
246.7,277.9,691.1,1240.5,1785.2,1563.3
254.2,275.8,548.3,3045.9,3814.5,1163.0
303.6,159.2,309.6,1296.8,2125.6,2476.9
143.1,137.3,240.6,335.2,1114.3,928.5
126.7,733.6,305.4,2251.1,528.8,287.4
319.0,324.5,324.3,951.4,561.5,597.4
148.2,143.5,222.9,567.2,386.0,503.2
126.6,763.3,306.5,967.9,519.9,590.8
195.8,392.1,396.5,1030.8,632.7,478.4
131.4,533.6,285.4,927.4,467.3,282.3
108.0,617.6,280.8,936.8,486.3,264.2
121.7,641.5,316.3,490.4,547.7,297.6
104.1,488.0,270.7,273.2,468.7,254.7
102.3,136.8,265.9,268.5,460.5,250.2
119.3,159.5,310.1,313.1,537.0,291.8
164.1,174.0,347.8,342.4,564.6,346.6
163.3,156.7,317.5,308.7,498.6,324.9
121.3,155.7,304.0,305.7,521.0,288.8
123.2,164.7,320.3,323.3,554.6,301.4
89.0,118.9,231.2,233.4,400.3,217.5
107.1,143.1,278.2,280.9,481.8,261.8
125.9,168.2,327.1,330.3,566.5,307.8
106.7,136.1,266.0,267.3,455.2,253.0
183.8,180.9,365.2,356.2,578.5,371.2
162.2,174.8,348.5,343.8,568.6,345.9
105.4,140.9,273.9,276.6,474.4,257.8
107.4,143.5,279.1,281.8,483.3,262.6
114.8,153.5,298.4,301.2,516.7,280.8
112.9,150.9,293.4,296.2,508.0,276.1
100.3,134.0,260.7,263.1,451.3,245.3
154.3,170.6,339.1,335.5,557.6,334.2
190.0,192.6,387.1,379.0,619.2,390.4
112.3,133.9,263.7,263.1,443.1,255.0
115.4,154.2,299.8,302.7,519.2,282.1
126.9,481.9,329.9,333.0,571.2,310.4
88.6,910.4,230.2,936.6,398.6,216.6
123.6,1950.4,321.1,960.3,556.1,302.2
124.8,1588.9,324.4,1674.2,561.8,305.3
174.6,1064.1,341.4,988.1,537.4,348.9
457.1,1144.9,457.1,964.2,441.9,1180.9
891.6,891.6,891.6,891.6,891.6,891.6
105.5,757.6,1458.0,87.9,1050.7,1889.7
462.3,858.2,1041.6,728.1,995.8,914.0
833.3,833.3,833.3,833.3,833.3,833.3
845.4,715.0,860.7,841.5,874.2,863.2
853.5,586.1,878.4,844.7,915.7,921.6
879.9,293.0,972.2,586.1,1030.9,1237.9
638.4,19.0,962.6,38.1,1055.5,1567.8
0.0,0.0,0.0,0.0,0.0,0.0
0.0,0.0,0.0,0.0,0.0,0.0
0.0,0.0,0.0,0.0,0.0,0.0
0.0,0.0,0.0,0.0,0.0,0.0
0.0,0.0,0.0,0.0,0.0,0.0
0.0,0.0,0.0,0.0,0.0,0.0
0.0,0.0,0.0,0.0,0.0,0.0
0.0,0.0,0.0,0.0,0.0,0.0
0.0,0.0,0.0,0.0,0.0,0.0
0.0,0.0,0.0,0.0,0.0,0.0
0.0,0.0,0.0,0.0,0.0,0.0
0.0,0.0,0.0,0.0,0.0,0.0
0.0,0.0,0.0,0.0,0.0,0.0
0.0,0.0,0.0,0.0,0.0,0.0
0.0,0.0,0.0,0.0,0.0,0.0
0.0,0.0,0.0,0.0,0.0,0.0
0.0,0.0,0.0,0.0,0.0,0.0
0.0,0.0,0.0,0.0,0.0,0.0
0.0,0.0,0.0,0.0,0.0,0.0
0.0,0.0,0.0,0.0,0.0,0.0
0.0,0.0,0.0,0.0,0.0,0.0
0.0,0.0,0.0,0.0,0.0,0.0
0.0,0.0,0.0,0.0,0.0,0.0
0.0,0.0,0.0,0.0,0.0,0.0
0.0,0.0,0.0,0.0,0.0,0.0
0.0,0.0,0.0,0.0,0.0,0.0
0.0,0.0,0.0,0.0,0.0,0.0
0.0,0.0,0.0,0.0,0.0,0.0
0.0,0.0,0.0,0.0,0.0,0.0
0.0,0.0,0.0,0.0,0.0,0.0
0.0,0.0,0.0,0.0,0.0,0.0
0.0,0.0,0.0,0.0,0.0,0.0
0.0,0.0,0.0,0.0,0.0,0.0
0.0,0.0,0.0,0.0,0.0,0.0
127.4,127.4,127.4,127.4,127.4,127.4
127.4,127.4,127.4,127.4,127.4,127.4
127.4,127.4,127.4,127.4,127.4,127.4
127.4,127.4,127.4,127.4,127.4,127.4
136.9,136.9,136.9,136.9,136.9,136.9
136.9,136.9,136.9,136.9,136.9,136.9
136.9,136.9,136.9,136.9,136.9,136.9
140.6,19.0,174.9,381.5,44.2,61.0
268.5,0.0,378.3,755.1,0.0,0.0
262.1,0.0,351.8,689.1,98.9,0.0
243.1,0.0,275.2,370.3,513.3,0.0
233.6,233.6,233.6,233.6,233.6,233.6
484.3,534.0,543.6,538.2,537.7,555.3
532.2,532.2,532.2,532.2,532.2,532.2
536.4,477.7,557.0,544.4,538.5,539.2
422.1,536.0,541.9,545.4,532.8,615.1
416.2,653.1,801.3,915.3,458.3,542.4
654.1,1326.5,903.5,981.2,901.2,438.8
404.8,640.7,1891.4,930.7,1407.9,568.5
745.8,799.7,1078.9,1151.7,1811.6,1404.5
735.5,1408.5,1050.9,1049.5,1116.4,1349.4
894.6,922.1,2614.7,1550.9,2510.7,1691.2
789.7,745.3,1063.3,1231.5,1907.9,1566.6
536.5,794.2,1163.6,1286.7,2067.1,898.0
483.8,730.6,1025.9,1151.9,1808.1,761.9
468.7,712.8,980.3,1100.6,1729.1,721.3
526.4,789.4,996.6,1258.4,1996.0,869.6
1446.7,1108.1,1432.3,1739.1,2647.0,2028.6
547.0,789.1,651.2,633.2,1950.2,964.6
273.8,739.7,548.5,535.8,1803.2,851.9
203.0,709.7,476.9,475.9,1744.3,753.4
2026.9,1555.5,2456.4,2170.0,3862.6,3293.5
1946.2,1409.3,2173.6,1876.4,3330.3,3045.3
1730.7,1308.3,1945.2,1682.5,3082.3,2749.0
1741.4,1313.0,1956.3,1691.8,3093.5,2761.3
1601.5,1092.2,1750.2,1501.1,2811.8,2531.0
1279.4,639.3,1463.9,1272.8,2579.7,2124.1
894.1,512.5,1137.3,1017.4,2329.4,1651.2
149.5,151.2,304.1,297.7,1421.4,518.9
102.9,131.1,256.2,257.4,1365.9,243.9
152.5,203.8,396.3,400.1,1613.9,372.9
150.7,172.3,341.1,338.7,1245.1,333.3
157.6,145.9,297.1,287.5,460.7,307.1
180.3,208.6,412.3,410.1,687.1,401.8
123.8,165.5,321.8,324.9,557.3,302.8
86.7,115.9,225.3,227.5,390.2,212.0
123.2,164.6,320.1,323.2,554.3,301.2
140.4,187.7,365.0,368.5,632.1,343.5
364.1,127.0,251.7,249.7,417.0,246.5
478.3,182.4,368.0,359.1,583.5,373.9
535.8,290.1,570.8,570.0,961.5,550.9
50.7,364.9,553.6,0.0,0.0,0.0
0.0,313.8,1254.7,1196.0,1085.4,0.0
0.0,688.1,1159.6,1282.3,1887.6,0.0
192.5,721.1,1069.1,1731.5,3838.1,470.7
10.5,473.8,10.5,32.1,4417.5,14.1
73.8,255.1,73.8,61.5,2780.8,98.5
45.7,19.0,499.6,38.1,1931.5,314.3
167.3,0.0,528.1,557.4,2662.8,542.0
302.8,0.0,530.3,637.7,2553.4,586.8
305.2,322.4,91.2,645.5,3200.9,434.8
505.1,560.6,0.0,858.3,3076.0,0.0
205.8,200.2,0.0,0.0,458.8,0.0
0.0,0.0,0.0,0.0,0.0,0.0
0.0,0.0,0.0,0.0,0.0,0.0
0.0,0.0,0.0,0.0,0.0,0.0
0.0,0.0,0.0,0.0,0.0,0.0
0.0,0.0,0.0,0.0,0.0,0.0
0.0,0.0,0.0,0.0,0.0,0.0
0.0,0.0,0.0,0.0,0.0,0.0
0.0,0.0,0.0,0.0,0.0,0.0
0.0,0.0,0.0,0.0,0.0,0.0
0.0,0.0,0.0,0.0,0.0,0.0
0.0,0.0,0.0,0.0,0.0,0.0
0.0,0.0,0.0,0.0,0.0,0.0
0.0,0.0,0.0,0.0,0.0,0.0
0.0,0.0,0.0,0.0,0.0,0.0
0.0,0.0,0.0,0.0,0.0,0.0
0.0,0.0,0.0,0.0,0.0,0.0
0.0,0.0,0.0,0.0,0.0,0.0
0.0,0.0,0.0,0.0,0.0,0.0
0.0,0.0,0.0,0.0,0.0,0.0
0.0,0.0,0.0,0.0,0.0,0.0
0.0,0.0,0.0,0.0,0.0,0.0
0.0,0.0,0.0,0.0,0.0,0.0
0.0,0.0,0.0,0.0,0.0,0.0
0.0,0.0,0.0,0.0,0.0,0.0
0.0,0.0,0.0,0.0,0.0,0.0
0.0,0.0,0.0,0.0,0.0,0.0
0.0,0.0,0.0,0.0,0.0,0.0
0.0,0.0,0.0,0.0,0.0,0.0
0.0,0.0,0.0,0.0,0.0,0.0
0.0,0.0,0.0,0.0,0.0,0.0
0.0,0.0,0.0,0.0,0.0,0.0
0.0,0.0,0.0,0.0,0.0,0.0
0.0,0.0,0.0,0.0,0.0,0.0
91.7,122.5,134.1,134.2,145.4,133.2
90.8,121.3,147.3,131.7,139.0,131.0
126.8,126.8,126.8,126.8,126.8,126.8
126.8,126.8,126.8,126.8,126.8,126.8
229.3,241.7,264.5,257.0,263.5,257.0
216.4,252.3,264.1,263.4,262.9,253.9
252.2,252.2,252.2,252.2,252.2,252.2
252.2,252.2,252.2,252.2,252.2,252.2
272.3,266.8,1049.0,1882.7,1840.9,1306.2
314.4,189.6,901.0,2943.8,1584.7,2288.2
101.4,123.2,761.3,879.5,1342.3,329.1
258.6,181.1,893.7,1002.2,1518.2,1171.3
685.0,213.5,950.6,1062.8,1632.6,2580.0
389.9,129.0,770.4,888.3,1358.1,236.0
390.2,129.4,777.7,896.9,1370.9,236.8
440.3,194.8,902.6,1022.7,2323.5,356.4
405.0,151.6,805.6,924.2,3166.3,267.1
379.8,599.1,761.9,881.5,1437.1,220.0
477.0,672.8,641.7,690.3,1807.0,401.8
483.1,659.9,383.6,374.9,2555.5,687.8
385.0,593.5,238.9,240.0,408.4,521.0
413.8,635.7,315.8,318.9,546.9,590.6
424.0,641.4,345.4,348.7,598.2,619.6
383.2,821.4,242.5,244.8,419.9,523.9
402.1,1152.1,282.5,285.2,489.2,555.7
285.9,680.3,371.9,372.3,630.5,650.2
181.2,864.0,352.8,343.1,554.4,653.2
135.4,1217.9,301.3,298.6,497.5,584.6
130.4,638.1,338.9,342.1,586.8,611.1
120.8,630.9,314.0,317.0,543.7,586.5
95.8,339.2,248.9,251.3,431.0,524.1
124.1,165.9,322.6,325.6,558.6,596.9
130.4,174.3,339.0,342.2,587.0,451.0
162.4,155.6,315.2,306.4,494.6,322.8
174.6,178.4,358.3,351.2,574.7,360.6
130.0,173.8,337.9,341.1,585.0,317.9
103.0,137.7,267.7,270.2,463.5,251.9
107.3,143.4,278.8,281.5,482.8,262.3
129.1,172.6,335.6,338.8,581.1,315.8
115.7,154.6,300.7,303.5,520.7,282.9
143.9,153.5,306.6,302.1,498.6,305.0
194.9,199.0,399.7,391.7,641.0,402.3
144.6,177.1,347.7,347.9,588.7,334.1
91.1,121.8,236.8,239.0,410.0,222.8
121.7,162.7,316.3,319.3,547.7,297.6
134.3,179.6,349.2,352.5,604.6,328.5
106.0,141.6,275.4,278.0,476.9,259.1
132.4,160.9,316.1,316.0,534.0,304.4
630.1,199.5,401.2,392.6,640.9,405.1
482.1,181.1,359.5,356.1,593.0,353.5
441.0,135.8,264.1,266.6,457.3,248.5
565.3,189.7,374.9,372.9,625.0,365.2
1790.1,633.9,1439.6,1261.2,3271.7,1766.9
907.0,230.4,470.7,454.1,2163.6,1547.4
1158.9,161.2,512.8,316.4,2070.1,1077.4
1121.8,1081.7,1820.8,1966.3,2494.5,1678.3
703.9,840.4,869.6,855.7,884.8,845.6
354.4,842.1,900.6,907.4,1098.2,897.4
472.2,589.2,894.0,925.4,1169.6,949.6
833.3,833.3,833.3,833.3,833.3,833.3
833.3,833.3,833.3,833.3,833.3,833.3
833.3,833.3,833.3,833.3,833.3,833.3
425.5,714.1,1091.1,950.2,923.8,895.4
140.7,841.7,1295.5,823.5,569.6,187.5
7.0,259.8,230.8,226.4,6.8,9.4
0.0,0.0,0.0,0.0,0.0,0.0
0.0,0.0,0.0,0.0,0.0,0.0
0.0,0.0,0.0,0.0,0.0,0.0
0.0,0.0,0.0,0.0,0.0,0.0
0.0,0.0,0.0,0.0,0.0,0.0
0.0,0.0,0.0,0.0,0.0,0.0
0.0,0.0,0.0,0.0,0.0,0.0
0.0,0.0,0.0,0.0,0.0,0.0
0.0,0.0,0.0,0.0,0.0,0.0
0.0,0.0,0.0,0.0,0.0,0.0
0.0,0.0,0.0,0.0,0.0,0.0
0.0,0.0,0.0,0.0,0.0,0.0
0.0,0.0,0.0,0.0,0.0,0.0
0.0,0.0,0.0,0.0,0.0,0.0
0.0,0.0,0.0,0.0,0.0,0.0
0.0,0.0,0.0,0.0,0.0,0.0
0.0,0.0,0.0,0.0,0.0,0.0
0.0,0.0,0.0,0.0,0.0,0.0
0.0,0.0,0.0,0.0,0.0,0.0
0.0,0.0,0.0,0.0,0.0,0.0
0.0,0.0,0.0,0.0,0.0,0.0
0.0,0.0,0.0,0.0,0.0,0.0
0.0,0.0,0.0,0.0,0.0,0.0
0.0,0.0,0.0,0.0,0.0,0.0
0.0,0.0,0.0,0.0,0.0,0.0
0.0,0.0,0.0,0.0,0.0,0.0
0.0,0.0,0.0,0.0,0.0,0.0
0.0,0.0,0.0,0.0,0.0,0.0
0.0,0.0,0.0,0.0,0.0,0.0
0.0,0.0,0.0,0.0,0.0,0.0
0.0,0.0,0.0,0.0,0.0,0.0
0.0,0.0,0.0,0.0,0.0,0.0
0.0,0.0,0.0,0.0,0.0,0.0
0.0,0.0,0.0,0.0,0.0,0.0
0.0,0.0,0.0,0.0,0.0,0.0
0.0,0.0,0.0,658.5,0.0,311.4
186.0,248.6,483.4,1143.9,837.1,558.7
300.8,402.0,781.7,1434.6,1353.6,3061.5
399.0,174.8,2293.3,989.2,571.7,830.3
478.2,177.7,1477.2,985.0,569.2,363.3
451.0,181.7,1027.0,1005.2,601.2,346.6
405.9,150.3,292.3,937.9,506.1,275.0
398.7,156.0,273.7,908.8,473.9,257.5
421.8,769.7,345.9,989.5,598.9,325.4
400.7,228.3,275.8,918.7,477.6,259.5
432.7,197.2,766.2,2982.0,1330.7,2151.3
478.7,1837.8,923.2,4037.0,1569.7,1442.2
442.1,877.5,867.4,1909.2,1497.2,955.9
403.7,881.1,821.0,1017.8,4815.9,275.5
409.5,638.8,839.1,3021.8,3415.0,534.2
413.8,642.6,841.6,935.5,2639.8,602.3
386.9,603.9,816.0,263.9,1395.3,544.1
412.3,634.6,1794.8,324.2,1539.1,597.6
494.7,666.1,1067.0,402.0,3493.1,709.2
984.4,624.1,877.0,300.6,1702.8,598.2
737.9,625.3,1864.4,309.6,1555.8,583.2
418.7,638.6,1086.0,350.5,3622.1,618.9
117.1,609.8,802.0,282.9,1852.4,551.2
311.9,606.3,788.8,276.0,1389.7,548.3
174.7,639.2,856.6,344.4,1507.0,612.1
184.3,655.1,907.2,376.5,1549.4,674.0
156.2,605.5,443.4,290.2,723.3,597.6
133.6,630.3,336.0,338.0,576.5,605.3
137.2,649.1,356.6,360.0,617.5,621.9
95.2,255.5,247.5,249.9,428.6,523.9
99.5,132.9,258.5,261.0,447.6,323.4
155.8,208.2,404.9,408.8,701.2,381.0
160.6,179.1,355.5,352.1,586.0,349.7
160.2,149.4,303.8,294.3,472.3,313.5
151.1,179.4,353.5,352.5,593.2,342.3
152.6,204.0,396.6,400.4,686.8,373.2
97.2,129.9,252.6,255.1,437.5,237.7
100.2,133.9,260.4,262.8,450.9,245.0
141.7,189.4,368.3,371.8,637.8,346.6
147.7,181.3,355.9,356.2,602.8,341.8
165.6,153.4,312.3,302.3,484.4,322.9
170.1,188.5,374.6,370.8,616.4,369.1
167.0,223.2,433.9,438.1,751.4,408.3
145.8,194.9,378.9,382.5,656.1,356.5
98.7,224.4,256.6,259.1,444.4,241.5
128.7,647.2,631.5,337.8,579.4,314.8
221.5,690.2,966.4,429.6,736.8,458.1
367.3,219.7,598.5,58.6,68.0,390.7
354.4,24.9,581.6,49.8,242.6,374.3
119.0,0.0,517.5,0.0,950.2,119.0
0.0,0.0,337.2,0.0,942.7,0.0
0.0,0.0,0.0,0.0,380.8,0.0
0.0,0.0,0.0,0.0,0.0,0.0
686.5,913.3,0.0,0.0,527.9,2872.3
860.1,1019.2,49.2,41.0,945.5,2085.0
944.2,1200.6,66.8,55.7,1003.5,1450.5
860.5,984.6,14.1,11.7,2207.7,921.4
450.5,381.6,0.0,0.0,3038.7,1129.2
675.6,501.4,0.0,0.0,2464.4,1358.5
683.7,521.6,103.9,1007.4,1618.0,1065.4
734.6,859.0,534.5,891.5,893.0,1087.4
827.5,850.5,561.9,875.0,900.7,984.4
839.0,840.1,284.6,945.0,979.6,1111.8
838.0,849.1,409.4,864.5,921.7,1117.2
742.8,855.3,316.8,892.1,1116.5,1076.5
723.4,836.1,843.9,848.4,876.3,871.9
820.3,833.4,835.9,835.0,838.2,837.2
742.6,840.5,847.2,853.7,866.0,850.0
404.0,873.2,905.9,935.4,1019.4,862.1
581.0,855.7,851.3,885.7,973.0,853.3
544.1,871.4,868.9,882.1,976.5,857.1
464.3,877.0,875.5,932.9,982.4,867.8
602.6,927.4,926.9,1108.7,502.9,931.5
516.0,873.4,1233.1,962.7,563.3,851.4
467.6,856.1,1199.8,1502.8,642.5,331.2
596.2,151.6,1658.4,1837.0,498.1,258.7
712.6,169.9,1689.2,1598.8,506.2,323.4
435.6,228.9,1430.2,1759.6,707.3,438.3
114.9,152.1,1810.8,2166.7,487.7,267.8
94.0,415.4,1828.5,2031.5,408.5,222.0
142.5,664.5,1338.7,1696.1,631.3,526.9
121.3,518.5,331.6,2868.8,545.9,594.8
90.8,111.7,114.6,115.0,118.0,118.8
0.0,0.0,0.0,0.0,0.0,0.0
0.0,0.0,0.0,0.0,0.0,0.0
0.0,0.0,0.0,0.0,0.0,0.0
0.0,0.0,0.0,0.0,0.0,0.0
0.0,0.0,0.0,0.0,0.0,0.0
0.0,0.0,0.0,0.0,0.0,0.0
0.0,0.0,0.0,0.0,0.0,0.0
0.0,0.0,0.0,0.0,0.0,0.0
0.0,0.0,0.0,0.0,0.0,0.0
159.9,171.6,879.0,337.6,557.9,340.1
101.7,136.0,665.2,266.9,457.8,248.8
130.7,174.7,339.7,343.0,588.3,319.7
115.2,154.0,299.4,302.3,518.4,281.7
89.1,119.1,231.6,233.8,401.1,218.0
121.4,392.2,315.4,318.4,546.2,296.8
190.9,669.1,406.1,400.1,660.2,404.2
174.3,646.6,605.0,337.7,548.4,352.0
658.9,1345.6,2225.1,1716.2,2940.4,1603.5
180.8,241.6,1004.3,474.3,813.6,442.1
236.7,124.2,771.7,243.8,418.2,227.2
442.7,202.7,394.2,397.9,682.6,514.7
544.9,331.4,644.4,650.5,1115.9,897.4
2020.0,937.9,2106.0,1864.0,2508.9,2862.2
1240.1,651.4,1474.2,1295.6,1716.2,2110.9
283.5,281.9,568.2,555.0,903.2,576.0
262.9,283.4,565.1,557.5,922.1,560.7
179.4,181.6,365.1,357.5,583.8,368.4
209.3,202.1,409.0,398.0,1103.6,417.9
188.5,251.9,489.8,494.5,1779.6,460.9
143.3,178.6,349.9,350.8,1545.4,334.8
244.9,259.5,518.5,826.7,1784.1,516.9
571.9,421.5,890.3,1473.4,1256.6,984.0
1969.5,976.1,2239.8,2597.2,2501.3,2814.0
1590.0,798.9,1827.1,2238.6,2060.9,2346.0
1258.8,679.7,1528.5,1351.0,1812.9,2800.0
604.3,439.0,929.6,867.8,1303.1,2668.2
274.4,298.9,622.3,587.8,974.1,2200.7
600.6,760.7,1902.9,2057.1,2541.3,1527.8
459.5,470.7,1643.2,1605.7,1583.5,967.1
504.6,283.4,1234.5,1920.2,897.3,591.3
477.3,495.8,508.4,2748.8,795.7,1977.0
312.2,458.9,56.7,2071.9,345.8,1277.8
375.5,646.3,120.0,159.2,1048.0,98.5
360.3,543.7,746.3,142.1,1019.3,79.7
294.6,509.6,561.7,92.3,965.3,0.0
289.9,511.5,0.0,1603.7,965.3,0.0
497.2,1187.2,535.7,2335.6,1889.2,504.1
464.4,1058.8,441.4,1106.6,1707.0,415.3
463.7,674.6,400.6,1063.1,1599.7,388.0
520.1,702.2,476.8,1132.6,1703.2,476.3
488.8,680.9,425.7,1084.0,1650.3,415.8
523.0,665.6,935.7,1029.4,1589.3,355.4
581.9,704.5,1082.1,1102.8,1736.6,958.4
323.4,710.3,1029.7,1113.0,2723.4,1130.2
154.0,666.0,1197.6,1026.6,2722.8,1186.3
233.4,741.9,1156.6,1174.5,3539.6,1587.7
515.6,1027.0,834.6,1285.1,3961.7,1524.6
601.1,1008.0,1077.1,1177.2,3418.9,2747.3
461.7,932.7,887.4,998.0,1336.3,2427.6
461.5,1080.6,919.6,1845.1,1695.8,2108.1
395.3,1397.8,945.9,1162.1,4532.7,2549.3
199.1,500.3,540.9,2408.4,3609.6,327.7
938.6,414.1,551.4,1683.6,5653.7,322.7
937.3,553.1,595.6,1451.3,4856.0,390.7
1385.0,24.8,35.2,2124.0,4393.8,46.9
917.6,373.7,843.9,1442.8,1422.1,0.0
876.0,695.8,750.9,1294.2,1376.9,6.1
868.3,839.3,966.2,1142.9,1183.3,0.0
864.0,842.0,1073.2,1176.0,1044.8,0.0
951.3,804.5,1107.1,1041.8,63.0,820.8
0.0,0.0,0.0,0.0,0.0,0.0
0.0,0.0,0.0,0.0,0.0,0.0
0.0,0.0,0.0,0.0,0.0,0.0
0.0,0.0,0.0,0.0,0.0,0.0
0.0,0.0,0.0,0.0,0.0,0.0
0.0,0.0,0.0,0.0,0.0,0.0
0.0,0.0,0.0,0.0,0.0,0.0
0.0,0.0,0.0,0.0,0.0,0.0
0.0,0.0,0.0,0.0,0.0,0.0
0.0,0.0,0.0,0.0,0.0,0.0
0.0,0.0,0.0,0.0,0.0,0.0
0.0,0.0,0.0,0.0,0.0,0.0
0.0,0.0,0.0,0.0,0.0,0.0
0.0,0.0,0.0,0.0,0.0,0.0
0.0,0.0,0.0,0.0,0.0,0.0
0.0,0.0,0.0,0.0,0.0,0.0
0.0,0.0,0.0,0.0,0.0,0.0
0.0,0.0,0.0,0.0,0.0,0.0
0.0,0.0,0.0,0.0,0.0,0.0
0.0,0.0,0.0,0.0,0.0,0.0
0.0,0.0,0.0,0.0,0.0,0.0
0.0,0.0,0.0,0.0,0.0,0.0
0.0,0.0,0.0,0.0,0.0,0.0
0.0,0.0,0.0,0.0,0.0,0.0
0.0,0.0,0.0,0.0,0.0,0.0
0.0,0.0,0.0,0.0,0.0,0.0
0.0,0.0,0.0,0.0,0.0,0.0
0.0,0.0,0.0,0.0,0.0,0.0
0.0,0.0,0.0,0.0,0.0,0.0
0.0,0.0,0.0,0.0,0.0,0.0
0.0,0.0,0.0,0.0,0.0,0.0
0.0,0.0,0.0,0.0,0.0,0.0
0.0,0.0,0.0,0.0,0.0,0.0
0.0,0.0,0.0,0.0,0.0,0.0
0.0,0.0,0.0,0.0,0.0,0.0
243.7,0.0,0.0,0.0,0.0,0.0
299.5,8.8,21.1,17.6,20.4,28.1
552.0,227.8,456.9,448.2,734.7,1272.0
357.7,211.1,416.5,414.9,697.1,1127.5
798.3,227.3,442.0,1085.4,765.3,2319.7
800.2,606.2,545.5,1281.2,2441.0,1142.9
1004.6,644.4,529.5,1402.4,2247.6,1015.6
424.3,665.1,433.5,437.6,4254.3,1085.2
413.5,269.9,845.0,529.7,2067.3,1073.3
333.2,23.4,588.6,46.9,1006.6,75.0
303.8,27.8,597.1,55.7,2407.5,89.1
0.0,0.0,40.3,0.0,2319.6,0.0
0.0,284.7,0.0,872.4,0.0,0.0
0.0,473.2,0.0,1167.3,0.0,0.0
0.0,471.3,0.0,2693.3,0.0,0.0
0.0,35.8,0.0,1323.6,0.0,0.0
205.9,259.0,507.0,1113.1,2353.2,484.0
238.8,254.5,508.1,1227.2,826.1,505.7
241.0,293.0,575.7,1197.4,972.7,554.1
210.1,280.8,546.0,551.2,945.5,1109.7
169.3,670.8,1937.5,444.3,1331.4,1272.9
201.7,664.9,2016.4,529.3,1854.3,1598.1
703.3,293.0,703.3,586.1,1622.5,1232.3
805.3,335.5,805.3,671.1,850.1,1096.1
214.5,89.4,214.5,178.8,207.4,286.0
140.7,58.6,140.7,117.2,136.0,187.5
49.2,20.5,49.2,41.0,47.6,65.6
200.8,627.5,1003.9,2007.9,2049.5,2258.9
0.0,0.0,78.7,0.0,93.4,0.0
0.0,354.4,1204.7,0.0,2417.6,0.0
132.4,49.2,716.3,0.0,1324.2,130.8
357.8,768.4,1734.2,41.0,564.1,969.7
601.4,446.7,1201.0,55.7,163.5,996.2
963.4,539.1,1492.0,470.5,620.3,1857.3
2904.4,2769.7,3107.0,2231.4,3687.8,7260.9
2271.2,3239.8,2260.3,3823.6,5416.3,4910.2
2119.4,3003.9,1862.2,2617.7,2880.0,3787.3
2231.9,2926.9,2957.7,1866.9,3166.8,3282.9
2265.0,2420.6,1370.1,1225.9,2873.7,2803.1
1389.0,1258.4,4282.9,716.4,2395.9,2038.9
668.2,905.9,1331.0,118.6,4178.7,4050.2
615.9,1631.2,1346.1,8.8,3428.6,932.2
786.1,822.6,1646.7,654.7,3133.2,928.6
706.1,887.1,1530.3,3428.9,3288.0,1063.3
824.9,855.6,993.0,2258.7,2522.2,1409.2
1477.3,1477.3,1477.3,1477.3,1477.3,1477.3
1477.4,1475.5,1477.5,1477.6,1477.9,1477.8
1479.9,1445.0,1480.6,1483.9,1488.5,1485.8
947.9,947.9,947.9,947.9,947.9,947.9
948.3,928.1,949.2,953.2,953.4,955.1
595.8,879.9,972.6,1086.2,1089.6,1063.3
611.1,821.7,1032.8,1055.1,1082.9,1083.7
565.1,795.4,963.2,960.2,1118.5,942.9
663.1,890.9,943.6,949.7,968.9,929.2
666.9,893.3,937.2,950.9,970.0,927.1
699.6,891.3,920.5,929.2,1003.7,901.1
613.6,846.0,851.6,888.7,946.7,853.3
788.1,836.5,836.7,839.4,857.1,842.2
812.2,833.9,835.9,836.9,842.5,838.5
647.7,831.3,848.3,845.6,904.7,861.8
0.0,0.0,0.0,0.0,0.0,0.0
0.0,0.0,0.0,0.0,0.0,0.0
0.0,0.0,0.0,0.0,0.0,0.0
0.0,0.0,0.0,0.0,0.0,0.0
0.0,0.0,0.0,0.0,0.0,0.0
0.0,0.0,0.0,0.0,0.0,0.0
0.0,0.0,0.0,0.0,0.0,0.0
0.0,0.0,0.0,0.0,0.0,0.0
0.0,0.0,0.0,0.0,0.0,0.0
0.0,0.0,0.0,0.0,0.0,0.0
0.0,0.0,0.0,0.0,0.0,0.0
0.0,0.0,0.0,0.0,0.0,0.0
0.0,0.0,0.0,0.0,0.0,0.0
0.0,0.0,0.0,0.0,0.0,0.0
0.0,0.0,0.0,0.0,0.0,0.0
0.0,0.0,0.0,0.0,0.0,0.0
0.0,0.0,0.0,0.0,0.0,0.0
0.0,0.0,0.0,0.0,0.0,0.0
0.0,0.0,0.0,0.0,0.0,0.0
0.0,0.0,0.0,0.0,0.0,0.0
0.0,0.0,0.0,0.0,0.0,0.0
0.0,0.0,0.0,0.0,0.0,0.0
0.0,0.0,0.0,0.0,0.0,0.0
0.0,0.0,0.0,0.0,0.0,0.0
0.0,0.0,0.0,0.0,0.0,0.0
0.0,0.0,0.0,0.0,0.0,0.0
0.0,0.0,0.0,0.0,0.0,0.0
0.0,0.0,0.0,0.0,0.0,0.0
0.0,0.0,0.0,0.0,0.0,0.0
0.0,0.0,0.0,0.0,0.0,0.0
0.0,0.0,0.0,0.0,0.0,0.0
0.0,0.0,0.0,0.0,0.0,0.0
0.0,0.0,0.0,0.0,0.0,0.0
0.0,0.0,0.0,0.0,0.0,0.0
0.0,0.0,0.0,0.0,0.0,0.0
0.0,0.0,0.0,0.0,0.0,0.0
112.6,150.5,827.2,295.5,506.8,572.3
127.2,460.4,861.0,333.9,572.7,605.8
137.6,644.0,357.7,361.1,619.5,336.6
109.0,603.9,283.4,286.1,490.7,266.7
114.6,609.5,298.0,300.8,516.0,280.4
180.4,661.5,390.1,385.1,637.8,386.4
210.8,687.8,441.0,433.4,712.5,441.2
464.6,1084.5,1190.6,1200.0,2053.5,1124.4
134.7,649.5,350.2,752.7,606.3,510.9
184.1,708.0,478.6,1115.6,828.7,737.8
133.6,642.3,347.2,980.4,1181.8,613.0
98.2,598.8,581.9,885.0,1362.0,525.3
169.5,674.2,930.0,1053.6,1617.1,686.1
316.6,826.1,1225.9,1347.7,2088.9,988.3
230.8,741.9,1057.0,1193.4,1846.0,821.2
145.5,660.2,902.1,1027.3,1590.0,649.3
156.7,678.9,933.4,1046.4,1651.8,672.0
113.7,623.3,827.8,935.9,1450.4,567.8
100.1,603.2,788.2,905.5,1374.2,537.0
168.1,697.9,956.5,1078.7,1684.0,700.9
168.7,352.2,875.8,991.0,1507.8,646.0
165.7,163.2,855.4,961.7,1449.5,625.8
147.8,191.0,894.5,1015.4,1575.3,644.6
320.8,186.3,888.2,1011.1,1558.5,634.2
394.9,143.5,1891.0,929.8,1414.7,557.2
438.1,202.8,2532.7,1043.6,1621.7,664.5
452.2,223.3,1282.5,1089.0,3562.6,704.4
429.3,178.3,965.1,591.2,2509.0,439.8
490.4,200.1,2173.3,393.9,3364.0,406.3
492.3,223.9,975.8,440.2,2748.5,433.8
454.7,215.6,616.5,423.2,1701.4,394.5
288.7,0.0,0.0,0.0,1070.8,0.0
289.9,0.0,0.0,0.0,0.0,0.0
292.2,0.0,0.0,0.0,0.0,0.0
307.5,7.3,17.6,14.7,17.0,23.4
408.1,29.3,70.3,140.0,68.0,93.8
535.7,14.7,263.1,2308.5,34.0,1062.0
903.5,263.8,512.9,620.9,888.1,1011.2
663.9,231.7,401.1,578.5,694.5,1341.6
850.1,927.8,1497.9,2908.5,725.7,1297.6
878.6,320.7,1122.7,566.3,971.3,1057.9
886.7,554.4,1997.1,981.7,1683.8,1496.9
598.3,1061.1,1523.1,561.3,1015.3,2912.0
263.4,293.8,1146.7,577.7,3269.4,1642.1
194.1,259.4,1122.8,509.2,977.9,1079.0
226.0,861.5,319.4,1867.4,728.9,300.6
400.0,1101.7,307.5,2972.3,3049.0,381.0
10.3,296.8,0.0,949.7,461.5,2564.1
0.0,486.4,538.0,0.0,0.0,506.3
21.1,489.6,625.0,17.6,20.4,596.4
331.4,389.4,708.0,1563.1,68.0,693.8
395.3,479.7,776.3,5315.9,23.8,740.1
111.8,475.1,752.8,3295.9,0.0,708.3
128.6,473.2,759.8,1603.7,0.0,2378.6
127.5,477.0,1170.6,1281.2,846.2,1441.4
105.8,482.5,1215.2,1238.1,993.9,1308.4
101.5,893.3,978.3,1259.4,758.2,1009.3
56.3,837.9,921.8,904.6,1268.2,1011.1
59.8,836.3,985.3,955.5,1198.4,964.8
0.0,837.9,962.7,998.3,1032.2,1168.9
207.0,835.6,987.4,888.4,1031.1,1050.5
537.5,869.3,895.1,866.9,855.5,975.8
545.8,877.5,872.4,928.7,880.7,894.9
514.3,856.2,887.8,958.8,876.2,906.7
600.6,854.0,847.2,956.5,880.2,861.4
659.6,439.1,769.1,1100.0,1171.0,861.3
833.4,604.9,868.0,895.2,921.8,876.7
918.0,705.2,437.2,1076.1,1152.7,710.7
838.3,850.0,837.5,861.3,958.0,654.8
740.6,803.3,813.2,916.7,1165.9,560.3
838.4,854.8,693.1,877.5,1168.3,567.9
868.8,875.1,842.1,406.6,1336.1,671.2
912.4,885.2,835.8,534.4,1220.6,611.5
856.8,858.9,834.2,840.4,987.5,622.3
845.7,896.9,846.7,854.2,1160.3,396.2
701.1,867.2,309.8,312.8,1746.5,291.5
246.2,247.9,245.2,245.2,249.7,237.1
0.0,0.0,0.0,0.0,0.0,0.0
0.0,0.0,0.0,0.0,0.0,0.0
0.0,0.0,0.0,0.0,0.0,0.0
0.0,0.0,0.0,0.0,0.0,0.0
0.0,0.0,0.0,0.0,0.0,0.0
0.0,0.0,0.0,0.0,0.0,0.0
0.0,0.0,0.0,0.0,0.0,0.0
0.0,0.0,0.0,0.0,0.0,0.0
0.0,0.0,0.0,0.0,0.0,0.0
0.0,0.0,0.0,0.0,0.0,0.0
0.0,0.0,0.0,0.0,0.0,0.0
0.0,0.0,0.0,0.0,0.0,0.0
0.0,0.0,0.0,0.0,0.0,0.0
0.0,0.0,0.0,0.0,0.0,0.0
0.0,0.0,0.0,0.0,0.0,0.0
0.0,0.0,0.0,0.0,0.0,0.0
0.0,0.0,0.0,0.0,0.0,0.0
0.0,0.0,0.0,0.0,0.0,0.0
0.0,0.0,0.0,0.0,0.0,0.0
181.1,401.7,358.1,349.2,2368.8,364.6
748.3,898.5,900.8,901.2,1000.5,898.0
786.7,786.7,786.7,786.7,786.7,786.7
484.8,680.4,837.8,414.1,1367.8,935.3
323.5,463.8,536.6,308.5,2428.6,1103.6
300.0,467.6,301.2,668.8,2300.6,1088.0
308.5,205.5,0.0,1553.5,2327.1,1027.2
523.6,194.8,642.5,1595.9,3072.8,1434.7
457.0,157.1,862.6,1692.4,2805.6,1433.2
593.6,214.6,951.9,1064.2,2451.4,1262.7
1005.5,0.0,528.1,282.6,1612.8,716.0
853.0,0.0,521.8,0.0,1529.6,876.4
897.2,0.0,526.0,0.0,1438.7,1670.3
646.6,0.0,231.2,0.0,3149.8,1310.4
657.1,1.5,3.5,2.9,2602.3,1582.7
410.4,30.8,73.8,61.5,2286.8,1281.4
476.0,13.2,31.6,26.4,2030.6,849.3
252.0,0.0,0.0,0.0,1133.9,1254.1
10.6,0.0,0.0,0.0,33.9,616.2
299.3,0.0,0.0,23.3,957.8,0.0
298.1,0.0,832.1,658.5,954.0,0.0
167.3,444.9,778.0,655.9,535.4,0.0
24.6,889.2,874.3,1228.7,23.8,32.8
70.3,943.3,911.1,844.0,68.0,93.8
17.6,707.4,797.4,872.5,17.0,265.0
0.0,401.0,801.7,848.7,0.0,294.6
241.6,412.3,875.2,787.2,0.0,134.3
485.3,1163.7,2175.6,1309.8,858.4,466.4
233.0,826.1,1579.2,1142.5,1217.2,241.4
136.1,953.1,2023.6,1152.7,1555.2,332.8
165.0,657.5,1239.2,1119.4,1011.1,352.8
163.6,611.5,1149.3,1250.0,500.3,325.9
116.9,580.3,1225.4,1192.2,513.7,282.0
131.0,651.9,1279.5,1182.4,589.5,320.3
99.1,615.4,1233.2,1196.0,445.9,242.3
111.0,426.6,1973.8,1239.3,499.6,271.5
110.6,741.8,1184.0,1367.6,497.6,270.4
123.1,501.3,320.0,2137.1,554.1,301.1
182.2,185.3,372.3,1321.3,596.2,375.1
140.1,142.0,285.4,279.5,456.6,287.9
126.6,169.3,329.1,332.3,569.9,309.7
131.4,175.6,341.4,344.7,591.2,321.3
91.5,122.4,237.9,240.2,412.0,223.9
104.2,139.3,270.9,273.5,469.2,254.9
148.1,197.9,384.9,388.6,666.5,362.2
114.3,526.3,274.6,274.7,464.7,263.9
161.3,622.3,306.8,297.3,477.5,316.3
168.7,411.4,388.0,386.1,647.6,377.5
124.2,494.6,322.7,325.8,558.8,303.7
90.9,623.0,236.3,238.6,1515.7,222.4
125.7,818.9,326.7,329.8,2254.3,307.4
153.4,1071.4,398.6,402.4,2881.7,375.1
90.1,1215.4,234.1,236.3,2706.6,220.2
336.0,1460.6,507.8,472.4,2811.0,681.8
1188.7,1768.0,1174.1,1044.7,3425.3,1711.4
737.7,1096.6,779.0,768.4,3889.1,1072.3
721.7,313.8,610.2,616.0,1873.7,864.4
670.4,212.7,413.5,417.4,716.0,622.4
468.1,0.0,0.0,0.0,0.0,0.0
798.4,101.1,242.6,453.7,234.5,323.5
862.5,716.5,850.9,858.0,849.8,862.3
863.0,669.6,855.8,885.9,854.3,871.4
699.8,291.6,699.8,1475.7,676.5,1156.7
45.7,19.0,45.7,1828.9,44.2,978.5
3.5,1.5,3.5,1344.6,3.4,1195.5
53.9,0.0,0.0,122.2,0.0,123.5
0.0,0.0,0.0,0.0,0.0,0.0
0.0,0.0,0.0,0.0,0.0,0.0
0.0,0.0,0.0,0.0,0.0,0.0
0.0,0.0,0.0,0.0,0.0,0.0
0.0,0.0,0.0,0.0,0.0,0.0
0.0,0.0,0.0,0.0,0.0,0.0
0.0,0.0,0.0,0.0,0.0,0.0
0.0,0.0,0.0,0.0,0.0,0.0
0.0,0.0,0.0,0.0,0.0,0.0
0.0,0.0,0.0,0.0,0.0,0.0
0.0,0.0,0.0,0.0,0.0,0.0
0.0,0.0,0.0,0.0,0.0,0.0
0.0,0.0,0.0,0.0,0.0,0.0
0.0,0.0,0.0,0.0,0.0,0.0
0.0,0.0,0.0,0.0,0.0,0.0
0.0,0.0,0.0,0.0,0.0,0.0
0.0,0.0,0.0,0.0,0.0,0.0
0.0,0.0,0.0,0.0,0.0,0.0
0.0,0.0,0.0,0.0,0.0,0.0
0.0,0.0,0.0,0.0,0.0,0.0
0.0,0.0,0.0,0.0,0.0,0.0
0.0,0.0,0.0,0.0,0.0,0.0
0.0,0.0,0.0,0.0,0.0,0.0
0.0,0.0,0.0,0.0,0.0,0.0
0.0,0.0,0.0,0.0,0.0,0.0
0.0,0.0,0.0,0.0,0.0,0.0
0.0,0.0,0.0,0.0,0.0,0.0
0.0,0.0,0.0,0.0,0.0,0.0
0.0,0.0,0.0,0.0,0.0,0.0
0.0,0.0,0.0,0.0,0.0,0.0
264.7,153.8,282.5,283.7,369.7,275.5
274.2,254.6,274.2,274.3,278.5,273.9
271.6,271.6,271.6,271.6,271.6,271.6
278.2,236.4,276.9,276.7,284.6,276.9
532.1,306.3,552.0,552.6,688.9,543.2
474.7,242.3,471.1,475.6,815.8,443.3
468.0,230.2,447.5,451.8,774.9,421.1
504.8,282.5,549.3,883.8,951.2,516.9
433.4,191.8,373.0,1037.6,646.0,351.0
450.6,210.2,408.6,1076.2,707.6,384.5
488.3,216.8,431.0,1082.3,708.6,424.9
469.1,168.6,339.8,980.0,540.0,344.6
620.9,119.9,233.1,880.8,403.6,368.9
437.3,174.5,339.3,993.2,587.5,619.7
430.8,411.7,604.2,983.5,579.8,616.7
618.8,600.1,772.9,872.0,462.3,516.5
405.4,622.6,815.1,920.2,3345.6,550.6
450.5,682.2,935.7,1105.5,1751.4,668.9
461.3,624.6,842.3,3313.5,1548.1,618.4
429.2,627.7,837.4,1020.4,3856.1,572.9
524.5,1516.7,2306.8,1347.9,2076.6,846.3
446.6,704.8,975.2,3465.2,1628.4,668.1
471.4,725.9,1021.0,1195.7,1726.3,783.2
506.9,1504.8,2280.9,1185.5,1878.5,3465.8
543.4,829.3,1217.7,1296.7,2031.3,1004.2
470.1,679.8,941.8,1063.9,1636.4,805.7
484.7,662.3,915.0,1026.7,1547.6,3404.7
546.9,797.8,1165.3,1287.0,2017.8,1010.1
273.9,742.4,1060.3,1184.9,1867.9,792.6
112.4,610.3,809.8,950.9,1456.3,571.9
203.1,735.3,1049.7,1188.8,1849.2,792.5
139.1,661.1,896.1,1020.9,1546.2,636.0
90.8,594.6,768.4,889.0,1336.4,519.1
162.6,642.0,870.7,977.7,1495.6,632.4
212.9,704.7,992.3,1097.2,1693.5,752.4
95.3,596.9,775.9,400.5,1375.5,531.3
105.5,618.0,810.7,276.7,1424.8,556.0
327.9,763.3,1124.7,564.5,1830.8,914.0
1450.4,1183.1,2163.9,1406.8,2747.0,2350.3
190.6,640.7,876.0,330.1,1476.3,654.0
156.8,653.2,890.7,361.1,1560.3,420.5
379.4,670.7,933.5,396.3,1592.0,588.4
2985.5,1360.7,3040.2,2495.8,4040.2,4039.9
2255.4,942.0,2177.4,2268.7,3316.0,3060.5
1826.5,819.1,1889.0,2280.0,2295.4,2529.2
1615.5,774.7,2112.3,2197.2,1951.8,2276.8
1600.8,784.2,2334.8,1868.0,1997.7,2276.1
1367.4,983.3,2125.9,1390.3,2386.3,1979.0
869.6,941.4,1307.1,934.3,2197.0,1289.7
172.1,676.5,379.8,376.0,1575.6,373.9
157.0,561.7,391.3,425.7,1114.5,372.3
158.5,829.4,400.7,848.2,688.4,1173.0
148.4,697.4,368.9,2367.5,630.6,1368.8
275.1,288.2,523.8,2135.7,815.5,2097.4
1768.8,767.5,1768.8,1571.7,1709.8,3505.2
1445.3,632.7,1445.3,1302.1,1397.1,4869.4
836.8,807.8,836.8,835.9,836.5,846.2
833.3,833.3,833.3,833.3,833.3,833.3
870.5,347.3,833.3,1125.3,805.6,1017.9
709.3,109.9,263.7,1019.8,1207.8,1689.5
712.8,33.7,80.9,973.5,1233.2,1965.9
894.5,30.8,73.8,1427.8,1480.1,1093.0
514.6,2.9,7.0,1121.4,2255.2,1098.8
407.7,27.8,66.8,924.5,2305.0,89.1
318.1,17.6,42.2,503.2,539.8,56.3
0.0,0.0,0.0,0.0,0.0,0.0
0.0,0.0,0.0,0.0,0.0,0.0
0.0,0.0,0.0,0.0,0.0,0.0
0.0,0.0,0.0,0.0,0.0,0.0
0.0,0.0,0.0,0.0,0.0,0.0
0.0,0.0,0.0,0.0,0.0,0.0
0.0,0.0,0.0,0.0,0.0,0.0
0.0,0.0,0.0,0.0,0.0,0.0
0.0,0.0,0.0,0.0,0.0,0.0
0.0,0.0,0.0,0.0,0.0,0.0
0.0,0.0,0.0,0.0,0.0,0.0
0.0,0.0,0.0,0.0,0.0,0.0
0.0,0.0,0.0,0.0,0.0,0.0
0.0,0.0,0.0,0.0,0.0,0.0
0.0,0.0,0.0,0.0,0.0,0.0
0.0,0.0,0.0,0.0,0.0,0.0
0.0,0.0,0.0,0.0,0.0,0.0
0.0,0.0,0.0,0.0,0.0,0.0
0.0,0.0,0.0,0.0,0.0,0.0
0.0,0.0,0.0,0.0,0.0,0.0
0.0,0.0,0.0,0.0,0.0,0.0
0.0,0.0,0.0,0.0,0.0,0.0
0.0,0.0,0.0,0.0,0.0,0.0
0.0,0.0,0.0,0.0,0.0,0.0
0.0,0.0,0.0,0.0,0.0,0.0
0.0,0.0,0.0,0.0,0.0,0.0
0.0,0.0,0.0,0.0,0.0,0.0
0.0,0.0,0.0,0.0,0.0,0.0
0.0,0.0,0.0,0.0,0.0,0.0
0.0,0.0,0.0,0.0,0.0,0.0
0.0,0.0,0.0,0.0,0.0,0.0
87.1,87.1,87.1,87.1,87.1,87.1
87.1,87.1,87.1,87.1,87.1,87.1
87.1,87.1,87.1,87.1,87.1,87.1
87.1,87.1,87.1,87.1,87.1,87.1
164.0,164.0,164.0,164.0,164.0,164.0
164.0,164.0,164.0,164.0,164.0,164.0
164.0,164.0,164.0,164.0,164.0,164.0
134.1,164.2,172.7,166.3,180.8,166.0
292.6,329.7,453.2,418.7,506.7,418.2
145.8,146.4,620.2,288.2,920.6,298.0
99.8,133.5,649.8,262.0,1029.9,244.2
145.0,193.8,376.8,380.3,652.4,354.5
88.3,118.0,229.5,231.7,397.4,215.9
82.9,110.8,215.5,217.5,373.1,202.7
143.4,563.1,372.7,376.3,645.5,350.7
128.8,627.0,289.8,287.6,480.3,283.7
151.5,621.8,287.0,278.0,445.9,528.4
143.8,653.1,345.7,345.9,585.2,632.7
117.7,636.2,306.0,308.9,529.8,588.4
84.7,113.2,220.2,222.3,381.3,505.3
110.5,147.7,287.1,289.8,497.2,569.4
363.0,174.9,340.0,343.2,588.8,319.9
384.9,112.9,219.5,221.6,380.0,206.5
462.4,158.1,319.5,822.1,504.9,325.5
493.2,209.0,417.0,1072.1,679.0,414.5
391.2,122.9,238.9,902.2,413.7,224.8
93.0,124.3,241.8,899.9,418.7,227.5
127.4,170.3,331.1,992.8,573.4,311.6
105.2,140.6,273.4,276.0,473.4,257.2
92.1,123.1,239.3,241.6,414.5,225.2
140.6,165.3,326.0,324.8,545.7,316.4
191.4,191.1,385.0,376.3,612.9,389.9
111.6,129.8,256.3,255.0,427.7,249.4
101.5,135.7,263.8,266.3,456.8,248.2
124.7,166.6,324.0,327.1,561.0,304.9
97.2,129.9,252.5,254.9,437.2,237.6
105.5,141.0,274.2,276.8,474.9,258.0
114.8,153.5,298.4,301.2,516.7,280.8
169.0,170.9,343.7,336.5,549.5,346.9
169.1,171.1,344.0,336.8,550.0,347.2
100.9,134.9,262.2,264.7,454.1,246.7
119.7,160.0,311.1,314.1,538.7,292.8
109.4,146.2,284.2,287.0,492.2,267.5
85.7,114.6,222.8,224.9,385.7,209.6
126.4,169.0,328.6,331.7,569.0,309.2
134.1,163.1,320.4,320.4,541.4,308.4
158.2,146.7,298.7,289.1,463.4,308.6
145.4,168.5,333.0,331.2,555.0,324.3
126.5,169.1,846.2,331.8,569.2,629.8
130.6,174.6,869.7,1125.3,587.8,625.8
0.0,0.0,528.1,934.6,0.0,301.7
287.5,0.0,14.8,1001.9,0.0,304.0
312.2,7.3,17.6,1820.4,17.0,206.1
363.7,428.0,70.3,1516.7,68.0,93.8
375.5,510.7,66.8,1819.7,64.6,89.1
508.6,891.3,859.2,1629.5,120.7,46.9
500.7,1056.6,1140.1,1410.5,892.2,0.0
698.0,773.3,1322.8,1280.6,925.3,0.0
685.4,888.9,1395.9,1119.8,885.6,24.4
617.2,845.0,977.7,1006.7,638.8,914.5
429.7,726.5,1011.2,1637.1,64.6,1130.9
282.0,294.2,307.7,391.5,34.0,275.1
0.0,0.0,0.0,0.0,0.0,0.0
0.0,0.0,0.0,0.0,0.0,0.0
0.0,0.0,0.0,0.0,0.0,0.0
0.0,0.0,0.0,0.0,0.0,0.0
0.0,0.0,0.0,0.0,0.0,0.0
0.0,0.0,0.0,0.0,0.0,0.0
0.0,0.0,0.0,0.0,0.0,0.0
0.0,0.0,0.0,0.0,0.0,0.0
0.0,0.0,0.0,0.0,0.0,0.0
0.0,0.0,0.0,0.0,0.0,0.0
0.0,0.0,0.0,0.0,0.0,0.0
0.0,0.0,0.0,0.0,0.0,0.0
0.0,0.0,0.0,0.0,0.0,0.0
0.0,0.0,0.0,0.0,0.0,0.0
0.0,0.0,0.0,0.0,0.0,0.0
0.0,0.0,0.0,0.0,0.0,0.0
0.0,0.0,0.0,0.0,0.0,0.0
0.0,0.0,0.0,0.0,0.0,0.0
0.0,0.0,0.0,0.0,0.0,0.0
0.0,0.0,0.0,0.0,0.0,0.0
0.0,0.0,0.0,0.0,0.0,0.0
0.0,0.0,0.0,0.0,0.0,0.0
0.0,0.0,0.0,0.0,0.0,0.0
0.0,0.0,0.0,0.0,0.0,0.0
0.0,0.0,0.0,0.0,0.0,0.0
0.0,0.0,0.0,0.0,0.0,0.0
0.0,0.0,0.0,0.0,0.0,0.0
0.0,0.0,0.0,0.0,0.0,0.0
0.0,0.0,0.0,0.0,0.0,0.0
0.0,0.0,0.0,0.0,0.0,0.0
0.0,0.0,0.0,0.0,0.0,0.0
0.0,0.0,0.0,0.0,0.0,0.0
0.0,0.0,0.0,0.0,0.0,0.0
0.0,0.0,0.0,0.0,0.0,0.0
87.2,87.2,87.2,87.2,87.2,87.2
87.2,87.2,87.2,87.2,87.2,87.2
0.0,0.0,0.0,523.4,0.0,0.0
66.8,27.8,66.8,209.7,64.6,87.6
52.7,22.0,52.7,689.5,51.0,70.3
0.0,0.0,0.0,645.5,0.0,281.6
0.0,0.0,0.0,645.5,0.0,293.4
116.9,156.3,194.2,234.4,208.1,211.4
114.3,152.8,267.2,394.9,309.5,320.9
130.4,174.3,271.3,366.0,306.9,310.6
181.4,190.7,270.8,328.4,291.8,296.7
172.0,171.7,270.1,346.1,294.2,305.6
130.5,174.4,339.1,773.2,521.2,539.8
126.4,168.9,328.4,502.9,908.1,443.6
100.3,134.1,260.8,608.3,910.7,464.0
129.1,172.5,335.4,541.7,841.4,458.1
130.9,174.9,532.2,556.0,880.7,489.1
504.3,145.2,507.4,522.2,608.2,476.4
462.2,202.9,542.4,560.4,494.0,501.9
466.6,187.1,649.8,509.1,475.2,476.1
571.3,687.1,733.4,676.5,718.5,526.8
375.5,534.1,771.8,685.1,738.4,808.7
416.7,672.9,714.5,740.2,690.1,679.2
391.1,691.6,705.0,717.5,701.2,707.2
433.6,750.4,742.0,836.7,796.4,818.7
503.8,682.7,748.9,860.5,802.7,779.3
426.9,618.8,762.5,1017.9,964.6,587.1
406.9,620.5,784.5,853.8,1132.1,580.1
436.2,661.2,734.9,640.1,930.3,636.3
400.1,613.3,789.0,267.6,1409.2,547.6
409.9,626.1,792.9,296.3,1350.5,574.3
436.1,661.1,822.1,365.2,1289.1,465.3
458.0,638.4,812.4,325.0,1301.0,334.3
464.6,640.4,813.1,332.8,1272.9,345.4
430.1,650.0,817.6,358.5,1278.7,334.2
403.6,616.1,820.5,295.2,1445.2,275.1
390.8,598.1,796.6,271.1,1396.3,252.7
427.5,644.7,804.7,351.9,1257.7,328.0
411.5,626.6,800.9,316.1,1306.8,294.6
414.4,611.4,805.0,282.7,1367.8,275.3
498.1,678.9,950.0,404.9,1600.8,416.5
448.1,650.4,893.7,355.6,1543.3,347.1
384.8,591.6,462.3,239.8,1361.5,223.5
427.6,649.5,342.7,346.0,1539.9,322.5
427.5,649.7,339.4,342.7,1541.8,319.4
385.3,592.9,232.8,235.0,1357.1,219.0
423.8,624.0,326.6,329.7,902.2,307.3
367.3,367.3,367.3,367.3,367.3,367.3
737.8,383.4,368.3,361.3,592.1,370.0
790.6,189.6,368.6,372.1,638.3,346.8
887.8,211.0,410.4,414.3,2665.5,386.1
857.6,743.7,317.1,320.1,2339.2,298.4
857.4,708.6,344.1,347.3,2512.6,323.8
697.5,697.5,697.5,697.5,697.5,697.5
150.9,336.7,313.8,313.8,436.5,313.0
175.5,339.3,313.0,312.4,394.3,330.2
0.0,0.0,0.0,0.0,0.0,0.0
0.0,0.0,0.0,0.0,0.0,0.0
0.0,0.0,0.0,0.0,0.0,0.0
0.0,0.0,0.0,0.0,0.0,0.0
0.0,0.0,0.0,0.0,0.0,0.0
0.0,0.0,0.0,0.0,0.0,0.0
0.0,0.0,0.0,0.0,0.0,0.0
0.0,0.0,0.0,0.0,0.0,0.0
0.0,0.0,0.0,0.0,0.0,0.0
0.0,0.0,0.0,0.0,0.0,0.0
0.0,0.0,0.0,0.0,0.0,0.0
0.0,0.0,0.0,0.0,0.0,0.0
0.0,0.0,0.0,0.0,0.0,0.0
0.0,0.0,0.0,0.0,0.0,0.0
0.0,0.0,0.0,0.0,0.0,0.0
0.0,0.0,0.0,0.0,0.0,0.0
0.0,0.0,0.0,0.0,0.0,0.0
0.0,0.0,0.0,0.0,0.0,0.0
0.0,0.0,0.0,0.0,0.0,0.0
0.0,0.0,0.0,0.0,0.0,0.0
0.0,0.0,0.0,0.0,0.0,0.0
0.0,0.0,0.0,0.0,0.0,0.0
0.0,0.0,0.0,0.0,0.0,0.0
0.0,0.0,0.0,0.0,0.0,0.0
0.0,0.0,0.0,0.0,0.0,0.0
0.0,0.0,0.0,0.0,0.0,0.0
0.0,0.0,0.0,0.0,0.0,0.0
0.0,0.0,0.0,0.0,0.0,0.0
0.0,0.0,0.0,0.0,0.0,0.0
0.0,0.0,0.0,0.0,0.0,0.0
0.0,0.0,0.0,0.0,0.0,0.0
0.0,0.0,0.0,0.0,0.0,0.0
0.0,0.0,0.0,0.0,0.0,0.0
0.0,0.0,0.0,0.0,0.0,0.0
0.0,0.0,0.0,0.0,0.0,0.0
0.0,0.0,0.0,0.0,0.0,0.0
0.0,0.0,0.0,0.0,0.0,0.0
0.0,0.0,0.0,0.0,0.0,0.0
0.0,0.0,0.0,0.0,0.0,0.0
0.0,0.0,0.0,0.0,0.0,0.0
137.0,137.0,137.0,137.0,137.0,137.0
113.6,138.9,137.9,138.0,139.2,154.3
120.5,143.0,138.8,138.8,141.1,139.7
113.0,146.9,139.4,139.4,142.6,140.7
149.7,275.6,263.6,278.9,268.4,339.5
186.9,282.3,267.5,289.0,276.6,273.5
262.6,262.6,262.6,262.6,262.6,262.6
262.6,262.6,262.6,262.6,262.6,262.6
407.0,458.8,356.4,459.1,419.5,335.4
406.0,406.0,406.0,406.0,406.0,406.0
294.6,676.1,0.0,1033.6,431.9,0.0
280.7,844.4,7.0,668.8,625.8,9.4
299.0,671.1,264.7,682.8,1215.5,98.5
538.6,538.6,538.6,538.6,538.6,538.6
539.9,496.2,565.8,1021.3,238.8,369.6
520.0,122.7,561.7,918.7,710.7,397.7
456.6,0.0,137.1,1779.9,1013.4,294.6
672.0,0.0,995.9,641.8,1424.4,56.6
445.6,0.0,48.8,648.1,2165.6,0.0
461.3,11.7,638.6,147.9,2019.3,37.5
846.6,29.3,1761.3,58.6,1936.1,93.8
583.4,14.7,1065.7,29.3,1686.6,577.9
523.9,0.0,1147.8,0.0,1735.1,550.7
621.9,249.4,796.4,560.2,952.3,777.4
100.1,133.8,1129.7,1408.6,1453.9,1034.8
114.7,153.3,1484.2,398.6,1972.3,1137.8
152.8,204.3,1411.0,493.2,1854.0,1145.5
352.7,30.8,608.3,2536.1,71.4,98.5
280.9,20.5,581.6,187.5,47.6,65.6
389.4,0.0,534.5,0.0,0.0,0.0
487.1,254.1,2388.3,498.8,855.7,1777.8
1146.8,354.6,1391.8,709.2,822.6,1134.7
553.6,107.0,797.6,213.9,248.1,342.3
383.7,36.6,626.7,73.3,85.0,295.1
480.0,481.9,937.2,398.5,662.4,693.8
713.3,656.2,955.8,421.5,690.4,727.8
835.3,878.3,1039.7,516.7,881.5,2771.3
692.1,668.1,897.1,378.9,649.9,2496.8
491.5,1102.7,2873.0,504.2,4333.7,2348.6
500.3,1056.6,1656.7,1081.8,3353.8,793.1
474.7,999.8,1554.1,1346.4,2880.3,746.7
439.9,662.8,899.4,1017.3,1577.6,2267.3
496.1,681.0,948.3,409.0,1613.8,2596.2
469.8,688.8,940.0,800.4,1633.8,2341.0
424.9,658.1,868.6,1001.3,2798.1,616.6
426.9,655.8,2514.9,998.0,2599.8,615.9
295.8,475.1,523.9,653.3,961.5,289.9
333.3,483.7,573.2,682.9,995.1,339.1
363.7,934.1,278.2,711.9,1018.2,386.0
350.8,860.9,59.8,700.5,992.9,374.3
292.2,763.5,0.0,661.0,935.1,295.8
291.1,773.2,0.0,661.0,927.6,294.6
296.9,797.1,0.0,658.5,920.0,293.4
115.5,772.0,0.0,653.3,935.1,1091.0
59.8,802.9,59.8,692.7,1000.5,1053.0
63.3,1322.6,877.3,695.7,3431.5,930.7
157.2,929.1,848.3,876.6,1269.7,919.1
160.4,911.9,1180.7,856.6,1028.5,861.9
146.7,895.9,1224.9,855.4,1035.6,841.5
176.4,892.9,1001.3,882.4,1185.5,861.5
152.5,546.3,989.5,916.2,1515.8,879.6
239.0,261.7,966.3,962.2,1651.1,919.7
523.2,222.2,910.0,926.4,1364.8,1053.3
406.3,635.5,990.2,853.1,969.4,1083.2
0.0,0.0,0.0,0.0,0.0,0.0
0.0,0.0,0.0,0.0,0.0,0.0
0.0,0.0,0.0,0.0,0.0,0.0
0.0,0.0,0.0,0.0,0.0,0.0
0.0,0.0,0.0,0.0,0.0,0.0
0.0,0.0,0.0,0.0,0.0,0.0
0.0,0.0,0.0,0.0,0.0,0.0
0.0,0.0,0.0,0.0,0.0,0.0
0.0,0.0,0.0,0.0,0.0,0.0
0.0,0.0,0.0,0.0,0.0,0.0
0.0,0.0,0.0,0.0,0.0,0.0
0.0,0.0,0.0,0.0,0.0,0.0
0.0,0.0,0.0,0.0,0.0,0.0
0.0,0.0,0.0,0.0,0.0,0.0
0.0,0.0,0.0,0.0,0.0,0.0
0.0,0.0,0.0,0.0,0.0,0.0
0.0,0.0,0.0,0.0,0.0,0.0
0.0,0.0,0.0,0.0,0.0,0.0
0.0,0.0,0.0,0.0,0.0,0.0
0.0,0.0,0.0,0.0,0.0,0.0
0.0,0.0,0.0,0.0,0.0,0.0
0.0,0.0,0.0,0.0,0.0,0.0
0.0,0.0,0.0,0.0,0.0,0.0
0.0,0.0,0.0,0.0,0.0,0.0
0.0,0.0,0.0,0.0,0.0,0.0
0.0,0.0,0.0,0.0,0.0,0.0
0.0,0.0,0.0,0.0,0.0,0.0
0.0,0.0,0.0,0.0,0.0,0.0
0.0,0.0,0.0,0.0,0.0,0.0
0.0,0.0,0.0,0.0,0.0,0.0
0.0,0.0,0.0,0.0,0.0,0.0
0.0,0.0,0.0,0.0,0.0,0.0
402.6,130.2,253.2,255.6,438.5,238.3
308.4,214.8,422.2,421.9,712.3,1013.7
181.6,178.0,359.4,350.5,2173.0,994.4
119.1,133.3,264.5,262.0,2340.6,773.8
120.8,161.4,313.8,316.8,3539.2,812.1
144.5,193.2,375.6,379.2,4076.4,353.4
89.9,120.2,233.8,236.0,2112.8,220.0
91.7,122.5,238.2,240.5,1385.4,224.1
144.4,192.9,375.2,378.8,649.7,353.0
755.1,752.2,1472.0,1477.4,2511.3,1404.4
594.6,312.6,620.4,614.6,1023.2,610.0
339.8,199.6,389.5,392.0,669.1,369.3
409.1,247.3,480.8,485.4,832.6,452.4
215.9,706.1,410.2,414.1,710.3,386.0
149.8,1180.9,383.6,387.3,664.3,361.0
979.5,884.7,731.4,609.5,707.0,975.2
654.4,865.9,397.4,982.1,384.1,529.8
400.1,244.5,151.2,800.4,146.2,201.6
278.1,34.6,66.8,708.7,64.6,89.1
1459.8,770.4,2386.5,2086.5,2034.0,2142.4
380.5,398.6,1465.7,784.2,1289.9,797.5
276.6,246.8,1944.4,2071.1,772.6,527.8
192.4,530.5,2521.6,3538.8,642.0,2182.7
313.8,708.0,1647.9,2572.2,1200.9,4241.8
770.1,857.3,2245.0,3279.6,2552.9,3490.7
1006.3,825.2,1511.3,1659.6,3366.4,4302.3
288.3,1053.1,462.0,444.3,2554.2,1444.3
1770.4,2156.5,2214.4,1711.3,3760.7,2799.4
1865.6,2167.6,2596.8,1799.2,3823.7,2902.9
1775.2,1649.4,2454.0,1697.6,5032.5,2648.8
1788.5,800.9,2295.5,1589.3,4960.8,2393.7
920.3,482.0,1632.0,1626.8,4198.9,879.5
802.9,667.8,1835.9,2219.5,1609.4,702.5
612.8,497.3,1484.0,1846.5,984.6,373.1
258.3,473.4,2356.8,2388.6,941.2,307.4
91.4,505.7,1279.7,146.2,2111.2,415.3
245.6,602.1,1607.2,1593.9,2554.3,563.8
633.5,586.9,1626.7,1578.9,2414.1,517.7
438.0,243.7,1531.4,1575.8,820.5,1043.1
389.4,195.2,1512.3,383.2,657.3,982.4
126.5,169.1,1435.5,332.0,569.4,904.6
153.0,194.8,1521.2,382.5,651.2,362.4
552.7,756.0,2313.4,563.7,1850.6,2876.1
492.8,1133.9,943.2,415.8,1967.0,3395.7
453.8,1729.8,864.1,605.2,3197.8,648.0
481.6,1521.9,952.4,1049.1,2588.0,1095.2
540.7,1441.0,1309.7,1311.6,2321.1,3203.3
382.0,344.5,615.3,979.6,1113.1,1664.7
383.9,371.2,429.8,2154.5,1204.0,537.8
970.8,1244.3,937.6,1888.9,4088.1,990.2
1033.0,941.8,760.8,832.8,1261.0,2492.3
1285.8,1404.7,2052.8,1196.9,805.4,5230.1
1132.1,1540.3,1117.8,1139.6,0.0,0.0
620.7,1127.3,1081.2,3066.8,0.0,0.0
578.9,431.1,1739.5,635.1,0.0,0.0
792.2,376.9,456.0,645.5,67.9,1038.0
791.4,662.0,0.0,650.7,946.4,1259.7
939.4,659.3,38.2,629.9,928.1,1805.2
745.0,937.4,606.2,61.5,259.9,2161.0
825.4,1741.1,595.7,52.7,61.2,873.2
934.3,1266.1,369.8,219.8,1302.8,907.4
833.3,833.3,833.3,833.3,833.3,833.3
833.4,845.9,843.9,799.8,839.5,837.5
647.9,934.2,893.2,658.7,970.3,895.8
837.6,887.2,853.4,655.9,902.5,863.4
666.7,853.3,822.9,878.8,909.1,869.3
65.4,850.5,881.8,990.0,1058.9,1153.5
168.2,313.6,905.3,1060.7,1196.1,1356.1
416.3,0.0,908.2,1317.7,826.3,1531.5
729.0,208.5,859.9,1079.6,681.2,1441.8
835.2,673.9,842.1,909.3,864.9,874.6
833.3,833.3,833.3,833.3,833.3,833.3
833.3,833.3,833.3,833.3,833.3,833.3
881.8,189.2,918.0,1062.4,1001.6,947.0
833.3,833.3,833.3,833.3,833.3,833.3
863.1,165.0,974.7,978.3,1044.3,974.6
1031.3,176.2,1126.6,1170.0,1083.0,412.8
999.0,197.0,1015.8,1117.6,1272.0,398.5
941.5,203.9,1067.2,1107.0,1267.0,413.3
839.9,122.0,1068.6,1168.6,1559.6,241.3
100.8,125.1,1269.9,1314.1,1817.5,372.7
144.1,186.2,1260.9,1147.0,1621.4,640.4
111.0,141.9,1270.6,1227.1,1818.4,431.0
99.1,122.8,1214.6,1425.0,1907.9,230.7
120.7,154.8,1295.6,1175.7,1965.7,287.3
130.3,167.6,1595.8,329.2,2466.3,310.7
109.6,136.8,1178.8,268.8,3049.6,256.4
79.0,79.0,79.0,79.0,79.0,79.0
0.0,0.0,0.0,0.0,0.0,0.0
0.0,0.0,0.0,0.0,0.0,0.0
0.0,0.0,0.0,0.0,0.0,0.0
0.0,0.0,0.0,0.0,0.0,0.0
0.0,0.0,0.0,0.0,0.0,0.0
0.0,0.0,0.0,0.0,0.0,0.0
0.0,0.0,0.0,0.0,0.0,0.0
0.0,0.0,0.0,0.0,0.0,0.0
135.9,135.9,135.9,135.9,135.9,135.9
111.7,136.0,140.4,140.4,146.7,140.0
89.3,112.9,148.0,148.2,170.4,146.6
135.9,135.9,135.9,135.9,135.9,135.9
201.7,266.3,275.3,275.3,325.7,274.6
0.0,0.0,0.0,0.0,1618.9,0.0
0.0,0.0,0.0,0.0,0.0,0.0
17.6,7.3,17.6,14.7,17.0,23.4
190.3,186.4,376.5,794.8,595.5,383.3
163.5,163.6,329.4,959.8,524.7,333.4
150.6,143.1,290.2,927.3,454.1,297.9
176.2,180.6,362.5,1011.3,581.9,364.5
363.9,174.8,350.5,986.8,563.9,351.9
413.7,136.4,271.3,906.0,445.5,267.7
384.5,121.8,236.8,871.6,410.0,734.8
429.0,174.9,690.1,1522.7,589.0,1371.9
391.5,443.7,779.7,2029.2,446.6,1525.7
368.0,568.3,731.3,2221.9,351.8,191.2
396.1,614.5,818.7,925.1,488.5,265.4
419.7,935.2,1416.9,990.3,600.4,326.3
575.5,1142.8,1834.8,834.7,960.1,378.1
800.5,1271.1,2087.3,770.8,1284.9,484.0
977.0,656.3,901.1,385.7,1590.6,664.6
462.8,623.0,857.9,324.8,1478.5,640.0
431.7,597.0,791.2,258.7,1349.6,568.6
427.9,640.8,875.8,344.7,1491.2,644.4
178.1,648.7,891.1,360.2,1510.1,656.5
148.3,608.9,811.6,282.1,1372.4,582.5
147.7,622.3,776.6,311.9,1446.8,605.2
97.9,539.9,254.4,256.8,1371.8,530.4
115.0,153.8,299.0,301.8,1449.1,572.4
103.8,138.8,269.8,272.4,1398.6,544.9
79.0,105.6,205.3,207.3,1283.1,483.1
111.8,149.4,290.5,293.3,1321.3,529.1
125.5,167.7,326.1,329.2,564.7,306.9
86.1,115.1,223.8,225.9,387.5,210.6
84.9,113.5,220.8,222.9,382.3,207.7
141.4,185.8,362.0,364.8,624.1,342.0
179.4,171.9,348.2,338.5,546.5,356.6
141.5,130.9,266.5,257.9,413.0,275.6
169.4,168.1,339.0,331.0,538.5,343.8
204.6,218.4,436.1,429.7,709.4,433.8
137.0,128.1,260.4,252.3,405.2,268.5
136.9,127.9,260.1,252.0,404.7,268.2
146.7,189.6,369.9,372.2,635.2,350.8
109.3,146.0,284.0,286.7,491.7,267.2
77.1,103.0,200.3,202.2,346.9,188.5
99.4,132.8,258.2,260.7,447.1,243.0
134.0,179.1,713.0,351.5,602.9,327.6
128.2,171.4,857.2,336.5,577.1,313.6
299.1,394.6,1289.1,774.7,1328.8,722.1
478.1,237.1,488.7,465.5,798.5,433.9
474.2,293.6,570.9,1022.2,988.6,537.2
416.4,273.7,540.9,1178.3,901.6,526.9
522.5,289.1,574.8,1206.2,944.3,567.1
589.0,335.7,664.8,693.7,1102.8,650.4
558.4,299.6,594.0,589.1,982.8,785.0
248.0,250.9,499.2,493.4,818.6,784.2
246.1,269.6,535.5,530.0,881.5,817.2
291.9,330.1,653.1,648.8,1123.7,653.4
200.5,263.7,531.7,517.6,3004.0,482.4
172.7,225.8,1458.1,443.3,2244.1,455.9
203.1,267.1,1078.5,524.2,1316.8,1610.3
230.7,303.3,1057.8,595.4,1096.5,1716.2
168.5,220.8,717.0,433.5,776.5,2430.9
173.7,227.8,280.0,279.1,305.8,325.8
0.0,0.0,0.0,0.0,0.0,0.0
0.0,0.0,0.0,0.0,0.0,0.0
0.0,0.0,0.0,0.0,0.0,0.0
0.0,0.0,0.0,0.0,0.0,0.0
0.0,0.0,0.0,0.0,0.0,0.0
0.0,0.0,0.0,0.0,0.0,0.0
0.0,0.0,0.0,0.0,0.0,0.0
0.0,0.0,0.0,0.0,0.0,0.0
0.0,0.0,0.0,0.0,0.0,0.0
0.0,0.0,0.0,0.0,0.0,0.0
0.0,0.0,0.0,0.0,0.0,0.0
0.0,0.0,0.0,0.0,0.0,0.0
0.0,0.0,0.0,0.0,0.0,0.0
0.0,0.0,0.0,0.0,0.0,0.0
0.0,0.0,0.0,0.0,0.0,0.0
0.0,0.0,0.0,0.0,0.0,0.0
0.0,0.0,0.0,0.0,0.0,0.0
0.0,0.0,0.0,0.0,0.0,0.0
0.0,0.0,0.0,0.0,0.0,0.0
0.0,0.0,0.0,0.0,0.0,0.0
0.0,0.0,0.0,0.0,0.0,0.0
0.0,0.0,0.0,0.0,0.0,0.0
0.0,0.0,0.0,0.0,0.0,0.0
0.0,0.0,0.0,0.0,0.0,0.0
0.0,0.0,0.0,0.0,0.0,0.0
0.0,0.0,0.0,0.0,0.0,0.0
0.0,0.0,0.0,0.0,0.0,0.0
0.0,0.0,0.0,0.0,0.0,0.0
0.0,0.0,0.0,0.0,0.0,0.0
0.0,0.0,0.0,0.0,0.0,0.0
78.3,87.8,88.4,92.4,89.3,90.1
87.7,87.7,87.7,87.7,87.7,87.7
87.7,87.7,87.7,87.7,87.7,87.7
87.7,87.7,87.7,87.7,87.7,87.7
147.6,281.7,280.2,356.3,281.5,282.0
246.6,273.7,277.6,281.5,275.9,273.9
212.5,274.3,279.1,292.6,295.1,275.5
178.9,277.5,287.6,304.8,302.1,278.3
202.0,436.4,450.7,511.8,509.6,437.2
152.4,158.9,499.5,697.4,591.5,448.0
132.6,135.2,558.5,536.7,729.5,455.2
426.1,185.9,377.7,468.0,653.1,436.9
467.7,172.5,335.4,338.6,613.8,315.6
628.5,133.1,258.8,261.3,448.1,243.5
552.6,146.3,284.4,287.1,492.4,267.6
593.3,176.6,343.4,346.7,594.7,323.2
508.9,131.5,255.8,258.2,442.9,240.7
553.1,166.0,322.7,325.8,558.8,303.7
620.8,238.0,462.7,467.1,801.2,435.4
540.9,807.9,1181.6,653.3,1120.6,608.9
1293.4,1164.4,1882.5,1367.6,1891.9,1630.4
618.4,793.8,1174.9,616.6,995.7,649.0
528.5,837.7,1223.2,702.5,1126.7,1174.9
271.0,708.2,762.3,497.0,881.4,1110.3
207.6,623.5,855.5,311.8,1421.1,1968.7
250.7,677.8,954.2,418.5,1367.9,1978.2
262.3,709.0,981.6,486.7,1418.7,1666.4
172.6,682.9,942.8,434.0,1539.5,1752.7
105.0,611.7,803.2,275.5,1872.3,1281.8
146.2,663.0,906.1,383.7,1688.3,394.2
125.6,454.4,648.8,329.5,1582.5,307.1
172.2,230.2,447.5,451.8,1797.7,421.1
139.6,186.6,362.7,366.2,1653.2,341.3
168.5,212.1,412.5,416.4,2984.6,388.1
322.0,154.0,299.4,302.3,1870.1,281.7
112.2,136.9,266.2,268.8,461.0,360.4
224.8,238.4,473.0,473.0,777.7,2800.3
228.1,260.9,460.7,453.3,746.7,569.6
167.3,800.6,312.4,304.2,492.5,422.5
295.8,194.7,330.6,323.2,526.7,444.4
386.1,311.5,560.9,1097.5,925.6,642.8
420.7,208.7,406.6,998.7,1935.0,1843.6
456.1,580.3,1357.9,573.3,1458.2,1830.3
266.7,1084.0,438.9,491.4,1048.7,367.0
366.8,1094.1,1442.7,3029.9,1650.7,897.0
262.0,350.2,1260.1,785.2,1179.3,640.8
199.4,266.6,769.0,615.5,897.5,487.7
222.0,296.8,1236.4,680.2,999.3,543.0
162.8,201.7,1059.7,1249.7,679.1,369.0
594.0,120.4,234.1,2406.3,405.3,220.2
955.6,213.5,1573.8,2468.2,719.0,390.7
1130.5,119.4,1690.3,684.9,10.2,14.1
998.7,505.9,2655.3,1096.9,71.4,98.5
636.9,501.5,3494.2,2260.4,61.2,84.4
956.1,155.0,3413.4,1559.2,57.8,79.7
158.3,26.4,2391.1,2295.7,61.2,84.4
56.3,23.4,1960.6,1375.7,54.4,146.9
128.1,50.6,75.3,1338.8,54.4,372.0
296.9,473.1,145.7,2023.3,0.0,394.6
528.7,839.8,553.5,935.2,1050.5,1092.3
236.0,937.3,548.1,0.0,1352.7,1925.9
129.7,949.5,146.4,1121.5,926.5,1726.4
109.1,1065.6,0.0,996.0,1253.0,1576.4
185.3,981.8,371.6,939.4,1286.9,1234.9
3.3,877.4,0.0,882.9,1641.1,1595.4
3.3,905.8,0.0,581.4,2368.3,1141.2
60.1,23.4,56.3,79.4,3960.1,75.0
66.8,27.8,66.8,55.7,1811.3,89.1
0.0,0.0,0.0,0.0,0.0,0.0
0.0,0.0,0.0,0.0,0.0,0.0
0.0,0.0,0.0,0.0,0.0,0.0
0.0,0.0,0.0,0.0,0.0,0.0
0.0,0.0,0.0,0.0,0.0,0.0
0.0,0.0,0.0,0.0,0.0,0.0
0.0,0.0,0.0,0.0,0.0,0.0
0.0,0.0,0.0,0.0,0.0,0.0
0.0,0.0,0.0,0.0,0.0,0.0
0.0,0.0,0.0,0.0,0.0,0.0
0.0,0.0,0.0,0.0,0.0,0.0
0.0,0.0,0.0,0.0,0.0,0.0
0.0,0.0,0.0,0.0,0.0,0.0
0.0,0.0,0.0,0.0,0.0,0.0
0.0,0.0,0.0,0.0,0.0,0.0
0.0,0.0,0.0,0.0,0.0,0.0
0.0,0.0,0.0,0.0,0.0,0.0
0.0,0.0,0.0,0.0,0.0,0.0
0.0,0.0,0.0,0.0,0.0,0.0
0.0,0.0,0.0,0.0,0.0,0.0
0.0,0.0,0.0,0.0,0.0,0.0
0.0,0.0,0.0,0.0,0.0,0.0
0.0,0.0,0.0,0.0,0.0,0.0
0.0,0.0,0.0,0.0,0.0,0.0
0.0,0.0,0.0,0.0,0.0,0.0
0.0,0.0,0.0,0.0,0.0,0.0
0.0,0.0,0.0,0.0,0.0,0.0
0.0,0.0,0.0,0.0,0.0,0.0
0.0,0.0,0.0,0.0,0.0,0.0
0.0,0.0,0.0,0.0,0.0,0.0
0.0,0.0,0.0,0.0,0.0,0.0
0.0,0.0,0.0,0.0,0.0,0.0
176.8,750.8,0.0,0.0,933.9,0.0
467.2,1138.0,454.7,459.0,3108.9,427.8
676.6,703.0,468.8,1017.8,4511.8,441.1
1012.8,1018.5,532.0,1890.6,2384.5,500.6
1258.9,1349.4,384.9,2545.6,666.5,362.2
895.9,1940.6,705.6,1565.4,1787.4,1171.4
583.9,1292.6,751.9,759.1,2237.2,2441.6
488.8,732.1,810.6,497.1,1776.5,3064.2
499.8,686.5,967.3,434.4,1650.9,1823.2
492.6,674.6,927.5,399.9,1578.9,851.8
587.4,806.9,1200.7,670.6,2080.4,947.0
485.0,670.9,919.0,392.6,1588.5,698.5
472.2,652.5,917.1,1089.5,1567.2,1373.4
489.6,698.4,993.1,1854.2,1705.9,1538.6
408.3,622.4,843.4,1790.3,1470.3,1486.0
462.7,695.1,1509.3,2067.7,1703.8,1570.5
289.9,463.8,530.3,1553.7,942.7,1089.8
577.0,465.7,523.9,1515.4,927.6,294.6
612.9,463.8,530.3,648.1,927.6,289.9
656.6,456.3,2605.7,658.5,2218.3,289.9
640.0,463.8,3498.0,640.3,2385.2,291.1
990.0,574.8,3231.6,1489.7,3873.3,1279.0
273.2,252.0,1947.1,1136.8,3301.6,821.1
393.7,422.7,2213.9,1479.6,3771.7,1128.7
259.7,269.4,1063.8,1167.9,1782.9,831.0
249.1,274.8,1068.1,1178.1,1825.1,824.0
201.4,214.2,941.1,1061.7,993.0,715.9
288.5,327.3,1170.3,1283.8,1074.6,728.1
162.2,178.0,521.7,1025.8,581.0,349.8
153.3,205.2,934.1,1172.2,688.3,373.2
470.5,707.4,984.6,2498.1,775.7,421.5
472.6,710.2,981.7,555.5,785.3,426.8
413.6,630.1,312.4,413.1,541.0,294.0
148.8,198.9,386.8,692.9,669.7,363.9
192.6,257.4,500.6,586.7,866.8,471.0
160.9,215.1,418.2,2940.2,724.2,393.5
223.3,270.8,531.2,531.9,901.0,509.5
308.0,330.5,655.4,651.9,1081.9,647.8
474.6,302.7,600.6,595.2,991.6,590.0
232.6,239.6,477.9,1764.9,779.2,474.6
192.6,189.4,379.6,1655.9,611.6,380.7
213.1,228.7,433.0,1709.8,742.4,729.0
254.7,315.3,564.2,539.9,1984.2,877.3
454.6,878.0,535.9,469.1,3813.8,896.7
185.7,439.0,1505.5,487.2,1873.4,2755.6
168.7,725.5,667.6,442.7,858.2,522.5
0.0,498.1,577.0,0.0,98.9,109.9
0.0,500.5,1195.4,0.0,402.9,693.8
237.9,477.0,1250.1,0.0,938.9,673.4
288.3,463.8,1387.9,76.0,1012.1,801.0
833.4,465.7,1330.9,1302.4,2268.9,761.3
1209.1,503.0,1644.6,971.2,2768.0,1431.9
798.2,833.6,838.7,837.4,838.7,853.4
833.3,833.3,833.3,833.3,833.3,833.3
486.5,760.2,1010.8,795.7,1054.1,892.6
145.0,532.6,687.7,1213.0,1288.8,1132.9
229.6,913.8,968.5,1004.1,1486.8,397.2
45.7,1189.5,586.6,38.1,3079.2,61.0
0.0,463.2,333.1,0.0,903.3,0.0
0.0,0.0,0.0,0.0,0.0,0.0
0.0,0.0,0.0,0.0,0.0,0.0
0.0,0.0,0.0,0.0,0.0,0.0
0.0,0.0,0.0,0.0,0.0,0.0
0.0,0.0,0.0,0.0,0.0,0.0
0.0,0.0,0.0,0.0,0.0,0.0
0.0,0.0,0.0,0.0,0.0,0.0
0.0,0.0,0.0,0.0,0.0,0.0
0.0,0.0,0.0,0.0,0.0,0.0
0.0,0.0,0.0,0.0,0.0,0.0
0.0,0.0,0.0,0.0,0.0,0.0
0.0,0.0,0.0,0.0,0.0,0.0
0.0,0.0,0.0,0.0,0.0,0.0
0.0,0.0,0.0,0.0,0.0,0.0
0.0,0.0,0.0,0.0,0.0,0.0
0.0,0.0,0.0,0.0,0.0,0.0
0.0,0.0,0.0,0.0,0.0,0.0
0.0,0.0,0.0,0.0,0.0,0.0
0.0,0.0,0.0,0.0,0.0,0.0
0.0,0.0,0.0,0.0,0.0,0.0
0.0,0.0,0.0,0.0,0.0,0.0
0.0,0.0,0.0,0.0,0.0,0.0
0.0,0.0,0.0,0.0,0.0,0.0
0.0,0.0,0.0,0.0,0.0,0.0
0.0,0.0,0.0,0.0,0.0,0.0
0.0,0.0,0.0,0.0,0.0,0.0
0.0,0.0,0.0,0.0,0.0,0.0
0.0,0.0,0.0,0.0,0.0,0.0
0.0,0.0,0.0,0.0,0.0,0.0
0.0,0.0,0.0,0.0,0.0,0.0
0.0,0.0,0.0,0.0,0.0,0.0
0.0,0.0,0.0,0.0,0.0,0.0
0.0,0.0,0.0,0.0,0.0,0.0
118.1,145.2,149.7,149.8,156.6,149.2
144.8,144.8,144.8,144.8,144.8,144.8
139.8,125.3,149.4,149.0,155.1,149.9
144.8,144.8,144.8,144.8,144.8,144.8
163.1,163.1,163.1,163.1,163.1,163.1
163.1,163.1,163.1,163.1,163.1,163.1
163.1,163.1,163.1,163.1,163.1,163.1
163.1,163.1,163.1,163.1,163.1,163.1
148.0,318.5,908.5,388.3,666.0,361.9
181.0,715.2,998.7,475.0,814.8,442.8
128.5,641.1,857.7,337.0,578.1,314.1
76.2,573.3,719.9,200.1,343.2,186.5
103.8,604.4,800.1,272.4,467.2,253.9
139.1,655.3,893.8,364.9,625.9,415.5
104.5,595.6,736.1,255.2,432.8,539.5
152.1,602.4,282.8,273.1,435.9,587.1
194.4,673.0,404.2,396.9,892.8,699.7
171.5,644.2,344.4,336.5,1494.4,639.9
211.1,554.3,256.9,414.8,1338.1,558.6
467.8,178.2,357.1,1001.3,1518.0,649.1
434.1,178.3,348.7,995.7,1527.1,622.1
369.8,100.6,195.6,845.5,1277.6,478.6
383.1,123.1,239.3,881.9,1345.8,521.0
436.3,191.0,371.3,1020.4,1570.6,616.9
374.3,111.3,216.3,858.7,1317.3,203.6
364.4,99.6,193.7,833.3,1281.9,182.3
433.1,185.1,359.9,1011.4,1479.1,338.6
397.9,136.5,265.4,918.6,459.5,249.7
387.6,121.7,244.7,828.0,391.4,246.8
188.4,187.1,377.2,368.4,599.3,382.5
182.0,188.2,377.3,370.4,607.7,378.5
135.5,126.1,256.5,248.4,398.5,264.8
213.9,230.9,460.3,1190.3,751.3,456.5
315.8,370.3,730.7,1539.5,1222.3,709.6
191.3,255.7,497.1,1369.8,860.9,467.8
0.0,0.0,0.0,769.5,0.0,0.0
0.0,0.0,0.0,807.7,0.0,0.0
0.0,0.0,0.0,872.4,0.0,0.0
0.0,0.0,0.0,862.3,0.0,0.0
0.0,0.0,0.0,728.9,0.0,0.0
0.0,0.0,0.0,765.2,1262.7,0.0
0.0,0.0,0.0,910.1,1392.4,0.0
59.8,24.9,59.8,855.4,1546.5,79.7
66.8,27.8,796.0,778.8,1384.5,89.1
340.3,399.9,863.9,905.8,1443.3,79.7
369.2,438.5,919.5,1181.6,1554.2,79.7
390.6,467.1,822.0,894.6,1536.9,79.7
349.5,415.4,856.4,858.1,1304.7,761.2
307.9,411.5,864.2,920.0,1312.5,756.6
332.5,444.4,854.2,908.2,1561.0,809.0
328.6,439.3,722.0,0.0,1381.8,717.2
277.8,371.3,757.9,0.0,1240.4,924.9
592.1,389.8,901.5,0.0,1468.2,1107.7
1076.1,683.3,1236.3,431.1,1671.4,1223.1
1066.5,602.8,1419.6,377.7,1727.1,1127.5
272.7,8.8,573.1,17.6,20.4,28.1
82.0,30.8,1218.0,61.5,71.4,98.5
177.5,24.9,469.5,49.8,101.7,79.7
206.0,39.9,114.6,52.7,1879.9,84.4
59.8,586.2,1193.7,471.7,887.5,79.7
59.8,290.4,1324.9,2494.1,690.7,85.6
24.6,795.5,330.0,1444.2,2070.0,335.7
177.4,1033.7,461.1,837.2,1476.1,1014.5
321.9,974.1,389.6,1035.4,880.6,975.7
0.0,0.0,0.0,0.0,0.0,0.0
0.0,0.0,0.0,0.0,0.0,0.0
0.0,0.0,0.0,0.0,0.0,0.0
0.0,0.0,0.0,0.0,0.0,0.0
0.0,0.0,0.0,0.0,0.0,0.0
0.0,0.0,0.0,0.0,0.0,0.0
0.0,0.0,0.0,0.0,0.0,0.0
0.0,0.0,0.0,0.0,0.0,0.0
0.0,0.0,0.0,0.0,0.0,0.0
0.0,0.0,0.0,0.0,0.0,0.0
0.0,0.0,0.0,0.0,0.0,0.0
0.0,0.0,0.0,0.0,0.0,0.0
0.0,0.0,0.0,0.0,0.0,0.0
0.0,0.0,0.0,0.0,0.0,0.0
0.0,0.0,0.0,0.0,0.0,0.0
0.0,0.0,0.0,0.0,0.0,0.0
0.0,0.0,0.0,0.0,0.0,0.0
0.0,0.0,0.0,0.0,0.0,0.0
0.0,0.0,0.0,0.0,0.0,0.0
0.0,0.0,0.0,0.0,0.0,0.0
0.0,0.0,0.0,0.0,0.0,0.0
0.0,0.0,0.0,0.0,0.0,0.0
0.0,0.0,0.0,0.0,0.0,0.0
0.0,0.0,0.0,0.0,0.0,0.0
0.0,0.0,0.0,0.0,0.0,0.0
0.0,0.0,0.0,0.0,0.0,0.0
0.0,0.0,0.0,0.0,0.0,0.0
0.0,0.0,0.0,0.0,0.0,0.0
0.0,0.0,0.0,0.0,0.0,0.0
0.0,0.0,0.0,0.0,0.0,0.0
0.0,0.0,0.0,0.0,0.0,0.0
0.0,0.0,0.0,0.0,0.0,0.0
97.3,97.3,97.3,97.3,97.3,97.3
97.3,97.3,97.3,97.3,97.3,97.3
97.3,97.3,97.3,97.3,97.3,97.3
97.3,97.3,97.3,97.3,97.3,97.3
134.1,124.3,779.0,244.8,392.3,552.5
202.5,218.9,964.4,430.5,712.5,724.8
555.4,641.7,660.6,652.5,668.0,665.3
163.1,218.0,748.6,427.8,636.7,944.3
198.4,265.2,523.6,433.8,498.2,574.7
147.4,197.1,581.8,386.8,500.2,680.7
115.3,154.1,815.1,302.5,518.9,570.7
155.3,207.6,532.4,407.5,731.6,475.3
316.4,528.4,1145.3,609.9,2124.2,921.0
1142.9,941.9,1660.4,1253.1,2139.7,1812.5
130.1,523.7,643.4,748.7,1122.1,461.0
77.4,497.9,601.3,710.0,74.8,388.3
620.2,625.8,1539.2,956.8,367.1,797.4
2850.3,1671.2,3991.0,3040.0,2969.4,3905.2
2219.4,1555.3,3583.3,2818.0,2938.9,3266.8
1779.0,1233.5,2846.0,2172.2,2070.3,2411.9
2422.1,1492.8,2896.9,2679.3,2594.7,3306.6
2186.0,1351.4,2594.0,3044.8,2654.5,2936.5
575.2,1052.6,1074.8,1834.6,1800.2,858.1
589.9,1056.7,1077.7,1756.3,1769.3,857.6
614.9,1169.8,1154.3,1809.9,1906.0,934.6
454.0,1942.5,959.9,1068.9,1679.1,700.0
456.7,1334.5,957.3,1076.5,1700.5,708.4
427.1,1585.3,886.0,984.3,1536.1,620.2
444.3,772.4,953.7,1048.5,1620.2,676.2
431.8,868.0,838.3,1034.9,1586.0,660.9
481.7,1790.4,513.9,1166.9,1813.6,1039.3
400.9,1168.7,291.7,950.3,1421.4,3364.3
664.1,1197.7,978.8,1829.0,2603.7,3007.5
708.2,732.1,514.4,3090.8,1814.6,3484.8
2971.1,883.9,1055.3,2772.7,2304.0,1094.8
4129.2,1648.9,4983.0,4848.5,3984.3,3947.2
4306.9,1359.3,3590.8,2596.0,3218.4,5889.9
2053.0,1242.7,4016.1,2590.9,2936.9,3950.0
1976.8,1083.0,1626.7,3985.4,2578.4,2475.6
3107.4,691.2,946.4,2150.6,1601.9,511.2
1790.7,682.7,2909.1,1490.5,1574.0,395.8
1061.4,642.5,1771.7,1130.6,1686.4,467.1
477.2,176.2,904.6,909.5,1497.8,362.6
524.3,189.0,391.5,373.0,1508.7,418.1
473.6,216.6,425.8,425.5,1668.7,410.3
150.9,195.3,381.1,383.5,654.5,361.3
716.7,450.0,979.9,891.9,1274.5,1138.7
2454.5,1145.6,2668.0,2284.5,3062.2,3421.2
757.5,495.0,1069.2,980.3,3661.2,1226.8
161.7,193.4,380.8,380.1,2153.2,368.0
261.7,288.3,573.2,2265.5,3117.1,565.6
227.1,236.5,473.3,2464.5,971.3,477.9
208.4,783.5,496.7,2515.2,1307.6,478.4
201.8,970.2,395.1,1404.9,3056.3,403.6
1276.2,1276.2,1276.2,1276.2,1276.2,1276.2
1276.2,1276.2,1276.2,1276.2,1276.2,1276.2
833.3,833.3,833.3,833.3,833.3,833.3
833.3,833.3,833.3,833.3,833.3,833.3
727.6,674.5,977.2,348.7,1415.5,856.4
336.9,341.8,344.5,207.4,456.4,306.4
0.0,0.0,0.0,0.0,0.0,0.0
0.0,0.0,0.0,0.0,0.0,0.0
0.0,0.0,0.0,0.0,0.0,0.0
0.0,0.0,0.0,0.0,0.0,0.0
0.0,0.0,0.0,0.0,0.0,0.0
0.0,0.0,0.0,0.0,0.0,0.0
0.0,0.0,0.0,0.0,0.0,0.0
0.0,0.0,0.0,0.0,0.0,0.0
0.0,0.0,0.0,0.0,0.0,0.0
0.0,0.0,0.0,0.0,0.0,0.0
0.0,0.0,0.0,0.0,0.0,0.0
0.0,0.0,0.0,0.0,0.0,0.0
0.0,0.0,0.0,0.0,0.0,0.0
0.0,0.0,0.0,0.0,0.0,0.0
0.0,0.0,0.0,0.0,0.0,0.0
0.0,0.0,0.0,0.0,0.0,0.0
0.0,0.0,0.0,0.0,0.0,0.0
0.0,0.0,0.0,0.0,0.0,0.0
0.0,0.0,0.0,0.0,0.0,0.0
0.0,0.0,0.0,0.0,0.0,0.0
0.0,0.0,0.0,0.0,0.0,0.0
0.0,0.0,0.0,0.0,0.0,0.0
0.0,0.0,0.0,0.0,0.0,0.0
0.0,0.0,0.0,0.0,0.0,0.0
0.0,0.0,0.0,0.0,0.0,0.0
0.0,0.0,0.0,0.0,0.0,0.0
0.0,0.0,0.0,0.0,0.0,0.0
0.0,0.0,0.0,0.0,0.0,0.0
0.0,0.0,0.0,0.0,0.0,0.0
0.0,0.0,0.0,0.0,0.0,0.0
0.0,0.0,0.0,0.0,0.0,0.0
0.0,0.0,0.0,0.0,0.0,0.0
0.0,0.0,0.0,0.0,0.0,0.0
0.0,0.0,0.0,0.0,0.0,0.0
0.0,0.0,0.0,0.0,0.0,0.0
0.0,0.0,0.0,0.0,0.0,0.0
97.1,97.1,97.1,97.1,97.1,97.1
79.9,97.3,99.2,99.3,102.1,104.8
97.1,97.1,97.1,97.1,97.1,97.1
97.1,97.1,97.1,97.1,97.1,97.1
154.2,284.8,271.9,271.6,278.5,363.9
104.2,355.8,280.7,271.4,319.0,293.7
270.8,270.8,270.8,270.8,270.8,270.8
145.3,278.8,276.5,274.9,284.8,364.5
129.0,172.4,479.1,338.5,580.6,315.5
244.4,277.1,782.6,500.0,608.7,495.0
424.9,273.6,420.8,420.2,524.8,420.7
414.2,414.2,414.2,414.2,414.2,414.2
433.5,189.0,308.1,311.1,1510.2,289.9
349.6,271.4,353.0,356.4,1203.3,332.2
394.6,921.5,453.0,457.3,784.4,426.2
245.8,296.2,582.6,582.0,982.0,562.0
185.4,183.1,369.4,360.6,585.9,375.2
183.1,222.0,436.4,436.2,736.8,420.3
180.2,240.8,468.3,554.1,810.8,440.6
134.8,180.2,377.9,2301.8,606.6,329.6
164.6,221.0,976.4,533.7,744.0,407.4
167.7,221.0,971.2,721.4,742.4,406.3
263.0,282.2,1112.3,2758.3,999.6,559.3
385.0,378.8,1097.5,779.5,3183.4,777.3
210.5,239.8,474.9,1140.3,886.7,464.6
254.6,285.3,566.1,1222.0,1225.7,556.1
165.8,221.6,816.8,1106.3,2976.7,405.4
163.9,219.1,983.9,837.1,737.8,400.9
218.8,913.5,1124.5,574.2,984.9,535.2
371.8,853.5,1140.2,975.5,1673.2,909.2
363.6,478.1,376.5,378.8,646.6,357.0
637.7,654.4,733.8,727.8,1214.2,719.5
623.4,385.0,755.9,756.3,1279.3,726.4
217.7,161.8,314.6,789.4,544.7,296.0
146.2,195.4,380.0,1065.4,1344.4,572.1
159.3,212.9,413.9,1097.1,1708.5,699.4
157.8,211.0,410.2,626.7,1698.2,694.7
162.9,182.2,1569.0,358.2,905.6,452.0
197.6,202.6,1100.0,398.8,653.1,408.9
216.0,282.3,1104.7,554.2,947.4,520.5
184.2,246.2,1031.3,1702.2,828.9,450.4
0.0,0.0,0.0,699.9,0.0,0.0
0.0,0.0,0.0,559.8,0.0,0.0
0.0,0.0,0.0,557.9,0.0,0.0
538.4,373.9,73.8,61.5,71.4,1234.6
517.5,788.9,578.6,576.1,966.9,1214.7
412.7,760.4,518.0,522.9,2987.9,1009.2
521.9,568.0,803.9,811.5,2592.5,1276.4
0.0,0.0,0.0,0.0,0.0,0.0
0.0,0.0,0.0,0.0,0.0,0.0
586.0,1361.5,1289.5,1935.3,2121.2,1270.7
232.6,742.1,480.7,2552.3,773.2,482.7
200.2,590.7,1150.9,2165.7,851.4,474.0
124.6,465.5,1709.3,1357.3,1691.5,304.7
77.9,576.2,1179.4,1379.6,2749.7,190.5
86.9,564.2,879.3,1844.3,2082.9,212.6
92.4,492.7,821.3,1814.0,1547.2,225.9
453.0,208.1,1139.3,1432.4,1348.2,419.0
694.3,167.0,1034.1,927.4,1531.6,645.6
515.2,186.2,994.4,971.3,1683.5,649.4
400.4,199.1,387.2,1075.3,1913.8,532.8
336.4,150.7,293.0,987.9,507.3,543.2
442.4,119.2,231.8,921.0,401.3,531.5
491.6,186.4,925.2,1055.9,617.0,669.8
486.1,212.5,982.9,1105.2,683.2,740.8
116.2,445.3,431.7,517.3,403.9,431.2
0.0,0.0,0.0,0.0,0.0,0.0
0.0,0.0,0.0,0.0,0.0,0.0
0.0,0.0,0.0,0.0,0.0,0.0
0.0,0.0,0.0,0.0,0.0,0.0
0.0,0.0,0.0,0.0,0.0,0.0
0.0,0.0,0.0,0.0,0.0,0.0
0.0,0.0,0.0,0.0,0.0,0.0
0.0,0.0,0.0,0.0,0.0,0.0
0.0,0.0,0.0,0.0,0.0,0.0
0.0,0.0,0.0,0.0,0.0,0.0
0.0,0.0,0.0,0.0,0.0,0.0
0.0,0.0,0.0,0.0,0.0,0.0
0.0,0.0,0.0,0.0,0.0,0.0
0.0,0.0,0.0,0.0,0.0,0.0
0.0,0.0,0.0,0.0,0.0,0.0
0.0,0.0,0.0,0.0,0.0,0.0
0.0,0.0,0.0,0.0,0.0,0.0
0.0,0.0,0.0,0.0,0.0,0.0
0.0,0.0,0.0,0.0,0.0,0.0
0.0,0.0,0.0,0.0,0.0,0.0
0.0,0.0,0.0,0.0,0.0,0.0
0.0,0.0,0.0,0.0,0.0,0.0
0.0,0.0,0.0,0.0,0.0,0.0
0.0,0.0,0.0,0.0,0.0,0.0
0.0,0.0,0.0,0.0,0.0,0.0
0.0,0.0,0.0,0.0,0.0,0.0
0.0,0.0,0.0,0.0,0.0,0.0
0.0,0.0,0.0,0.0,0.0,0.0
0.0,0.0,0.0,0.0,0.0,0.0
0.0,0.0,0.0,0.0,0.0,0.0
83.2,82.1,159.7,156.9,228.3,161.6
145.3,145.3,145.3,145.3,145.3,145.3
110.3,137.8,148.4,149.9,177.2,148.1
50.8,67.9,132.0,270.3,202.9,147.8
72.7,97.2,189.0,347.4,387.0,525.6
104.9,140.2,270.2,375.4,432.7,295.6
61.9,82.8,161.0,624.3,384.9,304.0
203.6,97.4,200.8,309.5,338.5,469.2
457.0,154.3,310.8,964.9,1490.6,619.7
391.3,119.9,233.1,917.1,1395.3,523.3
360.2,65.6,127.5,813.1,937.3,420.5
1003.8,799.4,1466.9,1969.7,2209.2,1510.4
501.7,740.5,2087.4,995.0,861.8,779.4
432.8,628.1,875.9,285.6,486.6,580.0
721.1,641.0,907.0,300.9,480.3,547.4
447.5,641.2,2067.1,304.4,567.9,301.3
328.5,620.6,812.8,274.5,2586.3,255.9
1812.0,1348.8,2540.1,1700.7,2226.9,2534.5
148.9,645.0,857.0,290.0,564.7,301.6
137.7,631.4,831.5,267.0,2889.6,278.2
115.8,458.1,608.5,196.9,310.1,216.8
1438.2,727.8,1629.2,1412.4,1812.5,2050.5
201.2,853.9,404.8,395.7,644.5,409.9
175.3,190.4,326.2,315.1,503.0,338.7
364.0,203.0,355.3,343.2,548.0,368.8
435.2,911.1,299.0,922.8,512.4,284.1
493.9,230.1,448.7,1138.7,3315.5,425.0
651.4,379.0,751.0,1432.1,2584.6,735.6
442.4,264.3,521.9,579.1,4977.4,507.6
193.7,258.9,503.4,508.2,4054.7,473.7
0.0,0.0,0.0,0.0,3713.6,0.0
0.0,0.0,1844.2,0.0,2571.8,0.0
1042.4,316.5,1958.8,633.0,3120.8,1012.7
629.9,38.1,2418.7,76.2,2825.0,121.9
670.2,63.0,2152.7,126.0,4006.8,201.6
342.9,2.9,1936.7,2518.4,3117.0,292.2
342.1,0.0,1173.6,1324.1,1918.3,312.3
300.9,0.0,985.9,3049.8,1152.1,312.3
360.7,0.0,1370.8,2224.9,1084.3,580.3
269.3,308.2,2150.1,2307.2,2200.9,524.2
363.8,759.5,1803.4,533.7,4342.7,853.5
308.4,925.7,1822.7,50.6,1031.9,880.2
485.3,1742.0,732.3,97.7,86.7,3562.4
442.3,937.5,823.1,1915.4,409.3,2594.2
654.9,1551.5,274.9,1329.8,391.4,4267.8
526.2,1486.3,1407.4,1286.2,435.5,3448.7
361.9,1745.0,270.9,1057.9,434.1,3539.4
186.0,1152.7,254.0,1633.2,388.7,1541.9
89.3,939.9,782.8,1559.5,379.5,1084.7
79.2,761.1,742.7,3778.5,312.7,1239.9
238.0,969.5,231.5,1082.0,316.4,2881.5
184.0,719.6,192.0,983.3,332.5,1635.6
147.6,525.0,214.5,1163.0,371.4,934.4
399.0,670.8,298.5,957.9,460.3,419.7
960.5,882.8,851.0,919.4,822.6,966.4
395.9,549.6,42.2,714.4,40.8,166.2
557.9,1058.3,42.2,719.5,40.8,2581.3
243.9,4.4,10.5,698.4,10.2,322.8
0.0,0.0,0.0,474.4,0.0,311.1
203.4,555.2,489.2,1032.5,828.2,783.4
316.9,651.6,957.7,353.1,1602.0,585.9
447.8,626.2,1369.7,327.2,1912.4,316.7
311.1,0.0,555.7,937.1,0.0,0.0
313.4,0.0,559.9,1519.6,0.0,0.0
215.6,0.0,564.2,1442.0,0.0,0.0
0.0,0.0,344.6,1015.6,0.0,0.0
0.0,0.0,0.0,0.0,0.0,0.0
0.0,0.0,0.0,0.0,0.0,0.0
0.0,0.0,0.0,0.0,0.0,0.0
0.0,0.0,0.0,0.0,0.0,0.0
0.0,0.0,0.0,0.0,0.0,0.0
0.0,0.0,0.0,0.0,0.0,0.0
0.0,0.0,0.0,0.0,0.0,0.0
0.0,0.0,0.0,0.0,0.0,0.0
0.0,0.0,0.0,0.0,0.0,0.0
0.0,0.0,0.0,0.0,0.0,0.0
0.0,0.0,0.0,0.0,0.0,0.0
0.0,0.0,0.0,0.0,0.0,0.0
0.0,0.0,0.0,0.0,0.0,0.0
0.0,0.0,0.0,0.0,0.0,0.0
0.0,0.0,0.0,0.0,0.0,0.0
0.0,0.0,0.0,0.0,0.0,0.0
0.0,0.0,0.0,0.0,0.0,0.0
0.0,0.0,0.0,0.0,0.0,0.0
0.0,0.0,0.0,0.0,0.0,0.0
0.0,0.0,0.0,0.0,0.0,0.0
0.0,0.0,0.0,0.0,0.0,0.0
0.0,0.0,0.0,0.0,0.0,0.0
0.0,0.0,0.0,0.0,0.0,0.0
0.0,0.0,0.0,0.0,0.0,0.0
0.0,0.0,0.0,0.0,0.0,0.0
0.0,0.0,0.0,0.0,0.0,0.0
0.0,0.0,0.0,0.0,0.0,0.0
0.0,0.0,0.0,0.0,0.0,0.0
0.0,0.0,0.0,0.0,0.0,0.0
0.0,0.0,0.0,0.0,0.0,0.0
52.0,69.5,135.1,136.4,234.0,127.1
109.1,145.8,283.5,286.2,491.0,266.8
161.1,215.4,418.8,422.8,725.2,394.1
494.3,641.2,701.5,702.0,756.8,697.5
278.3,307.3,610.9,604.4,1004.1,602.5
215.6,268.7,526.5,527.8,895.6,503.7
304.7,407.3,792.0,799.5,1688.1,745.2
170.0,227.2,441.8,446.0,1768.0,415.7
184.9,247.1,480.6,485.1,1823.8,452.2
319.2,294.4,572.3,577.8,1986.6,637.5
562.8,294.5,580.7,578.8,1968.7,876.4
532.6,391.4,644.5,458.4,1745.5,776.3
378.3,591.3,738.8,176.2,1278.9,475.4
411.9,630.6,819.9,264.6,1430.4,557.7
385.8,599.2,757.3,199.2,1310.7,495.6
351.6,559.7,680.5,121.7,1155.2,418.6
391.7,611.4,782.6,226.9,1358.3,516.7
473.0,657.5,890.3,333.1,1514.8,648.5
398.6,577.2,732.2,175.3,1245.4,488.5
355.4,554.8,681.6,355.6,1216.8,431.3
418.1,625.7,828.8,988.8,1493.6,582.9
375.5,581.6,733.8,872.3,1303.4,480.4
352.6,548.2,667.3,805.6,1184.6,419.4
406.9,609.2,789.6,929.3,1399.4,540.5
484.9,662.5,900.5,1021.2,1143.8,662.6
384.1,566.5,705.9,821.8,243.3,463.0
364.4,564.3,697.0,820.5,255.8,446.5
297.1,636.6,837.7,957.4,499.4,457.5
73.9,590.9,745.7,844.7,332.8,180.8
49.0,363.3,462.4,794.7,220.4,119.7
121.7,133.6,265.7,931.5,435.9,262.4
160.1,149.3,303.7,960.4,472.0,313.3
72.3,83.7,165.5,838.6,275.8,161.2
74.2,99.2,192.9,868.7,334.0,181.5
78.2,104.6,203.3,876.7,352.1,191.3
85.9,114.8,223.2,896.7,386.5,210.0
69.9,93.4,181.6,859.9,314.4,170.9
113.2,102.8,209.9,612.2,323.1,218.2
151.4,144.2,292.4,284.0,457.8,299.9
89.9,120.2,233.6,235.9,404.6,219.8
66.5,88.8,172.7,174.4,299.1,162.5
62.1,83.0,161.4,163.0,279.5,151.9
98.6,131.8,256.4,258.8,443.9,241.2
86.6,115.7,225.1,227.2,389.7,211.8
122.3,95.5,199.7,188.6,289.3,216.9
118.9,120.2,241.7,236.5,386.2,243.9
111.0,148.4,288.5,291.3,499.6,271.5
71.0,94.9,184.4,186.2,319.4,173.6
72.2,96.5,187.7,189.5,325.1,176.6
129.9,173.6,337.6,340.8,584.6,317.6
402.3,167.0,329.3,328.1,551.4,319.5
453.1,126.7,259.8,249.9,396.0,272.0
329.9,130.2,257.2,255.9,429.2,250.3
390.4,186.3,362.3,365.8,627.4,340.9
544.0,503.2,168.3,169.9,291.4,158.4
364.5,560.2,125.1,126.3,216.6,117.7
599.5,476.2,247.8,250.1,429.1,233.2
536.3,163.0,325.5,320.6,1362.0,324.2
383.4,94.0,196.2,185.6,1277.6,212.2
308.9,71.0,138.8,139.5,935.2,132.0
316.7,335.5,0.0,0.0,0.0,0.0
279.7,640.5,0.0,0.0,0.0,0.0
347.5,422.9,0.0,0.0,0.0,0.0
0.0,673.9,468.7,0.0,0.0,0.0
66.8,539.6,624.6,55.7,64.6,702.8
49.2,374.3,441.6,699.5,47.6,1237.6
0.0,338.7,0.0,1257.4,0.0,773.7
0.0,423.3,0.0,830.1,1129.5,1493.4
0.0,373.9,652.3,1392.8,1530.2,1050.8
0.0,300.3,353.4,383.3,365.5,327.5
0.0,0.0,0.0,0.0,0.0,0.0
0.0,0.0,0.0,0.0,0.0,0.0
0.0,0.0,0.0,0.0,0.0,0.0
0.0,0.0,0.0,0.0,0.0,0.0
0.0,0.0,0.0,0.0,0.0,0.0
0.0,0.0,0.0,0.0,0.0,0.0
0.0,0.0,0.0,0.0,0.0,0.0
0.0,0.0,0.0,0.0,0.0,0.0
0.0,0.0,0.0,0.0,0.0,0.0
0.0,0.0,0.0,0.0,0.0,0.0
0.0,0.0,0.0,0.0,0.0,0.0
0.0,0.0,0.0,0.0,0.0,0.0
0.0,0.0,0.0,0.0,0.0,0.0
0.0,0.0,0.0,0.0,0.0,0.0
0.0,0.0,0.0,0.0,0.0,0.0
0.0,0.0,0.0,0.0,0.0,0.0
0.0,0.0,0.0,0.0,0.0,0.0
0.0,0.0,0.0,0.0,0.0,0.0
0.0,0.0,0.0,0.0,0.0,0.0
0.0,0.0,0.0,0.0,0.0,0.0
0.0,0.0,0.0,0.0,0.0,0.0
0.0,0.0,0.0,0.0,0.0,0.0
0.0,0.0,0.0,0.0,0.0,0.0
0.0,0.0,0.0,0.0,0.0,0.0
0.0,0.0,0.0,0.0,0.0,0.0
0.0,0.0,0.0,0.0,0.0,0.0
64.6,86.3,105.9,106.1,119.9,104.8
97.9,97.9,97.9,97.9,97.9,97.9
98.2,91.7,99.1,99.0,100.2,99.3
97.9,97.9,97.9,97.9,97.9,97.9
155.4,181.7,178.2,178.3,181.7,177.9
145.5,185.2,179.4,179.5,184.7,179.0
98.8,204.8,183.2,183.5,201.0,181.8
149.6,176.1,180.4,180.5,186.8,179.8
320.6,264.5,527.7,520.4,860.0,524.2
488.9,192.1,384.9,378.0,620.8,459.9
440.7,181.2,352.3,355.7,610.1,635.5
433.0,284.2,552.6,557.9,956.9,825.2
161.1,215.3,418.6,585.9,724.9,614.3
139.9,187.0,497.2,1035.9,629.6,342.1
224.5,258.0,1057.6,1178.6,848.8,498.2
257.3,279.2,1105.5,1033.9,909.3,550.9
137.2,180.1,747.6,353.7,605.0,331.6
125.9,168.2,327.1,330.3,566.5,307.8
172.9,231.0,449.2,453.5,777.9,422.7
166.2,222.1,431.9,436.1,748.0,406.4
153.2,182.2,358.9,358.0,602.7,347.4
209.4,215.2,431.8,423.5,693.9,433.9
218.4,269.3,528.3,529.0,896.0,506.8
136.2,182.0,353.9,357.2,850.3,333.0
338.4,452.3,879.5,887.8,2495.7,827.5
175.3,234.3,455.7,460.0,1765.7,428.8
131.5,175.7,341.7,345.0,1296.9,321.5
123.2,100.0,207.7,197.3,430.3,223.1
111.6,107.1,217.0,211.0,1336.3,222.1
102.4,136.8,266.1,268.6,1441.1,250.4
64.6,148.5,167.9,169.5,890.2,157.9
54.6,570.7,142.0,143.3,245.9,133.6
86.2,605.4,224.0,226.2,388.0,210.8
126.1,432.7,265.9,261.6,430.8,265.4
118.1,96.4,200.1,190.2,295.3,214.5
85.8,105.0,206.1,291.8,348.9,198.1
83.1,111.0,215.9,902.3,373.9,203.2
112.8,98.8,192.2,868.0,332.8,180.8
383.0,96.2,187.0,601.0,323.8,176.0
383.9,103.7,201.6,203.5,349.1,189.7
349.9,149.3,304.3,294.2,470.5,354.2
114.5,114.3,230.2,225.0,366.4,544.3
69.2,92.5,179.9,181.6,311.5,475.6
75.4,100.8,196.0,197.9,339.4,371.8
83.8,112.1,217.9,220.0,377.3,205.0
77.4,103.5,201.2,203.1,348.4,189.3
156.9,174.1,415.9,342.4,569.5,340.7
271.4,301.3,1158.5,592.5,985.4,589.4
238.7,4.4,562.0,8.8,10.2,14.1
452.2,0.0,337.2,0.0,0.0,0.0
528.3,0.0,593.1,0.0,0.0,0.0
640.1,0.0,691.6,0.0,0.0,0.0
524.9,14.7,729.8,628.0,34.0,46.9
316.5,300.3,1424.6,1288.8,2865.2,1147.7
175.9,222.5,1170.1,1138.1,3387.4,1063.9
183.7,245.6,477.6,1317.3,4096.5,1102.9
233.1,311.6,605.9,995.8,1859.4,994.0
298.2,398.6,1023.0,782.5,1471.6,1026.0
437.5,257.1,1586.5,504.8,1743.6,470.5
702.6,253.1,1577.6,497.9,1461.7,507.2
684.3,250.3,1102.2,29.3,34.0,46.9
721.6,497.7,1138.8,0.0,0.0,0.0
751.6,501.5,1353.3,0.0,0.0,599.5
710.4,303.5,968.7,324.0,0.0,1125.0
372.7,0.0,835.6,2341.6,0.0,1450.1
90.0,91.7,94.5,112.5,40.8,97.6
0.0,0.0,0.0,0.0,0.0,0.0
0.0,0.0,0.0,0.0,0.0,0.0
0.0,0.0,0.0,0.0,0.0,0.0
0.0,0.0,0.0,0.0,0.0,0.0
0.0,0.0,0.0,0.0,0.0,0.0
0.0,0.0,0.0,0.0,0.0,0.0
0.0,0.0,0.0,0.0,0.0,0.0
0.0,0.0,0.0,0.0,0.0,0.0
0.0,0.0,0.0,0.0,0.0,0.0
0.0,0.0,0.0,0.0,0.0,0.0
0.0,0.0,0.0,0.0,0.0,0.0
0.0,0.0,0.0,0.0,0.0,0.0
0.0,0.0,0.0,0.0,0.0,0.0
0.0,0.0,0.0,0.0,0.0,0.0
0.0,0.0,0.0,0.0,0.0,0.0
0.0,0.0,0.0,0.0,0.0,0.0
0.0,0.0,0.0,0.0,0.0,0.0
0.0,0.0,0.0,0.0,0.0,0.0
0.0,0.0,0.0,0.0,0.0,0.0
0.0,0.0,0.0,0.0,0.0,0.0
0.0,0.0,0.0,0.0,0.0,0.0
0.0,0.0,0.0,0.0,0.0,0.0
0.0,0.0,0.0,0.0,0.0,0.0
0.0,0.0,0.0,0.0,0.0,0.0
0.0,0.0,0.0,0.0,0.0,0.0
0.0,0.0,0.0,0.0,0.0,0.0
0.0,0.0,0.0,0.0,0.0,0.0
0.0,0.0,0.0,0.0,0.0,0.0
0.0,0.0,0.0,0.0,0.0,0.0
0.0,0.0,0.0,0.0,0.0,0.0
191.2,79.1,148.5,148.8,170.7,144.8
158.1,105.4,152.0,152.1,164.4,151.0
147.2,147.2,147.2,147.2,147.2,147.2
147.2,147.2,147.2,147.2,147.2,147.2
238.4,284.1,291.6,291.8,302.9,290.7
262.4,283.9,287.2,287.2,292.1,286.8
118.6,158.5,306.6,309.3,517.0,289.6
117.2,156.7,304.6,307.5,526.8,286.7
390.9,430.1,434.4,434.5,444.6,433.6
455.4,530.3,365.0,355.4,489.7,372.4
423.7,617.9,254.3,251.1,698.9,251.7
364.0,567.8,143.6,144.9,1232.7,135.1
418.9,640.6,292.5,295.3,1486.9,275.3
386.8,599.3,193.7,195.6,1323.4,270.7
361.6,566.5,119.1,120.2,1186.6,419.6
434.4,630.8,258.1,254.3,1419.2,563.0
474.8,650.9,322.1,312.8,1514.5,639.4
361.0,560.6,130.2,130.8,1225.8,430.3
123.0,178.1,344.1,186.8,1304.5,486.4
133.2,178.0,899.7,349.5,1587.3,641.5
136.6,182.6,906.5,358.4,780.7,647.5
384.3,248.5,1093.6,492.2,710.8,926.8
179.5,120.2,810.0,432.5,348.1,603.0
184.3,152.5,877.9,977.5,469.0,389.1
105.0,114.4,796.3,899.1,373.1,225.5
950.8,329.3,1313.2,1334.4,858.6,929.7
463.5,124.4,812.2,919.6,380.6,587.8
419.2,290.9,1134.1,1259.1,950.5,880.4
164.3,132.2,368.4,955.7,403.7,451.7
319.3,324.7,599.3,1366.8,927.4,620.5
188.6,756.7,394.6,2855.3,637.6,394.8
93.1,270.3,241.9,1390.1,418.9,227.6
73.6,128.8,191.2,290.7,331.0,179.9
87.3,148.9,226.9,1128.0,392.9,213.5
106.1,170.7,275.8,1052.5,477.6,259.5
136.5,634.3,264.7,2211.2,1407.1,271.2
120.8,401.5,224.1,1149.7,1336.7,233.0
79.9,106.8,207.7,209.7,857.5,195.5
78.2,104.5,203.2,205.1,351.8,301.1
44.0,554.6,114.2,115.3,197.8,2122.1
73.8,594.5,191.9,193.7,332.3,705.6
131.5,408.5,313.7,313.6,529.7,412.0
184.0,181.2,414.6,356.8,579.5,487.7
91.4,99.5,1093.6,195.7,324.4,299.9
58.9,78.8,386.5,154.6,364.1,1957.3
91.2,108.9,260.6,213.8,2179.9,1249.3
247.4,91.3,787.0,179.3,780.0,167.1
115.4,91.8,782.5,180.3,408.1,168.0
131.5,117.4,1323.5,231.3,478.3,501.0
203.7,203.4,873.6,592.1,752.3,722.2
9.2,412.9,0.0,681.8,1631.9,315.8
161.2,505.3,0.0,559.9,945.1,960.9
93.3,505.3,0.0,0.0,0.0,713.6
0.0,354.4,0.0,0.0,0.0,953.3
7.0,142.4,7.0,5.9,6.8,1225.4
73.8,526.6,859.7,61.5,71.4,1315.5
31.6,420.4,790.0,26.4,30.6,1466.3
0.0,0.0,1077.5,0.0,0.0,896.7
0.0,0.0,1520.8,0.0,0.0,678.5
87.2,0.0,1481.0,567.7,279.0,1412.9
331.0,8.8,1534.5,712.3,1012.1,747.1
328.4,30.8,1491.3,756.3,885.9,1099.7
21.1,8.8,1310.6,504.9,20.4,1574.2
0.0,0.0,2070.0,0.0,1360.7,1100.1
0.0,0.0,1162.8,0.0,1313.2,1028.1
180.2,645.0,1060.5,472.7,1612.3,1029.4
97.5,520.4,1293.5,255.9,1890.4,238.5
0.0,0.0,0.0,0.0,0.0,0.0
0.0,0.0,0.0,0.0,0.0,0.0
0.0,0.0,0.0,0.0,0.0,0.0
0.0,0.0,0.0,0.0,0.0,0.0
0.0,0.0,0.0,0.0,0.0,0.0
0.0,0.0,0.0,0.0,0.0,0.0
0.0,0.0,0.0,0.0,0.0,0.0
0.0,0.0,0.0,0.0,0.0,0.0
0.0,0.0,0.0,0.0,0.0,0.0
0.0,0.0,0.0,0.0,0.0,0.0
0.0,0.0,0.0,0.0,0.0,0.0
0.0,0.0,0.0,0.0,0.0,0.0
0.0,0.0,0.0,0.0,0.0,0.0
0.0,0.0,0.0,0.0,0.0,0.0
0.0,0.0,0.0,0.0,0.0,0.0
0.0,0.0,0.0,0.0,0.0,0.0
0.0,0.0,0.0,0.0,0.0,0.0
0.0,0.0,0.0,0.0,0.0,0.0
0.0,0.0,0.0,0.0,0.0,0.0
0.0,0.0,0.0,0.0,0.0,0.0
0.0,0.0,0.0,0.0,0.0,0.0
0.0,0.0,0.0,0.0,0.0,0.0
0.0,0.0,0.0,0.0,0.0,0.0
0.0,0.0,0.0,0.0,0.0,0.0
0.0,0.0,0.0,0.0,0.0,0.0
0.0,0.0,0.0,0.0,0.0,0.0
0.0,0.0,0.0,0.0,0.0,0.0
0.0,0.0,0.0,0.0,0.0,0.0
0.0,0.0,0.0,0.0,0.0,0.0
0.0,0.0,0.0,0.0,0.0,0.0
0.0,0.0,0.0,0.0,0.0,0.0
0.0,0.0,0.0,0.0,0.0,0.0
0.0,0.0,0.0,0.0,0.0,0.0
544.6,666.5,1877.0,1309.3,2214.9,1257.5
164.6,181.2,916.0,631.1,591.7,355.6
102.8,137.4,816.6,938.6,462.7,251.4
236.1,315.6,1167.3,1303.9,1062.6,577.4
131.6,175.9,893.5,1040.0,592.2,321.8
72.6,97.1,736.0,869.7,326.8,177.6
73.5,78.9,708.8,826.6,256.3,156.3
159.8,148.9,854.3,969.9,470.6,437.4
104.8,123.9,800.1,917.6,409.7,540.8
61.6,82.3,709.3,830.3,277.0,461.6
192.1,89.9,721.9,850.4,302.6,480.2
398.1,125.7,547.8,920.8,423.4,538.8
388.5,103.5,201.3,882.4,348.6,494.6
413.5,85.3,175.2,839.6,665.4,491.7
449.8,133.6,271.1,932.0,1396.6,584.9
404.9,333.2,259.2,632.4,1444.3,547.9
364.0,561.9,146.8,148.2,1264.8,444.5
360.4,569.9,140.4,141.7,1231.1,438.5
403.3,637.9,257.9,260.4,1423.3,551.4
394.4,608.4,223.1,224.6,1367.8,516.5
428.0,582.9,198.0,186.8,1266.7,519.3
414.6,601.2,218.9,214.8,1325.0,388.3
416.3,638.7,288.8,291.6,1480.5,271.8
360.1,561.3,145.7,147.1,1232.7,137.1
214.8,552.0,120.2,121.4,1196.1,113.1
95.4,617.8,248.1,250.4,1406.2,233.4
124.8,634.9,279.3,277.1,1435.0,273.9
117.6,580.8,193.3,182.7,820.1,209.5
71.4,572.1,168.7,168.4,284.0,162.9
109.3,415.7,284.1,286.8,492.0,267.3
67.3,90.0,175.0,176.7,303.0,164.7
46.9,62.7,122.0,123.1,211.2,114.8
77.8,104.0,202.3,204.2,350.3,190.4
172.8,179.2,359.1,352.6,578.8,360.0
106.2,90.1,185.9,177.8,278.9,197.0
47.5,63.5,123.5,124.7,213.9,116.2
102.6,137.1,266.7,269.2,461.7,250.9
90.8,121.3,235.9,238.2,408.5,222.0
47.4,63.3,123.1,124.3,213.2,115.8
73.1,88.0,173.1,172.9,291.7,167.0
184.3,181.7,366.6,357.7,581.0,372.5
95.5,101.8,203.3,200.3,330.5,202.3
47.2,63.1,122.7,123.8,212.4,115.4
79.4,106.1,206.3,208.3,357.3,194.1
433.3,217.7,396.9,400.7,687.3,917.7
454.4,871.2,222.0,224.2,384.5,868.4
323.1,1491.9,325.2,320.8,530.8,1142.8
337.8,1165.5,1272.1,459.1,756.6,1762.8
137.0,1529.3,1516.3,1643.2,1506.9,2545.6
106.9,918.6,1578.5,2064.2,1852.9,2357.1
141.6,398.3,1939.7,2343.9,1827.6,2227.2
270.4,708.9,2007.3,1830.2,2283.7,1777.7
833.3,833.3,833.3,833.3,833.3,833.3
511.2,73.3,1140.1,1087.1,1234.2,954.1
597.6,418.1,1233.2,1334.8,1223.5,192.9
702.3,529.4,1296.8,1141.5,1233.4,96.6
833.3,833.3,833.3,833.3,833.3,833.3
774.0,835.9,845.5,853.8,852.0,838.8
680.7,852.0,63.3,1188.3,1324.3,891.4
604.2,923.1,63.3,1045.6,1415.5,948.3
59.8,919.3,498.8,1031.0,1457.5,1033.6
63.3,912.2,625.4,1491.1,891.8,1016.3
840.9,864.4,629.6,921.0,854.9,889.2
822.8,834.1,835.2,837.2,836.1,834.6
516.4,515.2,59.8,736.8,354.5,1835.8
340.2,340.2,340.2,340.2,340.2,340.2
0.0,0.0,0.0,0.0,0.0,0.0
0.0,0.0,0.0,0.0,0.0,0.0
0.0,0.0,0.0,0.0,0.0,0.0
0.0,0.0,0.0,0.0,0.0,0.0
0.0,0.0,0.0,0.0,0.0,0.0
0.0,0.0,0.0,0.0,0.0,0.0
0.0,0.0,0.0,0.0,0.0,0.0
0.0,0.0,0.0,0.0,0.0,0.0
0.0,0.0,0.0,0.0,0.0,0.0
0.0,0.0,0.0,0.0,0.0,0.0
0.0,0.0,0.0,0.0,0.0,0.0
0.0,0.0,0.0,0.0,0.0,0.0
0.0,0.0,0.0,0.0,0.0,0.0
0.0,0.0,0.0,0.0,0.0,0.0
0.0,0.0,0.0,0.0,0.0,0.0
0.0,0.0,0.0,0.0,0.0,0.0
0.0,0.0,0.0,0.0,0.0,0.0
0.0,0.0,0.0,0.0,0.0,0.0
0.0,0.0,0.0,0.0,0.0,0.0
0.0,0.0,0.0,0.0,0.0,0.0
0.0,0.0,0.0,0.0,0.0,0.0
0.0,0.0,0.0,0.0,0.0,0.0
0.0,0.0,0.0,0.0,0.0,0.0
0.0,0.0,0.0,0.0,0.0,0.0
0.0,0.0,0.0,0.0,0.0,0.0
0.0,0.0,0.0,0.0,0.0,0.0
113.3,145.0,283.3,284.7,485.1,269.3
65.7,78.1,153.8,153.4,258.3,148.9
72.5,90.4,177.2,177.6,723.7,169.5
570.7,576.7,1178.5,1132.2,2932.6,1061.2
565.6,333.7,1205.9,655.1,1976.4,614.5
347.7,97.6,741.0,191.7,323.9,184.5
93.0,124.3,799.5,243.9,418.4,227.4
407.4,334.3,1247.0,659.7,1025.9,742.1
1816.7,878.7,2195.8,1750.8,2321.7,2569.4
1683.7,891.8,2014.4,1773.3,3346.3,2475.0
1487.2,720.1,1576.6,1339.5,2611.9,2045.1
1477.5,1200.8,1636.0,1408.7,2770.1,2080.3
1240.2,1065.5,1345.2,2123.2,2415.1,1726.6
564.3,756.2,599.7,1879.6,959.7,757.4
452.6,619.7,261.5,1044.9,399.0,273.6
473.6,309.4,325.3,316.0,509.4,333.7
418.9,84.2,176.5,166.4,254.5,324.2
452.7,308.1,208.4,259.2,280.2,548.6
323.5,692.5,402.0,1063.4,602.0,724.7
133.0,541.1,233.3,894.6,350.2,247.1
110.2,85.9,179.6,169.6,259.9,195.2
138.7,120.7,248.1,238.0,375.7,261.0
162.7,156.0,553.6,307.3,496.1,323.6
116.1,90.5,749.2,178.7,274.0,514.4
115.6,93.1,675.1,183.7,284.2,513.6
162.1,152.0,308.8,299.4,481.0,628.1
115.1,115.1,231.8,226.6,369.1,542.2
47.9,57.6,113.3,113.1,190.8,202.4
80.5,97.9,192.4,192.4,325.1,185.2
93.5,115.2,226.0,226.3,383.3,216.8
65.0,80.4,157.7,158.0,267.8,151.2
69.6,86.5,169.6,170.0,288.3,162.3
77.7,94.1,185.0,184.9,312.3,178.2
88.7,112.1,219.2,220.1,374.2,209.0
64.6,76.7,151.1,150.7,253.6,146.3
66.2,82.0,160.7,161.0,273.0,154.0
83.0,101.2,198.9,198.9,336.3,191.3
79.8,100.2,196.2,196.8,334.4,187.4
87.7,107.5,211.0,211.2,357.3,202.7
75.7,94.8,185.6,186.1,316.0,177.4
115.3,144.4,282.8,283.6,481.6,270.2
157.2,158.3,318.5,311.6,508.5,321.8
146.5,127.9,262.7,252.2,398.4,276.2
149.8,142.0,288.2,279.8,450.6,296.0
178.3,180.1,362.1,354.4,578.6,365.6
161.3,157.4,318.1,310.0,502.4,324.1
147.4,142.0,287.4,279.6,451.9,293.9
154.6,148.4,300.6,292.4,472.2,307.7
132.0,121.5,247.5,239.3,382.9,256.4
145.4,139.4,282.4,274.6,1310.5,289.2
137.6,128.9,262.0,850.2,1407.1,318.8
167.0,165.3,332.7,1012.3,1544.7,2355.4
209.6,152.6,308.1,997.9,1494.6,5948.3
490.0,183.7,368.5,1053.6,1610.4,1411.5
72.9,7.3,17.6,736.3,212.4,472.6
273.2,0.0,589.2,661.9,549.5,103.8
312.3,0.0,686.0,1451.9,1462.4,1087.4
317.0,6.8,1148.7,553.5,560.4,1074.5
376.3,459.0,1981.7,183.7,299.8,619.9
417.2,639.5,306.3,260.0,445.9,554.6
847.8,484.1,889.8,849.5,922.5,1006.1
555.8,861.3,867.5,853.8,943.2,918.4
222.1,735.6,1202.1,419.1,1661.3,759.7
183.5,1166.9,816.6,342.2,1756.1,373.2
388.5,1199.1,216.5,813.4,1342.9,203.7
245.7,246.0,240.8,248.4,261.5,226.6
0.0,0.0,0.0,0.0,0.0,0.0
0.0,0.0,0.0,0.0,0.0,0.0
0.0,0.0,0.0,0.0,0.0,0.0
0.0,0.0,0.0,0.0,0.0,0.0
0.0,0.0,0.0,0.0,0.0,0.0
0.0,0.0,0.0,0.0,0.0,0.0
0.0,0.0,0.0,0.0,0.0,0.0
0.0,0.0,0.0,0.0,0.0,0.0
0.0,0.0,0.0,0.0,0.0,0.0
0.0,0.0,0.0,0.0,0.0,0.0
0.0,0.0,0.0,0.0,0.0,0.0
0.0,0.0,0.0,0.0,0.0,0.0
0.0,0.0,0.0,0.0,0.0,0.0
0.0,0.0,0.0,0.0,0.0,0.0
0.0,0.0,0.0,0.0,0.0,0.0
0.0,0.0,0.0,0.0,0.0,0.0
0.0,0.0,0.0,0.0,0.0,0.0
0.0,0.0,0.0,0.0,0.0,0.0
0.0,0.0,0.0,0.0,0.0,0.0
0.0,0.0,0.0,0.0,0.0,0.0
0.0,0.0,0.0,0.0,0.0,0.0
0.0,0.0,0.0,0.0,0.0,0.0
0.0,0.0,0.0,0.0,0.0,0.0
0.0,0.0,0.0,0.0,0.0,0.0
0.0,0.0,0.0,0.0,0.0,0.0
0.0,0.0,0.0,0.0,0.0,0.0
0.0,0.0,0.0,0.0,0.0,0.0
0.0,0.0,0.0,0.0,0.0,0.0
0.0,0.0,0.0,0.0,0.0,0.0
0.0,0.0,0.0,0.0,0.0,0.0
108.1,108.1,108.1,108.1,108.1,108.1
108.2,102.3,109.2,109.1,110.3,109.3
108.3,95.5,110.5,110.3,113.1,110.9
108.1,108.1,108.1,108.1,108.1,108.1
278.9,314.6,623.8,618.6,1031.7,611.8
75.9,82.0,163.5,161.3,267.0,162.1
245.5,377.2,154.1,155.6,266.9,145.0
392.7,606.2,218.2,220.3,377.8,205.3
390.3,602.9,211.9,213.9,366.9,199.4
364.1,559.9,223.6,635.3,387.2,210.4
105.1,140.5,273.2,955.0,473.1,257.1
121.6,162.6,316.1,998.3,547.4,297.5
66.6,89.0,173.0,786.4,299.6,162.8
57.5,76.9,149.6,151.0,854.7,140.7
107.1,143.2,278.4,281.0,1470.0,448.1
1598.0,774.0,1786.0,1542.2,1960.2,2261.4
1654.3,803.9,1853.5,1601.7,2039.5,2344.3
1351.6,664.6,1528.0,1323.8,1696.4,1924.8
366.6,286.1,598.4,565.1,866.8,650.0
165.9,157.1,318.8,309.5,498.3,327.6
295.0,326.4,648.6,641.8,1066.7,639.3
253.6,277.5,552.2,545.7,905.1,545.8
295.3,271.8,553.8,535.6,856.8,573.6
253.1,247.7,500.4,487.8,791.1,509.5
266.1,291.0,579.2,572.3,949.1,572.6
269.4,298.7,593.4,587.3,976.4,960.5
267.9,323.9,632.6,576.9,957.1,1188.5
70.3,614.4,1006.4,58.6,68.0,674.7
66.8,178.8,308.3,55.7,64.6,396.6
70.3,61.5,121.9,58.6,68.0,401.3
66.8,58.4,115.7,55.7,64.6,399.0
70.3,54.7,111.0,156.3,68.0,403.7
66.8,273.7,460.2,1927.9,64.6,400.2
66.8,727.2,1013.8,538.7,64.6,397.8
70.3,513.8,70.3,161.7,68.0,401.3
66.8,512.4,66.8,153.4,64.6,395.5
70.3,521.4,70.3,140.0,68.0,399.0
66.8,519.9,66.8,842.5,64.6,399.0
1206.2,998.4,1206.2,2899.0,2368.8,1921.6
196.1,573.5,186.4,155.3,2039.1,560.8
331.4,557.8,144.2,120.1,1207.3,617.9
108.1,518.9,59.8,49.8,2937.5,2501.7
1596.2,1152.9,1585.9,1321.6,3006.2,2913.6
1437.5,1085.1,1427.7,1189.7,2476.2,2108.0
1460.8,1065.6,1506.4,1302.3,2429.9,2263.6
1566.6,989.6,1730.2,1653.8,2223.4,1985.1
748.9,608.5,801.8,880.2,2032.8,1480.8
370.8,526.0,616.9,729.4,2962.9,2215.0
59.8,355.6,622.1,49.8,1129.2,608.8
56.3,784.9,1253.2,46.9,2521.4,727.0
59.8,562.5,2580.9,49.8,1799.5,1616.7
59.8,396.3,1763.2,1108.0,1261.1,1184.3
56.3,513.5,1219.7,3051.2,1642.3,634.2
59.8,365.8,2010.1,2444.3,1162.2,1177.0
56.3,184.5,1670.1,2550.6,1550.1,1306.7
56.3,549.5,1177.5,2466.5,1210.9,1196.2
63.3,954.1,805.8,1061.5,1216.0,899.4
183.2,964.4,857.9,1061.7,1006.8,926.0
317.5,924.6,956.3,903.2,884.2,1014.2
249.4,465.9,1114.9,858.5,1142.5,1168.7
164.6,311.8,1121.0,787.7,1371.1,1244.0
170.9,605.6,880.9,867.4,1383.9,1091.3
120.7,1044.1,864.3,1011.1,1002.1,957.7
372.0,876.6,908.1,958.1,999.6,885.7
479.1,861.2,871.2,915.1,985.7,887.6
715.0,840.4,845.8,854.5,890.8,853.5
341.4,915.9,841.4,852.9,1178.9,869.5
582.2,883.1,842.9,887.0,950.0,854.8
401.8,884.0,867.8,952.4,1012.2,881.8
834.3,483.6,909.4,905.2,1009.4,858.1
863.6,497.3,945.0,836.8,996.4,861.0
831.1,716.9,857.3,826.3,862.1,845.8
0.0,0.0,0.0,0.0,0.0,0.0
0.0,0.0,0.0,0.0,0.0,0.0
0.0,0.0,0.0,0.0,0.0,0.0
0.0,0.0,0.0,0.0,0.0,0.0
0.0,0.0,0.0,0.0,0.0,0.0
0.0,0.0,0.0,0.0,0.0,0.0
0.0,0.0,0.0,0.0,0.0,0.0
0.0,0.0,0.0,0.0,0.0,0.0
0.0,0.0,0.0,0.0,0.0,0.0
0.0,0.0,0.0,0.0,0.0,0.0
0.0,0.0,0.0,0.0,0.0,0.0
0.0,0.0,0.0,0.0,0.0,0.0
0.0,0.0,0.0,0.0,0.0,0.0
0.0,0.0,0.0,0.0,0.0,0.0
0.0,0.0,0.0,0.0,0.0,0.0
0.0,0.0,0.0,0.0,0.0,0.0
0.0,0.0,0.0,0.0,0.0,0.0
0.0,0.0,0.0,0.0,0.0,0.0
0.0,0.0,0.0,0.0,0.0,0.0
0.0,0.0,0.0,0.0,0.0,0.0
0.0,0.0,0.0,0.0,0.0,0.0
0.0,0.0,0.0,0.0,0.0,0.0
0.0,0.0,0.0,0.0,0.0,0.0
0.0,0.0,0.0,0.0,0.0,0.0
108.1,108.1,108.1,108.1,108.1,108.1
108.1,108.1,108.1,108.1,108.1,108.1
108.1,108.1,108.1,108.1,108.1,108.1
108.1,108.1,108.1,108.1,108.1,108.1
490.4,566.6,1294.7,1338.7,1419.4,2070.0
477.7,990.2,728.1,1692.9,2042.8,1088.0
442.1,1133.1,258.9,2281.2,1862.3,243.6
408.0,1043.7,183.9,2568.3,2097.6,173.0
407.5,976.6,107.2,2185.7,2467.4,100.9
493.4,1137.3,232.8,1537.0,3287.5,238.4
493.3,1312.7,283.3,945.6,2833.3,292.8
845.4,1471.6,218.3,883.2,1403.8,230.2
649.5,1552.4,687.2,1356.8,1187.4,648.0
624.0,1133.0,629.5,1307.0,1090.1,592.4
454.7,643.8,313.4,420.1,542.7,294.9
464.6,610.9,238.3,240.6,412.7,224.3
516.9,215.0,271.4,274.0,1446.5,255.4
436.8,163.9,318.7,321.7,1554.9,605.1
512.8,140.8,826.4,276.6,1262.0,581.1
993.7,177.9,923.5,350.3,1571.4,614.3
1204.9,265.5,975.8,522.1,1854.3,835.3
926.3,175.4,909.3,344.7,1573.1,641.7
1649.8,609.8,1918.4,1211.5,2642.2,1957.8
554.4,283.0,1117.5,556.3,1908.1,857.0
380.2,29.3,630.3,58.6,2336.8,399.0
311.1,0.0,549.3,0.0,2498.1,306.4
305.2,0.0,551.5,751.2,2303.9,301.7
180.6,222.0,435.6,1329.6,738.1,418.2
1402.9,807.6,1790.6,2414.9,2212.9,2140.2
337.5,341.2,686.0,2435.2,1096.5,692.4
247.9,201.9,1138.4,800.1,618.5,449.8
1282.2,656.0,2600.9,1403.1,1707.0,1856.7
1588.3,838.7,2536.3,3561.8,2214.8,2331.6
2621.4,1056.9,2950.9,2698.8,2661.2,3054.0
1586.7,540.0,1763.2,1072.8,3705.6,1461.8
656.1,17.6,496.0,35.2,1439.1,56.3
442.6,35.2,966.2,70.3,1168.4,155.3
382.6,30.8,274.6,61.5,2984.4,2082.6
315.4,42.6,122.7,61.5,1685.7,550.2
137.1,608.3,1084.1,114.3,905.6,695.7
1318.7,674.9,1628.0,1098.9,1274.7,4245.9
1336.5,585.8,1332.7,1110.6,1288.3,2781.7
1322.7,1069.5,1146.4,1170.5,1108.2,1839.6
282.8,294.4,242.6,884.0,234.5,632.2
52.0,174.1,42.2,714.4,40.8,297.8
270.3,529.5,80.9,751.8,78.2,107.8
132.2,29.3,70.3,58.6,68.0,93.8
249.7,104.0,249.7,208.1,241.3,332.9
1705.6,616.8,1480.4,1233.7,1431.1,1973.9
1771.8,455.7,1724.2,911.4,1057.2,1458.2
990.7,102.6,2116.1,205.1,253.0,328.2
723.8,2.9,1375.7,695.4,1017.3,9.4
447.5,4.4,1455.6,1235.0,983.0,14.1
312.8,30.8,1598.2,730.4,1048.0,98.5
498.3,755.1,1635.6,774.0,1099.4,164.1
647.9,511.8,2270.0,764.9,1063.1,145.3
510.7,372.4,2177.3,737.8,952.9,14.1
559.1,574.2,1237.0,1722.6,893.0,14.1
682.2,1.5,921.2,751.3,1028.8,4.7
611.0,0.0,773.8,748.1,2194.4,672.7
788.1,0.0,623.1,1249.7,1116.0,1223.1
632.7,0.0,847.9,681.8,2141.9,695.7
895.7,16.1,1069.1,714.0,1452.7,852.4
900.0,31.0,1074.9,745.8,1028.3,1220.0
858.8,26.4,961.2,905.7,1392.0,855.8
696.0,7.3,865.0,945.8,1559.5,926.4
774.5,0.0,924.2,923.9,1454.3,923.1
834.4,265.7,872.6,871.1,1068.7,1087.5
833.3,833.3,833.3,833.3,833.3,833.3
664.8,855.3,854.7,846.7,865.2,913.2
656.4,860.0,876.0,856.9,854.0,896.7
783.3,842.2,839.8,851.9,838.9,843.8
785.3,839.0,838.4,842.3,851.6,843.4
485.4,845.2,907.1,889.5,967.6,905.3
663.3,844.5,863.3,877.3,889.3,862.4
807.8,838.3,841.0,838.1,838.8,836.0
819.2,834.0,838.6,834.2,838.2,835.7
720.5,839.1,866.2,871.3,857.8,845.1
437.8,846.5,896.0,964.0,959.1,896.6
418.2,846.3,945.2,989.2,926.8,874.4
339.2,883.1,1027.9,921.7,952.5,875.6
135.3,1018.3,819.4,950.6,1101.6,974.9
134.7,1078.0,718.4,904.7,1158.3,1005.9
91.7,1159.7,165.2,1173.6,1344.9,1064.8
51.8,577.5,134.5,798.4,2155.3,1282.5
91.4,744.7,237.5,829.6,1832.6,1238.3
0.0,0.0,0.0,0.0,0.0,0.0
0.0,0.0,0.0,0.0,0.0,0.0
0.0,0.0,0.0,0.0,0.0,0.0
0.0,0.0,0.0,0.0,0.0,0.0
0.0,0.0,0.0,0.0,0.0,0.0
0.0,0.0,0.0,0.0,0.0,0.0
0.0,0.0,0.0,0.0,0.0,0.0
0.0,0.0,0.0,0.0,0.0,0.0
0.0,0.0,0.0,0.0,0.0,0.0
0.0,0.0,0.0,0.0,0.0,0.0
85.3,184.2,149.6,149.7,157.5,148.9
86.4,180.2,150.1,150.2,158.9,149.4
80.8,191.2,149.0,149.1,156.6,148.4
84.8,173.2,147.7,168.9,153.1,147.6
192.1,192.1,284.1,361.6,310.3,284.6
270.8,270.8,270.8,270.8,270.8,270.8
270.8,270.8,270.8,270.8,270.8,270.8
56.1,75.0,145.8,818.6,252.5,137.2
189.9,253.8,469.6,739.1,612.9,458.0
230.1,307.6,464.2,591.3,546.9,457.5
71.4,95.4,185.6,851.0,321.4,174.6
131.6,175.9,342.0,1011.5,592.2,321.8
64.5,86.3,167.7,843.3,290.4,157.8
86.0,76.2,156.2,824.2,238.1,163.5
138.4,123.5,252.8,914.9,386.7,264.1
132.5,131.8,265.7,441.0,422.4,269.3
57.0,76.3,148.3,149.7,256.7,139.5
66.8,89.3,173.7,175.4,300.8,163.5
270.5,71.8,139.5,420.9,241.6,131.3
394.5,456.8,213.6,913.0,777.1,201.0
386.8,596.2,187.7,560.2,1339.4,393.5
351.9,564.2,118.2,119.4,744.0,423.5
532.8,588.7,589.2,194.0,314.9,517.0
794.0,651.7,893.2,321.9,1213.4,645.5
578.0,581.0,753.5,179.1,1280.4,503.4
342.1,538.6,885.6,106.1,1188.8,405.3
387.0,595.2,1338.7,220.8,1359.2,508.7
391.5,598.4,1076.1,223.4,1359.9,509.9
346.0,543.2,648.2,104.1,1158.9,399.8
354.8,556.5,671.9,130.2,1192.4,555.0
178.8,617.0,795.3,252.6,1398.6,858.8
95.8,231.0,750.0,194.8,1288.6,672.9
117.5,92.4,744.5,182.5,1260.8,291.7
132.2,118.4,791.7,233.5,1351.5,252.8
83.2,111.2,364.7,218.2,1351.0,203.4
55.8,74.6,145.0,146.4,515.0,136.4
66.6,89.0,173.1,174.8,299.8,162.9
59.5,79.6,154.7,156.2,267.9,145.6
82.5,110.3,214.5,216.5,371.4,201.8
73.9,98.8,192.0,193.9,332.5,180.7
72.9,71.6,144.5,140.9,228.7,147.0
137.5,119.1,244.9,234.8,370.3,258.0
163.3,160.0,323.1,315.0,511.1,328.8
49.5,66.1,128.5,129.8,222.6,120.9
41.8,55.9,108.7,109.7,188.2,102.2
90.6,121.1,235.5,237.7,407.8,221.6
86.5,115.6,224.8,226.9,389.2,211.5
41.0,54.9,106.7,107.7,184.7,100.4
46.8,493.1,121.7,122.8,3276.6,114.5
824.3,631.0,315.5,312.4,3725.5,310.7
845.1,655.9,2840.1,222.3,1318.0,246.3
313.2,1397.3,2933.7,155.9,241.3,1842.6
79.5,1431.4,1822.7,1996.0,357.8,1936.5
85.3,114.0,1014.6,2092.8,383.8,735.2
68.9,92.1,904.2,745.8,310.0,168.4
141.4,189.0,367.5,371.0,636.3,345.8
0.0,0.0,0.0,0.0,0.0,0.0
0.0,0.0,0.0,0.0,0.0,0.0
63.3,26.4,63.3,52.7,61.2,84.4
180.9,180.3,363.4,355.0,578.1,368.1
137.8,148.5,296.2,292.2,1316.6,293.9
110.7,147.9,287.7,290.4,1489.8,270.7
0.0,0.0,0.0,0.0,463.8,0.0
0.0,0.0,0.0,0.0,0.0,0.0
0.0,0.0,0.0,0.0,0.0,0.0
0.0,416.7,468.7,572.9,0.0,0.0
17.6,503.2,575.4,696.4,1466.6,811.2
828.3,780.4,781.7,864.2,891.9,853.4
847.2,223.3,446.2,1016.6,1425.1,1041.6
755.7,250.4,491.6,1126.1,1387.4,988.8
430.9,168.1,326.9,1130.5,1821.7,989.9
384.1,140.4,273.1,1007.8,472.9,517.4
144.1,192.7,374.6,378.2,648.7,662.4
168.9,225.7,334.0,334.9,404.2,360.0
0.0,0.0,0.0,0.0,0.0,0.0
0.0,0.0,0.0,0.0,0.0,0.0
0.0,0.0,0.0,0.0,0.0,0.0
0.0,0.0,0.0,0.0,0.0,0.0
0.0,0.0,0.0,0.0,0.0,0.0
0.0,0.0,0.0,0.0,0.0,0.0
0.0,0.0,0.0,0.0,0.0,0.0
0.0,0.0,0.0,0.0,0.0,0.0
0.0,0.0,0.0,0.0,0.0,0.0
0.0,0.0,0.0,0.0,0.0,0.0
0.0,0.0,0.0,0.0,0.0,0.0
0.0,0.0,0.0,0.0,0.0,0.0
0.0,0.0,0.0,0.0,0.0,0.0
0.0,0.0,0.0,0.0,0.0,0.0
0.0,0.0,0.0,0.0,0.0,0.0
0.0,0.0,0.0,0.0,0.0,0.0
0.0,0.0,0.0,0.0,0.0,0.0
0.0,0.0,0.0,0.0,0.0,0.0
0.0,0.0,0.0,0.0,0.0,0.0
0.0,0.0,0.0,0.0,0.0,0.0
0.0,0.0,0.0,0.0,0.0,0.0
0.0,0.0,0.0,0.0,0.0,0.0
93.0,121.0,192.9,152.6,164.7,151.6
146.0,146.0,146.0,146.0,146.0,146.0
146.0,146.0,146.0,146.0,146.0,146.0
146.0,146.0,146.0,146.0,146.0,146.0
109.3,146.0,284.0,286.7,491.7,267.2
147.7,197.4,308.4,309.4,392.3,301.6
106.4,109.8,220.2,216.1,354.4,221.0
165.3,164.8,317.3,307.9,495.6,356.6
115.6,133.3,210.5,202.6,321.5,330.1
51.7,732.1,134.3,135.5,232.5,2513.4
59.3,111.5,154.1,155.6,294.4,261.0
80.8,468.4,223.5,211.9,1122.2,307.4
67.5,607.3,217.3,170.0,3420.4,268.4
68.2,583.1,915.2,587.2,994.4,234.6
264.0,672.4,186.1,610.3,719.7,879.6
164.3,600.4,640.4,604.0,674.6,648.3
184.0,636.1,738.6,760.6,994.6,351.8
181.9,622.8,678.5,695.2,1117.2,370.1
152.5,625.6,838.2,706.1,990.0,353.2
359.4,629.1,736.7,701.1,779.8,459.6
195.7,264.6,743.2,1799.3,685.9,252.9
106.8,142.8,824.9,1057.4,480.8,467.5
172.2,230.2,1003.2,723.2,774.9,727.5
369.3,218.0,975.4,525.7,734.1,708.8
201.1,206.4,414.2,487.6,665.3,416.3
211.9,224.4,629.2,2156.2,796.2,447.1
191.5,220.4,981.3,1355.7,1694.8,425.3
127.1,169.9,883.9,333.4,1556.1,310.8
379.2,83.2,278.5,163.4,487.7,461.0
373.6,93.0,180.9,182.6,313.2,476.6
388.2,106.2,206.5,208.4,357.5,273.2
377.2,94.7,184.2,233.1,318.9,173.3
146.2,89.9,174.7,843.0,302.6,164.4
126.5,101.2,210.8,876.4,308.6,227.3
149.6,138.4,281.9,415.3,437.0,291.4
112.1,120.7,240.7,237.4,392.6,238.9
72.2,96.5,187.6,189.4,324.8,505.5
60.8,81.3,158.0,159.5,273.6,766.3
90.8,121.4,236.1,238.3,408.8,846.6
103.5,138.3,268.9,271.5,465.7,621.9
72.9,97.5,189.6,191.4,328.3,178.4
91.3,112.3,220.4,220.7,373.7,211.6
176.2,167.5,339.8,330.0,531.9,348.7
486.1,153.3,310.1,301.9,488.5,316.6
726.3,116.0,232.8,228.3,373.6,234.3
713.2,131.1,254.9,257.4,441.4,239.9
505.2,202.5,327.0,330.1,566.2,307.7
121.1,646.7,314.8,317.8,545.2,296.3
173.1,723.5,450.0,454.2,779.2,423.4
183.7,349.2,477.4,482.0,826.7,449.2
188.8,252.4,490.7,495.4,849.7,461.7
250.6,29.3,70.3,58.6,68.0,634.2
381.4,27.8,66.8,55.7,64.6,939.9
302.6,311.5,38.7,428.9,37.4,1170.6
1.6,371.6,8.1,708.4,16.5,1084.5
0.0,439.7,0.0,1160.5,0.0,654.1
0.0,438.5,0.0,719.4,0.0,590.6
0.0,357.5,0.0,863.0,0.0,559.3
0.0,322.8,324.5,860.7,0.0,795.4
0.0,305.7,566.3,701.8,1571.5,1017.2
73.8,465.5,549.0,695.2,2166.3,1050.3
63.3,582.4,63.3,652.8,2386.1,1034.8
263.2,839.2,42.2,888.5,1517.1,909.4
274.2,1022.8,0.0,1091.4,1203.8,756.5
328.9,888.6,0.0,1046.6,1086.9,617.9
328.0,413.5,0.0,1019.6,1029.2,579.5
267.5,337.7,0.0,915.3,1463.7,534.4
140.5,143.7,0.0,164.6,209.4,158.1
0.0,0.0,0.0,0.0,0.0,0.0
0.0,0.0,0.0,0.0,0.0,0.0
0.0,0.0,0.0,0.0,0.0,0.0
0.0,0.0,0.0,0.0,0.0,0.0
0.0,0.0,0.0,0.0,0.0,0.0
0.0,0.0,0.0,0.0,0.0,0.0
0.0,0.0,0.0,0.0,0.0,0.0
0.0,0.0,0.0,0.0,0.0,0.0
0.0,0.0,0.0,0.0,0.0,0.0
0.0,0.0,0.0,0.0,0.0,0.0
0.0,0.0,0.0,0.0,0.0,0.0
0.0,0.0,0.0,0.0,0.0,0.0
0.0,0.0,0.0,0.0,0.0,0.0
0.0,0.0,0.0,0.0,0.0,0.0
0.0,0.0,0.0,0.0,0.0,0.0
0.0,0.0,0.0,0.0,0.0,0.0
0.0,0.0,0.0,0.0,0.0,0.0
0.0,0.0,0.0,0.0,0.0,0.0
0.0,0.0,0.0,0.0,0.0,0.0
0.0,0.0,0.0,0.0,0.0,0.0
0.0,0.0,0.0,0.0,0.0,0.0
0.0,0.0,0.0,0.0,0.0,0.0
0.0,0.0,0.0,0.0,0.0,0.0
0.0,0.0,0.0,0.0,0.0,0.0
0.0,0.0,0.0,0.0,0.0,0.0
0.0,0.0,0.0,0.0,0.0,0.0
0.0,0.0,0.0,0.0,0.0,0.0
0.0,0.0,0.0,0.0,0.0,0.0
154.0,144.3,156.7,162.4,158.3,156.8
155.4,155.4,155.4,155.4,155.4,155.4
155.4,155.4,155.4,155.4,155.4,155.4
155.4,155.4,155.4,155.4,155.4,155.4
273.1,235.4,280.3,282.2,277.3,272.3
298.6,118.7,339.0,359.4,287.7,217.1
300.6,123.5,334.2,348.8,287.6,225.9
292.9,110.5,354.7,373.3,287.0,202.2
420.2,76.2,717.9,887.0,228.8,175.5
418.7,74.8,602.3,1056.9,222.5,174.9
446.0,153.0,521.9,669.9,440.1,298.1
417.2,94.3,527.0,288.3,317.7,172.6
32.5,63.7,84.4,182.8,146.1,79.4
57.0,350.9,148.1,241.8,256.5,139.4
93.9,496.9,244.1,1098.4,488.6,229.7
51.2,100.7,133.1,1691.8,1120.6,125.3
68.3,112.1,193.2,160.3,1473.5,155.3
171.4,193.2,772.5,323.8,627.2,340.9
166.3,427.0,919.5,316.6,611.1,332.3
86.6,592.8,259.8,208.4,446.0,474.7
146.6,196.0,429.9,384.7,1522.5,664.9
145.2,633.4,423.6,381.1,2230.6,662.7
160.9,705.2,844.1,422.1,1602.5,769.5
141.5,681.2,1146.5,371.2,1617.2,1647.3
131.5,660.4,341.9,345.1,1576.1,1973.3
219.8,741.7,481.3,476.0,1759.5,900.9
255.4,783.3,556.9,550.5,2846.7,967.7
196.2,712.8,431.1,426.6,2648.8,834.0
129.3,665.0,336.1,883.9,3162.0,1465.7
169.8,715.2,441.2,989.5,1748.2,2167.3
190.5,560.1,495.1,1939.1,1834.0,465.9
351.2,192.0,373.3,1066.4,1257.3,351.3
360.2,204.3,397.2,1090.5,687.8,373.7
363.5,4.4,550.0,568.7,10.2,14.1
73.8,30.8,612.7,61.5,818.0,98.5
63.3,26.4,980.5,52.7,1064.2,84.4
199.7,237.8,468.3,467.2,1789.7,453.1
299.6,400.5,778.7,786.1,2162.8,732.7
157.0,209.8,827.9,411.8,706.4,383.8
126.3,542.1,892.3,331.3,568.2,542.1
87.7,618.7,792.1,230.1,394.7,527.9
336.7,639.7,726.9,271.4,465.5,566.4
389.3,492.5,169.1,167.7,279.4,420.6
439.0,377.3,208.2,197.2,304.1,732.5
421.4,442.0,332.5,324.5,527.4,844.8
119.8,602.8,260.8,257.8,427.5,1120.9
49.1,65.6,127.5,128.8,220.8,120.0
70.3,93.9,182.6,184.3,316.2,171.8
92.8,124.0,241.1,243.4,417.4,226.8
84.1,465.2,218.6,220.7,2352.6,205.7
72.1,1093.7,187.3,189.1,3617.2,176.2
142.1,912.9,258.1,354.9,3300.3,263.5
254.6,551.2,66.8,732.3,64.6,89.1
73.1,312.4,63.3,716.4,61.2,84.4
69.5,313.6,59.8,723.8,57.8,79.7
115.8,335.8,105.5,777.5,206.4,140.7
833.3,833.3,833.3,833.3,833.3,833.3
933.1,482.6,985.4,2064.7,262.1,272.2
656.3,28.1,1686.8,2065.2,165.6,398.0
451.3,24.9,3670.3,49.8,162.2,381.4
853.5,714.2,848.8,843.2,849.6,890.6
833.3,833.3,833.3,833.3,833.3,833.3
833.3,833.3,833.3,833.3,833.3,833.3
833.3,833.3,833.3,833.3,833.3,833.3
59.8,1112.7,108.6,49.8,57.8,158.7
687.0,687.0,687.0,687.0,687.0,687.0
0.0,0.0,0.0,0.0,0.0,0.0
0.0,0.0,0.0,0.0,0.0,0.0
0.0,0.0,0.0,0.0,0.0,0.0
0.0,0.0,0.0,0.0,0.0,0.0
0.0,0.0,0.0,0.0,0.0,0.0
0.0,0.0,0.0,0.0,0.0,0.0
0.0,0.0,0.0,0.0,0.0,0.0
0.0,0.0,0.0,0.0,0.0,0.0
0.0,0.0,0.0,0.0,0.0,0.0
0.0,0.0,0.0,0.0,0.0,0.0
0.0,0.0,0.0,0.0,0.0,0.0
0.0,0.0,0.0,0.0,0.0,0.0
0.0,0.0,0.0,0.0,0.0,0.0
0.0,0.0,0.0,0.0,0.0,0.0
0.0,0.0,0.0,0.0,0.0,0.0
0.0,0.0,0.0,0.0,0.0,0.0
0.0,0.0,0.0,0.0,0.0,0.0
0.0,0.0,0.0,0.0,0.0,0.0
0.0,0.0,0.0,0.0,0.0,0.0
0.0,0.0,0.0,0.0,0.0,0.0
0.0,0.0,0.0,0.0,0.0,0.0
0.0,0.0,0.0,0.0,0.0,0.0
0.0,0.0,0.0,0.0,0.0,0.0
0.0,0.0,0.0,0.0,0.0,0.0
0.0,0.0,0.0,0.0,0.0,0.0
0.0,0.0,0.0,0.0,0.0,0.0
0.0,0.0,0.0,0.0,0.0,0.0
0.0,0.0,0.0,0.0,0.0,0.0
0.0,0.0,0.0,0.0,0.0,0.0
0.0,0.0,0.0,0.0,0.0,0.0
71.5,95.6,164.0,164.8,224.4,159.2
131.5,147.0,149.4,149.5,153.0,149.1
146.6,146.6,146.6,146.6,146.6,146.6
146.6,146.6,146.6,146.6,146.6,146.6
393.9,170.6,331.7,334.9,574.4,312.1
421.5,142.9,277.8,280.5,481.1,261.4
452.4,184.2,358.2,361.6,620.2,603.3
454.8,163.1,322.4,320.5,536.7,629.0
463.4,566.5,286.4,276.7,442.1,611.7
445.6,623.4,245.3,236.5,376.4,569.1
445.5,628.0,253.7,245.5,393.5,572.0
466.3,652.4,304.7,297.1,481.9,622.4
451.1,629.6,271.4,263.4,424.2,589.9
418.9,593.4,673.1,185.1,289.8,518.0
443.3,622.6,820.4,246.0,394.3,572.4
481.6,680.5,928.7,941.8,584.5,670.6
207.4,603.1,784.1,903.6,335.1,539.1
84.5,572.7,721.2,850.9,256.1,475.1
92.1,617.1,801.6,931.3,414.7,311.4
104.2,631.3,830.8,955.2,468.9,254.8
53.6,209.3,701.5,827.7,241.4,131.2
60.8,81.3,716.0,844.0,273.8,148.8
94.8,126.7,799.9,935.7,1278.8,231.8
89.2,119.2,787.5,915.8,1408.1,218.1
59.8,79.9,709.0,833.5,1275.9,146.2
74.1,99.0,347.4,873.6,1336.5,181.2
70.6,94.3,183.4,861.8,1309.3,172.6
113.2,131.9,260.4,448.5,1434.1,253.3
159.8,148.9,302.8,293.3,1466.0,312.5
118.5,100.2,206.8,197.7,1309.0,219.5
133.5,120.2,245.7,236.9,1368.8,256.1
170.8,173.3,348.3,341.1,1541.6,351.2
136.2,127.1,258.5,250.5,1389.9,266.7
109.7,91.7,189.6,180.9,1266.7,201.9
139.4,131.4,266.8,258.8,691.6,274.5
177.9,182.8,366.8,359.7,589.4,368.6
119.4,107.9,220.4,212.6,338.6,229.5
109.9,91.9,190.0,181.3,283.3,202.3
107.5,130.7,256.8,256.8,434.0,247.2
108.0,144.3,280.7,283.3,486.0,264.1
58.5,78.2,152.0,153.4,263.2,143.0
56.3,75.3,146.4,147.8,253.5,137.8
100.5,134.3,261.2,263.7,452.3,245.8
90.0,120.3,233.9,236.1,405.1,220.1
62.0,82.9,161.1,162.7,279.0,151.6
80.8,107.9,209.9,211.9,363.5,197.5
86.6,115.8,225.2,227.3,389.9,211.9
94.8,126.8,246.5,248.8,426.8,231.9
125.3,122.1,246.8,240.5,389.8,251.6
138.2,530.6,246.6,236.6,373.3,259.7
140.3,625.6,259.1,251.0,402.9,267.3
185.1,590.1,353.0,345.2,562.8,357.0
367.3,651.9,478.6,309.9,503.9,322.1
120.9,93.6,755.4,184.6,1671.8,205.4
133.9,254.2,581.3,1024.8,2024.9,237.1
265.8,786.1,568.4,1541.2,2334.8,558.3
254.9,589.6,545.6,1047.0,1543.0,1019.9
705.2,149.8,302.7,1265.7,478.4,1219.8
536.2,166.8,1133.5,328.2,536.9,1096.0
509.4,256.4,1469.2,503.4,858.7,1379.9
471.3,135.4,1069.8,265.9,456.1,247.8
215.0,190.3,1351.6,375.2,594.7,408.4
907.7,397.1,907.7,794.1,888.0,1105.3
102.0,42.5,102.0,85.0,98.6,136.0
89.6,0.0,0.0,197.0,0.0,0.0
937.1,404.4,865.0,986.3,857.5,949.6
837.9,803.6,838.3,839.5,839.7,841.0
835.2,813.2,836.0,835.7,836.9,843.2
812.8,423.2,851.1,1127.5,887.0,898.4
176.9,139.4,291.1,372.9,2533.2,425.2
174.9,181.0,308.2,329.9,450.7,338.4
0.0,0.0,0.0,0.0,0.0,0.0
0.0,0.0,0.0,0.0,0.0,0.0
0.0,0.0,0.0,0.0,0.0,0.0
0.0,0.0,0.0,0.0,0.0,0.0
0.0,0.0,0.0,0.0,0.0,0.0
0.0,0.0,0.0,0.0,0.0,0.0
0.0,0.0,0.0,0.0,0.0,0.0
0.0,0.0,0.0,0.0,0.0,0.0
0.0,0.0,0.0,0.0,0.0,0.0
0.0,0.0,0.0,0.0,0.0,0.0
0.0,0.0,0.0,0.0,0.0,0.0
0.0,0.0,0.0,0.0,0.0,0.0
0.0,0.0,0.0,0.0,0.0,0.0
0.0,0.0,0.0,0.0,0.0,0.0
0.0,0.0,0.0,0.0,0.0,0.0
0.0,0.0,0.0,0.0,0.0,0.0
0.0,0.0,0.0,0.0,0.0,0.0
0.0,0.0,0.0,0.0,0.0,0.0
0.0,0.0,0.0,0.0,0.0,0.0
0.0,0.0,0.0,0.0,0.0,0.0
0.0,0.0,0.0,0.0,0.0,0.0
0.0,0.0,0.0,0.0,0.0,0.0
0.0,0.0,0.0,0.0,0.0,0.0
0.0,0.0,0.0,0.0,0.0,0.0
0.0,0.0,0.0,0.0,0.0,0.0
147.3,147.3,147.3,147.3,147.3,147.3
147.3,147.3,147.3,147.3,147.3,147.3
147.3,147.3,147.3,147.3,147.3,147.3
147.3,147.3,147.3,147.3,147.3,147.3
140.3,132.5,269.0,261.0,420.0,276.5
328.5,134.0,269.8,263.7,429.6,273.2
312.9,312.9,312.9,312.9,312.9,312.9
314.3,142.9,278.0,280.6,331.0,351.7
358.1,67.6,131.4,132.6,227.5,428.8
383.0,105.6,205.3,207.3,355.5,500.7
408.3,134.7,261.9,264.4,453.6,550.5
374.6,88.1,171.3,172.9,296.6,468.7
373.4,402.3,177.3,179.0,307.0,475.6
337.5,586.6,191.2,193.0,331.0,485.1
87.7,605.5,227.9,230.1,394.7,478.4
74.0,591.1,192.5,194.3,333.3,181.1
134.1,607.4,247.3,238.5,379.8,257.5
132.2,607.3,586.6,227.2,358.7,248.9
158.6,647.8,860.4,302.9,1112.4,317.5
143.5,625.1,826.7,269.5,1411.2,284.5
109.2,513.3,741.8,179.4,1256.7,200.5
128.9,117.3,786.7,659.0,1353.2,248.8
175.3,182.5,919.1,1030.5,1562.8,366.0
117.8,102.5,766.3,873.5,1303.1,221.6
109.6,91.5,738.7,857.2,1270.0,201.6
151.3,150.4,778.3,965.0,1458.6,307.4
104.0,132.5,259.0,936.8,1287.7,246.4
52.3,69.9,135.8,816.3,235.2,127.8
65.6,87.7,170.4,843.5,295.1,160.4
87.0,116.3,226.2,809.0,391.7,212.8
91.4,122.2,237.6,239.9,411.5,223.6
73.9,98.8,192.2,194.0,332.8,180.8
58.7,78.5,152.6,154.0,264.2,143.6
76.3,102.0,198.3,200.2,343.4,186.6
101.8,136.1,264.7,267.2,458.3,249.0
67.0,89.6,174.1,175.8,301.6,163.9
102.2,91.3,186.8,179.9,285.8,195.1
152.6,139.2,284.1,274.4,438.1,294.9
175.7,179.9,361.2,354.1,579.7,363.3
112.9,92.7,192.3,182.9,284.5,205.7
111.0,93.4,192.9,184.2,288.3,205.0
167.4,168.8,339.6,332.3,542.3,343.0
149.3,144.6,292.6,284.8,460.9,298.7
111.0,93.4,192.9,184.2,288.3,205.0
129.2,117.7,240.2,232.0,370.2,249.5
148.6,150.1,302.0,295.5,482.5,304.8
83.3,111.3,216.5,218.5,374.8,203.7
63.9,85.4,166.0,167.6,287.4,156.2
64.6,86.4,168.0,169.6,290.9,158.1
87.1,116.5,226.5,228.6,392.2,213.1
93.4,124.9,242.8,245.1,420.4,228.4
70.9,94.8,404.9,186.1,319.1,173.4
48.9,65.4,687.1,128.3,220.1,119.6
90.3,120.7,792.6,237.0,406.5,220.9
107.4,143.6,279.2,281.9,483.5,262.8
49.6,66.3,129.0,130.2,223.3,121.4
122.1,98.5,204.9,194.4,301.0,220.4
176.7,178.0,358.1,350.4,963.9,361.8
145.8,136.7,277.8,269.3,1428.0,286.2
111.8,94.4,194.9,186.2,1283.4,206.8
129.9,115.4,236.4,227.5,361.0,247.3
159.1,157.6,317.9,580.0,504.7,322.5
133.5,126.7,257.0,933.9,402.0,263.9
248.0,112.6,230.4,903.8,353.2,240.2
434.0,109.3,223.9,215.5,342.0,234.2
461.6,147.8,298.7,291.0,471.5,304.5
88.0,310.5,223.1,224.6,383.7,211.3
69.3,590.4,180.2,181.9,312.0,169.5
54.2,568.3,141.0,142.3,244.1,132.7
97.9,130.8,254.4,256.8,440.5,239.3
94.6,126.5,245.9,248.3,425.8,354.0
50.8,67.9,132.1,133.4,228.8,435.4
57.2,76.4,148.6,150.0,257.2,449.7
118.9,159.0,309.1,312.1,535.3,290.9
64.8,86.6,168.4,170.0,291.7,158.5
50.2,67.1,130.4,131.6,225.8,122.7
127.2,131.2,263.1,258.2,423.3,264.1
161.7,154.7,313.5,304.7,491.7,321.2
125.5,109.5,225.0,216.0,341.2,236.6
129.8,118.5,241.8,233.6,373.0,251.0
130.0,115.5,236.6,227.7,361.3,247.5
150.1,145.6,252.8,249.9,315.7,255.1
0.0,0.0,0.0,0.0,0.0,0.0
0.0,0.0,0.0,0.0,0.0,0.0
0.0,0.0,0.0,0.0,0.0,0.0
0.0,0.0,0.0,0.0,0.0,0.0
0.0,0.0,0.0,0.0,0.0,0.0
0.0,0.0,0.0,0.0,0.0,0.0
0.0,0.0,0.0,0.0,0.0,0.0
0.0,0.0,0.0,0.0,0.0,0.0
0.0,0.0,0.0,0.0,0.0,0.0
0.0,0.0,0.0,0.0,0.0,0.0
0.0,0.0,0.0,0.0,0.0,0.0
0.0,0.0,0.0,0.0,0.0,0.0
0.0,0.0,0.0,0.0,0.0,0.0
0.0,0.0,0.0,0.0,0.0,0.0
0.0,0.0,0.0,0.0,0.0,0.0
0.0,0.0,0.0,0.0,0.0,0.0
0.0,0.0,0.0,0.0,0.0,0.0
0.0,0.0,0.0,0.0,0.0,0.0
140.0,132.1,268.2,260.3,418.8,586.9
159.0,160.7,323.2,316.4,516.6,626.7
114.6,98.1,202.2,193.6,428.8,213.7
109.5,91.3,188.9,180.2,1276.8,201.2
116.0,142.0,278.9,279.0,1467.6,267.9
83.5,111.5,216.9,219.0,1337.1,204.1
88.3,66.0,128.4,129.6,222.3,120.8
373.3,83.2,161.7,163.3,280.0,152.2
411.5,196.4,260.9,263.4,451.8,245.5
372.0,593.3,185.9,187.6,321.9,174.9
59.9,577.7,155.6,157.0,269.4,146.4
63.5,565.7,165.1,166.7,286.0,155.4
91.9,122.9,238.9,241.2,413.7,224.8
77.8,104.0,202.3,289.8,350.3,190.4
103.9,106.5,213.7,894.0,343.2,214.9
125.6,103.2,214.0,888.1,316.8,229.0
153.7,150.4,303.8,957.3,480.4,309.4
148.0,139.5,283.3,274.9,442.2,291.4
110.3,92.5,191.2,182.5,285.3,203.3
394.9,472.9,1000.8,929.1,1566.1,899.3
177.3,182.0,925.1,358.1,586.6,367.1
126.5,114.1,793.2,224.9,358.1,242.9
116.6,104.1,754.0,205.2,326.0,222.6
124.8,131.3,262.6,258.3,425.1,262.3
90.1,120.4,234.1,236.3,405.3,220.2
61.6,82.4,160.1,161.7,277.3,150.7
73.6,98.3,191.2,193.0,791.0,179.9
68.4,91.4,177.7,179.4,1295.7,167.2
92.4,123.5,240.2,242.5,1403.9,226.0
80.0,106.9,207.9,209.9,1351.7,195.6
49.5,66.2,128.7,129.9,1210.7,121.1
70.4,94.0,182.9,184.6,1304.6,172.1
118.7,158.6,308.4,311.3,1111.0,290.2
58.6,75.1,146.8,147.6,251.5,139.5
122.6,99.2,206.2,195.7,303.2,221.6
167.2,162.0,327.8,319.1,516.4,334.6
149.9,145.4,294.1,602.7,463.6,300.2
113.7,93.7,194.3,864.2,288.0,351.4
136.4,357.4,517.7,930.1,402.7,575.8
149.9,639.4,849.8,968.2,463.6,608.9
209.5,719.0,1004.7,1121.9,731.7,755.8
150.4,645.1,858.7,973.1,478.0,613.9
273.9,625.8,820.8,656.1,424.0,576.1
412.3,632.4,824.9,271.8,466.2,433.6
434.2,456.1,650.5,329.1,564.5,306.7
403.6,125.3,243.6,246.0,421.9,229.3
377.2,91.5,178.0,179.7,308.2,167.5
411.2,137.0,266.4,268.9,461.3,250.6
298.5,158.0,307.3,310.2,532.1,289.1
64.8,86.6,168.4,170.0,291.7,158.5
56.7,75.8,147.4,148.8,255.3,138.7
115.4,154.2,299.8,302.7,519.2,282.1
98.0,127.7,249.0,250.8,428.5,235.7
129.1,107.8,223.0,212.8,332.4,237.5
138.9,124.2,254.3,244.9,389.2,265.5
173.2,176.5,354.5,347.3,568.1,357.0
140.8,130.0,264.8,256.1,410.0,274.0
132.0,121.5,247.5,239.3,382.9,256.4
133.8,123.9,252.2,244.1,391.0,260.8
158.5,156.8,316.3,308.8,502.0,321.1
147.4,142.0,287.4,279.6,451.9,293.9
128.4,119.8,243.7,236.1,379.0,251.4
72.4,90.3,176.9,177.3,300.9,169.2
109.9,146.8,285.5,288.2,494.4,268.7
86.6,115.7,225.1,227.2,389.7,211.8
56.6,75.7,147.1,148.5,254.8,138.4
77.2,103.2,200.6,202.5,347.4,188.8
116.5,155.7,302.7,305.6,524.1,284.8
69.8,93.2,181.3,183.0,313.9,170.6
65.2,87.1,169.4,171.0,293.4,159.4
88.7,118.6,230.6,232.8,399.4,217.0
98.6,131.8,256.4,258.8,443.9,241.2
116.6,117.1,235.6,230.5,375.8,238.3
145.0,129.2,264.5,254.6,404.2,276.5
136.1,127.0,258.2,250.2,401.4,266.4
188.9,194.3,389.9,382.4,626.7,391.7
294.2,338.2,599.1,597.2,806.5,591.6
0.0,0.0,0.0,0.0,0.0,0.0
0.0,0.0,0.0,0.0,0.0,0.0
0.0,0.0,0.0,0.0,0.0,0.0
0.0,0.0,0.0,0.0,0.0,0.0
0.0,0.0,0.0,0.0,0.0,0.0
0.0,0.0,0.0,0.0,0.0,0.0
0.0,0.0,0.0,0.0,0.0,0.0
0.0,0.0,0.0,0.0,0.0,0.0
0.0,0.0,0.0,0.0,0.0,0.0
0.0,0.0,0.0,0.0,0.0,0.0
0.0,0.0,0.0,0.0,0.0,0.0
0.0,0.0,0.0,0.0,0.0,0.0
0.0,0.0,0.0,0.0,0.0,0.0
0.0,0.0,0.0,0.0,0.0,0.0
0.0,0.0,0.0,0.0,0.0,0.0
130.8,110.1,150.4,150.0,192.2,150.9
121.8,104.6,154.3,153.4,194.8,155.5
147.4,147.4,147.4,147.4,147.4,147.4
147.4,142.5,148.4,148.3,149.5,148.4
118.1,102.9,211.5,203.0,320.5,222.5
135.5,126.2,256.7,248.6,398.7,265.0
159.1,160.9,323.6,316.8,517.4,326.6
138.3,129.8,263.8,255.8,411.1,271.7
90.9,105.3,208.2,207.1,347.0,202.8
66.8,89.3,173.6,175.2,300.6,163.3
100.2,134.0,260.5,263.0,451.1,245.1
88.7,118.5,230.5,232.7,399.1,216.9
68.7,91.8,178.4,180.1,309.0,167.9
65.5,87.6,170.3,171.9,294.9,160.2
109.4,146.2,284.2,287.0,492.2,267.5
85.8,114.6,222.9,225.0,386.0,209.7
57.3,76.6,149.0,150.4,258.0,140.2
74.1,99.0,192.6,194.4,333.5,181.2
142.5,171.0,336.5,336.0,566.6,324.9
137.9,119.7,246.1,236.0,372.3,259.1
122.2,105.1,216.4,207.3,326.4,228.5
155.3,149.4,302.5,294.2,475.4,309.5
155.5,152.9,308.6,301.0,488.6,313.8
133.6,123.6,251.7,243.5,390.0,260.3
140.7,133.1,270.1,262.1,422.0,578.1
134.0,127.3,258.3,911.9,404.2,1116.0
247.2,569.2,546.9,1231.2,901.3,1365.6
91.9,389.6,292.6,910.6,363.7,904.9
359.1,393.0,722.8,418.1,263.7,744.7
402.9,448.3,803.0,234.7,402.6,983.4
434.8,553.8,881.9,312.2,535.5,1298.8
178.4,523.3,700.6,152.7,261.9,1107.2
58.9,940.0,153.0,154.4,264.9,1164.3
330.4,1038.7,828.2,290.1,633.4,1336.0
209.3,1405.4,564.2,0.0,1014.3,649.8
235.4,1345.0,568.4,576.6,1975.8,0.0
245.9,0.0,216.3,549.1,2021.1,0.0
334.0,16.1,38.7,649.9,2024.5,51.6
349.3,27.8,66.8,700.9,64.6,89.1
328.2,26.4,634.5,827.6,61.2,84.4
350.4,26.4,607.2,793.9,61.2,84.4
370.7,24.9,671.6,745.0,57.8,79.7
325.5,24.9,698.9,803.1,57.8,79.7
59.8,24.9,827.3,865.6,57.8,79.7
265.4,299.7,1328.3,1286.4,983.0,582.5
256.0,290.4,1263.9,570.8,1942.2,563.4
219.3,194.4,1132.9,475.7,1576.5,381.8
411.5,126.3,1053.8,945.3,1484.8,231.1
404.3,116.7,917.5,926.4,1499.6,213.5
444.1,673.7,327.4,1030.5,2280.6,308.1
498.6,450.8,502.7,1178.9,2141.9,668.6
164.9,220.4,428.5,432.6,1934.4,717.8
164.9,220.5,428.7,863.1,2034.4,690.9
174.1,232.7,452.5,1149.0,2183.0,425.8
463.3,224.4,436.4,1073.1,1951.5,410.6
643.1,210.3,408.9,412.8,2037.6,384.8
445.9,181.3,352.4,355.8,2796.5,331.6
247.0,265.5,529.6,522.2,2259.6,525.9
249.5,275.3,547.3,541.3,899.3,539.8
196.9,205.0,410.6,403.4,662.6,411.2
194.7,205.2,410.4,403.7,664.9,409.6
665.2,572.7,881.0,881.0,1008.1,992.1
544.6,252.4,502.2,496.4,823.8,1683.9
483.0,206.2,412.4,1180.9,668.3,1170.3
59.8,337.9,59.8,1324.4,57.8,79.7
59.8,528.3,411.9,863.9,57.8,79.7
38.7,871.0,605.0,32.2,37.4,51.6
133.6,827.8,864.7,350.5,1227.1,326.7
125.9,237.1,225.2,225.3,283.3,224.3
0.0,0.0,0.0,0.0,0.0,0.0
0.0,0.0,0.0,0.0,0.0,0.0
0.0,0.0,0.0,0.0,0.0,0.0
0.0,0.0,0.0,0.0,0.0,0.0
0.0,0.0,0.0,0.0,0.0,0.0
0.0,0.0,0.0,0.0,0.0,0.0
0.0,0.0,0.0,0.0,0.0,0.0
0.0,0.0,0.0,0.0,0.0,0.0
0.0,0.0,0.0,0.0,0.0,0.0
0.0,0.0,0.0,0.0,0.0,0.0
0.0,0.0,0.0,0.0,0.0,0.0
0.0,0.0,0.0,0.0,0.0,0.0
0.0,0.0,0.0,0.0,0.0,0.0
0.0,0.0,0.0,0.0,0.0,0.0
0.0,0.0,0.0,0.0,0.0,0.0
0.0,0.0,0.0,0.0,0.0,0.0
0.0,0.0,0.0,0.0,0.0,0.0
0.0,0.0,0.0,0.0,0.0,0.0
0.0,0.0,0.0,0.0,0.0,0.0
0.0,0.0,0.0,0.0,0.0,0.0
0.0,0.0,0.0,0.0,0.0,0.0
0.0,0.0,0.0,0.0,0.0,0.0
0.0,0.0,0.0,0.0,0.0,0.0
0.0,0.0,0.0,0.0,0.0,0.0
0.0,0.0,0.0,0.0,0.0,0.0
0.0,0.0,0.0,0.0,0.0,0.0
0.0,0.0,0.0,0.0,0.0,0.0
112.2,130.6,155.8,155.7,170.1,155.2
146.6,146.6,146.6,146.6,146.6,146.6
117.9,99.3,159.7,157.6,182.5,162.5
146.6,146.6,146.6,146.6,146.6,146.6
272.1,272.1,272.1,272.1,272.1,272.1
209.2,224.6,306.0,311.5,293.1,288.0
190.8,203.2,316.5,324.1,297.1,300.8
233.1,256.6,287.4,289.7,283.0,282.5
132.0,397.8,493.3,520.7,395.3,436.8
145.6,435.2,465.4,482.6,417.3,429.8
48.8,494.8,563.1,637.1,219.6,412.6
48.1,493.6,566.0,640.8,216.6,410.8
94.2,593.2,716.9,805.2,424.1,535.1
89.2,592.3,730.7,832.0,401.3,523.3
47.8,548.4,669.2,791.5,214.9,417.3
67.2,581.9,717.6,839.9,302.3,467.1
75.7,589.5,737.6,859.7,898.7,486.8
87.3,597.5,492.0,553.1,1395.9,514.0
64.0,570.1,166.3,167.9,1275.9,303.8
61.8,562.1,155.1,155.9,1253.8,147.3
317.3,607.1,258.9,249.0,1382.5,271.2
478.4,394.7,321.9,313.2,1479.1,329.1
431.2,108.7,222.6,214.2,1308.9,232.9
418.9,89.1,185.3,175.9,1256.5,199.2
448.8,132.3,268.5,260.6,1395.9,276.1
469.1,165.6,333.4,326.1,1493.2,337.2
408.6,89.6,184.9,176.8,1246.3,196.1
416.5,90.6,187.6,178.9,1244.4,200.0
455.3,152.1,305.7,299.3,1450.5,308.3
386.9,115.5,224.6,226.8,860.3,211.4
349.7,62.6,121.8,123.0,210.9,114.6
375.9,99.2,192.9,194.7,334.0,181.5
376.2,101.3,196.9,198.8,340.9,185.3
231.1,112.0,217.8,219.8,377.1,204.9
73.9,98.8,192.2,194.0,332.8,180.8
55.5,74.2,144.3,145.6,249.8,135.7
78.6,105.0,204.2,206.1,353.6,192.1
98.1,131.1,254.9,257.4,441.4,239.9
72.1,96.4,187.4,189.2,324.6,176.4
118.6,106.8,218.4,210.6,335.2,227.6
201.6,208.0,417.1,409.3,671.2,418.7
190.5,196.5,394.0,386.6,633.9,395.6
118.6,103.6,212.8,204.3,322.7,223.7
120.3,102.6,211.4,202.3,317.7,223.8
223.1,243.2,484.1,478.2,792.6,479.0
168.6,170.4,342.6,335.3,547.5,345.8
123.8,113.7,231.8,224.1,358.4,240.2
145.2,139.0,281.7,273.8,442.0,288.5
143.3,152.7,1154.3,505.3,495.9,712.4
94.7,126.5,951.5,914.6,426.1,636.9
239.2,92.7,1488.0,840.3,312.0,468.8
211.9,94.6,1912.1,771.6,318.6,439.5
348.6,116.3,1634.2,228.3,391.7,212.8
305.8,136.7,1959.8,268.3,460.3,250.1
91.0,383.5,1542.3,204.5,350.8,2101.5
397.2,1009.5,1662.4,206.6,354.3,1779.8
833.3,833.3,833.3,833.3,833.3,833.3
476.2,840.2,946.2,875.9,852.1,1009.4
772.8,851.3,918.4,829.2,848.7,779.6
377.3,768.7,1025.4,58.6,1008.3,512.4
489.0,816.0,63.3,52.7,3162.5,188.2
833.3,833.3,833.3,833.3,833.3,833.3
833.3,833.3,833.3,833.3,833.3,833.3
865.8,605.1,850.5,843.8,970.9,863.9
944.7,200.7,928.4,401.5,1882.4,642.3
457.1,29.3,638.8,58.6,3123.6,93.8
407.9,29.3,254.9,58.6,1012.5,427.0
0.0,0.0,0.0,0.0,0.0,0.0
0.0,0.0,0.0,0.0,0.0,0.0
0.0,0.0,0.0,0.0,0.0,0.0
0.0,0.0,0.0,0.0,0.0,0.0
0.0,0.0,0.0,0.0,0.0,0.0
0.0,0.0,0.0,0.0,0.0,0.0
0.0,0.0,0.0,0.0,0.0,0.0
0.0,0.0,0.0,0.0,0.0,0.0
0.0,0.0,0.0,0.0,0.0,0.0
0.0,0.0,0.0,0.0,0.0,0.0
0.0,0.0,0.0,0.0,0.0,0.0
0.0,0.0,0.0,0.0,0.0,0.0
0.0,0.0,0.0,0.0,0.0,0.0
0.0,0.0,0.0,0.0,0.0,0.0
0.0,0.0,0.0,0.0,0.0,0.0
0.0,0.0,0.0,0.0,0.0,0.0
0.0,0.0,0.0,0.0,0.0,0.0
0.0,0.0,0.0,0.0,0.0,0.0
0.0,0.0,0.0,0.0,0.0,0.0
0.0,0.0,0.0,0.0,0.0,0.0
0.0,0.0,0.0,0.0,0.0,0.0
0.0,0.0,0.0,0.0,0.0,0.0
0.0,0.0,0.0,0.0,0.0,0.0
0.0,0.0,0.0,0.0,0.0,0.0
0.0,0.0,0.0,0.0,0.0,0.0
0.0,0.0,0.0,0.0,0.0,0.0
0.0,0.0,0.0,0.0,0.0,0.0
0.0,0.0,0.0,0.0,0.0,0.0
0.0,0.0,0.0,0.0,0.0,0.0
104.0,129.3,158.1,158.2,176.4,157.0
73.4,91.7,164.0,164.3,229.6,160.0
52.4,151.6,130.5,131.1,223.3,124.2
157.7,157.7,157.7,157.7,157.7,157.7
273.1,273.1,273.1,273.1,273.1,273.1
211.4,290.8,280.7,280.5,292.6,282.4
273.1,273.1,273.1,273.1,273.1,273.1
273.1,273.1,273.1,273.1,273.1,273.1
159.3,646.8,312.9,304.8,493.5,628.0
113.8,581.7,200.2,191.6,300.9,519.4
114.0,578.2,200.8,192.1,301.9,522.3
179.4,669.3,370.6,363.6,596.0,679.7
128.4,601.2,238.2,230.0,366.8,550.4
67.2,97.6,152.0,267.7,252.5,449.1
86.8,116.0,225.5,912.0,390.4,515.0
90.9,121.5,236.2,920.2,409.0,525.1
113.6,81.0,157.4,838.1,272.6,161.1
388.0,102.8,199.9,878.4,346.1,188.1
380.4,94.3,183.3,866.8,317.4,172.5
401.3,123.8,336.1,919.5,416.7,226.4
381.6,99.0,752.5,860.7,333.5,181.2
364.0,72.4,698.5,803.1,243.6,132.4
385.4,104.0,758.0,870.5,520.0,190.4
463.5,162.9,881.1,986.9,1519.5,330.2
427.8,108.7,781.9,243.0,1328.6,237.1
419.0,97.0,754.3,191.5,1287.0,213.7
464.6,158.0,864.3,311.1,1488.5,325.2
164.0,146.9,837.8,289.3,1460.2,302.9
113.4,96.6,744.3,190.5,1283.3,210.9
120.7,106.4,763.3,209.7,1301.2,228.8
146.9,164.0,348.9,322.5,1498.4,320.1
70.4,94.1,183.0,184.8,1286.0,172.2
54.6,73.0,142.0,143.3,1214.9,133.6
84.2,112.6,218.9,221.0,420.5,206.0
94.1,125.8,244.6,247.0,423.6,230.2
60.8,81.3,158.0,159.5,273.6,148.7
76.7,102.5,199.3,201.2,345.1,187.5
71.9,96.1,186.9,188.7,323.6,175.8
92.8,124.0,241.2,243.5,417.7,227.0
74.3,99.3,193.2,195.0,334.5,181.8
95.7,92.3,186.8,181.8,293.9,191.0
152.2,138.8,283.2,273.5,436.6,294.1
159.4,154.8,313.1,304.9,493.7,319.4
126.0,110.2,226.3,217.3,343.4,237.8
116.9,98.1,202.7,193.5,302.6,215.6
158.7,157.1,316.9,309.3,502.9,321.6
151.2,147.1,297.4,289.7,469.3,303.3
110.1,95.4,196.1,188.1,296.5,206.6
58.0,835.5,150.8,152.3,857.0,141.9
409.8,642.9,322.6,325.6,1578.5,303.5
388.0,583.6,178.0,179.7,2166.0,669.5
471.8,570.8,134.7,136.0,3190.0,712.4
199.5,718.4,383.5,372.3,2732.6,701.5
306.6,792.7,1320.0,558.9,2398.5,1682.6
386.7,707.8,1334.7,507.3,958.8,2548.9
431.9,204.6,1428.1,2280.1,4539.6,3114.0
904.6,194.5,316.9,1194.8,1972.4,416.9
954.3,178.2,336.4,1448.7,1652.9,429.5
893.3,420.3,840.3,1182.9,1070.9,592.3
722.5,648.1,792.9,1028.8,1007.3,800.5
491.9,29.3,401.9,1231.9,1101.3,1743.7
611.2,411.2,690.3,150.9,1255.9,1880.6
586.6,839.1,925.5,848.7,898.0,902.2
554.9,852.6,914.7,896.3,907.1,874.3
66.8,27.8,3101.7,55.7,64.6,1120.0
421.5,421.5,421.5,421.5,421.5,421.5
0.0,0.0,0.0,0.0,0.0,0.0
0.0,0.0,0.0,0.0,0.0,0.0
0.0,0.0,0.0,0.0,0.0,0.0
0.0,0.0,0.0,0.0,0.0,0.0
0.0,0.0,0.0,0.0,0.0,0.0
0.0,0.0,0.0,0.0,0.0,0.0
0.0,0.0,0.0,0.0,0.0,0.0
0.0,0.0,0.0,0.0,0.0,0.0
0.0,0.0,0.0,0.0,0.0,0.0
0.0,0.0,0.0,0.0,0.0,0.0
0.0,0.0,0.0,0.0,0.0,0.0
0.0,0.0,0.0,0.0,0.0,0.0
0.0,0.0,0.0,0.0,0.0,0.0
0.0,0.0,0.0,0.0,0.0,0.0
0.0,0.0,0.0,0.0,0.0,0.0
0.0,0.0,0.0,0.0,0.0,0.0
0.0,0.0,0.0,0.0,0.0,0.0
0.0,0.0,0.0,0.0,0.0,0.0
0.0,0.0,0.0,0.0,0.0,0.0
0.0,0.0,0.0,0.0,0.0,0.0
0.0,0.0,0.0,0.0,0.0,0.0
0.0,0.0,0.0,0.0,0.0,0.0
0.0,0.0,0.0,0.0,0.0,0.0
0.0,0.0,0.0,0.0,0.0,0.0
0.0,0.0,0.0,0.0,0.0,0.0
0.0,0.0,0.0,0.0,0.0,0.0
0.0,0.0,0.0,0.0,0.0,0.0
0.0,0.0,0.0,0.0,0.0,0.0
0.0,0.0,0.0,0.0,0.0,0.0
0.0,0.0,0.0,0.0,0.0,0.0
0.0,0.0,0.0,0.0,0.0,0.0
0.0,0.0,0.0,0.0,0.0,0.0
0.0,0.0,0.0,0.0,0.0,0.0
0.0,0.0,0.0,0.0,0.0,0.0
226.8,804.7,589.5,595.1,1020.8,657.2
475.3,817.8,684.2,630.0,921.1,1088.9
1738.9,1328.2,1932.9,1666.3,2109.6,2763.3
1414.8,1164.9,1563.0,1570.4,1695.1,2302.9
1321.3,1100.6,1415.5,1888.4,1485.5,2139.6
1351.3,1136.8,1493.3,1966.9,1620.2,2208.0
396.1,756.2,752.8,1212.5,763.5,954.3
116.8,588.1,760.2,880.2,630.1,525.2
138.8,609.7,800.5,908.6,1355.5,564.9
191.8,682.4,944.6,1045.0,1593.9,694.5
123.6,599.0,782.1,892.7,1335.5,538.2
234.2,611.2,800.2,915.1,1380.6,563.1
473.5,648.2,881.0,998.8,1509.1,642.3
446.9,605.1,818.4,926.5,1385.8,576.1
429.7,580.6,765.7,880.8,1316.0,528.0
433.6,600.8,795.8,915.6,1368.5,548.6
397.5,278.7,785.4,912.7,1389.2,518.2
367.9,82.3,713.6,835.5,1257.4,448.7
380.0,93.8,738.0,850.3,1299.8,472.0
389.6,109.7,766.9,871.2,1357.3,299.7
385.1,103.6,752.9,859.2,1333.0,189.6
379.2,97.3,734.3,852.0,1307.9,178.0
370.5,84.1,700.2,382.9,1252.3,153.9
404.6,128.2,785.8,251.6,1385.5,234.5
381.5,98.8,733.0,194.0,1286.7,180.8
388.7,84.2,347.1,165.6,1232.6,170.0
460.1,145.5,296.2,286.7,775.9,306.3
689.3,464.6,915.5,913.0,1536.8,886.2
585.4,325.7,645.4,640.4,1069.1,632.1
464.9,164.8,331.9,324.5,528.9,335.7
608.4,321.8,699.7,637.6,913.1,811.6
182.0,120.4,259.4,238.4,347.0,296.6
177.8,130.9,276.5,258.7,390.0,305.7
171.9,171.5,345.5,337.7,549.9,350.0
71.6,92.4,180.4,181.5,309.7,171.1
59.4,79.4,154.4,155.9,267.4,145.3
92.0,123.0,239.2,241.5,414.2,225.1
88.0,117.7,228.8,230.9,396.1,215.3
57.2,76.4,148.6,150.0,257.2,139.8
76.0,101.6,197.6,199.5,342.2,185.9
96.3,128.7,250.2,252.6,433.3,235.4
62.5,83.5,162.4,164.0,281.3,152.8
94.8,113.8,224.0,223.6,377.1,216.3
151.9,135.1,276.7,266.4,422.7,289.4
167.4,162.3,328.2,319.5,517.2,335.0
166.1,163.7,330.4,322.4,523.7,335.7
157.8,152.7,308.9,1077.9,486.5,315.5
182.3,296.1,499.1,1378.6,609.2,379.3
216.9,723.8,1016.1,2242.0,752.4,460.0
1947.8,1425.2,2519.1,3530.8,2378.6,2533.3
1985.6,1436.4,2543.4,3404.1,2399.0,2566.2
1420.7,1080.2,1970.0,3554.6,1373.3,1894.2
835.1,815.9,836.2,841.1,835.0,836.7
875.0,543.6,869.8,941.9,866.4,903.4
835.6,816.5,835.7,837.9,837.6,836.6
950.5,455.7,868.8,844.0,863.8,1017.2
828.6,60.1,144.2,120.1,139.4,1131.2
930.0,347.3,833.3,834.3,805.6,1249.4
879.7,526.0,894.6,867.6,848.1,984.0
869.7,376.6,927.0,949.7,834.9,1042.1
867.0,83.5,1390.9,1115.8,193.8,1349.1
667.5,4.4,1262.4,1561.8,10.2,1493.7
693.1,2.9,1239.1,1226.5,6.8,1831.6
587.4,723.2,953.9,891.5,967.7,876.2
556.7,851.0,879.4,891.1,981.2,840.5
467.3,847.1,927.8,381.2,1533.7,842.8
485.6,850.5,945.5,391.5,1460.9,865.9
765.1,908.5,878.8,434.2,1118.2,895.2
800.4,1024.2,330.0,320.7,1653.3,871.3
465.5,1525.6,307.4,297.9,2086.7,316.8
213.2,1466.8,441.6,433.5,2001.7,443.2
157.4,1404.9,296.7,287.1,2311.6,306.7
25.9,25.9,25.9,25.9,25.9,25.9
0.0,0.0,0.0,0.0,0.0,0.0
0.0,0.0,0.0,0.0,0.0,0.0
0.0,0.0,0.0,0.0,0.0,0.0
0.0,0.0,0.0,0.0,0.0,0.0
0.0,0.0,0.0,0.0,0.0,0.0
0.0,0.0,0.0,0.0,0.0,0.0
0.0,0.0,0.0,0.0,0.0,0.0
0.0,0.0,0.0,0.0,0.0,0.0
0.0,0.0,0.0,0.0,0.0,0.0
0.0,0.0,0.0,0.0,0.0,0.0
0.0,0.0,0.0,0.0,0.0,0.0
0.0,0.0,0.0,0.0,0.0,0.0
0.0,0.0,0.0,0.0,0.0,0.0
0.0,0.0,0.0,0.0,0.0,0.0
0.0,0.0,0.0,0.0,0.0,0.0
0.0,0.0,0.0,0.0,0.0,0.0
0.0,0.0,0.0,0.0,0.0,0.0
0.0,0.0,0.0,0.0,0.0,0.0
0.0,0.0,0.0,0.0,0.0,0.0
0.0,0.0,0.0,0.0,0.0,0.0
0.0,0.0,0.0,0.0,0.0,0.0
0.0,0.0,0.0,0.0,0.0,0.0
0.0,0.0,0.0,0.0,0.0,0.0
646.7,1365.4,1438.7,1599.5,1725.3,1415.6
147.9,567.2,384.3,1062.0,665.5,361.6
95.8,128.1,249.1,930.6,431.3,234.4
63.1,84.3,164.0,837.0,284.0,154.3
96.2,128.5,249.9,916.0,432.8,235.2
162.6,217.4,422.6,1082.5,731.9,397.7
120.8,109.7,224.0,874.7,344.8,350.7
171.2,167.4,338.2,1247.3,534.5,344.4
207.1,218.6,437.0,1783.3,708.4,436.1
159.3,157.9,318.4,1480.1,505.7,899.3
170.6,173.0,347.7,1004.2,556.4,882.1
280.5,320.0,633.6,1290.1,1051.4,924.8
171.5,174.3,350.2,1009.2,560.6,659.3
146.4,166.6,329.9,993.7,547.1,629.2
236.8,649.6,463.7,1117.6,730.3,782.3
1083.3,1142.6,1922.0,1978.5,1855.5,2003.9
163.0,615.7,807.2,570.4,385.8,590.9
83.4,601.7,978.2,218.8,375.3,502.1
365.5,627.5,1382.6,269.5,1303.1,550.5
378.5,598.2,1169.9,204.7,1312.6,490.1
386.4,596.9,766.9,213.2,1342.3,500.4
396.3,602.8,783.0,235.9,1384.9,520.3
518.6,603.1,788.2,247.5,1405.0,532.4
756.0,606.0,794.5,250.4,1391.4,565.2
680.1,609.9,806.2,258.2,1388.6,580.7
470.0,649.4,875.0,328.3,1876.2,644.1
434.6,604.9,796.4,244.7,2347.5,566.2
440.3,616.2,811.8,263.0,2120.3,581.3
453.8,629.1,843.3,292.1,1429.4,452.4
448.2,625.5,826.3,277.6,1413.8,292.0
412.6,611.8,797.2,250.2,1379.2,246.9
378.3,587.0,744.4,201.2,1310.4,187.5
405.9,625.4,819.1,276.6,1435.9,257.8
393.6,353.2,780.9,238.0,1377.3,221.9
369.0,88.4,432.7,173.5,1266.7,161.7
406.4,138.4,269.1,271.7,1435.0,253.2
398.2,127.5,247.9,250.3,1398.4,233.3
217.4,96.9,188.4,190.2,790.1,177.3
88.0,117.7,228.8,230.9,396.1,215.3
107.2,143.2,278.5,281.2,482.3,262.1
138.8,130.6,265.2,257.2,413.6,273.0
140.7,123.4,253.3,243.4,384.9,266.0
175.6,176.5,355.3,347.5,566.8,359.1
153.0,146.3,296.5,288.2,465.0,303.8
1525.7,714.0,2214.1,1420.1,1879.3,1993.0
1860.5,784.9,2997.9,1922.8,3065.4,2237.2
1743.9,705.0,3444.3,2081.0,3884.2,2044.9
1693.1,726.2,3454.7,2118.4,5068.6,2025.5
922.9,256.4,1515.0,1194.6,3730.8,820.5
2322.5,839.6,2670.5,2355.7,3505.6,2686.6
570.1,108.4,1012.0,893.5,1910.9,347.0
458.8,60.1,144.2,801.9,2425.3,754.5
492.8,74.7,179.3,841.6,1153.7,1373.3
865.3,590.5,854.1,870.3,887.8,932.0
874.5,477.7,853.9,886.7,916.1,991.1
874.3,402.0,837.6,918.3,1003.8,964.0
914.7,196.0,382.5,1030.0,1520.3,956.5
1115.7,125.4,245.2,938.5,1426.1,940.9
1123.4,138.4,271.2,966.7,1464.6,259.3
727.4,216.1,424.8,1119.3,1719.8,409.4
430.1,203.5,420.3,472.9,569.4,424.1
0.0,0.0,0.0,0.0,0.0,0.0
0.0,0.0,0.0,0.0,0.0,0.0
0.0,0.0,0.0,0.0,0.0,0.0
0.0,0.0,0.0,0.0,0.0,0.0
0.0,0.0,0.0,0.0,0.0,0.0
0.0,0.0,0.0,0.0,0.0,0.0
0.0,0.0,0.0,0.0,0.0,0.0
0.0,0.0,0.0,0.0,0.0,0.0
0.0,0.0,0.0,0.0,0.0,0.0
0.0,0.0,0.0,0.0,0.0,0.0
0.0,0.0,0.0,0.0,0.0,0.0
0.0,0.0,0.0,0.0,0.0,0.0
0.0,0.0,0.0,0.0,0.0,0.0
0.0,0.0,0.0,0.0,0.0,0.0
0.0,0.0,0.0,0.0,0.0,0.0
0.0,0.0,0.0,0.0,0.0,0.0
0.0,0.0,0.0,0.0,0.0,0.0
0.0,0.0,0.0,0.0,0.0,0.0
0.0,0.0,0.0,0.0,0.0,0.0
0.0,0.0,0.0,0.0,0.0,0.0
0.0,0.0,0.0,0.0,0.0,0.0
0.0,0.0,0.0,0.0,0.0,0.0
0.0,0.0,0.0,0.0,0.0,0.0
0.0,0.0,0.0,0.0,0.0,0.0
0.0,0.0,0.0,0.0,0.0,0.0
0.0,0.0,0.0,0.0,0.0,0.0
0.0,0.0,0.0,0.0,0.0,0.0
0.0,0.0,0.0,0.0,0.0,0.0
0.0,0.0,0.0,0.0,0.0,0.0
0.0,0.0,0.0,0.0,0.0,0.0
0.0,0.0,0.0,0.0,0.0,0.0
0.0,0.0,0.0,0.0,0.0,0.0
0.0,0.0,0.0,0.0,0.0,0.0
0.0,0.0,0.0,0.0,0.0,0.0
0.0,0.0,0.0,0.0,0.0,0.0
122.9,109.3,223.9,215.5,342.0,234.2
157.0,148.4,301.3,292.4,470.6,309.7
149.6,141.7,287.5,279.1,449.4,295.3
119.2,104.4,214.3,205.8,325.4,225.1
150.3,151.0,295.1,287.4,465.3,301.2
159.2,876.8,326.3,310.6,521.7,322.8
174.0,662.6,1507.1,349.5,2901.4,359.0
494.4,641.5,2027.3,1259.5,3722.1,1185.7
75.5,101.0,196.3,198.2,339.9,184.7
86.7,115.9,225.3,227.5,390.2,212.0
66.1,88.3,171.7,173.4,297.4,245.2
113.7,152.0,295.5,298.3,511.7,585.6
162.7,217.4,422.8,426.8,732.1,719.0
157.3,210.2,559.4,412.7,707.8,3257.1
363.0,485.2,1497.1,952.5,1633.8,2633.8
111.8,149.5,835.8,293.4,771.1,273.5
130.7,174.7,850.9,343.0,1572.4,319.7
264.2,307.9,608.0,621.4,1015.2,591.4
414.1,489.9,965.3,3263.6,1620.4,934.5
382.0,144.8,293.5,1837.2,459.8,301.0
324.2,170.9,924.4,336.5,549.5,346.9
167.8,532.2,848.0,333.3,544.0,343.9
181.5,504.7,829.2,369.1,605.4,377.3
140.9,416.5,270.5,262.6,422.7,278.0
211.6,260.2,510.6,511.1,865.3,490.1
197.5,264.0,513.3,518.2,888.8,483.0
108.0,144.3,280.7,283.3,486.0,264.1
54.0,72.2,140.4,141.7,243.1,132.1
59.9,80.0,639.2,157.0,269.4,146.4
132.5,177.1,887.3,347.6,596.2,324.0
105.3,140.7,827.2,867.3,473.9,257.5
106.2,142.0,831.8,942.4,478.1,259.8
152.6,204.0,954.5,1077.0,686.8,373.2
120.7,161.3,865.2,995.9,543.2,295.2
161.4,167.2,888.7,1010.8,540.0,336.0
207.4,215.7,977.2,1098.5,697.2,701.5
199.2,208.1,961.7,1086.0,673.0,718.5
162.2,161.8,877.5,2146.1,518.8,637.8
188.8,624.0,949.4,2063.0,625.9,700.0
199.3,827.9,937.8,1996.1,685.7,2037.3
171.2,1158.0,349.5,1026.6,559.4,1800.3
547.7,1160.6,361.5,988.1,596.4,1682.4
842.5,1537.5,1142.0,1152.9,3806.3,1377.4
526.2,661.3,332.7,335.9,3626.0,615.9
413.0,631.5,750.4,273.7,1453.6,561.5
372.9,568.7,730.0,165.3,1271.4,465.1
419.0,635.1,856.9,295.5,1498.5,1123.4
490.0,734.1,1030.0,1259.1,3334.6,3071.4
505.8,769.1,1083.3,1904.0,6968.3,2237.2
207.8,277.8,701.4,2000.9,6611.3,3953.2
172.0,229.9,572.2,2242.8,6746.5,3243.3
233.9,255.4,1057.4,1182.8,5399.2,3281.5
210.6,220.1,869.0,1120.0,2041.9,538.4
251.0,869.1,863.2,1344.2,1125.3,547.2
290.7,845.3,785.6,1221.9,1071.6,784.9
293.1,977.6,59.8,2138.2,1136.9,394.3
56.3,517.4,56.3,2965.3,1016.3,388.5
59.8,518.9,1167.9,1524.4,189.8,388.4
10.5,147.7,1314.7,741.0,1234.4,322.8
0.0,0.0,0.0,0.0,0.0,0.0
0.0,0.0,0.0,0.0,0.0,0.0
0.0,0.0,0.0,0.0,0.0,0.0
0.0,0.0,0.0,0.0,0.0,0.0
0.0,0.0,0.0,0.0,0.0,0.0
0.0,0.0,0.0,0.0,0.0,0.0
0.0,0.0,0.0,0.0,0.0,0.0
0.0,0.0,0.0,0.0,0.0,0.0
0.0,0.0,0.0,0.0,0.0,0.0
0.0,0.0,0.0,0.0,0.0,0.0
0.0,0.0,0.0,0.0,0.0,0.0
0.0,0.0,0.0,0.0,0.0,0.0
0.0,0.0,0.0,0.0,0.0,0.0
0.0,0.0,0.0,0.0,0.0,0.0
0.0,0.0,0.0,0.0,0.0,0.0
0.0,0.0,0.0,0.0,0.0,0.0
0.0,0.0,0.0,0.0,0.0,0.0
0.0,0.0,0.0,0.0,0.0,0.0
0.0,0.0,0.0,0.0,0.0,0.0
0.0,0.0,0.0,0.0,0.0,0.0
0.0,0.0,0.0,0.0,0.0,0.0
0.0,0.0,0.0,0.0,0.0,0.0
0.0,0.0,0.0,0.0,0.0,0.0
0.0,0.0,0.0,0.0,0.0,0.0
0.0,0.0,0.0,0.0,0.0,0.0
0.0,0.0,0.0,0.0,0.0,0.0
0.0,0.0,0.0,0.0,0.0,0.0
0.0,0.0,0.0,0.0,0.0,0.0
0.0,0.0,0.0,0.0,0.0,0.0
0.0,0.0,0.0,0.0,0.0,0.0
0.0,0.0,0.0,0.0,0.0,0.0
0.0,0.0,0.0,0.0,0.0,0.0
0.0,0.0,0.0,0.0,0.0,0.0
0.0,0.0,0.0,0.0,0.0,0.0
0.0,0.0,0.0,0.0,0.0,0.0
0.0,0.0,0.0,0.0,0.0,0.0
0.0,0.0,0.0,0.0,0.0,0.0
405.8,126.6,246.2,248.6,426.3,231.7
367.9,74.3,144.6,145.9,250.3,136.0
387.3,103.5,201.2,203.1,348.4,189.3
420.5,144.7,281.4,284.1,487.2,264.8
416.8,96.0,196.6,189.2,300.1,205.7
433.5,110.0,226.7,217.1,341.4,239.5
472.4,174.8,351.2,344.0,739.6,353.9
283.3,193.4,215.1,328.4,1333.4,225.8
116.9,601.4,202.6,885.5,1286.5,270.8
165.0,660.9,338.9,1008.9,1543.1,655.6
131.0,626.2,256.2,936.3,1398.8,569.3
53.0,568.6,137.8,823.5,1237.9,442.0
84.0,611.9,218.3,907.4,1369.8,516.5
98.9,628.0,256.9,941.2,1444.1,554.0
65.4,587.0,169.9,858.5,1282.1,469.7
94.1,619.8,244.6,926.2,1400.2,542.5
111.6,637.5,290.1,964.3,1463.9,581.7
74.4,580.2,193.3,856.2,858.9,487.1
85.4,376.2,321.6,584.4,384.3,509.3
103.1,137.8,834.3,270.5,464.0,415.9
140.2,142.1,839.3,279.8,457.1,288.2
363.0,263.1,1086.9,517.5,855.1,521.5
361.5,159.1,880.7,313.2,509.6,325.2
270.2,165.1,895.2,325.1,528.4,338.3
357.1,124.9,812.1,246.1,394.5,262.7
214.3,146.5,858.3,1466.1,467.3,302.2
169.7,172.9,902.5,2353.5,557.5,348.4
83.3,108.1,760.2,1243.3,362.4,1524.6
95.3,127.4,788.6,2475.1,429.1,2498.1
129.1,172.5,630.3,973.5,580.8,1475.6
131.6,176.0,342.2,361.7,592.5,2825.0
130.3,174.1,338.6,341.8,586.3,1032.9
113.5,519.8,295.1,297.9,511.0,296.0
188.7,868.4,467.9,469.9,799.4,445.8
250.3,572.6,504.2,492.9,803.2,510.3
224.5,917.7,448.4,437.8,711.9,455.1
249.7,457.8,519.7,510.4,838.0,520.7
248.8,266.4,522.9,514.2,846.3,522.4
288.0,326.8,647.4,642.4,1072.6,634.0
221.8,241.5,480.9,474.9,786.9,475.9
232.0,258.3,1101.7,507.9,845.2,504.7
217.8,236.2,1477.2,464.5,1961.4,466.2
203.5,220.3,954.6,433.3,2755.6,435.2
196.4,243.1,1589.2,477.6,1853.4,456.9
174.4,233.2,1574.4,457.7,3592.1,426.6
141.8,189.6,1626.5,372.1,2257.7,1629.1
171.6,642.7,1793.0,3571.9,1773.1,1263.2
702.7,881.2,2146.8,3695.5,1798.4,957.9
490.7,887.5,2261.2,2361.5,1659.1,356.5
619.5,1248.2,4311.8,3937.1,2827.4,993.4
373.6,1654.3,3291.7,1839.5,1905.0,490.1
590.1,1498.5,3511.6,1409.6,2164.8,657.7
638.6,851.9,921.6,885.0,971.4,731.5
577.8,859.4,979.5,963.0,1038.6,581.8
563.2,873.0,1011.0,992.6,1016.0,544.3
372.0,837.6,1615.1,1201.6,893.8,79.7
373.2,852.1,1543.3,1245.2,906.5,79.7
374.4,836.7,1069.0,1515.5,951.5,252.9
539.5,807.6,868.5,928.9,857.5,928.6
0.0,0.0,0.0,0.0,0.0,0.0
0.0,0.0,0.0,0.0,0.0,0.0
0.0,0.0,0.0,0.0,0.0,0.0
0.0,0.0,0.0,0.0,0.0,0.0
0.0,0.0,0.0,0.0,0.0,0.0
0.0,0.0,0.0,0.0,0.0,0.0
0.0,0.0,0.0,0.0,0.0,0.0
0.0,0.0,0.0,0.0,0.0,0.0
0.0,0.0,0.0,0.0,0.0,0.0
0.0,0.0,0.0,0.0,0.0,0.0
0.0,0.0,0.0,0.0,0.0,0.0
0.0,0.0,0.0,0.0,0.0,0.0
0.0,0.0,0.0,0.0,0.0,0.0
0.0,0.0,0.0,0.0,0.0,0.0
0.0,0.0,0.0,0.0,0.0,0.0
0.0,0.0,0.0,0.0,0.0,0.0
0.0,0.0,0.0,0.0,0.0,0.0
0.0,0.0,0.0,0.0,0.0,0.0
0.0,0.0,0.0,0.0,0.0,0.0
0.0,0.0,0.0,0.0,0.0,0.0
0.0,0.0,0.0,0.0,0.0,0.0
0.0,0.0,0.0,0.0,0.0,0.0
0.0,0.0,0.0,0.0,0.0,0.0
0.0,0.0,0.0,0.0,0.0,0.0
0.0,0.0,0.0,0.0,0.0,0.0
0.0,0.0,0.0,0.0,0.0,0.0
0.0,0.0,0.0,0.0,0.0,0.0
0.0,0.0,0.0,0.0,0.0,0.0
0.0,0.0,0.0,0.0,0.0,0.0
0.0,0.0,0.0,0.0,0.0,0.0
0.0,0.0,0.0,0.0,0.0,0.0
0.0,0.0,0.0,0.0,0.0,0.0
0.0,0.0,0.0,0.0,0.0,0.0
271.2,405.1,369.0,383.5,399.5,378.5
184.5,427.0,375.5,422.3,424.1,373.6
214.8,418.5,378.5,417.0,401.5,376.7
159.3,433.5,373.6,458.6,411.4,370.5
166.4,222.4,432.4,1120.9,748.7,558.8
225.2,301.0,585.4,1272.7,1013.6,856.0
163.9,219.1,425.9,1031.4,737.6,658.8
343.8,227.2,721.5,446.6,751.3,433.8
589.2,558.2,1175.1,619.4,1029.9,616.4
499.5,752.9,990.9,520.3,863.1,520.2
217.0,647.9,468.3,462.2,765.1,464.1
255.5,286.5,568.5,563.4,938.7,558.4
253.1,283.3,562.2,557.0,927.8,552.5
215.2,232.7,463.8,457.7,757.5,459.9
193.0,251.5,490.3,493.7,843.6,735.1
267.1,357.1,694.3,1035.3,1202.3,959.7
272.5,364.3,1196.2,1386.5,1713.0,975.2
201.9,269.9,1076.2,1097.5,1885.3,801.3
326.2,436.0,1403.6,855.9,1468.2,1108.9
463.2,256.8,1053.0,504.2,2557.9,779.8
405.8,132.9,818.5,261.0,1428.0,516.6
386.6,104.0,760.1,204.2,1338.3,190.4
416.0,578.6,774.0,284.6,1472.4,265.3
464.8,643.9,309.5,302.5,1488.3,313.3
443.7,611.3,240.8,231.3,1357.6,252.8
432.1,649.3,317.0,309.5,1378.0,321.7
165.8,664.4,335.4,328.1,535.1,339.1
132.3,617.7,248.2,240.1,384.1,257.0
142.7,573.1,275.3,267.3,430.9,282.5
176.6,181.1,363.5,356.4,583.7,365.5
86.5,105.9,207.9,208.0,351.9,199.7
64.7,86.5,168.1,169.7,291.2,158.2
199.0,266.0,517.3,522.2,895.8,486.8
137.0,183.2,356.2,359.6,616.7,335.1
113.4,151.6,294.7,297.5,510.3,277.3
143.1,191.3,372.0,375.6,644.2,350.1
149.1,199.3,387.6,391.3,671.2,364.7
123.4,165.0,320.8,323.9,555.6,301.9
127.4,170.2,331.0,334.2,573.2,311.5
230.8,256.7,509.8,504.7,839.7,501.8
184.9,185.7,373.8,365.6,596.2,377.9
127.8,112.6,231.0,222.1,351.6,242.2
169.6,171.7,345.2,337.9,552.0,348.2
167.1,168.3,338.6,331.3,540.6,342.1
140.1,132.3,268.5,260.6,419.3,276.1
178.7,183.8,368.8,361.7,592.8,370.4
138.4,162.4,320.4,319.2,536.1,311.2
71.3,95.3,185.3,187.1,320.9,174.4
187.0,250.0,486.1,490.8,841.8,457.4
347.5,464.5,903.2,911.8,1564.0,849.9
170.3,227.7,442.7,446.9,766.5,416.5
182.9,244.5,475.4,479.9,823.2,621.7
190.0,254.0,493.9,498.6,855.2,773.4
180.1,529.1,468.0,472.4,810.4,674.8
158.2,701.7,411.2,415.1,712.1,386.9
244.5,601.8,579.2,578.5,976.1,558.8
392.8,463.5,875.8,1206.0,1200.8,861.2
262.9,293.2,582.2,1877.1,959.7,572.6
235.3,256.3,510.4,2658.0,834.9,505.1
245.3,272.9,1018.2,2064.1,866.2,533.4
242.4,269.0,1398.4,1152.4,1411.4,526.4
59.8,24.9,1722.6,49.8,1038.2,260.0
464.0,20.5,1687.3,41.0,662.2,372.0
658.2,279.0,1193.7,0.0,0.0,192.1
1054.6,494.0,345.7,0.0,0.0,0.0
505.4,375.2,0.0,0.0,558.1,0.0
449.2,270.1,525.2,530.2,1601.4,494.2
0.0,0.0,0.0,0.0,0.0,0.0
0.0,0.0,0.0,0.0,0.0,0.0
0.0,0.0,0.0,0.0,0.0,0.0
0.0,0.0,0.0,0.0,0.0,0.0
0.0,0.0,0.0,0.0,0.0,0.0
0.0,0.0,0.0,0.0,0.0,0.0
0.0,0.0,0.0,0.0,0.0,0.0
0.0,0.0,0.0,0.0,0.0,0.0
0.0,0.0,0.0,0.0,0.0,0.0
0.0,0.0,0.0,0.0,0.0,0.0
0.0,0.0,0.0,0.0,0.0,0.0
0.0,0.0,0.0,0.0,0.0,0.0
0.0,0.0,0.0,0.0,0.0,0.0
0.0,0.0,0.0,0.0,0.0,0.0
0.0,0.0,0.0,0.0,0.0,0.0
0.0,0.0,0.0,0.0,0.0,0.0
0.0,0.0,0.0,0.0,0.0,0.0
0.0,0.0,0.0,0.0,0.0,0.0
0.0,0.0,0.0,0.0,0.0,0.0
0.0,0.0,0.0,0.0,0.0,0.0
0.0,0.0,0.0,0.0,0.0,0.0
0.0,0.0,0.0,0.0,0.0,0.0
0.0,0.0,0.0,0.0,0.0,0.0
0.0,0.0,0.0,0.0,0.0,0.0
0.0,0.0,0.0,0.0,0.0,0.0
0.0,0.0,0.0,0.0,0.0,0.0
0.0,0.0,0.0,0.0,0.0,0.0
0.0,0.0,0.0,0.0,0.0,0.0
0.0,0.0,0.0,0.0,0.0,0.0
0.0,0.0,0.0,0.0,0.0,0.0
0.0,0.0,0.0,0.0,0.0,0.0
0.0,0.0,0.0,0.0,0.0,0.0
0.0,0.0,0.0,0.0,0.0,0.0
88.7,118.5,230.5,232.7,399.1,308.8
128.7,172.0,334.4,337.6,579.1,625.8
276.5,246.7,479.7,484.3,830.7,764.8
409.7,131.8,256.4,258.8,443.9,554.7
434.6,106.9,219.2,413.0,628.0,540.8
469.2,146.7,297.9,973.3,1460.1,555.1
439.5,263.7,238.1,919.4,1369.5,247.5
377.0,611.1,232.4,913.1,1357.1,243.6
132.7,623.9,249.4,925.6,1381.6,258.1
139.5,633.0,267.0,806.0,1212.2,274.7
113.1,610.1,226.5,221.2,359.9,229.7
53.4,469.2,138.8,140.2,240.4,130.6
88.2,117.9,229.2,231.4,396.9,215.7
79.6,106.4,206.9,208.9,358.3,194.7
45.6,61.0,118.5,119.7,205.2,111.5
77.3,103.4,201.0,202.9,348.1,189.2
94.3,126.1,245.2,247.5,424.6,230.7
49.6,66.3,128.8,130.1,223.1,121.2
59.6,79.6,320.3,156.3,268.1,145.7
126.3,152.7,860.2,300.0,506.5,289.4
128.5,107.0,785.6,211.2,329.7,502.3
111.2,90.3,751.9,178.3,276.6,518.4
157.5,152.3,868.0,299.9,485.1,480.9
140.8,133.2,717.9,262.4,422.5,277.9
107.6,88.9,184.2,175.4,273.2,196.8
130.5,119.5,243.7,235.4,376.2,252.7
148.4,159.5,318.1,313.7,518.6,315.9
47.0,62.8,122.1,123.3,211.4,114.9
46.6,62.3,121.1,122.3,209.7,114.0
115.5,154.3,300.1,303.0,519.7,282.4
61.3,81.9,159.3,160.8,275.8,149.9
47.0,62.9,122.2,123.4,211.7,115.0
92.8,124.0,241.1,829.2,417.4,226.8
88.6,118.4,230.2,929.7,398.6,216.6
52.2,69.8,135.7,502.5,235.0,127.7
89.8,110.3,216.4,216.6,366.7,207.8
167.6,156.1,317.5,307.5,493.3,327.7
387.4,529.7,213.4,204.3,321.2,225.7
444.7,622.9,236.4,228.1,363.6,245.9
318.8,411.7,295.6,287.3,1315.7,303.0
132.9,122.6,249.8,241.6,1401.1,258.5
118.9,104.0,692.8,205.0,855.6,224.3
132.9,125.9,826.0,248.0,399.3,262.4
90.1,120.4,533.1,236.3,405.3,220.2
58.1,77.7,202.7,152.6,261.7,258.2
78.7,105.2,1338.8,206.6,354.3,2744.4
121.1,148.1,336.8,290.7,498.6,380.8
542.6,101.5,249.0,199.3,341.9,301.8
588.9,383.5,174.1,1125.9,280.1,231.3
2038.4,1454.5,1744.0,3554.5,2918.7,2222.9
551.5,962.2,2958.0,1644.4,1692.7,3403.6
408.9,622.4,2887.0,1363.8,1529.1,478.6
694.4,499.4,1189.1,1040.0,1130.4,446.6
244.8,599.4,1107.6,926.4,1233.9,888.0
493.6,659.8,992.9,878.9,1054.1,920.8
113.5,151.7,1166.3,1362.9,1226.1,979.5
891.8,190.0,920.3,902.8,1227.6,867.6
953.6,712.3,916.1,855.1,1041.4,521.4
1004.2,30.5,1086.9,1087.2,1268.0,523.2
1087.6,533.3,1043.4,1212.8,1122.9,0.0
393.3,393.3,393.3,393.3,393.3,393.3
0.0,0.0,0.0,0.0,0.0,0.0
0.0,0.0,0.0,0.0,0.0,0.0
0.0,0.0,0.0,0.0,0.0,0.0
0.0,0.0,0.0,0.0,0.0,0.0
0.0,0.0,0.0,0.0,0.0,0.0
0.0,0.0,0.0,0.0,0.0,0.0
0.0,0.0,0.0,0.0,0.0,0.0
0.0,0.0,0.0,0.0,0.0,0.0
0.0,0.0,0.0,0.0,0.0,0.0
0.0,0.0,0.0,0.0,0.0,0.0
0.0,0.0,0.0,0.0,0.0,0.0
0.0,0.0,0.0,0.0,0.0,0.0
0.0,0.0,0.0,0.0,0.0,0.0
0.0,0.0,0.0,0.0,0.0,0.0
0.0,0.0,0.0,0.0,0.0,0.0
0.0,0.0,0.0,0.0,0.0,0.0
0.0,0.0,0.0,0.0,0.0,0.0
0.0,0.0,0.0,0.0,0.0,0.0
0.0,0.0,0.0,0.0,0.0,0.0
0.0,0.0,0.0,0.0,0.0,0.0
0.0,0.0,0.0,0.0,0.0,0.0
0.0,0.0,0.0,0.0,0.0,0.0
0.0,0.0,0.0,0.0,0.0,0.0
0.0,0.0,0.0,0.0,0.0,0.0
0.0,0.0,0.0,0.0,0.0,0.0
0.0,0.0,0.0,0.0,0.0,0.0
0.0,0.0,0.0,0.0,0.0,0.0
0.0,0.0,0.0,0.0,0.0,0.0
0.0,0.0,0.0,0.0,0.0,0.0
0.0,0.0,0.0,0.0,0.0,0.0
0.0,0.0,0.0,0.0,0.0,0.0
163.2,146.9,300.4,289.6,461.0,313.0
142.6,1139.8,258.1,248.1,393.1,270.4
178.3,646.3,367.9,360.9,591.3,369.6
171.5,629.8,344.4,336.5,1377.5,348.9
59.8,338.8,59.8,49.8,4467.2,79.7
59.8,24.9,59.8,49.8,2619.6,79.7
28.1,11.7,28.1,23.4,2571.4,37.5
0.0,0.0,0.0,0.0,2060.0,0.0
120.6,161.3,313.6,316.5,1549.7,295.0
119.3,574.2,310.0,312.9,1532.2,291.7
81.0,606.0,677.1,212.5,1356.1,198.0
349.1,621.7,793.6,2226.2,1381.2,219.8
419.9,645.1,847.0,1764.6,1455.0,525.3
410.7,631.5,814.9,1840.3,1406.8,548.9
395.1,614.1,779.4,1523.0,1262.5,515.9
1216.3,642.1,857.0,971.1,463.0,606.5
838.8,672.1,915.3,1036.5,564.2,674.0
799.1,626.7,838.4,964.8,440.1,602.0
694.9,625.1,838.3,964.9,451.9,607.8
464.6,642.6,861.7,993.0,506.2,633.3
455.8,599.2,855.7,975.1,494.8,619.6
454.7,148.0,799.7,955.1,472.2,606.6
371.3,111.7,219.8,885.7,369.9,515.2
110.7,147.9,2259.2,902.2,498.1,2403.9
100.7,134.6,1162.0,264.3,453.3,1093.4
69.3,92.7,1072.3,181.9,312.0,1009.0
101.3,135.4,873.7,265.9,456.1,822.2
114.7,153.3,298.1,301.0,516.2,280.5
76.2,101.8,198.0,199.9,342.9,186.3
80.3,107.3,208.6,210.6,361.2,196.3
123.6,165.2,321.3,324.3,556.3,302.3
149.3,144.6,292.6,284.8,460.9,298.7
137.2,122.0,249.8,240.4,381.5,261.3
163.1,163.1,328.4,321.0,523.0,332.5
179.4,184.8,370.6,363.6,596.0,372.2
130.1,119.0,242.7,234.4,374.5,251.8
136.2,127.0,258.4,250.3,401.7,266.6
195.1,205.7,411.4,404.8,666.6,410.5
97.8,114.6,226.2,225.2,378.2,219.7
69.6,93.0,180.9,182.6,313.2,170.2
114.8,153.5,298.4,301.2,516.7,280.8
107.6,143.8,279.7,282.3,484.3,263.2
70.1,93.8,182.3,184.0,315.7,171.5
86.5,115.7,224.9,227.0,389.5,211.6
131.2,175.4,341.0,344.3,590.5,320.9
77.8,104.0,202.3,204.2,350.3,190.4
70.1,93.8,182.3,184.0,315.7,171.5
182.5,195.4,389.9,384.3,634.8,387.6
164.6,158.6,321.0,312.3,504.8,328.3
137.4,125.4,255.9,247.2,432.4,265.6
164.2,164.5,331.2,323.8,1538.3,1060.1
175.9,199.0,361.6,354.5,1575.9,1093.0
212.5,734.3,456.7,450.5,944.9,1220.4
311.1,858.6,713.1,709.3,1189.0,1562.4
561.2,434.4,654.4,1434.7,1117.0,1657.5
485.7,250.5,487.1,1274.2,1035.8,1208.3
521.0,261.3,508.0,1106.8,1387.8,1215.2
670.7,0.0,770.5,931.3,980.4,1289.3
733.7,0.0,871.8,1045.6,949.6,1399.3
369.1,0.0,1383.8,804.6,705.1,1539.5
866.0,570.0,920.5,882.1,849.9,911.6
622.1,135.7,2270.6,1446.9,91.8,433.0
732.8,499.6,1367.5,1734.3,30.6,349.7
920.8,512.2,1363.0,1850.6,51.0,302.5
186.6,186.6,186.6,186.6,186.6,186.6
0.0,0.0,0.0,0.0,0.0,0.0
0.0,0.0,0.0,0.0,0.0,0.0
0.0,0.0,0.0,0.0,0.0,0.0
0.0,0.0,0.0,0.0,0.0,0.0
0.0,0.0,0.0,0.0,0.0,0.0
0.0,0.0,0.0,0.0,0.0,0.0
0.0,0.0,0.0,0.0,0.0,0.0
0.0,0.0,0.0,0.0,0.0,0.0
0.0,0.0,0.0,0.0,0.0,0.0
0.0,0.0,0.0,0.0,0.0,0.0
0.0,0.0,0.0,0.0,0.0,0.0
0.0,0.0,0.0,0.0,0.0,0.0
0.0,0.0,0.0,0.0,0.0,0.0
0.0,0.0,0.0,0.0,0.0,0.0
0.0,0.0,0.0,0.0,0.0,0.0
0.0,0.0,0.0,0.0,0.0,0.0
0.0,0.0,0.0,0.0,0.0,0.0
0.0,0.0,0.0,0.0,0.0,0.0
0.0,0.0,0.0,0.0,0.0,0.0
0.0,0.0,0.0,0.0,0.0,0.0
0.0,0.0,0.0,0.0,0.0,0.0
0.0,0.0,0.0,0.0,0.0,0.0
0.0,0.0,0.0,0.0,0.0,0.0
0.0,0.0,0.0,0.0,0.0,0.0
0.0,0.0,0.0,0.0,0.0,0.0
0.0,0.0,0.0,0.0,0.0,0.0
0.0,0.0,0.0,0.0,0.0,0.0
0.0,0.0,0.0,0.0,0.0,0.0
0.0,0.0,0.0,0.0,0.0,0.0
0.0,0.0,0.0,0.0,0.0,0.0
0.0,0.0,0.0,0.0,0.0,0.0
120.9,151.9,297.4,298.3,506.9,283.9
88.3,105.1,207.1,206.6,347.8,200.4
151.2,131.0,269.4,258.3,407.3,283.8
737.1,872.0,1658.0,1654.2,2489.9,1619.9
1822.1,1019.3,1951.3,1936.0,2089.8,2089.4
1424.1,719.4,1560.7,1782.7,1665.1,1756.3
1322.1,676.9,1526.9,1884.8,1691.8,1805.8
632.8,522.3,1082.3,1707.2,1605.1,1156.3
120.8,106.5,218.5,876.3,332.6,229.0
153.6,153.6,309.3,979.0,492.6,313.1
132.9,174.3,339.7,1029.3,585.5,321.0
97.2,129.9,252.6,939.4,437.5,237.7
70.7,94.5,183.7,864.7,318.1,172.9
89.1,119.0,231.5,920.7,691.2,217.8
115.4,154.3,300.0,989.8,1499.8,282.3
166.7,101.5,197.5,873.3,1322.3,185.8
371.3,86.8,168.7,841.7,1276.3,158.8
424.4,157.8,306.8,768.6,1500.4,288.7
428.5,132.5,263.7,260.6,1416.6,351.3
434.1,110.8,392.1,218.5,1341.5,549.2
469.9,304.0,872.3,312.7,1502.6,633.1
481.2,661.1,895.1,336.3,1537.2,654.3
432.9,598.0,774.6,212.6,1336.3,534.3
442.7,616.2,797.8,244.5,1391.0,568.7
494.3,672.8,931.1,370.5,1588.3,690.9
405.6,594.2,765.3,200.8,1309.6,511.9
372.7,588.3,732.4,174.1,966.0,471.0
412.8,641.6,835.4,282.3,484.3,575.4
301.5,618.2,803.6,243.8,418.2,539.5
67.4,589.7,737.2,176.8,303.3,471.2
82.2,609.5,765.2,215.8,370.1,506.3
104.6,630.0,821.3,274.5,470.9,464.5
78.9,593.8,580.6,207.1,355.3,193.1
84.3,446.4,219.0,221.1,379.3,206.1
135.4,135.7,273.3,267.2,435.6,276.5
167.4,162.3,328.2,319.5,517.2,335.0
150.7,143.1,290.3,282.0,454.4,298.0
122.8,109.2,223.6,215.2,341.5,233.9
161.9,161.4,325.2,317.7,517.3,329.4
164.0,164.2,330.6,323.2,526.7,334.5
115.6,106.0,216.0,208.8,333.7,224.0
81.0,108.2,210.5,212.5,364.4,198.0
123.2,164.6,320.1,323.2,554.3,301.2
66.6,89.0,173.1,174.8,299.8,162.9
62.2,83.1,161.6,163.1,279.8,152.0
120.9,161.6,314.1,317.1,543.9,295.6
87.6,117.1,227.8,229.9,394.4,214.3
63.2,84.5,164.3,165.8,284.5,154.6
97.7,130.6,253.9,256.4,1363.5,527.6
417.1,158.7,311.3,311.8,1538.9,1810.8
468.3,135.9,278.3,267.9,1379.4,2280.1
581.2,320.1,634.5,629.4,1050.3,2328.7
213.0,555.6,446.7,439.2,722.4,1997.9
190.5,666.1,393.9,386.5,644.9,2606.4
197.5,678.9,418.5,404.9,2760.3,2380.6
187.1,537.7,963.5,384.0,3152.2,1973.3
297.1,733.0,893.1,401.1,1923.2,752.5
336.3,926.8,865.8,902.5,1375.3,593.3
338.8,895.7,868.3,902.6,1560.2,434.4
297.6,709.7,890.6,951.4,1720.7,429.9
361.0,708.8,694.0,1063.4,1735.0,437.8
650.5,700.4,386.1,1061.0,661.2,429.5
611.4,470.0,388.6,747.3,665.7,431.9
502.9,205.1,387.1,380.2,663.0,430.4
501.9,667.2,919.2,380.5,658.0,430.7
167.2,167.2,167.2,167.2,167.2,167.2
0.0,0.0,0.0,0.0,0.0,0.0
0.0,0.0,0.0,0.0,0.0,0.0
0.0,0.0,0.0,0.0,0.0,0.0
0.0,0.0,0.0,0.0,0.0,0.0
0.0,0.0,0.0,0.0,0.0,0.0
0.0,0.0,0.0,0.0,0.0,0.0
0.0,0.0,0.0,0.0,0.0,0.0
0.0,0.0,0.0,0.0,0.0,0.0
0.0,0.0,0.0,0.0,0.0,0.0
0.0,0.0,0.0,0.0,0.0,0.0
0.0,0.0,0.0,0.0,0.0,0.0
0.0,0.0,0.0,0.0,0.0,0.0
0.0,0.0,0.0,0.0,0.0,0.0
0.0,0.0,0.0,0.0,0.0,0.0
0.0,0.0,0.0,0.0,0.0,0.0
0.0,0.0,0.0,0.0,0.0,0.0
0.0,0.0,0.0,0.0,0.0,0.0
0.0,0.0,0.0,0.0,0.0,0.0
0.0,0.0,0.0,0.0,0.0,0.0
0.0,0.0,0.0,0.0,0.0,0.0
0.0,0.0,0.0,0.0,0.0,0.0
0.0,0.0,0.0,0.0,0.0,0.0
0.0,0.0,0.0,0.0,0.0,0.0
0.0,0.0,0.0,0.0,0.0,0.0
0.0,0.0,0.0,0.0,0.0,0.0
0.0,0.0,0.0,0.0,0.0,0.0
0.0,0.0,0.0,0.0,0.0,0.0
0.0,0.0,0.0,0.0,0.0,0.0
0.0,0.0,0.0,0.0,0.0,0.0
0.0,0.0,0.0,0.0,0.0,0.0
67.1,89.7,174.4,176.1,302.1,164.1
127.4,170.3,331.1,334.3,573.4,311.6
87.3,116.6,226.8,228.9,392.7,213.4
96.6,103.3,206.1,203.1,335.4,205.0
626.1,772.2,1514.9,1516.9,2569.4,1453.0
192.4,198.9,398.7,391.4,642.0,400.0
187.8,192.9,387.0,379.5,621.7,389.0
325.8,380.4,931.4,747.7,1254.9,730.2
168.6,167.1,894.8,329.0,535.1,341.9
127.0,114.8,792.3,446.6,360.3,244.1
151.0,146.9,856.9,971.1,789.0,302.9
143.3,139.8,840.4,957.2,1438.0,288.0
131.6,120.9,800.0,922.6,1372.6,255.3
151.3,147.3,851.3,971.8,1465.2,303.6
130.5,282.9,800.6,918.2,1380.1,256.5
138.3,625.8,813.3,932.5,1395.5,271.8
143.6,636.0,830.4,950.0,1431.5,388.7
127.2,612.7,343.1,898.1,1341.5,554.4
204.4,619.1,242.9,911.0,1383.8,545.4
396.2,607.4,224.3,358.7,1361.3,522.2
370.4,572.9,157.1,158.6,464.4,457.8
405.8,616.8,246.2,248.6,426.3,539.2
396.8,604.5,225.9,228.1,391.2,520.1
359.9,556.4,136.1,137.4,235.7,434.4
406.8,228.8,257.9,260.4,446.6,547.9
397.5,121.8,236.9,239.2,410.3,526.9
358.1,70.7,137.4,138.7,237.9,189.4
389.9,114.8,223.2,225.3,386.5,210.0
160.2,133.8,260.1,262.6,450.4,244.7
57.7,77.1,149.8,151.3,259.5,141.0
66.7,89.1,173.3,174.9,300.1,163.1
239.5,320.1,622.4,628.3,1077.7,585.6
97.2,129.9,252.5,254.9,437.2,237.6
79.4,106.1,206.3,208.3,357.3,194.1
122.2,163.3,317.6,320.6,549.9,298.8
153.3,179.1,353.6,352.0,590.7,343.7
149.0,134.5,274.8,265.0,422.0,286.2
176.5,174.5,351.9,343.5,558.3,357.4
193.8,200.9,402.6,395.3,648.7,403.7
124.0,110.8,226.8,218.4,347.0,236.8
119.0,104.1,213.8,205.3,324.4,224.6
180.3,186.0,373.0,366.1,600.2,374.5
137.7,129.0,262.2,254.2,408.4,270.2
113.9,97.3,200.5,191.8,301.4,212.1
152.2,148.4,300.0,292.3,473.7,305.7
160.8,159.9,322.3,314.8,512.4,326.7
113.5,96.7,199.3,190.7,299.4,211.0
125.4,112.6,230.4,222.0,353.2,240.2
525.0,189.3,378.8,372.5,612.9,378.5
409.6,1156.0,211.5,203.0,320.5,222.5
463.5,636.9,197.9,985.7,297.0,209.7
337.1,1567.3,699.5,1631.5,1125.8,651.6
328.4,1411.4,1204.7,1515.7,1158.2,602.7
302.3,1309.5,2527.2,1419.3,1491.7,265.6
455.2,1718.3,1959.1,1854.6,3745.4,1012.9
155.2,1063.0,1328.1,2138.8,5802.8,2136.8
0.0,814.6,189.9,1244.3,1263.5,1487.6
0.0,788.0,358.2,1486.1,829.7,1538.0
0.0,788.0,863.2,1026.5,1224.3,1098.0
0.0,700.6,953.4,1343.4,1034.0,968.6
0.0,848.7,682.0,1263.4,968.1,1237.7
0.0,1032.8,328.8,1561.7,919.6,1157.2
0.0,1025.3,0.0,1649.4,0.0,2325.3
0.0,1001.5,0.0,2192.2,0.0,1806.3
0.0,861.4,0.0,1002.4,1450.4,1685.9
15.3,621.4,0.0,0.0,1366.2,1281.9
313.4,374.8,0.0,0.0,1329.3,1271.1
0.0,0.0,0.0,0.0,0.0,0.0
0.0,0.0,0.0,0.0,0.0,0.0
0.0,0.0,0.0,0.0,0.0,0.0
0.0,0.0,0.0,0.0,0.0,0.0
0.0,0.0,0.0,0.0,0.0,0.0
0.0,0.0,0.0,0.0,0.0,0.0
0.0,0.0,0.0,0.0,0.0,0.0
0.0,0.0,0.0,0.0,0.0,0.0
0.0,0.0,0.0,0.0,0.0,0.0
0.0,0.0,0.0,0.0,0.0,0.0
0.0,0.0,0.0,0.0,0.0,0.0
0.0,0.0,0.0,0.0,0.0,0.0
0.0,0.0,0.0,0.0,0.0,0.0
0.0,0.0,0.0,0.0,0.0,0.0
0.0,0.0,0.0,0.0,0.0,0.0
0.0,0.0,0.0,0.0,0.0,0.0
0.0,0.0,0.0,0.0,0.0,0.0
0.0,0.0,0.0,0.0,0.0,0.0
0.0,0.0,0.0,0.0,0.0,0.0
0.0,0.0,0.0,0.0,0.0,0.0
0.0,0.0,0.0,0.0,0.0,0.0
0.0,0.0,0.0,0.0,0.0,0.0
0.0,0.0,0.0,0.0,0.0,0.0
0.0,0.0,0.0,0.0,0.0,0.0
0.0,0.0,0.0,0.0,0.0,0.0
0.0,0.0,0.0,0.0,0.0,0.0
0.0,0.0,0.0,0.0,0.0,0.0
0.0,0.0,0.0,0.0,0.0,0.0
0.0,0.0,0.0,0.0,0.0,0.0
0.0,0.0,0.0,0.0,0.0,0.0
0.0,0.0,0.0,0.0,0.0,0.0
0.0,0.0,0.0,0.0,0.0,0.0
0.0,0.0,0.0,0.0,0.0,0.0
1048.1,923.6,1348.3,1329.5,1514.0,1317.3
245.1,215.9,993.8,424.7,936.8,431.1
171.6,171.1,900.4,336.8,1547.7,349.2
169.3,171.2,900.0,337.1,1538.4,421.7
210.0,222.4,516.6,437.6,1709.2,755.3
162.8,162.6,327.4,320.0,649.5,640.3
142.0,134.8,273.4,265.5,427.7,589.4
165.0,168.7,338.8,332.1,543.6,380.9
141.5,134.2,272.2,264.3,425.7,279.6
109.0,90.7,187.7,179.0,279.4,200.1
155.1,155.5,313.1,306.1,499.1,316.6
163.4,163.4,329.2,321.8,524.2,333.2
109.9,95.1,195.7,187.6,295.8,206.2
63.1,74.6,147.1,146.6,246.6,142.5
121.6,162.6,316.1,482.5,547.4,297.5
65.1,87.0,169.1,857.7,292.9,159.2
51.9,69.4,135.0,815.5,233.7,127.0
92.3,123.3,239.8,921.3,415.2,225.6
95.0,245.8,246.9,337.4,427.6,232.3
51.9,569.0,135.0,136.3,233.7,127.0
65.3,581.2,169.7,171.3,293.9,159.7
102.7,631.2,266.8,269.3,462.0,251.0
70.3,158.0,182.6,184.3,316.2,171.8
59.1,79.0,153.6,155.0,265.9,144.5
86.3,115.4,224.3,226.5,388.5,211.1
93.6,125.2,243.4,245.7,421.4,229.0
53.5,71.5,139.1,140.4,240.9,130.9
79.8,106.6,207.3,209.3,359.0,195.1
84.7,113.2,220.0,222.1,381.0,207.1
94.9,110.6,218.5,217.5,364.9,212.5
144.4,128.4,262.9,253.0,401.5,275.0
133.2,119.8,244.9,236.1,375.6,255.3
157.1,151.8,307.2,299.0,483.6,313.9
130.2,119.0,242.8,234.6,374.7,251.9
131.8,117.9,241.3,232.5,369.4,251.9
142.6,135.6,275.0,267.1,430.4,282.2
140.2,132.4,268.8,260.8,419.8,276.4
139.8,131.9,267.8,259.8,418.0,275.5
120.3,105.9,217.2,208.7,330.4,227.8
152.5,152.1,306.5,299.5,487.7,310.5
139.9,132.0,268.0,260.0,418.3,275.6
120.7,106.4,218.2,209.7,332.1,228.8
137.9,132.6,268.4,261.1,421.8,274.7
149.5,144.8,292.8,285.1,461.4,299.0
102.7,395.7,244.5,244.4,412.7,803.5
114.3,783.6,297.0,299.8,514.2,885.4
212.7,838.9,552.9,558.2,1070.5,1249.7
345.8,1145.6,898.6,907.2,2562.9,2609.9
99.6,1001.4,258.8,261.3,1451.1,3548.6
1403.9,1403.9,1403.9,1403.9,1403.9,1403.9
712.1,615.5,362.8,292.1,554.2,3478.6
821.6,1450.6,993.7,1286.8,1518.0,2352.7
322.0,1232.4,0.0,1673.9,934.9,836.7
422.8,959.2,0.0,2018.9,951.5,647.4
353.0,867.3,0.0,1629.5,897.8,1252.4
316.8,955.5,24.6,1730.0,918.7,1054.4
781.2,781.2,781.2,781.2,781.2,781.2
0.0,0.0,0.0,0.0,0.0,0.0
0.0,0.0,0.0,0.0,0.0,0.0
0.0,0.0,0.0,0.0,0.0,0.0
0.0,0.0,0.0,0.0,0.0,0.0
0.0,0.0,0.0,0.0,0.0,0.0
0.0,0.0,0.0,0.0,0.0,0.0
0.0,0.0,0.0,0.0,0.0,0.0
0.0,0.0,0.0,0.0,0.0,0.0
0.0,0.0,0.0,0.0,0.0,0.0
0.0,0.0,0.0,0.0,0.0,0.0
0.0,0.0,0.0,0.0,0.0,0.0
0.0,0.0,0.0,0.0,0.0,0.0
0.0,0.0,0.0,0.0,0.0,0.0
0.0,0.0,0.0,0.0,0.0,0.0
0.0,0.0,0.0,0.0,0.0,0.0
0.0,0.0,0.0,0.0,0.0,0.0
0.0,0.0,0.0,0.0,0.0,0.0
0.0,0.0,0.0,0.0,0.0,0.0
0.0,0.0,0.0,0.0,0.0,0.0
0.0,0.0,0.0,0.0,0.0,0.0
0.0,0.0,0.0,0.0,0.0,0.0
0.0,0.0,0.0,0.0,0.0,0.0
0.0,0.0,0.0,0.0,0.0,0.0
0.0,0.0,0.0,0.0,0.0,0.0
0.0,0.0,0.0,0.0,0.0,0.0
0.0,0.0,0.0,0.0,0.0,0.0
0.0,0.0,0.0,0.0,0.0,0.0
0.0,0.0,0.0,0.0,0.0,0.0
0.0,0.0,0.0,0.0,0.0,0.0
0.0,0.0,0.0,0.0,0.0,0.0
0.0,0.0,0.0,0.0,0.0,0.0
0.0,0.0,0.0,0.0,0.0,0.0
0.0,0.0,0.0,0.0,0.0,0.0
0.0,0.0,0.0,0.0,0.0,0.0
0.0,0.0,0.0,0.0,0.0,0.0
0.0,0.0,0.0,0.0,0.0,0.0
0.0,0.0,0.0,0.0,0.0,0.0
0.0,0.0,0.0,0.0,0.0,0.0
0.0,0.0,0.0,0.0,0.0,0.0
120.6,328.8,296.7,297.6,505.6,592.0
418.5,1045.0,1076.4,1085.4,1858.5,1327.8
122.1,635.9,283.6,282.6,475.0,582.7
187.1,670.2,351.3,339.8,543.8,673.6
160.2,646.6,309.4,1233.9,484.7,624.9
184.3,687.7,377.7,1731.1,605.6,685.4
392.7,958.7,919.3,1593.5,1543.5,1197.4
154.0,656.4,321.6,1000.4,519.2,481.0
118.7,650.7,308.4,990.5,534.0,290.2
67.4,578.5,175.3,863.9,303.5,164.9
104.8,632.2,272.4,951.6,471.7,256.3
90.4,375.4,235.1,919.1,407.0,221.2
74.1,99.0,192.6,871.0,333.5,181.2
80.0,106.9,407.3,881.3,360.0,195.6
100.5,134.3,814.8,940.3,452.3,245.8
82.8,110.7,768.8,567.2,372.6,202.5
265.0,151.2,865.2,297.7,837.3,310.7
473.4,160.2,879.9,315.5,1494.4,331.3
453.5,140.1,845.8,275.9,1429.7,290.4
486.3,176.0,907.8,346.5,1560.5,358.2
490.7,210.8,974.5,414.4,1682.5,685.1
427.2,153.7,852.4,301.7,1571.6,588.7
438.8,175.4,890.3,344.3,2168.1,570.7
419.4,146.3,838.1,341.5,3226.1,578.8
471.7,236.4,713.0,1016.8,1821.9,711.4
238.1,501.4,618.8,2345.0,1170.5,892.2
226.2,839.9,587.9,1305.6,1122.5,863.1
146.7,226.6,381.3,1159.2,1039.4,639.3
138.5,209.2,348.8,1003.5,2999.6,330.9
217.9,702.3,448.2,1498.2,719.6,450.7
260.0,895.2,569.0,3615.8,934.1,561.6
180.9,1327.5,374.5,1049.3,602.7,436.9
157.8,643.2,797.5,968.2,462.0,961.6
214.6,668.7,897.1,957.0,2435.5,2273.7
863.9,639.4,728.8,281.8,2451.6,372.5
735.3,643.4,846.9,289.7,1805.3,379.9
533.2,601.8,855.5,300.5,1510.9,396.1
389.5,91.0,734.8,178.7,1298.2,587.8
461.4,152.4,854.2,299.2,1504.9,2946.8
630.6,111.7,749.1,219.3,1367.8,204.4
429.3,159.6,603.4,313.4,1434.9,292.1
391.5,148.5,1148.8,291.4,499.9,271.6
210.8,217.0,484.2,427.1,700.1,437.2
247.7,269.6,585.8,530.3,878.7,531.4
233.8,254.3,558.1,500.2,828.7,501.5
151.1,143.7,478.7,283.1,3040.6,299.1
461.3,191.8,1570.1,377.5,2686.9,385.1
322.8,139.7,271.1,276.4,1474.4,437.7
553.3,114.9,223.5,225.6,1958.9,522.5
792.5,274.3,533.3,538.4,1922.7,814.1
194.2,259.6,504.7,509.5,1873.2,786.0
196.4,262.5,510.4,515.3,1879.3,792.6
0.0,0.0,0.0,0.0,999.2,311.1
73.8,643.8,73.8,61.5,1066.8,406.0
63.3,1014.3,63.3,52.7,1045.3,991.5
242.4,923.8,63.3,52.7,1052.9,1281.9
541.0,871.1,815.8,841.0,986.3,944.8
508.4,703.5,870.8,903.0,1052.6,961.8
486.4,677.1,868.8,1172.3,1123.3,672.1
515.9,715.8,859.2,1021.9,1133.3,754.0
437.1,664.3,966.2,1018.9,1291.8,621.7
307.5,486.4,559.9,684.4,1003.0,91.9
309.9,383.5,410.5,461.3,294.1,0.0
0.0,0.0,0.0,0.0,0.0,0.0
0.0,0.0,0.0,0.0,0.0,0.0
0.0,0.0,0.0,0.0,0.0,0.0
0.0,0.0,0.0,0.0,0.0,0.0
0.0,0.0,0.0,0.0,0.0,0.0
0.0,0.0,0.0,0.0,0.0,0.0
0.0,0.0,0.0,0.0,0.0,0.0
0.0,0.0,0.0,0.0,0.0,0.0
0.0,0.0,0.0,0.0,0.0,0.0
0.0,0.0,0.0,0.0,0.0,0.0
0.0,0.0,0.0,0.0,0.0,0.0
0.0,0.0,0.0,0.0,0.0,0.0
0.0,0.0,0.0,0.0,0.0,0.0
0.0,0.0,0.0,0.0,0.0,0.0
0.0,0.0,0.0,0.0,0.0,0.0
0.0,0.0,0.0,0.0,0.0,0.0
0.0,0.0,0.0,0.0,0.0,0.0
0.0,0.0,0.0,0.0,0.0,0.0
0.0,0.0,0.0,0.0,0.0,0.0
0.0,0.0,0.0,0.0,0.0,0.0
0.0,0.0,0.0,0.0,0.0,0.0
0.0,0.0,0.0,0.0,0.0,0.0
0.0,0.0,0.0,0.0,0.0,0.0
0.0,0.0,0.0,0.0,0.0,0.0
0.0,0.0,0.0,0.0,0.0,0.0
0.0,0.0,0.0,0.0,0.0,0.0
0.0,0.0,0.0,0.0,0.0,0.0
0.0,0.0,0.0,0.0,0.0,0.0
0.0,0.0,0.0,0.0,0.0,0.0
0.0,0.0,0.0,0.0,0.0,0.0
0.0,0.0,0.0,0.0,0.0,0.0
0.0,0.0,0.0,0.0,0.0,0.0
0.0,0.0,0.0,0.0,0.0,0.0
85.1,617.1,221.0,526.5,382.8,208.0
86.9,472.5,225.9,896.9,391.2,212.6
81.3,108.6,211.2,869.1,365.7,198.7
116.0,132.5,262.2,931.8,435.3,256.4
164.7,155.5,315.7,977.7,492.8,324.6
137.5,122.3,250.5,241.2,382.7,262.0
159.1,157.6,317.9,310.4,504.7,322.5
145.9,136.7,526.1,269.4,432.8,286.3
82.5,103.8,750.4,203.9,346.5,194.0
100.8,134.8,798.7,264.6,895.0,246.6
71.2,95.2,734.4,186.8,1293.2,174.1
113.6,151.8,844.6,298.1,1465.3,277.8
107.2,143.2,278.5,281.2,1458.9,262.1
219.1,108.6,211.2,213.2,1342.3,198.7
449.2,194.1,377.3,380.9,653.4,355.0
591.5,388.9,756.9,763.5,1307.9,713.6
1412.6,817.1,1725.6,1615.0,2436.6,1906.6
587.3,263.9,536.4,519.9,834.7,690.9
231.6,206.0,421.9,406.1,644.6,745.2
297.8,489.5,548.1,529.0,841.6,868.3
278.2,745.7,503.7,484.4,767.4,833.0
245.1,768.4,412.0,391.2,605.9,748.1
164.2,1291.1,806.3,430.7,738.8,401.5
121.9,676.0,846.4,308.5,529.1,498.4
126.7,161.7,1159.6,297.6,436.0,537.4
299.8,849.2,854.1,1046.4,1184.2,576.0
130.7,667.9,314.4,2855.6,1506.0,301.7
163.6,1419.7,398.3,953.5,1647.5,374.8
125.3,214.7,300.3,406.2,538.8,282.5
157.7,138.5,282.0,370.6,437.2,291.6
428.7,196.7,395.2,468.6,633.3,447.0
169.1,146.1,296.1,2642.9,464.3,639.2
159.8,152.1,308.4,462.4,483.0,2416.6
180.3,186.0,373.0,366.1,644.2,689.4
82.1,103.2,202.1,202.7,646.7,614.1
104.7,140.0,272.2,274.8,2361.5,572.3
612.8,129.3,251.4,717.8,534.2,328.1
581.8,100.4,195.2,858.1,442.4,2833.2
410.4,148.5,310.4,949.9,1254.9,454.8
71.7,416.1,320.4,185.7,1355.4,161.0
483.0,859.9,1655.9,729.4,4295.5,679.8
1041.6,622.3,1417.6,1234.4,1894.9,1616.4
1455.4,709.5,1686.1,1413.4,1802.9,2065.1
1353.0,692.4,1625.5,1377.9,1802.1,1959.6
1255.7,636.7,1493.7,1267.3,1649.9,1811.5
1345.8,705.7,3080.9,1364.6,1862.2,1847.3
1331.5,1007.7,1704.6,1525.3,2318.5,1847.0
443.0,604.1,424.4,414.8,675.7,1278.3
180.8,207.5,357.4,348.4,565.1,1780.3
116.0,140.3,2892.2,216.3,348.2,338.9
91.1,140.9,1942.9,220.3,372.9,321.1
196.2,610.0,1369.8,332.1,522.4,470.1
68.9,1095.5,945.8,432.7,285.3,1058.2
115.5,516.1,1019.1,947.9,482.6,1918.8
83.4,97.0,893.3,1631.2,2113.7,181.5
154.9,1033.7,834.7,1178.7,1611.6,186.4
237.9,982.7,274.3,1200.9,1921.7,382.5
85.3,617.4,179.6,964.8,1650.0,484.2
176.2,557.9,320.1,1087.3,2217.1,560.9
170.3,539.8,295.0,1129.9,2557.2,307.9
212.7,449.1,436.7,593.0,670.0,246.9
0.0,0.0,0.0,0.0,0.0,0.0
0.0,0.0,0.0,0.0,0.0,0.0
0.0,0.0,0.0,0.0,0.0,0.0
0.0,0.0,0.0,0.0,0.0,0.0
0.0,0.0,0.0,0.0,0.0,0.0
0.0,0.0,0.0,0.0,0.0,0.0
0.0,0.0,0.0,0.0,0.0,0.0
0.0,0.0,0.0,0.0,0.0,0.0
0.0,0.0,0.0,0.0,0.0,0.0
0.0,0.0,0.0,0.0,0.0,0.0
0.0,0.0,0.0,0.0,0.0,0.0
0.0,0.0,0.0,0.0,0.0,0.0
0.0,0.0,0.0,0.0,0.0,0.0
0.0,0.0,0.0,0.0,0.0,0.0
0.0,0.0,0.0,0.0,0.0,0.0
0.0,0.0,0.0,0.0,0.0,0.0
0.0,0.0,0.0,0.0,0.0,0.0
0.0,0.0,0.0,0.0,0.0,0.0
0.0,0.0,0.0,0.0,0.0,0.0
0.0,0.0,0.0,0.0,0.0,0.0
0.0,0.0,0.0,0.0,0.0,0.0
0.0,0.0,0.0,0.0,0.0,0.0
0.0,0.0,0.0,0.0,0.0,0.0
0.0,0.0,0.0,0.0,0.0,0.0
0.0,0.0,0.0,0.0,0.0,0.0
0.0,0.0,0.0,0.0,0.0,0.0
0.0,0.0,0.0,0.0,0.0,0.0
0.0,0.0,0.0,0.0,0.0,0.0
0.0,0.0,0.0,0.0,0.0,0.0
0.0,0.0,0.0,0.0,0.0,0.0
0.0,0.0,0.0,0.0,0.0,0.0
0.0,0.0,0.0,0.0,0.0,0.0
0.0,0.0,0.0,0.0,0.0,0.0
0.0,0.0,0.0,0.0,0.0,0.0
0.0,0.0,0.0,0.0,0.0,0.0
447.5,598.2,1136.7,1143.0,2187.5,1094.5
208.7,279.0,542.5,547.6,1934.8,510.4
114.9,143.9,281.8,549.6,1471.6,269.3
150.3,136.1,278.1,944.9,1396.8,289.3
194.1,198.0,397.7,1074.1,1621.7,400.4
126.1,113.6,232.2,905.7,793.8,242.0
183.2,384.0,380.5,1039.8,1597.3,381.5
139.0,655.2,321.9,997.2,1511.4,312.5
64.6,584.1,167.9,470.2,1271.0,157.9
101.2,631.1,262.9,942.0,1439.5,247.4
84.0,596.8,218.3,889.2,1366.0,205.4
164.0,711.3,426.4,1104.4,1726.2,401.2
231.1,365.4,285.2,964.6,1478.1,268.4
371.5,577.5,166.1,846.9,1264.3,156.3
438.4,656.6,331.0,1013.3,1561.1,311.5
401.6,612.8,456.8,917.2,1393.1,224.3
461.0,651.7,874.6,985.6,1493.3,324.2
485.1,669.8,914.6,1025.4,1539.6,481.3
272.9,617.8,810.7,918.2,1384.9,570.3
482.7,671.3,904.9,1026.7,1565.1,673.0
457.3,654.3,884.5,998.0,925.3,637.8
403.7,624.1,499.1,939.9,438.2,541.0
419.4,639.7,844.3,972.6,970.9,581.1
457.9,689.5,934.8,655.7,1659.1,501.4
474.0,709.3,981.1,433.7,1735.7,711.8
478.0,725.6,996.7,447.3,872.8,720.9
394.6,613.5,788.0,234.6,402.3,525.0
412.6,331.2,825.8,272.7,467.7,561.7
381.0,99.8,747.6,195.9,336.0,491.3
456.2,164.7,877.0,323.9,537.8,632.2
464.3,148.0,856.8,291.6,467.6,618.5
457.4,137.4,830.7,270.7,435.0,592.7
477.5,170.6,894.6,335.9,548.5,655.1
258.6,363.8,813.6,256.2,411.8,578.5
262.4,639.7,845.3,286.2,486.1,579.0
401.0,619.2,795.5,242.1,415.2,530.8
386.8,155.5,199.7,201.6,345.9,187.9
262.3,306.6,596.1,601.8,1032.2,560.9
211.7,283.0,550.3,877.0,953.0,517.8
157.2,210.1,408.5,1091.6,707.4,384.4
97.1,129.8,252.4,936.6,437.0,694.7
69.9,93.5,181.7,256.0,314.7,788.4
116.3,155.4,302.3,305.1,523.4,714.5
152.5,142.3,768.8,280.4,450.1,331.6
174.8,172.2,903.2,339.0,550.6,353.2
247.8,272.9,1697.5,536.7,891.3,535.5
164.9,165.4,974.9,325.7,530.9,336.8
173.2,176.5,907.6,347.3,568.1,357.0
147.7,393.5,940.8,387.6,664.8,361.2
190.5,756.1,1060.2,499.7,1249.3,465.8
0.0,499.6,939.9,0.0,1003.0,0.0
0.0,5.7,552.9,0.0,999.2,0.0
229.7,0.0,560.5,16.3,11.3,0.0
224.1,0.0,714.5,103.1,0.0,0.0
212.8,0.0,1151.9,2887.3,0.0,0.0
214.3,0.0,1346.2,685.7,0.0,0.0
249.1,13.2,1967.6,682.5,1483.7,603.9
432.0,29.3,1770.4,718.5,1407.9,641.9
398.6,338.5,1535.2,721.0,1401.8,604.9
588.9,356.7,917.1,1395.7,1137.9,603.7
650.5,853.0,687.5,875.4,1194.8,738.8
262.3,318.4,1252.4,568.7,1738.1,860.1
308.2,321.2,361.2,364.3,405.3,358.2
0.0,0.0,0.0,0.0,0.0,0.0
0.0,0.0,0.0,0.0,0.0,0.0
0.0,0.0,0.0,0.0,0.0,0.0
0.0,0.0,0.0,0.0,0.0,0.0
0.0,0.0,0.0,0.0,0.0,0.0
0.0,0.0,0.0,0.0,0.0,0.0
0.0,0.0,0.0,0.0,0.0,0.0
0.0,0.0,0.0,0.0,0.0,0.0
0.0,0.0,0.0,0.0,0.0,0.0
0.0,0.0,0.0,0.0,0.0,0.0
0.0,0.0,0.0,0.0,0.0,0.0
0.0,0.0,0.0,0.0,0.0,0.0
0.0,0.0,0.0,0.0,0.0,0.0
0.0,0.0,0.0,0.0,0.0,0.0
0.0,0.0,0.0,0.0,0.0,0.0
0.0,0.0,0.0,0.0,0.0,0.0
0.0,0.0,0.0,0.0,0.0,0.0
0.0,0.0,0.0,0.0,0.0,0.0
0.0,0.0,0.0,0.0,0.0,0.0
0.0,0.0,0.0,0.0,0.0,0.0
0.0,0.0,0.0,0.0,0.0,0.0
0.0,0.0,0.0,0.0,0.0,0.0
0.0,0.0,0.0,0.0,0.0,0.0
0.0,0.0,0.0,0.0,0.0,0.0
0.0,0.0,0.0,0.0,0.0,0.0
0.0,0.0,0.0,0.0,0.0,0.0
0.0,0.0,0.0,0.0,0.0,0.0
0.0,0.0,0.0,0.0,0.0,0.0
0.0,0.0,0.0,0.0,0.0,0.0
80.1,107.1,151.5,151.9,182.6,149.0
89.5,125.3,147.5,147.8,166.2,146.0
83.7,163.8,141.6,141.7,150.6,140.9
96.9,154.5,141.2,141.3,147.8,140.6
263.2,263.2,263.2,263.2,263.2,263.2
263.2,263.2,263.2,263.2,263.2,263.2
222.2,275.3,268.7,268.5,276.3,268.6
149.9,327.6,268.4,267.1,296.9,269.4
106.6,619.4,237.7,235.6,392.7,233.3
82.8,612.2,215.2,217.2,372.6,202.5
82.2,517.2,213.8,215.8,370.1,201.1
87.6,117.1,227.6,229.8,394.2,214.2
81.4,108.8,211.6,213.6,366.4,199.1
78.6,105.0,204.2,213.9,353.6,192.1
87.4,116.8,227.1,913.6,393.2,213.6
72.2,96.5,187.7,868.7,325.1,176.6
84.7,113.2,226.6,896.3,392.6,207.2
146.9,141.3,846.1,952.3,1445.2,292.7
141.1,127.2,815.7,935.1,1387.0,270.8
156.7,149.7,853.9,984.3,1458.3,311.6
437.0,113.4,783.2,910.4,1336.0,552.6
408.4,117.1,791.0,919.7,1382.1,533.0
392.5,115.1,788.0,785.8,1390.5,516.9
377.9,95.7,748.1,187.8,1321.3,481.4
407.0,128.2,813.4,251.6,1434.5,545.6
376.0,83.7,620.9,164.3,1096.2,466.5
395.4,111.1,216.0,218.1,374.1,515.5
402.4,118.9,231.2,233.4,1248.8,531.0
322.7,91.2,177.3,179.0,1291.2,421.3
96.8,129.3,251.5,253.9,899.3,236.7
403.0,119.5,245.8,235.7,371.8,258.8
451.0,133.5,271.6,263.1,421.9,280.4
298.5,147.0,297.9,289.6,467.5,305.2
125.7,113.1,231.2,806.2,354.6,241.0
108.3,128.6,253.4,929.3,425.3,510.4
72.2,96.5,187.7,508.4,325.1,484.2
76.6,102.4,199.0,200.9,344.6,332.2
93.8,125.4,243.8,246.1,422.1,229.4
67.5,90.2,175.4,177.1,303.8,165.1
84.3,112.7,219.2,221.3,379.5,206.2
79.8,106.7,207.5,209.4,359.2,195.2
75.2,100.5,195.5,197.3,338.5,183.9
87.3,116.7,226.9,229.1,392.9,213.5
139.9,125.5,256.7,247.4,393.4,267.7
150.5,139.7,284.3,275.2,441.2,293.7
143.7,137.0,755.1,269.9,435.4,284.9
137.5,125.5,809.6,247.3,394.9,265.8
105.8,543.0,496.5,233.6,389.2,231.4
78.7,597.3,204.6,206.6,354.3,1065.9
84.3,344.6,219.2,221.3,379.5,2166.5
89.0,118.9,231.2,233.4,400.3,2324.9
339.8,110.7,216.5,217.3,369.5,1551.4
1242.0,562.4,1191.3,1120.4,1233.4,1508.2
559.3,252.3,508.6,1051.5,808.0,1722.5
480.6,215.3,421.3,1086.4,718.7,401.9
542.5,644.9,469.5,1145.4,813.1,441.8
1038.6,760.4,552.0,1202.2,902.6,544.2
1084.8,725.0,472.9,476.0,767.7,471.2
765.9,726.2,459.9,453.2,748.0,457.6
710.1,537.8,891.3,890.9,1088.8,881.1
716.4,252.8,500.9,497.0,829.7,490.6
182.4,243.8,474.0,478.5,820.7,446.0
0.0,0.0,0.0,937.1,0.0,0.0
341.1,142.1,341.1,2387.3,329.7,454.8
48.6,48.6,48.6,48.6,48.6,48.6
0.0,0.0,0.0,0.0,0.0,0.0
0.0,0.0,0.0,0.0,0.0,0.0
0.0,0.0,0.0,0.0,0.0,0.0
0.0,0.0,0.0,0.0,0.0,0.0
0.0,0.0,0.0,0.0,0.0,0.0
0.0,0.0,0.0,0.0,0.0,0.0
0.0,0.0,0.0,0.0,0.0,0.0
0.0,0.0,0.0,0.0,0.0,0.0
0.0,0.0,0.0,0.0,0.0,0.0
0.0,0.0,0.0,0.0,0.0,0.0
0.0,0.0,0.0,0.0,0.0,0.0
0.0,0.0,0.0,0.0,0.0,0.0
0.0,0.0,0.0,0.0,0.0,0.0
0.0,0.0,0.0,0.0,0.0,0.0
0.0,0.0,0.0,0.0,0.0,0.0
0.0,0.0,0.0,0.0,0.0,0.0
0.0,0.0,0.0,0.0,0.0,0.0
0.0,0.0,0.0,0.0,0.0,0.0
0.0,0.0,0.0,0.0,0.0,0.0
0.0,0.0,0.0,0.0,0.0,0.0
0.0,0.0,0.0,0.0,0.0,0.0
0.0,0.0,0.0,0.0,0.0,0.0
0.0,0.0,0.0,0.0,0.0,0.0
0.0,0.0,0.0,0.0,0.0,0.0
0.0,0.0,0.0,0.0,0.0,0.0
0.0,0.0,0.0,0.0,0.0,0.0
0.0,0.0,0.0,0.0,0.0,0.0
0.0,0.0,0.0,0.0,0.0,0.0
0.0,0.0,0.0,0.0,0.0,0.0
0.0,0.0,0.0,0.0,0.0,0.0
0.0,0.0,0.0,0.0,0.0,0.0
0.0,0.0,0.0,0.0,0.0,0.0
0.0,0.0,0.0,0.0,0.0,0.0
0.0,0.0,0.0,0.0,0.0,0.0
0.0,0.0,0.0,0.0,0.0,0.0
118.6,813.1,876.6,408.7,533.5,289.9
145.0,307.4,940.9,472.6,652.4,412.2
104.3,171.6,841.6,1939.7,469.4,570.9
178.5,270.1,1027.3,1454.6,910.8,754.8
95.5,156.5,859.7,250.6,2550.7,550.5
152.5,663.0,1888.2,280.4,818.2,610.8
150.2,538.6,1018.9,274.5,544.3,604.1
120.3,611.1,826.4,208.6,429.0,534.1
155.9,654.9,910.0,302.1,584.0,622.4
83.1,608.5,798.7,199.0,2023.3,501.3
79.2,605.5,1601.0,207.9,1351.0,500.1
89.4,617.2,1279.2,234.6,402.3,526.2
59.1,569.2,703.0,155.2,266.2,456.9
101.7,628.0,809.3,266.7,457.5,557.4
70.3,589.7,591.9,311.3,316.2,477.0
70.9,585.0,184.3,880.8,319.1,476.3
106.1,620.1,248.9,940.9,615.8,461.6
306.2,593.4,189.7,882.0,1309.4,309.6
259.8,653.9,323.7,1002.0,1512.5,2687.4
460.4,609.6,247.9,923.5,1395.1,667.1
453.7,603.9,243.5,909.3,1375.2,368.6
459.2,509.3,289.4,962.5,1469.7,396.0
537.1,77.8,151.3,834.5,1242.3,246.1
502.1,124.0,241.1,917.4,1401.6,2101.1
383.0,102.4,199.2,877.7,1336.6,1292.4
382.3,99.9,194.3,883.1,1316.9,182.8
404.6,126.5,246.1,927.6,1410.2,231.5
367.9,82.2,159.9,832.8,1276.0,150.4
391.9,112.8,219.3,887.7,1367.7,206.4
400.7,111.8,218.6,719.8,1349.8,208.5
461.1,135.7,277.9,267.5,1393.8,290.4
453.9,140.6,285.3,276.9,1173.4,293.3
436.5,123.7,251.8,243.7,390.3,260.4
365.4,135.9,274.2,267.5,434.5,278.7
75.8,101.3,197.0,198.9,341.2,185.4
82.8,110.7,215.2,217.2,372.6,202.5
73.4,98.2,190.9,192.7,330.5,179.6
86.9,116.2,225.9,228.1,391.2,212.6
83.0,110.9,215.6,217.7,373.4,202.9
73.2,97.8,190.2,192.0,329.3,178.9
91.0,121.6,236.5,238.7,409.5,222.5
64.5,86.3,167.7,169.3,290.4,157.8
185.5,186.4,375.2,367.0,598.6,379.3
165.8,163.4,329.7,321.7,522.4,335.0
145.4,136.2,276.8,268.2,430.8,285.3
160.8,159.9,322.3,314.8,512.4,326.7
68.5,85.1,166.7,167.1,283.4,159.7
95.3,127.4,247.6,250.0,428.8,233.0
76.7,102.5,199.3,201.2,345.1,187.5
67.0,89.5,174.0,175.7,301.3,163.7
115.9,154.9,301.3,304.1,521.7,283.5
163.8,218.9,425.7,429.7,737.1,400.5
61.9,82.7,160.9,162.4,278.5,151.4
93.2,124.6,242.4,244.7,419.7,228.0
140.5,139.3,280.8,274.2,445.9,284.9
144.3,131.4,268.1,258.9,647.0,278.5
161.1,157.1,317.5,309.4,1496.9,323.6
129.8,115.3,236.2,227.3,1356.0,247.1
118.0,138.4,273.0,271.9,860.1,265.2
67.1,89.6,174.3,176.0,301.8,164.0
86.2,115.2,355.4,226.0,387.7,210.7
85.3,114.0,781.6,223.7,383.8,208.5
77.3,103.4,761.0,202.9,348.1,189.2
88.6,118.4,457.1,232.4,398.6,289.7
75.4,100.7,195.9,358.5,339.2,495.4
158.2,113.8,221.3,907.8,383.3,519.3
414.6,232.6,229.6,911.9,378.8,351.8
469.8,645.2,300.1,567.9,465.9,310.0
267.9,629.1,267.5,258.9,414.7,276.5
324.6,577.4,742.5,1093.5,1237.2,723.4
150.7,162.6,324.2,1009.4,529.0,321.6
91.0,109.7,111.3,120.6,113.7,111.1
0.0,0.0,0.0,0.0,0.0,0.0
0.0,0.0,0.0,0.0,0.0,0.0
0.0,0.0,0.0,0.0,0.0,0.0
0.0,0.0,0.0,0.0,0.0,0.0
0.0,0.0,0.0,0.0,0.0,0.0
0.0,0.0,0.0,0.0,0.0,0.0
0.0,0.0,0.0,0.0,0.0,0.0
0.0,0.0,0.0,0.0,0.0,0.0
0.0,0.0,0.0,0.0,0.0,0.0
0.0,0.0,0.0,0.0,0.0,0.0
0.0,0.0,0.0,0.0,0.0,0.0
0.0,0.0,0.0,0.0,0.0,0.0
0.0,0.0,0.0,0.0,0.0,0.0
0.0,0.0,0.0,0.0,0.0,0.0
0.0,0.0,0.0,0.0,0.0,0.0
0.0,0.0,0.0,0.0,0.0,0.0
0.0,0.0,0.0,0.0,0.0,0.0
0.0,0.0,0.0,0.0,0.0,0.0
0.0,0.0,0.0,0.0,0.0,0.0
0.0,0.0,0.0,0.0,0.0,0.0
0.0,0.0,0.0,0.0,0.0,0.0
0.0,0.0,0.0,0.0,0.0,0.0
0.0,0.0,0.0,0.0,0.0,0.0
0.0,0.0,0.0,0.0,0.0,0.0
69.6,93.1,633.3,182.7,298.1,170.3
68.2,91.2,647.8,179.0,294.2,166.8
241.2,241.2,241.2,241.2,241.2,241.2
85.0,113.6,505.4,223.0,312.3,207.9
124.0,165.7,322.3,325.3,558.1,349.2
199.5,266.6,479.8,524.6,640.2,598.4
119.6,210.7,271.4,760.1,428.1,509.8
156.4,454.3,294.1,543.4,403.1,448.3
136.4,619.9,253.2,939.2,390.0,576.5
137.8,634.5,262.5,944.1,408.9,573.3
106.1,617.5,230.9,894.4,378.3,228.3
85.4,598.7,221.9,224.0,384.3,208.8
59.5,79.5,154.6,156.0,267.6,145.4
97.7,130.6,253.9,256.4,439.7,238.9
69.3,92.6,180.0,181.7,311.7,169.4
75.3,100.6,195.6,197.5,338.7,184.0
90.8,121.3,235.9,238.2,408.5,222.0
105.0,79.0,153.6,155.0,265.9,144.5
438.7,144.7,286.8,284.6,475.1,280.9
444.4,115.1,237.2,227.1,504.0,250.8
459.0,133.2,271.0,262.5,1416.4,279.9
463.6,142.5,289.1,280.7,1443.8,296.8
405.1,107.6,215.2,211.7,1359.0,214.9
79.1,105.7,205.5,207.4,1358.8,193.3
129.6,173.2,336.9,340.1,1552.4,317.0
162.0,216.5,420.9,424.9,728.9,396.1
104.6,139.9,271.9,274.5,470.9,255.9
91.3,122.0,237.2,555.7,410.7,223.2
68.5,321.6,178.2,869.4,308.5,167.6
90.4,622.3,234.9,926.7,406.8,221.0
99.3,618.1,230.1,584.3,384.9,223.4
135.8,371.9,235.0,224.2,350.4,250.1
168.1,166.5,335.7,327.7,532.8,340.7
117.7,102.3,210.3,201.8,318.5,365.1
122.6,128.3,256.7,252.4,415.0,570.2
86.1,115.1,482.5,225.9,387.5,524.0
74.7,99.8,758.2,195.9,336.0,344.0
81.2,108.5,775.2,213.0,365.4,198.6
222.4,105.2,495.0,206.4,814.1,192.4
399.3,114.7,223.0,225.2,1389.2,209.9
408.9,127.6,248.1,250.4,1432.6,233.4
289.0,170.4,331.4,334.6,1090.5,311.9
105.9,128.6,252.7,252.6,426.8,243.3
141.6,121.3,249.9,239.2,376.2,264.1
428.2,166.1,335.0,327.0,1637.8,340.0
483.0,495.8,336.6,902.2,1877.3,340.2
474.8,563.3,762.8,1014.8,2299.9,328.5
543.6,523.7,2193.9,681.8,2815.3,0.0
279.6,607.7,3095.9,676.6,2418.9,0.0
1673.6,1114.7,3196.1,1979.7,3090.4,2543.3
73.1,411.1,4339.0,630.8,2136.2,812.6
92.5,350.2,602.0,741.7,5064.6,1070.7
162.8,688.2,615.7,1321.5,0.0,1664.5
108.5,420.4,1175.8,1360.9,833.3,1101.1
282.6,505.9,856.8,1253.9,40.8,1074.8
833.3,833.3,833.3,833.3,833.3,833.3
833.3,833.3,833.3,833.3,833.3,833.3
887.4,563.3,855.4,847.5,851.8,994.6
912.0,448.1,851.3,844.5,847.8,1096.3
833.3,833.3,833.3,833.3,833.3,833.3
475.1,416.6,3.5,84.3,3.4,1223.1
683.0,778.9,480.4,1773.7,831.9,452.0
118.8,692.7,308.7,1853.2,1736.2,290.5
380.1,712.2,349.2,1424.3,1769.0,365.2
393.5,905.7,248.6,1683.0,1425.3,343.9
479.1,455.8,226.8,1222.6,1424.2,1191.6
833.4,573.0,869.8,890.7,1131.3,701.8
728.3,1052.7,990.6,232.2,1378.4,617.9
780.0,1313.9,920.9,358.4,916.6,483.1
0.0,0.0,0.0,0.0,0.0,0.0
0.0,0.0,0.0,0.0,0.0,0.0
0.0,0.0,0.0,0.0,0.0,0.0
0.0,0.0,0.0,0.0,0.0,0.0
0.0,0.0,0.0,0.0,0.0,0.0
0.0,0.0,0.0,0.0,0.0,0.0
0.0,0.0,0.0,0.0,0.0,0.0
0.0,0.0,0.0,0.0,0.0,0.0
0.0,0.0,0.0,0.0,0.0,0.0
0.0,0.0,0.0,0.0,0.0,0.0
0.0,0.0,0.0,0.0,0.0,0.0
0.0,0.0,0.0,0.0,0.0,0.0
0.0,0.0,0.0,0.0,0.0,0.0
0.0,0.0,0.0,0.0,0.0,0.0
0.0,0.0,0.0,0.0,0.0,0.0
0.0,0.0,0.0,0.0,0.0,0.0
0.0,0.0,0.0,0.0,0.0,0.0
0.0,0.0,0.0,0.0,0.0,0.0
0.0,0.0,0.0,0.0,0.0,0.0
0.0,0.0,0.0,0.0,0.0,0.0
0.0,0.0,0.0,0.0,0.0,0.0
0.0,0.0,0.0,0.0,0.0,0.0
0.0,0.0,0.0,0.0,0.0,0.0
116.7,116.7,116.7,116.7,116.7,116.7
116.7,116.7,116.7,116.7,116.7,116.7
116.7,116.7,116.7,116.7,116.7,116.7
116.7,116.7,116.7,116.7,116.7,116.7
14.1,5.9,14.1,11.7,13.6,18.8
0.0,0.0,0.0,0.0,0.0,0.0
0.0,0.0,0.0,0.0,0.0,0.0
140.4,187.7,364.9,368.4,631.8,343.3
222.3,297.1,577.8,1146.2,1000.5,543.7
217.9,291.2,566.2,1800.8,1946.0,532.8
203.0,271.3,527.6,2055.8,3022.0,496.4
77.2,103.2,200.7,879.3,1937.6,188.9
132.8,129.0,260.8,935.8,1278.5,266.1
157.7,149.3,303.0,983.7,1457.8,311.3
147.7,142.5,288.4,972.8,1445.4,294.8
139.4,128.1,818.8,939.5,1406.9,270.6
329.1,130.4,1963.7,935.6,1435.1,252.7
816.6,103.1,1672.3,881.6,1346.4,984.3
745.8,113.5,778.6,909.8,1370.2,1661.0
386.4,102.2,762.9,887.6,1332.1,1360.9
400.8,550.4,793.4,908.4,1392.4,527.1
398.2,603.8,779.3,898.5,1375.3,519.0
393.9,605.0,767.9,888.2,1355.3,511.9
404.8,630.0,805.5,923.6,1420.5,543.8
435.1,633.5,823.0,396.0,1400.0,570.8
488.4,673.6,913.1,342.6,1533.4,668.8
448.5,617.8,808.6,244.1,593.1,575.1
461.7,643.4,857.7,294.3,477.2,616.3
439.7,629.4,813.2,255.5,415.5,574.3
375.7,592.3,729.5,181.9,312.0,475.9
409.1,632.8,384.5,272.5,467.4,559.2
123.5,574.0,155.6,157.0,269.4,210.0
106.6,632.6,277.0,279.6,479.6,260.6
70.6,582.7,183.6,185.3,317.9,172.7
116.7,257.8,303.3,306.1,525.1,285.4
81.6,109.1,212.2,214.2,367.4,199.7
89.6,106.8,210.4,209.9,353.5,203.5
178.4,173.8,351.3,342.2,554.5,358.1
127.5,108.9,224.5,214.9,337.7,237.5
168.8,170.6,343.2,335.9,548.5,346.4
152.0,148.2,299.6,291.9,473.0,305.3
119.9,150.6,294.8,295.7,502.4,281.5
102.7,137.3,266.9,269.5,462.2,251.2
76.7,102.5,199.3,201.2,345.1,187.5
89.1,119.0,231.5,233.7,400.8,217.8
86.2,115.2,224.0,226.2,388.0,210.8
92.3,123.3,239.8,242.1,415.2,225.6
77.8,104.0,202.3,204.2,350.3,190.4
101.6,135.8,264.1,266.6,457.3,248.5
173.3,170.2,343.6,335.1,543.9,349.5
501.5,321.7,1145.2,632.6,1054.2,626.8
646.6,279.1,1118.3,548.8,913.7,544.8
601.1,285.3,1031.2,561.0,3123.6,558.1
1078.8,597.5,1875.8,1173.4,2273.3,1780.2
853.5,797.8,1239.6,2185.7,1957.7,1166.4
571.2,910.5,610.1,1592.3,1182.7,574.1
607.5,989.3,683.0,1218.3,859.2,642.7
0.0,1286.1,554.3,1714.1,0.0,521.6
0.0,763.5,0.0,1498.7,0.0,0.0
0.0,811.9,0.0,1593.8,0.0,0.0
164.2,219.5,985.1,430.9,739.0,401.6
227.9,272.3,1567.0,535.1,901.5,518.3
237.2,252.3,1398.2,496.4,818.9,501.8
63.3,26.4,929.5,52.7,61.2,84.4
341.4,24.9,1038.5,49.8,57.8,79.7
373.2,24.9,934.2,49.8,57.8,605.1
268.6,4.4,906.3,8.8,10.2,984.1
0.0,0.0,0.0,0.0,966.8,1123.0
0.0,0.0,0.0,0.0,2686.3,1128.5
0.0,0.0,0.0,0.0,2092.9,1030.3
0.0,0.0,0.0,0.0,0.0,0.0
0.0,0.0,0.0,0.0,0.0,0.0
0.0,0.0,0.0,0.0,0.0,0.0
0.0,0.0,0.0,0.0,0.0,0.0
0.0,0.0,0.0,0.0,0.0,0.0
0.0,0.0,0.0,0.0,0.0,0.0
0.0,0.0,0.0,0.0,0.0,0.0
0.0,0.0,0.0,0.0,0.0,0.0
0.0,0.0,0.0,0.0,0.0,0.0
0.0,0.0,0.0,0.0,0.0,0.0
0.0,0.0,0.0,0.0,0.0,0.0
0.0,0.0,0.0,0.0,0.0,0.0
0.0,0.0,0.0,0.0,0.0,0.0
0.0,0.0,0.0,0.0,0.0,0.0
0.0,0.0,0.0,0.0,0.0,0.0
0.0,0.0,0.0,0.0,0.0,0.0
0.0,0.0,0.0,0.0,0.0,0.0
0.0,0.0,0.0,0.0,0.0,0.0
0.0,0.0,0.0,0.0,0.0,0.0
0.0,0.0,0.0,0.0,0.0,0.0
0.0,0.0,0.0,0.0,0.0,0.0
0.0,0.0,0.0,0.0,0.0,0.0
0.0,0.0,0.0,0.0,0.0,0.0
0.0,0.0,0.0,0.0,0.0,0.0
0.0,0.0,0.0,0.0,0.0,0.0
0.0,0.0,0.0,0.0,0.0,0.0
0.0,0.0,0.0,0.0,0.0,0.0
0.0,0.0,0.0,0.0,0.0,0.0
0.0,0.0,0.0,0.0,0.0,0.0
0.0,0.0,0.0,0.0,0.0,0.0
130.2,115.8,237.2,910.1,466.6,248.0
157.2,155.1,313.0,1000.2,589.7,318.0
121.3,103.9,716.7,897.0,2838.6,226.2
110.2,151.6,1308.8,933.1,421.2,245.9
71.4,773.7,1311.7,884.6,321.1,445.5
82.5,142.5,1173.0,911.3,371.4,510.5
67.7,119.3,1829.6,781.6,304.5,367.0
88.1,894.5,846.9,827.5,396.6,215.5
520.5,695.7,1956.7,2044.8,2342.4,1552.1
130.3,174.1,2151.8,785.1,586.3,634.4
100.7,134.6,830.1,264.1,453.1,563.2
183.3,196.5,886.2,386.5,638.5,785.0
192.6,185.8,373.9,365.7,596.4,3135.9
351.3,121.2,247.7,238.9,380.6,688.6
180.0,171.8,345.5,338.2,552.5,762.2
126.4,111.3,225.8,219.3,353.4,3344.9
612.5,113.2,220.0,298.1,381.0,522.8
410.5,126.5,246.1,2419.1,2187.0,506.1
414.9,131.9,255.9,364.2,2442.4,244.4
477.0,670.1,434.2,530.6,2411.0,408.6
416.6,640.0,261.9,2749.8,1445.3,246.5
423.5,652.8,787.9,285.8,1500.8,266.4
380.3,590.0,757.8,184.8,1323.7,172.2
443.4,645.2,409.5,275.1,1448.9,274.0
481.3,659.9,317.7,308.3,1510.6,326.5
518.0,703.6,415.9,408.7,1682.3,416.2
313.4,855.3,418.6,411.4,1555.0,919.3
218.0,1082.3,444.3,438.0,723.5,1717.4
312.4,791.3,625.8,628.0,1964.9,713.1
2300.7,1249.5,2663.7,2123.0,3766.9,3716.6
1056.3,1145.2,1929.3,1222.8,1930.9,3526.0
350.6,303.6,676.0,598.8,944.1,657.9
219.7,203.1,706.6,400.2,640.9,427.8
243.7,742.1,1423.8,576.5,972.6,556.9
128.3,682.5,333.6,781.7,577.6,313.9
94.4,236.7,234.2,1369.4,400.2,223.2
172.6,162.8,330.6,1040.9,516.0,340.1
425.1,131.9,269.1,1548.5,414.9,279.5
525.7,214.3,429.4,2275.6,692.5,430.3
1592.6,850.3,1897.0,1689.0,2303.1,2288.7
343.8,291.3,601.2,574.7,901.2,637.5
215.2,268.3,525.7,527.0,1344.7,783.4
191.3,255.7,497.3,502.0,2009.5,787.3
0.0,0.0,0.0,0.0,104.4,73.1
0.0,0.0,0.0,0.0,593.4,0.0
0.0,0.0,0.0,0.0,1714.3,601.8
0.0,0.0,0.0,1062.9,0.0,763.2
177.9,0.0,0.0,4240.4,0.0,1761.4
367.3,353.8,59.8,5240.6,627.2,1598.9
373.2,443.5,205.4,4074.0,1045.3,84.4
375.6,560.6,2294.1,3645.7,2160.3,84.4
284.8,327.4,2274.1,2274.1,2461.6,79.7
59.8,24.9,1736.7,1253.3,1845.6,79.7
0.0,0.0,2030.5,1164.1,1018.6,0.0
0.0,0.0,0.0,1299.0,252.6,0.0
0.0,0.0,0.0,699.9,980.4,0.0
155.2,208.4,1237.8,1018.7,1678.1,384.3
204.1,272.8,1030.4,977.7,1122.6,1392.4
205.1,0.0,0.0,674.0,512.8,3608.0
558.1,0.0,0.0,0.0,0.0,2570.2
579.2,16.1,38.7,32.2,37.4,2566.8
693.6,29.3,70.3,58.6,68.0,1754.3
603.3,676.8,839.3,488.4,726.1,941.8
0.0,0.0,0.0,0.0,0.0,0.0
0.0,0.0,0.0,0.0,0.0,0.0
0.0,0.0,0.0,0.0,0.0,0.0
0.0,0.0,0.0,0.0,0.0,0.0
0.0,0.0,0.0,0.0,0.0,0.0
0.0,0.0,0.0,0.0,0.0,0.0
0.0,0.0,0.0,0.0,0.0,0.0
0.0,0.0,0.0,0.0,0.0,0.0
0.0,0.0,0.0,0.0,0.0,0.0
0.0,0.0,0.0,0.0,0.0,0.0
0.0,0.0,0.0,0.0,0.0,0.0
0.0,0.0,0.0,0.0,0.0,0.0
0.0,0.0,0.0,0.0,0.0,0.0
0.0,0.0,0.0,0.0,0.0,0.0
0.0,0.0,0.0,0.0,0.0,0.0
0.0,0.0,0.0,0.0,0.0,0.0
0.0,0.0,0.0,0.0,0.0,0.0
0.0,0.0,0.0,0.0,0.0,0.0
0.0,0.0,0.0,0.0,0.0,0.0
0.0,0.0,0.0,0.0,0.0,0.0
0.0,0.0,0.0,0.0,0.0,0.0
0.0,0.0,0.0,0.0,0.0,0.0
0.0,0.0,0.0,0.0,0.0,0.0
0.0,0.0,0.0,0.0,0.0,0.0
0.0,0.0,0.0,0.0,0.0,0.0
0.0,0.0,0.0,0.0,0.0,0.0
0.0,0.0,0.0,0.0,0.0,0.0
0.0,0.0,0.0,0.0,0.0,0.0
0.0,0.0,0.0,0.0,0.0,0.0
0.0,0.0,0.0,0.0,0.0,0.0
0.0,0.0,0.0,0.0,0.0,0.0
0.0,0.0,0.0,0.0,0.0,0.0
0.0,0.0,0.0,0.0,0.0,0.0
97.8,130.7,254.1,256.5,440.0,239.1
103.7,138.6,269.5,272.1,466.7,253.6
152.7,149.1,301.3,293.6,476.0,306.9
155.9,147.0,298.4,289.5,465.7,307.0
167.4,168.7,339.4,332.1,542.1,342.9
441.7,532.2,1046.9,1426.7,1764.3,1009.9
305.1,629.9,697.3,1375.2,1161.8,679.6
165.6,717.3,430.5,719.8,745.5,405.1
138.9,393.1,361.0,364.5,625.2,339.7
103.6,138.5,269.4,271.9,466.5,253.5
130.9,175.0,340.3,343.5,589.3,320.2
105.9,141.5,275.2,277.9,476.6,259.0
147.6,197.3,383.6,387.3,664.3,361.0
134.0,179.1,348.3,351.6,1157.4,327.7
325.7,178.0,351.4,349.8,1578.7,341.7
524.3,221.8,444.7,436.5,1130.9,446.0
301.8,171.9,346.3,338.4,551.2,350.6
169.9,172.0,345.9,338.6,553.2,348.9
170.6,169.8,342.1,334.2,544.0,346.7
143.4,156.0,310.8,306.9,508.5,307.6
139.4,186.3,362.3,365.8,1456.9,600.2
209.9,280.5,545.5,550.7,1936.2,823.2
405.3,194.0,843.8,380.8,1637.3,662.5
334.8,145.1,839.9,284.8,1416.1,772.5
589.4,171.5,887.0,336.6,577.4,2572.6
143.4,178.7,869.2,350.7,601.6,436.8
155.5,195.4,380.0,383.7,658.1,461.4
552.7,401.3,397.4,658.9,584.0,3073.4
445.3,613.6,1267.5,920.5,405.3,274.2
250.2,276.2,598.0,543.2,973.9,541.6
170.4,172.8,393.4,340.1,2588.7,350.3
175.9,527.9,2242.5,354.5,679.3,363.7
200.2,544.4,1061.9,493.7,932.1,470.0
120.4,509.0,989.6,316.0,2981.5,597.3
148.6,198.6,386.2,389.9,668.7,668.6
154.5,1131.6,401.5,1647.0,695.2,507.4
116.9,1486.9,303.8,1273.7,526.1,285.9
0.0,522.6,0.0,1359.2,441.2,0.0
0.0,492.6,0.0,1212.9,969.1,0.0
0.0,753.0,0.0,683.1,976.6,0.0
0.0,0.0,0.0,0.0,0.0,0.0
0.0,0.0,0.0,0.0,0.0,0.0
0.0,0.0,0.0,0.0,0.0,0.0
0.0,0.0,0.0,0.0,0.0,0.0
614.2,626.9,1804.1,3643.3,3190.5,1803.6
678.3,334.8,1220.3,1091.7,1081.2,1309.5
0.0,0.0,0.0,0.0,0.0,0.0
0.0,0.0,0.0,0.0,0.0,0.0
505.3,302.4,588.0,1283.1,2021.1,553.2
610.2,315.4,613.2,1303.5,2064.9,577.0
544.0,265.2,515.6,1202.3,3486.9,485.1
252.8,0.0,0.0,671.4,2222.2,0.0
298.3,17.6,42.2,714.4,2167.2,56.3
416.1,29.3,70.3,743.0,2311.9,93.8
506.0,341.2,63.3,739.7,2740.7,84.4
459.9,524.5,59.8,736.8,2612.4,79.7
381.2,526.4,983.0,729.0,2194.7,79.7
49.2,522.0,759.8,725.4,2188.0,262.4
0.0,497.7,664.0,606.6,2551.5,312.3
0.0,495.8,725.3,0.0,2874.7,313.4
0.0,488.3,972.5,0.0,1800.9,1182.1
196.8,290.0,337.9,0.0,402.9,347.6
0.0,0.0,0.0,0.0,0.0,0.0
0.0,0.0,0.0,0.0,0.0,0.0
0.0,0.0,0.0,0.0,0.0,0.0
0.0,0.0,0.0,0.0,0.0,0.0
0.0,0.0,0.0,0.0,0.0,0.0
0.0,0.0,0.0,0.0,0.0,0.0
0.0,0.0,0.0,0.0,0.0,0.0
0.0,0.0,0.0,0.0,0.0,0.0
0.0,0.0,0.0,0.0,0.0,0.0
0.0,0.0,0.0,0.0,0.0,0.0
0.0,0.0,0.0,0.0,0.0,0.0
0.0,0.0,0.0,0.0,0.0,0.0
0.0,0.0,0.0,0.0,0.0,0.0
0.0,0.0,0.0,0.0,0.0,0.0
0.0,0.0,0.0,0.0,0.0,0.0
0.0,0.0,0.0,0.0,0.0,0.0
0.0,0.0,0.0,0.0,0.0,0.0
0.0,0.0,0.0,0.0,0.0,0.0
0.0,0.0,0.0,0.0,0.0,0.0
0.0,0.0,0.0,0.0,0.0,0.0
0.0,0.0,0.0,0.0,0.0,0.0
0.0,0.0,0.0,0.0,0.0,0.0
0.0,0.0,0.0,0.0,0.0,0.0
0.0,0.0,0.0,0.0,0.0,0.0
0.0,0.0,0.0,0.0,0.0,0.0
0.0,0.0,0.0,0.0,0.0,0.0
0.0,0.0,0.0,0.0,0.0,0.0
0.0,0.0,0.0,0.0,0.0,0.0
0.0,0.0,0.0,0.0,0.0,0.0
0.0,0.0,0.0,0.0,0.0,0.0
0.0,0.0,0.0,0.0,0.0,0.0
0.0,0.0,0.0,0.0,0.0,0.0
0.0,0.0,0.0,0.0,0.0,0.0
0.0,0.0,0.0,0.0,0.0,0.0
235.6,314.9,612.4,618.2,2052.1,576.2
147.8,197.6,384.2,387.8,1645.6,361.5
124.3,166.1,685.7,326.1,1524.6,303.9
193.8,259.1,1061.5,508.5,1811.1,474.0
124.0,165.7,873.7,325.3,1485.7,303.2
80.0,106.9,750.9,209.9,1295.1,195.6
111.2,135.7,794.7,266.6,1382.2,256.3
173.0,488.9,858.9,327.9,809.0,344.8
158.1,649.0,835.8,301.6,488.0,316.3
137.1,618.5,784.7,252.8,405.9,268.9
183.2,672.6,537.6,373.7,613.4,381.6
116.3,579.6,223.5,217.0,349.4,229.6
316.9,618.1,300.0,302.8,519.4,282.3
390.1,574.8,208.5,210.4,361.0,196.2
407.0,600.2,261.7,264.1,453.1,246.2
389.7,257.2,228.9,231.1,396.4,215.4
398.4,140.3,272.8,275.4,472.4,256.7
360.9,95.0,184.7,186.5,319.9,375.3
416.9,166.6,324.0,770.4,561.0,614.8
433.0,128.2,262.0,934.5,402.5,579.1
252.8,163.1,329.1,995.1,521.4,636.2
158.1,156.3,315.3,971.4,500.2,613.5
151.0,146.8,296.8,934.6,468.3,592.6
196.8,213.1,415.8,1046.9,674.3,706.9
152.4,523.1,373.5,1017.5,636.0,648.0
212.1,553.1,551.2,1196.7,954.4,605.8
108.1,173.3,281.0,475.5,486.5,297.4
98.1,499.1,254.9,257.4,441.4,538.0
56.8,479.6,147.7,149.1,377.8,434.7
110.1,147.2,286.2,289.0,2526.6,288.2
66.5,88.9,172.9,174.5,2119.4,162.7
139.6,144.5,289.6,284.3,620.3,308.8
193.2,152.7,309.6,300.8,1677.3,1514.1
442.7,138.3,280.3,272.4,1747.3,1257.9
429.4,120.4,246.2,237.4,377.8,360.3
180.9,161.6,325.6,318.1,518.1,1654.6
102.5,163.9,221.4,218.6,361.9,1672.4
84.8,590.4,220.5,222.6,381.8,207.5
97.5,603.6,253.5,255.9,439.0,238.5
69.3,122.7,188.2,254.3,311.7,169.4
96.2,128.5,781.7,908.2,432.8,235.2
82.0,109.6,703.8,865.7,368.9,200.5
303.8,403.9,1368.1,834.3,1360.0,739.0
293.1,233.4,1578.4,474.8,778.3,437.1
489.7,258.8,1196.3,1572.7,840.7,1539.5
953.9,225.9,451.3,1307.3,733.1,1331.1
1099.8,26.4,63.3,145.0,61.2,937.3
612.8,24.9,59.8,1227.4,57.8,374.3
291.7,24.9,59.8,2489.3,57.8,244.7
419.8,245.2,477.4,2119.0,2711.7,450.5
324.6,0.0,0.0,679.4,516.6,0.0
349.3,0.0,0.0,608.5,942.7,0.0
365.1,1017.4,0.0,613.9,942.7,256.9
499.2,893.5,0.0,1416.9,527.9,298.1
523.5,543.6,1136.7,1571.3,0.0,1224.9
467.1,413.3,1834.8,1082.1,0.0,1202.7
685.7,308.4,1484.1,673.9,1058.6,694.2
670.5,27.8,1263.0,55.7,1466.9,656.3
508.1,26.4,671.4,52.7,1875.5,656.6
257.6,683.0,888.4,912.2,1376.1,882.8
59.8,24.9,59.8,405.0,4370.9,79.7
35.2,14.7,35.2,677.4,34.0,46.9
0.0,258.3,0.0,2012.1,0.0,0.0
0.0,246.2,0.0,643.1,0.0,0.0
0.0,0.0,0.0,0.0,0.0,0.0
0.0,0.0,0.0,0.0,0.0,0.0
0.0,0.0,0.0,0.0,0.0,0.0
0.0,0.0,0.0,0.0,0.0,0.0
0.0,0.0,0.0,0.0,0.0,0.0
0.0,0.0,0.0,0.0,0.0,0.0
0.0,0.0,0.0,0.0,0.0,0.0
0.0,0.0,0.0,0.0,0.0,0.0
0.0,0.0,0.0,0.0,0.0,0.0
0.0,0.0,0.0,0.0,0.0,0.0
0.0,0.0,0.0,0.0,0.0,0.0
0.0,0.0,0.0,0.0,0.0,0.0
0.0,0.0,0.0,0.0,0.0,0.0
0.0,0.0,0.0,0.0,0.0,0.0
0.0,0.0,0.0,0.0,0.0,0.0
0.0,0.0,0.0,0.0,0.0,0.0
0.0,0.0,0.0,0.0,0.0,0.0
0.0,0.0,0.0,0.0,0.0,0.0
0.0,0.0,0.0,0.0,0.0,0.0
0.0,0.0,0.0,0.0,0.0,0.0
0.0,0.0,0.0,0.0,0.0,0.0
0.0,0.0,0.0,0.0,0.0,0.0
0.0,0.0,0.0,0.0,0.0,0.0
0.0,0.0,0.0,0.0,0.0,0.0
0.0,0.0,0.0,0.0,0.0,0.0
0.0,0.0,0.0,0.0,0.0,0.0
0.0,0.0,0.0,0.0,0.0,0.0
0.0,0.0,0.0,0.0,0.0,0.0
0.0,0.0,0.0,0.0,0.0,0.0
0.0,0.0,0.0,0.0,0.0,0.0
0.0,0.0,0.0,0.0,0.0,0.0
0.0,0.0,0.0,0.0,0.0,0.0
269.8,767.5,638.1,600.8,3425.9,881.9
197.6,673.0,1397.6,476.7,678.2,706.7
201.6,722.7,544.7,2456.5,845.2,766.9
255.2,804.8,706.6,767.1,1148.3,913.9
88.5,584.0,1426.6,319.1,398.4,507.5
65.9,577.9,171.3,2566.1,296.6,527.8
102.8,1217.2,267.2,269.8,462.7,2747.6
57.8,107.7,150.1,151.6,260.0,251.2
114.3,171.3,280.2,282.9,485.3,361.4
278.6,845.4,192.4,191.7,322.3,2878.8
160.5,137.3,277.3,745.5,426.6,286.9
159.3,143.1,290.2,916.9,454.1,297.9
376.8,128.7,261.7,891.3,407.4,269.7
135.3,125.9,256.1,893.5,397.7,264.4
110.7,128.5,253.9,890.3,423.5,247.2
71.3,95.3,185.3,827.4,320.9,174.4
83.8,112.1,217.9,865.5,377.3,205.0
83.1,111.0,215.9,860.9,373.9,203.2
285.0,91.1,177.2,178.8,1000.6,166.7
385.4,129.2,641.5,253.6,1358.8,236.4
357.0,89.8,694.2,176.2,1229.9,164.3
391.5,114.9,748.5,225.8,1318.1,220.3
448.8,144.5,823.0,284.7,1381.7,306.5
432.9,134.5,794.7,265.0,1358.3,280.3
421.5,116.2,761.1,228.9,1303.9,246.7
451.5,157.9,846.4,310.8,1440.6,323.0
98.3,95.8,719.5,188.6,305.5,197.3
97.6,130.4,253.6,256.1,439.2,238.7
68.7,91.8,178.6,180.3,309.2,168.0
85.3,114.0,221.8,223.9,384.0,208.7
78.9,105.5,205.2,207.1,355.3,193.1
88.7,118.5,230.5,232.7,399.1,216.9
56.9,76.1,148.0,149.4,256.3,139.2
110.4,147.6,287.0,289.7,496.9,270.0
127.2,108.6,223.8,214.2,336.4,236.8
161.7,157.8,318.9,310.8,503.9,324.9
133.1,119.7,244.7,235.9,375.4,255.1
150.8,146.6,296.4,288.7,467.5,302.4
124.6,121.3,245.1,238.8,386.8,250.0
95.9,128.2,249.4,251.7,431.8,234.6
55.1,73.6,143.1,144.5,247.8,134.7
114.6,153.2,297.8,300.7,515.7,280.2
54.7,73.1,142.1,143.5,246.1,133.7
98.1,131.1,254.9,257.4,441.4,239.9
72.9,246.4,189.4,396.0,1736.3,178.3
99.6,610.1,258.8,917.1,2197.8,243.5
214.4,708.1,467.3,1112.5,3257.2,461.8
253.5,373.0,557.6,678.8,3461.9,549.5
205.5,350.3,432.9,425.9,2764.6,525.3
357.8,797.8,616.8,796.2,1799.1,902.0
833.1,709.1,466.3,1129.0,761.7,758.0
891.8,657.4,524.3,1181.4,902.6,553.9
909.1,230.4,448.0,986.2,775.7,421.5
542.0,257.7,501.0,505.8,867.5,471.4
790.4,725.9,859.2,859.8,905.4,859.2
185.2,247.6,481.4,486.0,833.6,1522.2
164.2,637.7,426.8,430.9,739.0,1649.3
146.1,715.0,379.8,383.4,657.6,1808.2
38.7,676.4,38.7,853.2,37.4,905.8
70.3,496.2,70.3,1078.7,68.0,698.7
59.8,355.5,59.8,1346.0,57.8,79.7
63.3,26.4,63.3,969.2,61.2,84.4
59.8,24.9,59.8,698.8,57.8,79.7
218.4,275.7,690.1,541.5,920.7,514.5
134.9,180.4,898.0,354.1,607.3,330.0
179.2,115.2,661.7,226.0,368.1,210.7
0.0,0.0,0.0,0.0,0.0,0.0
0.0,0.0,0.0,0.0,0.0,0.0
0.0,0.0,0.0,0.0,0.0,0.0
0.0,0.0,0.0,0.0,0.0,0.0
0.0,0.0,0.0,0.0,0.0,0.0
0.0,0.0,0.0,0.0,0.0,0.0
0.0,0.0,0.0,0.0,0.0,0.0
0.0,0.0,0.0,0.0,0.0,0.0
0.0,0.0,0.0,0.0,0.0,0.0
0.0,0.0,0.0,0.0,0.0,0.0
0.0,0.0,0.0,0.0,0.0,0.0
0.0,0.0,0.0,0.0,0.0,0.0
0.0,0.0,0.0,0.0,0.0,0.0
0.0,0.0,0.0,0.0,0.0,0.0
0.0,0.0,0.0,0.0,0.0,0.0
0.0,0.0,0.0,0.0,0.0,0.0
0.0,0.0,0.0,0.0,0.0,0.0
0.0,0.0,0.0,0.0,0.0,0.0
0.0,0.0,0.0,0.0,0.0,0.0
0.0,0.0,0.0,0.0,0.0,0.0
0.0,0.0,0.0,0.0,0.0,0.0
0.0,0.0,0.0,0.0,0.0,0.0
0.0,0.0,0.0,0.0,0.0,0.0
0.0,0.0,0.0,0.0,0.0,0.0
0.0,0.0,0.0,0.0,0.0,0.0
0.0,0.0,0.0,0.0,0.0,0.0
99.6,133.1,258.8,261.3,448.1,243.5
56.4,75.4,146.6,147.9,253.8,137.9
190.4,397.8,263.7,263.1,443.1,255.0
236.4,504.4,70.3,58.6,68.0,93.8
580.6,493.9,63.3,52.7,61.2,84.4
468.3,490.6,59.8,49.8,57.8,79.7
632.7,484.9,59.8,49.8,57.8,79.7
369.2,471.1,17.6,796.1,808.2,188.4
364.7,457.9,2.7,1666.0,1686.8,303.0
276.3,448.7,0.0,92.3,93.4,292.2
271.9,456.3,0.0,97.7,98.9,291.1
360.4,456.3,0.0,2290.1,2318.7,287.5
314.8,593.1,280.7,283.3,486.0,554.0
222.5,527.5,149.6,1484.0,259.0,425.9
411.1,586.7,264.3,1312.0,442.3,541.0
432.6,567.3,258.0,1150.9,395.6,554.1
432.6,574.1,1587.2,1180.8,413.5,561.0
428.2,576.1,1306.3,1217.5,2708.2,557.9
426.7,574.2,1159.5,983.4,2211.6,553.7
367.7,126.2,1100.4,898.6,2385.0,1707.6
372.7,367.5,1483.2,1550.7,2948.0,1476.5
344.0,1276.7,1405.7,1350.3,2839.1,2141.0
379.8,688.3,1869.4,891.2,2600.8,3236.4
346.0,577.8,2461.4,812.4,2439.0,1431.7
358.2,1288.0,1300.1,833.5,2894.4,993.0
367.0,599.4,789.5,858.7,2222.2,3447.3
378.1,483.5,1885.0,851.8,1271.1,1104.4
421.0,491.4,766.9,869.1,1312.5,779.9
423.7,622.9,799.1,905.4,1361.7,292.4
399.5,385.3,736.3,842.0,1238.0,233.3
177.0,154.8,817.2,921.8,1396.5,317.4
77.2,90.2,685.0,796.9,1202.5,173.1
79.4,106.1,715.4,830.4,1239.6,194.1
81.3,108.6,707.5,819.8,1251.8,198.7
72.9,97.5,688.0,800.6,1214.4,178.4
80.7,107.9,708.2,821.0,1249.3,197.4
79.6,106.4,705.3,818.1,422.4,194.7
65.1,87.0,205.2,214.8,292.9,159.2
124.9,141.1,279.6,277.3,462.7,274.2
136.6,117.9,242.6,232.5,366.3,255.9
139.2,131.0,266.1,258.1,415.1,273.8
144.9,138.7,281.0,273.1,440.8,287.8
128.2,116.4,237.6,229.4,365.8,247.1
108.8,126.1,249.2,247.8,415.3,242.7
74.4,99.4,193.3,195.1,334.7,181.9
71.5,95.6,185.9,187.6,321.9,174.9
91.6,122.4,238.1,240.3,412.2,224.0
147.8,197.6,384.2,387.8,665.3,361.5
171.4,229.1,445.5,449.8,771.5,419.2
135.4,181.0,351.9,355.2,609.3,331.1
120.2,131.5,261.7,258.6,429.0,258.7
262.1,288.8,574.2,567.9,943.3,566.6
157.8,152.6,308.8,300.6,486.3,315.4
147.1,141.6,286.7,278.9,450.7,293.2
117.0,101.5,208.6,200.1,315.5,219.8
126.6,149.8,295.3,294.4,495.3,286.2
63.6,85.0,165.3,166.9,286.2,155.5
99.7,133.2,259.1,261.5,448.6,243.8
77.7,103.8,201.9,203.8,349.6,190.0
88.5,118.3,230.1,232.2,398.4,216.5
72.2,96.5,187.7,189.5,325.1,176.6
96.6,419.5,577.7,652.7,434.8,236.2
80.1,542.0,685.5,797.1,285.8,172.4
180.6,589.6,821.4,915.6,564.1,363.4
296.1,337.5,668.2,663.5,1108.7,653.6
185.5,192.9,386.5,379.6,623.5,387.1
142.5,135.4,274.7,266.8,429.9,281.9
131.5,146.6,291.2,288.4,480.0,286.4
84.0,112.2,218.2,220.3,377.8,205.3
84.4,112.8,219.3,221.4,960.5,387.8
254.8,98.0,190.6,192.4,1238.8,463.3
377.4,124.9,242.9,245.2,1246.4,486.6
317.7,79.8,155.1,156.6,268.6,146.0
105.9,422.5,275.2,277.9,476.6,259.0
70.8,567.1,172.9,173.3,294.0,165.4
163.9,626.2,307.9,684.1,476.7,318.7
138.8,323.6,259.5,533.4,344.7,269.0
0.0,0.0,0.0,0.0,0.0,0.0
0.0,0.0,0.0,0.0,0.0,0.0
0.0,0.0,0.0,0.0,0.0,0.0
0.0,0.0,0.0,0.0,0.0,0.0
0.0,0.0,0.0,0.0,0.0,0.0
0.0,0.0,0.0,0.0,0.0,0.0
0.0,0.0,0.0,0.0,0.0,0.0
0.0,0.0,0.0,0.0,0.0,0.0
0.0,0.0,0.0,0.0,0.0,0.0
0.0,0.0,0.0,0.0,0.0,0.0
0.0,0.0,0.0,0.0,0.0,0.0
0.0,0.0,0.0,0.0,0.0,0.0
0.0,0.0,0.0,0.0,0.0,0.0
0.0,0.0,0.0,0.0,0.0,0.0
0.0,0.0,0.0,0.0,0.0,0.0
0.0,0.0,0.0,0.0,0.0,0.0
0.0,0.0,0.0,0.0,0.0,0.0
0.0,0.0,0.0,0.0,0.0,0.0
0.0,0.0,0.0,0.0,0.0,0.0
0.0,0.0,0.0,0.0,0.0,0.0
0.0,0.0,0.0,0.0,0.0,0.0
0.0,0.0,0.0,0.0,0.0,0.0
0.0,0.0,0.0,0.0,0.0,0.0
189.9,195.6,910.0,385.0,631.1,682.8
205.3,219.4,957.6,431.6,712.7,692.4
209.1,224.5,910.2,441.6,729.7,444.8
167.5,188.3,373.5,370.3,617.2,366.7
73.9,98.8,192.0,193.9,332.5,180.7
74.4,99.4,193.3,195.1,334.7,181.9
88.1,117.8,229.1,231.2,396.6,215.5
75.1,100.4,195.3,197.2,338.2,183.8
73.6,98.4,191.3,193.1,331.3,180.0
89.1,119.1,231.6,233.8,401.1,218.0
62.7,83.8,163.0,273.4,282.2,153.4
213.8,237.4,320.3,951.9,503.6,327.6
424.3,585.5,245.0,868.7,375.9,255.4
427.7,592.4,268.8,896.0,419.8,276.4
436.2,604.0,287.7,845.0,452.4,294.2
387.6,534.0,249.9,242.3,389.6,257.2
79.1,105.7,205.5,207.4,355.8,193.3
85.1,113.7,221.0,223.2,382.8,208.0
64.6,86.3,167.9,169.5,290.7,157.9
99.7,133.3,259.2,261.7,607.2,243.9
66.2,88.5,172.0,173.6,1229.2,161.8
79.9,106.8,207.6,209.6,1279.5,195.3
85.0,113.6,220.9,223.0,1306.3,207.9
124.2,120.7,244.1,237.8,1207.1,249.0
151.0,140.4,285.7,276.7,443.6,295.1
142.6,132.3,269.3,260.7,418.0,278.3
129.3,117.9,240.5,232.3,370.7,249.8
155.7,153.1,309.1,301.5,489.6,314.3
79.1,99.3,194.3,194.9,331.1,185.6
76.2,101.8,198.0,199.9,342.9,186.3
91.4,122.1,237.5,239.8,411.2,223.5
67.7,90.5,176.0,177.7,304.8,165.6
90.0,120.3,233.9,236.1,405.1,220.1
77.4,103.5,201.2,203.1,348.4,189.3
75.2,100.5,195.5,197.3,338.5,183.9
131.9,140.8,281.0,276.9,457.1,279.6
147.2,132.0,270.1,260.3,413.9,281.7
131.6,120.9,246.5,238.3,381.1,255.4
160.7,159.8,322.1,314.7,512.1,326.6
125.4,109.4,224.7,215.7,340.7,236.3
114.7,137.1,269.9,269.4,454.0,260.9
72.7,97.2,189.0,190.8,327.3,177.9
111.0,148.4,288.5,291.3,499.6,271.5
114.1,152.5,296.5,299.4,513.5,279.0
151.7,632.7,394.3,398.1,1191.9,371.1
136.9,1135.0,355.7,359.1,1562.4,334.7
168.7,1173.9,438.5,442.7,1713.3,412.6
88.8,330.8,180.1,176.2,347.9,181.8
218.7,227.6,455.9,447.9,735.7,456.6
307.8,353.2,698.7,694.2,1161.5,682.3
442.8,536.8,1055.2,1054.7,1781.5,1016.4
152.1,148.4,299.8,292.2,473.5,305.6
181.7,217.0,427.3,426.4,718.5,413.1
156.8,209.6,604.7,411.4,705.6,383.4
204.4,126.7,785.1,248.7,426.6,231.8
422.3,164.3,849.8,322.6,553.4,300.7
413.0,158.2,545.2,343.2,532.8,448.6
247.4,154.3,300.1,1914.7,519.7,578.2
115.1,159.7,290.7,1595.8,503.3,571.6
310.2,677.0,342.4,438.4,922.1,352.1
315.3,589.6,368.4,807.2,1574.9,410.9
175.9,197.6,336.3,944.7,1896.3,1449.2
206.7,235.6,427.0,1559.5,1376.8,1194.4
155.3,169.1,1090.0,1007.0,545.2,400.7
186.1,186.1,186.1,186.1,186.1,186.1
0.0,0.0,0.0,0.0,0.0,0.0
0.0,0.0,0.0,0.0,0.0,0.0
0.0,0.0,0.0,0.0,0.0,0.0
0.0,0.0,0.0,0.0,0.0,0.0
0.0,0.0,0.0,0.0,0.0,0.0
0.0,0.0,0.0,0.0,0.0,0.0
0.0,0.0,0.0,0.0,0.0,0.0
0.0,0.0,0.0,0.0,0.0,0.0
0.0,0.0,0.0,0.0,0.0,0.0
0.0,0.0,0.0,0.0,0.0,0.0
0.0,0.0,0.0,0.0,0.0,0.0
0.0,0.0,0.0,0.0,0.0,0.0
0.0,0.0,0.0,0.0,0.0,0.0
0.0,0.0,0.0,0.0,0.0,0.0
0.0,0.0,0.0,0.0,0.0,0.0
0.0,0.0,0.0,0.0,0.0,0.0
0.0,0.0,0.0,0.0,0.0,0.0
0.0,0.0,0.0,0.0,0.0,0.0
0.0,0.0,0.0,0.0,0.0,0.0
0.0,0.0,0.0,0.0,0.0,0.0
0.0,0.0,0.0,0.0,0.0,0.0
0.0,0.0,0.0,0.0,0.0,0.0
0.0,0.0,0.0,0.0,0.0,0.0
0.0,0.0,0.0,0.0,0.0,0.0
0.0,0.0,0.0,0.0,0.0,0.0
0.0,0.0,0.0,0.0,0.0,0.0
0.0,0.0,0.0,0.0,0.0,0.0
73.4,98.1,190.7,192.6,330.3,179.5
91.9,122.9,238.9,241.2,413.7,224.8
69.5,92.9,180.7,182.4,312.9,170.1
89.7,119.9,233.2,235.4,403.8,219.4
91.4,112.4,220.6,220.8,373.9,211.7
142.4,122.5,252.1,241.5,1058.8,266.2
599.3,746.1,1462.1,1465.5,3425.0,1611.3
177.1,178.5,359.1,351.4,1508.6,656.2
160.8,160.0,322.4,315.0,1451.5,619.1
159.4,164.5,329.8,323.7,1465.9,624.5
106.9,142.9,277.8,280.5,1412.4,553.6
86.3,115.3,224.2,226.3,720.0,502.0
170.7,228.1,443.5,447.7,768.0,521.0
209.7,280.3,545.0,550.2,943.8,512.9
153.7,205.4,399.3,403.1,691.5,375.8
145.3,194.3,377.8,381.4,654.1,355.4
91.3,122.1,237.3,239.6,411.0,223.3
172.9,179.3,359.4,352.9,579.3,360.2
196.0,200.5,402.5,394.6,645.9,405.0
177.3,182.0,365.2,358.1,586.6,367.1
191.0,539.6,400.8,394.1,648.3,400.6
402.1,668.4,398.2,391.5,643.8,398.2
403.7,615.0,286.7,289.4,496.4,269.7
439.9,666.8,765.5,854.0,664.5,361.1
404.5,616.1,817.0,937.1,500.1,271.8
426.7,645.4,875.5,995.7,605.1,490.2
450.5,379.0,942.5,1063.8,717.5,679.8
136.9,182.9,355.7,359.1,616.0,598.7
137.2,183.4,356.6,360.0,617.5,623.1
229.7,252.0,501.3,495.5,822.3,790.9
225.9,243.7,776.5,479.4,793.1,609.3
299.5,342.1,1199.0,1027.7,1124.3,662.1
218.2,236.7,946.7,1103.2,770.8,467.2
205.5,679.7,438.5,1012.9,713.6,436.1
166.3,689.0,1464.5,423.7,1240.1,398.9
141.5,392.8,1424.2,371.4,1564.6,346.2
1263.2,662.9,1916.2,2593.8,2590.2,1849.3
590.4,201.6,405.3,1687.8,1568.1,409.0
448.4,132.8,273.0,770.0,1359.9,287.2
218.5,122.0,237.2,239.5,818.0,223.2
138.5,185.1,359.9,363.3,623.2,338.6
141.6,395.9,278.2,270.9,438.6,283.8
177.3,639.4,354.1,345.7,562.0,359.4
194.2,623.7,403.6,396.3,650.4,404.6
141.1,133.6,271.1,263.2,423.7,278.6
416.2,282.3,560.9,555.1,922.8,552.6
528.6,312.6,609.1,613.7,1049.4,575.9
406.0,189.9,369.3,372.8,639.5,347.5
1370.3,795.5,1429.2,1383.4,1489.9,1517.1
1033.8,430.8,1332.9,861.5,999.4,2754.7
970.5,404.4,1619.6,808.8,938.2,2985.5
935.6,369.2,1520.1,1591.7,1745.5,1823.3
594.7,918.4,288.4,1138.4,1544.3,978.1
379.0,464.9,73.8,1363.5,1692.8,873.0
373.2,502.4,70.3,1569.7,68.0,878.0
544.9,378.6,70.3,830.6,942.6,619.2
0.0,0.0,0.0,0.0,0.0,0.0
0.0,0.0,0.0,0.0,0.0,0.0
0.0,0.0,0.0,0.0,0.0,0.0
0.0,0.0,0.0,0.0,0.0,0.0
0.0,0.0,0.0,0.0,0.0,0.0
0.0,0.0,0.0,0.0,0.0,0.0
0.0,0.0,0.0,0.0,0.0,0.0
0.0,0.0,0.0,0.0,0.0,0.0
0.0,0.0,0.0,0.0,0.0,0.0
0.0,0.0,0.0,0.0,0.0,0.0
0.0,0.0,0.0,0.0,0.0,0.0
0.0,0.0,0.0,0.0,0.0,0.0
0.0,0.0,0.0,0.0,0.0,0.0
0.0,0.0,0.0,0.0,0.0,0.0
0.0,0.0,0.0,0.0,0.0,0.0
0.0,0.0,0.0,0.0,0.0,0.0
0.0,0.0,0.0,0.0,0.0,0.0
0.0,0.0,0.0,0.0,0.0,0.0
0.0,0.0,0.0,0.0,0.0,0.0
0.0,0.0,0.0,0.0,0.0,0.0
0.0,0.0,0.0,0.0,0.0,0.0
0.0,0.0,0.0,0.0,0.0,0.0
0.0,0.0,0.0,0.0,0.0,0.0
0.0,0.0,0.0,0.0,0.0,0.0
0.0,0.0,0.0,0.0,0.0,0.0
0.0,0.0,0.0,0.0,0.0,0.0
0.0,0.0,0.0,0.0,0.0,0.0
0.0,0.0,0.0,0.0,0.0,0.0
0.0,0.0,0.0,0.0,0.0,0.0
0.0,0.0,0.0,0.0,0.0,0.0
0.0,0.0,0.0,0.0,0.0,0.0
0.0,0.0,0.0,0.0,0.0,0.0
0.0,0.0,0.0,0.0,0.0,0.0
0.0,0.0,0.0,0.0,0.0,0.0
0.0,0.0,0.0,0.0,0.0,0.0
0.0,0.0,0.0,0.0,0.0,0.0
0.0,0.0,0.0,0.0,0.0,0.0
0.0,0.0,0.0,0.0,0.0,0.0
0.0,0.0,0.0,0.0,0.0,0.0
0.0,0.0,0.0,0.0,0.0,0.0
220.2,108.5,210.9,814.3,365.2,198.4
361.3,95.4,185.6,838.0,321.4,174.6
369.9,105.4,204.9,854.9,354.8,192.8
366.7,101.1,196.6,844.0,340.4,185.0
280.4,0.0,0.0,645.5,0.0,0.0
28.1,11.7,28.1,661.2,27.2,37.5
70.3,29.3,70.3,696.3,68.0,93.8
472.7,211.4,1194.4,1066.5,685.7,420.9
534.0,482.7,1561.5,1170.2,848.5,512.2
538.0,1174.8,1598.9,1188.6,896.7,806.1
441.3,1123.6,2303.3,1005.7,615.7,641.7
382.7,1056.4,2254.1,234.4,402.1,513.1
394.2,1057.7,837.1,273.8,469.7,548.6
363.5,98.4,191.3,193.1,776.2,473.4
372.5,102.6,199.5,1394.5,2147.8,477.6
718.0,107.7,701.4,1843.1,2240.3,486.8
771.5,129.4,784.0,1465.7,2309.8,532.5
611.7,558.9,744.1,850.6,2182.3,512.9
238.1,760.0,1034.6,1115.8,823.1,799.9
334.0,682.4,1300.5,769.2,1291.8,1042.5
347.1,409.0,806.6,803.7,1350.9,782.4
231.4,254.3,505.9,500.2,830.3,1326.5
109.3,130.0,256.1,255.4,1951.9,1313.5
104.2,139.3,270.9,273.5,2174.3,1077.3
85.7,114.5,222.6,224.7,1365.4,500.5
110.7,617.4,813.7,290.4,1437.0,561.7
125.5,167.8,326.3,329.4,565.0,307.0
223.7,299.1,581.5,587.0,1006.9,547.2
79.3,106.0,206.0,208.0,356.8,193.9
157.9,188.4,370.9,416.8,623.4,358.7
259.3,281.9,561.5,1202.5,918.4,555.9
160.2,155.9,315.1,955.0,497.2,321.3
176.2,180.5,362.3,482.3,581.7,364.4
173.0,176.2,354.0,772.0,567.3,658.2
141.1,162.8,321.8,962.8,535.7,608.4
85.3,114.0,221.6,861.4,383.8,503.1
111.7,149.3,328.4,933.3,502.6,330.8
105.0,140.3,803.1,926.1,472.4,449.9
115.4,125.9,775.0,431.2,423.9,522.6
443.1,198.5,490.0,389.7,1663.9,653.1
449.5,207.1,750.5,406.5,2567.5,669.9
214.3,199.6,916.0,391.9,2556.4,666.9
367.5,165.0,856.6,325.0,1665.8,427.7
491.7,211.7,946.8,416.4,2251.5,421.4
511.4,735.7,1007.0,468.0,2643.8,471.5
530.2,1199.8,676.5,520.4,1792.5,518.3
338.0,962.1,42.2,35.2,972.2,56.3
83.7,571.3,0.0,0.0,946.4,0.0
0.0,1076.0,0.0,0.0,267.7,0.0
0.0,1215.3,0.0,0.0,0.0,0.0
0.0,1076.0,0.0,0.0,0.0,0.0
0.0,920.3,0.0,0.0,0.0,1137.8
0.0,955.6,328.8,0.0,0.0,3006.2
675.4,715.2,964.1,440.1,754.9,3353.7
928.1,546.5,944.3,411.5,705.9,383.6
642.7,170.5,866.1,334.7,574.2,312.0
634.2,176.7,878.1,346.9,595.0,323.3
750.2,531.9,943.0,403.9,692.7,376.4
623.4,649.0,1232.6,1610.8,572.9,311.3
131.5,494.4,971.3,1657.1,591.7,321.5
137.9,184.3,1235.1,1489.4,1615.9,337.3
146.9,858.7,1113.5,1117.9,1403.9,359.2
331.0,887.1,1107.0,1111.3,1291.2,272.3
370.9,826.4,1074.7,980.6,1352.9,394.5
585.6,645.6,913.9,890.4,1309.1,311.9
0.0,0.0,0.0,0.0,0.0,0.0
0.0,0.0,0.0,0.0,0.0,0.0
0.0,0.0,0.0,0.0,0.0,0.0
0.0,0.0,0.0,0.0,0.0,0.0
0.0,0.0,0.0,0.0,0.0,0.0
0.0,0.0,0.0,0.0,0.0,0.0
0.0,0.0,0.0,0.0,0.0,0.0
0.0,0.0,0.0,0.0,0.0,0.0
0.0,0.0,0.0,0.0,0.0,0.0
0.0,0.0,0.0,0.0,0.0,0.0
0.0,0.0,0.0,0.0,0.0,0.0
0.0,0.0,0.0,0.0,0.0,0.0
0.0,0.0,0.0,0.0,0.0,0.0
0.0,0.0,0.0,0.0,0.0,0.0
0.0,0.0,0.0,0.0,0.0,0.0
0.0,0.0,0.0,0.0,0.0,0.0
0.0,0.0,0.0,0.0,0.0,0.0
0.0,0.0,0.0,0.0,0.0,0.0
0.0,0.0,0.0,0.0,0.0,0.0
0.0,0.0,0.0,0.0,0.0,0.0
0.0,0.0,0.0,0.0,0.0,0.0
0.0,0.0,0.0,0.0,0.0,0.0
0.0,0.0,0.0,0.0,0.0,0.0
0.0,0.0,0.0,0.0,0.0,0.0
0.0,0.0,0.0,0.0,0.0,0.0
0.0,0.0,0.0,0.0,0.0,0.0
0.0,0.0,0.0,0.0,0.0,0.0
0.0,0.0,0.0,0.0,0.0,0.0
0.0,0.0,0.0,0.0,0.0,0.0
0.0,0.0,0.0,0.0,0.0,0.0
0.0,0.0,0.0,0.0,0.0,0.0
0.0,0.0,0.0,0.0,0.0,0.0
0.0,0.0,0.0,0.0,0.0,0.0
0.0,0.0,0.0,0.0,0.0,0.0
0.0,0.0,0.0,0.0,0.0,0.0
453.3,616.1,1013.1,864.2,2502.2,530.2
1078.9,1257.0,1281.0,1258.6,1351.0,1226.2
691.5,631.6,1298.9,1179.6,1719.1,1233.9
435.4,135.4,964.5,1272.7,1780.3,2166.2
536.0,110.3,924.9,1501.2,3502.1,3020.5
590.4,91.1,177.2,886.8,2067.7,1374.5
596.4,166.7,324.1,1044.5,889.3,2451.2
631.0,169.7,330.0,951.8,571.4,3576.6
273.9,121.0,235.2,3140.7,407.3,3682.0
321.8,288.1,369.6,2066.2,640.0,3278.7
377.4,694.4,799.3,462.7,719.2,3654.0
281.6,411.0,506.9,1353.8,0.0,2063.5
293.4,341.2,528.1,2953.0,0.0,2020.8
296.9,450.6,534.5,3125.5,0.0,48.8
1422.2,939.8,1656.9,3612.7,1091.2,1505.1
359.1,501.5,905.0,3004.6,61.2,84.4
374.3,696.5,2060.6,2552.3,704.6,107.8
293.4,1380.5,1374.7,2441.7,2939.6,0.0
298.4,1260.3,715.2,1202.8,2595.7,479.0
230.1,790.6,1040.4,829.3,1079.6,562.8
185.0,687.7,1647.6,485.4,1728.2,452.4
187.6,980.0,1727.6,492.2,3206.9,458.8
177.9,1012.8,1471.8,466.8,3311.7,435.1
205.3,905.3,1686.8,538.7,2967.9,502.1
220.0,1015.7,1490.2,581.2,3328.3,542.8
161.1,788.6,1316.9,422.8,2582.3,394.1
170.0,227.2,441.8,446.0,765.0,415.7
197.4,263.8,513.0,534.2,888.3,482.7
244.9,327.4,636.5,4197.1,1102.3,599.0
116.4,155.6,302.5,869.8,523.9,284.7
121.5,162.4,315.8,1713.5,2408.5,297.2
101.5,135.7,263.8,284.5,5053.6,248.2
112.9,151.0,293.5,952.2,2045.0,276.2
92.5,123.6,240.3,906.3,2786.0,226.2
120.1,160.6,312.3,973.7,1498.5,293.8
144.3,203.9,370.7,1032.7,642.0,348.9
463.1,620.9,279.8,282.5,484.5,263.3
165.3,628.1,282.8,285.5,489.7,266.1
239.1,612.1,259.1,261.5,448.6,243.8
116.3,634.3,302.3,305.1,523.4,302.7
82.8,677.1,230.0,217.2,372.6,4201.3
779.5,1576.2,1534.7,896.7,1246.7,1829.3
952.4,543.0,1390.4,728.1,993.5,2853.1
483.8,588.7,2631.9,301.6,471.8,637.6
421.9,163.9,1139.6,321.7,551.9,599.2
403.4,139.2,968.0,273.2,468.7,4333.0
202.8,271.1,527.2,532.2,1078.8,3499.7
282.6,377.8,734.6,741.6,2241.0,904.9
216.8,289.7,563.3,568.7,1944.6,530.1
170.0,227.2,441.8,3805.1,1726.6,415.7
231.1,128.3,375.4,2921.8,1386.0,234.8
742.2,155.7,1273.8,495.5,1455.5,284.8
543.1,107.6,1337.6,211.2,388.6,196.8
228.9,496.7,2246.1,550.7,912.6,565.1
99.6,597.0,2179.4,326.5,448.4,546.5
107.6,143.8,941.9,1134.3,484.3,566.0
113.9,1201.9,709.7,1465.5,512.5,579.0
135.4,896.0,959.9,453.0,1926.3,629.4
230.8,367.8,599.8,817.3,2141.1,843.3
833.3,833.3,833.3,833.3,833.3,833.3
842.7,726.4,848.5,872.8,854.5,855.1
846.6,596.1,855.7,964.0,868.1,869.4
833.3,833.3,833.3,833.3,833.3,833.3
833.3,833.3,833.3,833.3,833.3,833.3
585.4,688.8,380.6,362.7,1826.9,1155.6
406.3,640.8,253.1,551.5,1157.7,1553.5
105.9,105.9,105.9,105.9,105.9,105.9
0.0,0.0,0.0,0.0,0.0,0.0
0.0,0.0,0.0,0.0,0.0,0.0
0.0,0.0,0.0,0.0,0.0,0.0
0.0,0.0,0.0,0.0,0.0,0.0
0.0,0.0,0.0,0.0,0.0,0.0
0.0,0.0,0.0,0.0,0.0,0.0
0.0,0.0,0.0,0.0,0.0,0.0
0.0,0.0,0.0,0.0,0.0,0.0
0.0,0.0,0.0,0.0,0.0,0.0
0.0,0.0,0.0,0.0,0.0,0.0
0.0,0.0,0.0,0.0,0.0,0.0
0.0,0.0,0.0,0.0,0.0,0.0
0.0,0.0,0.0,0.0,0.0,0.0
0.0,0.0,0.0,0.0,0.0,0.0
0.0,0.0,0.0,0.0,0.0,0.0
0.0,0.0,0.0,0.0,0.0,0.0
0.0,0.0,0.0,0.0,0.0,0.0
0.0,0.0,0.0,0.0,0.0,0.0
0.0,0.0,0.0,0.0,0.0,0.0
0.0,0.0,0.0,0.0,0.0,0.0
0.0,0.0,0.0,0.0,0.0,0.0
0.0,0.0,0.0,0.0,0.0,0.0
0.0,0.0,0.0,0.0,0.0,0.0
0.0,0.0,0.0,0.0,0.0,0.0
0.0,0.0,0.0,0.0,0.0,0.0
83.0,906.7,204.5,205.2,348.7,195.2
60.0,1642.3,155.8,157.3,269.9,146.6
115.4,1275.5,300.0,302.8,519.4,282.3
52.5,888.4,136.4,697.6,236.2,128.3
87.4,147.3,227.1,882.5,393.2,317.4
76.9,129.9,199.9,274.4,346.1,2025.7
338.2,624.0,675.6,219.5,376.6,522.1
354.2,288.5,1655.6,526.2,257.7,243.8
400.2,490.8,2149.6,1606.4,1652.6,1007.9
573.3,266.3,1624.8,1160.5,990.2,585.0
549.3,150.1,1386.9,605.7,2159.2,2118.3
503.5,103.7,201.6,203.5,634.8,952.8
1004.7,352.7,773.9,699.5,1892.9,2079.7
439.3,283.1,613.2,560.8,1858.1,2072.4
215.1,620.4,429.7,419.6,875.8,1510.7
117.2,619.4,280.5,283.2,2691.9,1294.4
244.3,161.0,518.0,212.5,1986.4,198.0
28.2,0.0,526.0,0.0,927.6,0.0
180.1,0.0,521.8,0.0,2136.1,170.9
302.0,0.0,254.5,0.0,1966.8,292.2
298.6,0.0,0.0,981.5,1916.8,289.9
437.2,176.3,342.9,1585.0,2490.0,464.0
226.5,212.1,412.4,3167.2,714.0,388.0
327.3,298.3,654.9,1975.6,938.4,632.1
1526.4,814.1,2652.7,1711.0,2159.8,2384.9
1483.1,1128.3,2511.3,2326.8,3394.1,2885.5
1679.7,1087.0,2329.2,2234.3,3270.2,2745.0
559.2,233.8,1166.3,2098.6,767.4,453.9
460.7,173.2,1297.2,1018.4,583.3,317.0
497.8,283.2,2230.6,1064.0,953.5,1133.6
638.0,187.7,1447.3,1021.8,632.1,1206.3
196.7,263.0,1804.4,1161.7,885.4,1290.9
0.0,0.0,0.0,142.6,0.0,699.2
522.0,369.5,0.0,0.0,0.0,1216.8
543.2,475.1,0.0,660.4,429.9,0.0
293.4,805.9,241.8,1221.2,931.4,0.0
64.8,575.3,523.9,1509.1,788.1,0.0
129.3,830.3,779.3,1631.1,581.8,316.2
103.8,986.6,269.8,1577.8,467.2,253.9
250.3,1214.1,301.4,304.3,521.9,514.6
128.2,171.4,333.3,336.5,1709.8,610.5
84.8,113.3,220.3,222.4,1969.3,500.7
139.6,186.6,362.7,366.2,2118.3,406.1
120.1,160.5,727.8,315.1,1827.2,293.7
131.8,176.1,876.9,345.7,3571.2,322.2
112.0,149.6,819.1,293.7,1454.1,273.8
117.7,157.4,422.6,308.9,1468.7,287.9
104.4,139.6,271.4,274.0,677.3,255.4
116.8,156.2,303.7,718.8,525.9,285.8
397.9,886.4,446.2,1106.4,1790.8,419.9
971.0,1292.5,597.5,1259.1,3167.6,562.2
1014.1,1022.2,504.1,1167.4,2009.7,474.4
759.3,791.2,0.0,642.9,1112.9,0.0
829.2,467.6,0.0,267.0,1938.0,0.0
299.3,496.6,0.0,0.0,954.0,0.0
292.2,633.5,0.0,0.0,954.0,0.0
286.4,558.1,1016.7,432.9,1700.3,403.5
88.4,445.0,1468.0,818.3,1320.6,209.5
215.1,672.7,980.8,1180.1,1447.9,503.4
449.8,342.2,1328.7,949.4,1303.7,626.1
227.2,299.1,1428.4,1252.8,1260.8,531.7
170.6,243.8,466.8,2052.1,1673.5,393.3
9.2,605.4,46.1,0.0,0.0,0.0
8.1,30.5,40.7,0.0,27.5,0.0
245.3,30.5,1226.4,27.1,93.4,0.0
0.0,28.8,0.0,92.3,1961.5,0.0
0.0,25.4,337.2,1937.3,98.9,0.0
108.7,911.7,1374.9,944.0,587.9,837.2
0.0,0.0,0.0,0.0,0.0,0.0
0.0,0.0,0.0,0.0,0.0,0.0
0.0,0.0,0.0,0.0,0.0,0.0
0.0,0.0,0.0,0.0,0.0,0.0
0.0,0.0,0.0,0.0,0.0,0.0
0.0,0.0,0.0,0.0,0.0,0.0
0.0,0.0,0.0,0.0,0.0,0.0
0.0,0.0,0.0,0.0,0.0,0.0
0.0,0.0,0.0,0.0,0.0,0.0
0.0,0.0,0.0,0.0,0.0,0.0
0.0,0.0,0.0,0.0,0.0,0.0
0.0,0.0,0.0,0.0,0.0,0.0
0.0,0.0,0.0,0.0,0.0,0.0
0.0,0.0,0.0,0.0,0.0,0.0
0.0,0.0,0.0,0.0,0.0,0.0
0.0,0.0,0.0,0.0,0.0,0.0
0.0,0.0,0.0,0.0,0.0,0.0
0.0,0.0,0.0,0.0,0.0,0.0
0.0,0.0,0.0,0.0,0.0,0.0
0.0,0.0,0.0,0.0,0.0,0.0
0.0,0.0,0.0,0.0,0.0,0.0
0.0,0.0,0.0,0.0,0.0,0.0
0.0,0.0,0.0,0.0,0.0,0.0
0.0,0.0,0.0,0.0,0.0,0.0
0.0,0.0,0.0,0.0,0.0,0.0
0.0,0.0,0.0,0.0,0.0,0.0
0.0,0.0,0.0,0.0,0.0,0.0
0.0,0.0,0.0,0.0,0.0,0.0
0.0,0.0,0.0,0.0,0.0,0.0
0.0,0.0,0.0,0.0,0.0,0.0
0.0,0.0,0.0,0.0,0.0,0.0
0.0,0.0,0.0,0.0,0.0,0.0
397.7,1045.0,962.5,963.5,1334.9,1025.9
183.0,1145.6,475.7,480.2,1927.7,1517.3
0.0,467.6,0.0,598.8,0.0,1178.0
293.2,465.7,0.0,640.3,0.0,0.0
688.9,469.5,490.0,642.9,871.0,0.0
621.9,656.8,1650.1,1008.1,1562.2,342.8
74.0,570.2,2508.9,839.6,1268.1,181.0
339.9,558.1,1951.8,823.2,1236.1,165.6
378.8,584.9,756.2,878.3,1333.8,214.6
370.0,575.3,730.3,847.0,1289.0,462.4
347.2,544.5,676.2,790.3,1195.5,428.4
402.9,617.7,810.5,935.3,1427.8,560.0
344.4,541.4,658.6,779.3,1164.6,415.8
381.3,587.2,755.6,1644.8,1332.9,505.4
370.3,575.7,731.0,2663.1,1290.2,484.3
372.4,578.5,738.7,2122.4,1303.7,490.7
355.5,211.5,690.7,807.9,1220.5,441.2
387.8,126.2,775.6,895.8,1367.5,523.1
362.6,90.9,707.0,357.3,1248.7,460.9
356.7,81.5,688.7,159.9,1217.0,442.5
397.8,138.0,414.7,270.9,724.9,547.1
347.0,70.0,136.1,137.4,235.7,423.8
382.2,117.1,227.8,229.9,394.4,508.9
156.7,100.7,195.9,197.7,339.2,478.9
84.6,113.0,219.8,221.9,380.5,501.4
57.2,76.4,148.6,150.0,257.2,221.1
99.5,133.0,258.7,261.1,447.9,243.4
66.0,88.2,171.4,173.1,296.9,161.3
66.3,88.6,172.3,173.9,298.3,162.1
99.5,132.9,258.5,261.0,447.6,243.2
57.8,77.3,150.3,151.7,260.2,141.4
84.7,113.2,220.0,222.1,381.0,207.1
76.2,101.9,198.2,200.1,343.2,186.5
89.0,118.9,231.2,233.4,400.3,217.5
54.7,73.1,142.1,143.5,246.1,133.7
105.7,141.3,274.8,277.4,475.9,258.6
63.0,84.3,163.9,165.4,283.7,154.2
70.6,94.3,183.4,185.2,317.7,172.6
97.4,130.2,253.1,255.5,438.2,238.1
61.4,82.1,159.6,161.1,276.3,150.1
81.4,108.8,211.6,213.6,366.4,199.1
76.5,102.2,198.7,200.6,344.1,187.0
91.8,122.7,238.5,240.8,413.0,224.4
131.0,175.2,340.6,343.8,589.8,320.5
204.2,273.0,530.7,535.8,919.0,499.4
111.5,149.1,289.8,292.6,501.9,272.7
104.1,139.2,270.7,273.2,468.7,254.7
163.3,218.2,424.4,428.4,734.8,399.3
295.4,394.8,767.7,775.0,1329.3,722.3
179.5,239.9,466.4,470.8,807.6,645.1
149.1,199.3,387.5,391.2,671.0,661.5
419.1,284.5,553.2,558.5,957.9,818.6
379.9,110.9,215.6,217.7,373.4,501.0
409.5,148.9,289.5,292.3,501.4,419.7
397.7,133.1,258.8,261.3,448.1,243.5
311.7,219.8,427.4,431.4,740.0,402.1
833.3,833.3,833.3,833.3,833.3,833.3
183.2,642.3,341.2,329.6,526.2,354.2
341.2,868.4,774.4,769.3,1287.1,756.2
80.2,584.2,579.6,210.4,361.0,196.2
136.8,418.5,890.1,359.0,615.7,334.6
89.8,120.1,770.1,689.4,404.3,219.7
105.0,140.4,809.6,928.8,472.6,256.8
833.3,833.3,833.3,833.3,833.3,833.3
852.7,601.2,868.7,902.6,885.6,889.2
860.0,466.9,886.6,926.1,911.7,948.7
861.4,478.7,897.8,863.0,934.1,965.0
851.2,470.8,875.7,850.6,1017.8,924.3
0.0,0.0,0.0,0.0,0.0,0.0
0.0,0.0,0.0,0.0,0.0,0.0
0.0,0.0,0.0,0.0,0.0,0.0
0.0,0.0,0.0,0.0,0.0,0.0
0.0,0.0,0.0,0.0,0.0,0.0
0.0,0.0,0.0,0.0,0.0,0.0
0.0,0.0,0.0,0.0,0.0,0.0
0.0,0.0,0.0,0.0,0.0,0.0
0.0,0.0,0.0,0.0,0.0,0.0
0.0,0.0,0.0,0.0,0.0,0.0
0.0,0.0,0.0,0.0,0.0,0.0
0.0,0.0,0.0,0.0,0.0,0.0
0.0,0.0,0.0,0.0,0.0,0.0
0.0,0.0,0.0,0.0,0.0,0.0
0.0,0.0,0.0,0.0,0.0,0.0
0.0,0.0,0.0,0.0,0.0,0.0
0.0,0.0,0.0,0.0,0.0,0.0
0.0,0.0,0.0,0.0,0.0,0.0
0.0,0.0,0.0,0.0,0.0,0.0
0.0,0.0,0.0,0.0,0.0,0.0
0.0,0.0,0.0,0.0,0.0,0.0
0.0,0.0,0.0,0.0,0.0,0.0
0.0,0.0,0.0,0.0,0.0,0.0
0.0,0.0,0.0,0.0,0.0,0.0
80.5,92.2,89.4,89.4,90.5,89.3
88.5,88.5,88.5,88.5,88.5,88.5
88.5,88.5,88.5,88.5,88.5,88.5
88.5,88.5,88.5,88.5,88.5,88.5
655.5,504.3,982.0,990.1,1695.1,926.8
182.4,243.8,474.0,478.5,1725.7,446.0
188.5,251.9,489.8,494.5,1794.7,460.9
140.9,188.3,366.2,369.7,1573.0,344.5
124.4,166.3,323.3,326.4,1434.6,304.2
55.8,74.6,145.1,146.5,251.3,136.6
78.0,104.3,202.7,204.7,351.1,190.8
86.3,115.3,224.2,226.3,388.2,211.0
71.2,95.2,185.0,186.8,320.4,174.1
74.6,99.7,193.9,195.7,335.7,182.4
81.9,109.4,212.8,214.8,368.4,200.2
79.3,106.0,206.2,208.1,357.0,194.0
56.6,75.7,147.1,148.5,254.8,138.4
106.9,142.9,278.0,280.6,481.3,261.5
50.5,67.5,131.3,132.5,227.3,123.5
90.1,120.4,234.2,236.4,405.5,220.4
74.4,99.5,193.5,195.3,335.0,182.0
74.2,99.2,192.9,816.9,334.0,181.5
74.5,99.6,702.6,846.1,335.2,465.0
81.0,108.2,742.8,858.0,364.4,493.8
75.5,100.9,724.3,799.5,339.7,478.0
66.3,88.6,664.4,173.9,298.3,435.5
99.0,132.4,257.4,259.8,445.7,242.2
51.2,68.4,133.0,134.2,230.3,125.1
99.6,133.2,258.9,261.4,448.4,243.6
65.6,87.7,170.6,172.2,295.4,160.5
79.0,105.6,205.3,207.3,355.5,258.0
76.0,101.5,197.5,199.3,341.9,485.1
80.7,107.9,209.8,211.7,363.2,494.3
71.2,95.2,185.2,186.9,320.6,321.5
77.7,103.9,202.0,204.0,349.8,190.1
88.1,117.8,229.1,231.2,396.6,215.5
52.6,70.3,253.3,138.0,236.7,128.6
105.8,141.4,813.7,277.6,476.1,258.7
58.6,78.3,686.8,296.3,263.7,143.3
83.5,111.5,482.0,877.4,375.6,204.1
74.7,99.8,194.0,849.1,543.4,182.6
82.2,109.9,213.6,539.7,1327.7,201.0
65.9,88.0,171.1,172.8,1246.6,161.0
149.5,113.2,220.0,222.1,852.4,207.1
381.2,109.5,212.9,214.9,368.7,200.3
353.2,75.2,146.1,147.5,253.0,137.5
255.1,247.8,280.2,282.9,485.3,263.7
59.2,558.0,153.8,155.3,266.4,144.8
115.6,629.6,300.4,303.3,520.2,282.7
101.8,371.7,264.5,267.0,458.0,248.9
88.8,118.8,230.9,233.1,399.9,217.3
65.9,88.0,171.1,172.8,296.4,161.0
86.8,116.0,225.5,227.6,390.4,212.2
83.6,111.7,217.2,219.3,376.1,204.4
57.4,76.7,149.1,150.5,258.2,140.3
105.8,141.4,274.9,277.6,476.1,258.7
60.1,80.4,156.3,157.8,270.6,147.0
88.8,118.7,230.8,233.0,399.6,217.1
75.0,100.3,195.0,196.9,337.7,183.5
86.0,115.0,223.6,225.7,387.2,210.4
66.8,89.3,173.7,175.4,300.8,163.5
86.7,115.9,225.3,227.5,390.2,212.0
83.7,111.8,217.5,219.5,376.6,204.6
57.9,77.4,150.4,151.8,260.5,141.5
103.4,138.2,268.7,271.2,465.2,252.8
60.0,80.2,156.0,157.5,270.1,146.8
89.5,119.6,232.5,234.7,402.6,218.8
341.0,455.8,886.2,894.6,1534.5,833.9
161.2,215.4,418.9,422.9,725.4,394.2
78.4,104.8,203.7,205.7,352.8,191.7
88.1,117.7,228.9,231.1,396.4,215.4
82.7,110.6,215.0,217.1,372.4,202.3
59.6,403.9,519.7,156.3,268.1,145.7
101.2,608.4,795.3,265.4,455.3,247.4
58.7,553.6,687.1,154.0,264.2,143.6
88.6,254.2,383.1,678.4,398.9,216.7
70.6,94.3,183.4,835.9,966.2,172.6
86.5,115.7,224.9,880.3,1335.9,211.6
63.7,85.1,165.4,353.7,1236.7,155.7
88.6,118.5,230.3,232.5,670.4,216.7
62.6,62.6,62.6,62.6,62.6,62.6
0.0,0.0,0.0,0.0,0.0,0.0
0.0,0.0,0.0,0.0,0.0,0.0
0.0,0.0,0.0,0.0,0.0,0.0
0.0,0.0,0.0,0.0,0.0,0.0
0.0,0.0,0.0,0.0,0.0,0.0
0.0,0.0,0.0,0.0,0.0,0.0
0.0,0.0,0.0,0.0,0.0,0.0
0.0,0.0,0.0,0.0,0.0,0.0
0.0,0.0,0.0,0.0,0.0,0.0
0.0,0.0,0.0,0.0,0.0,0.0
0.0,0.0,0.0,0.0,0.0,0.0
0.0,0.0,0.0,0.0,0.0,0.0
0.0,0.0,0.0,0.0,0.0,0.0
0.0,0.0,0.0,0.0,0.0,0.0
0.0,0.0,0.0,0.0,0.0,0.0
0.0,0.0,0.0,0.0,0.0,0.0
0.0,0.0,0.0,0.0,0.0,0.0
0.0,0.0,0.0,0.0,0.0,0.0
0.0,0.0,0.0,0.0,0.0,0.0
235.6,314.9,612.4,3024.1,1060.4,576.2
90.8,121.4,236.1,1428.6,408.8,222.1
122.3,163.5,317.8,1077.0,550.4,299.1
182.1,243.5,473.4,1234.1,819.8,445.5
102.9,137.6,267.5,999.3,463.2,251.7
68.9,92.1,225.3,1242.2,403.6,168.6
122.8,98.0,1064.3,2118.9,2099.3,179.3
384.6,117.1,493.7,229.9,932.9,214.3
361.2,90.6,225.0,177.8,403.9,165.7
374.0,99.8,242.9,195.9,434.9,182.6
390.3,121.7,274.6,238.9,486.7,222.7
368.8,121.8,541.6,182.4,1043.7,170.1
360.0,627.2,1121.1,159.4,2223.9,148.5
403.4,384.5,270.5,273.1,468.4,254.5
353.2,580.9,146.3,147.7,411.7,137.6
237.9,611.7,217.2,219.3,1326.3,308.1
74.4,602.1,193.5,195.3,1273.9,2197.3
84.2,816.9,218.8,220.8,1336.6,1101.1
52.2,1150.6,135.5,136.8,1192.5,530.8
115.1,620.4,364.2,277.7,1434.1,668.0
233.8,557.9,688.1,155.0,1223.7,529.3
130.3,578.1,728.4,202.2,1304.6,1299.8
92.6,357.6,753.9,217.2,1322.8,2669.1
87.0,103.2,739.5,202.7,841.6,488.2
75.8,91.2,716.0,179.0,307.0,463.8
157.8,114.4,761.2,224.6,385.2,363.7
272.0,106.1,745.1,208.3,357.3,194.1
63.8,85.2,700.2,167.3,287.0,155.9
91.4,122.2,515.5,239.9,411.5,223.6
69.8,93.2,181.3,183.0,313.9,170.6
82.1,109.8,213.5,215.5,369.6,200.9
67.0,89.5,174.0,175.7,301.3,163.7
98.3,131.4,255.5,257.9,442.4,240.4
51.2,68.4,133.0,134.2,230.3,125.1
96.2,128.5,249.9,252.3,432.8,235.2
71.1,95.1,184.9,186.6,320.1,174.0
82.6,110.4,214.8,216.8,371.9,202.1
67.8,90.6,176.2,177.8,305.0,165.7
96.4,128.8,250.5,252.9,433.8,235.7
65.2,87.1,169.4,171.0,293.4,159.4
78.7,105.2,204.5,206.4,354.0,192.4
90.5,121.0,235.2,237.4,407.3,221.3
73.9,98.8,192.0,193.9,332.5,180.7
106.9,142.9,278.0,280.6,481.3,261.5
163.9,219.1,1092.8,430.1,737.8,400.9
2188.8,204.1,1178.3,400.7,687.3,373.5
1091.5,189.9,1375.5,372.8,639.5,347.5
2366.7,755.4,1695.1,1501.2,3177.9,2062.8
977.2,234.5,466.6,461.1,3402.2,461.1
1033.9,545.1,1008.9,1008.6,1401.4,1004.8
1328.6,331.0,643.7,649.8,2444.0,605.7
1175.5,212.9,413.9,1090.9,2423.5,389.5
1256.7,203.7,396.1,1032.0,1738.9,372.7
956.7,371.6,722.5,994.0,1275.4,679.8
875.9,253.2,492.4,497.1,1385.7,1495.6
0.0,342.9,0.0,1601.0,1838.2,1218.0
133.5,163.2,0.0,149.1,162.0,164.9
0.0,0.0,0.0,0.0,0.0,0.0
0.0,0.0,0.0,0.0,0.0,0.0
0.0,0.0,0.0,0.0,0.0,0.0
0.0,0.0,0.0,0.0,0.0,0.0
0.0,0.0,0.0,0.0,0.0,0.0
0.0,0.0,0.0,0.0,0.0,0.0
0.0,0.0,0.0,0.0,0.0,0.0
0.0,0.0,0.0,0.0,0.0,0.0
0.0,0.0,0.0,0.0,0.0,0.0
0.0,0.0,0.0,0.0,0.0,0.0
0.0,0.0,0.0,0.0,0.0,0.0
0.0,0.0,0.0,0.0,0.0,0.0
0.0,0.0,0.0,0.0,0.0,0.0
0.0,0.0,0.0,0.0,0.0,0.0
0.0,0.0,0.0,0.0,0.0,0.0
0.0,0.0,0.0,0.0,0.0,0.0
0.0,0.0,0.0,0.0,0.0,0.0
0.0,0.0,0.0,0.0,0.0,0.0
0.0,0.0,0.0,0.0,0.0,0.0
0.0,0.0,0.0,0.0,0.0,0.0
0.0,0.0,0.0,0.0,0.0,0.0
0.0,0.0,0.0,0.0,0.0,0.0
0.0,0.0,0.0,0.0,0.0,0.0
0.0,0.0,0.0,0.0,0.0,0.0
0.0,0.0,0.0,0.0,0.0,0.0
0.0,0.0,0.0,0.0,0.0,0.0
0.0,0.0,0.0,0.0,0.0,0.0
0.0,0.0,0.0,0.0,0.0,0.0
0.0,0.0,0.0,0.0,0.0,0.0
0.0,0.0,0.0,0.0,0.0,0.0
0.0,0.0,0.0,0.0,0.0,0.0
0.0,0.0,0.0,0.0,0.0,0.0
0.0,0.0,0.0,0.0,0.0,0.0
0.0,0.0,0.0,0.0,0.0,0.0
0.0,0.0,0.0,0.0,0.0,0.0
71.0,434.3,184.6,186.3,347.1,173.7
79.6,114.9,206.9,208.9,457.2,194.7
56.1,105.5,145.7,174.2,2279.8,137.1
89.9,745.9,233.6,333.5,503.5,219.8
0.0,30.5,0.0,2002.4,93.4,219.2
681.5,28.8,0.0,97.7,98.9,296.9
340.8,941.4,0.0,92.3,82.4,298.1
352.6,481.0,0.0,97.7,2428.6,296.9
408.4,1378.9,307.4,391.7,532.3,582.7
79.5,494.1,206.7,2607.3,358.0,483.2
74.1,99.0,192.6,194.4,3400.6,471.1
68.3,91.3,571.9,179.1,1841.1,458.0
94.0,125.6,778.7,2034.6,2009.7,525.6
55.2,73.8,680.0,1039.0,1553.9,428.3
95.7,127.9,783.1,1176.1,430.6,521.5
61.9,83.8,704.0,927.6,281.8,433.2
82.8,110.7,783.8,217.4,372.9,202.6
66.3,88.7,1695.4,174.1,298.6,162.3
92.8,124.0,813.8,243.4,417.4,257.4
53.3,71.3,717.0,139.9,239.9,1906.9
100.2,130.3,2601.6,255.8,1140.1,3324.6
73.9,85.7,1610.7,650.5,1238.9,1129.0
493.6,449.9,2807.0,848.0,1288.0,994.7
389.4,585.7,969.0,873.0,1322.6,312.2
381.8,576.5,193.5,848.6,1273.9,273.6
372.0,562.3,169.6,816.7,1217.5,2858.0
391.8,590.1,234.6,872.0,1333.9,220.8
806.4,556.0,719.5,822.3,1248.0,172.1
685.9,547.5,703.7,804.7,1228.4,153.2
687.3,595.8,787.4,1450.5,1376.9,238.0
667.1,552.2,690.2,1675.2,1186.0,144.5
680.7,573.6,741.2,1621.3,1236.7,190.5
724.4,614.0,840.3,1730.7,518.4,281.7
914.5,892.4,1414.6,1693.8,3400.9,822.2
547.1,550.9,1072.7,1381.1,3382.9,500.5
117.3,602.5,848.0,1098.6,2823.7,287.0
104.0,538.6,809.1,1171.3,2827.5,254.4
100.3,551.5,362.6,263.3,2801.8,245.4
320.5,841.9,832.9,840.8,3851.6,783.7
75.1,530.4,195.2,197.0,2655.8,183.6
66.7,491.9,173.3,174.9,2802.6,968.7
420.3,621.0,317.6,320.6,1515.2,1414.6
403.3,137.4,267.2,269.8,1420.5,1279.5
296.9,0.0,0.0,0.0,181.0,1061.8
298.1,0.0,0.0,0.0,0.0,1055.9
299.3,0.0,0.0,0.0,0.0,1087.3
300.5,477.0,539.3,655.9,0.0,1037.5
300.5,480.8,866.5,661.0,0.0,1137.8
300.5,475.1,777.0,653.3,546.8,301.7
301.7,477.0,811.6,655.9,954.0,299.3
299.3,478.9,804.1,658.5,950.2,56.6
249.5,738.7,1337.7,1167.4,1117.4,559.2
186.3,729.8,1267.5,1149.9,838.6,765.6
0.0,480.8,0.0,661.0,0.0,301.7
0.0,482.6,0.0,663.6,0.0,0.0
0.0,478.9,0.0,658.5,0.0,189.2
0.0,90.5,1824.1,124.4,0.0,408.0
299.1,0.0,1751.7,0.0,0.0,2665.7
631.8,399.7,1337.1,784.6,0.0,187.7
613.4,887.4,701.5,1205.3,0.0,103.8
777.4,885.4,912.9,801.7,0.0,109.9
438.8,835.9,832.4,708.1,0.0,103.8
329.5,593.9,645.3,921.6,0.0,2332.1
256.1,283.2,361.6,348.6,0.0,285.1
0.0,0.0,0.0,0.0,0.0,0.0
0.0,0.0,0.0,0.0,0.0,0.0
0.0,0.0,0.0,0.0,0.0,0.0
0.0,0.0,0.0,0.0,0.0,0.0
0.0,0.0,0.0,0.0,0.0,0.0
0.0,0.0,0.0,0.0,0.0,0.0
0.0,0.0,0.0,0.0,0.0,0.0
0.0,0.0,0.0,0.0,0.0,0.0
0.0,0.0,0.0,0.0,0.0,0.0
0.0,0.0,0.0,0.0,0.0,0.0
0.0,0.0,0.0,0.0,0.0,0.0
0.0,0.0,0.0,0.0,0.0,0.0
0.0,0.0,0.0,0.0,0.0,0.0
0.0,0.0,0.0,0.0,0.0,0.0
0.0,0.0,0.0,0.0,0.0,0.0
0.0,0.0,0.0,0.0,0.0,0.0
0.0,0.0,0.0,0.0,0.0,0.0
0.0,0.0,0.0,0.0,0.0,0.0
0.0,0.0,0.0,0.0,0.0,0.0
0.0,0.0,0.0,0.0,0.0,0.0
0.0,0.0,0.0,0.0,0.0,0.0
0.0,0.0,0.0,0.0,0.0,0.0
0.0,0.0,0.0,0.0,0.0,0.0
0.0,0.0,0.0,0.0,0.0,0.0
0.0,0.0,0.0,0.0,0.0,0.0
0.0,0.0,0.0,0.0,0.0,0.0
0.0,0.0,0.0,0.0,0.0,0.0
0.0,0.0,0.0,0.0,0.0,0.0
0.0,0.0,0.0,0.0,0.0,0.0
0.0,0.0,0.0,0.0,0.0,0.0
0.0,0.0,0.0,0.0,0.0,0.0
0.0,0.0,0.0,0.0,0.0,0.0
96.3,96.3,96.3,96.3,96.3,96.3
69.6,93.1,98.4,98.4,115.8,102.5
82.3,96.4,97.2,97.2,105.5,99.3
82.6,96.4,97.2,97.2,105.3,99.2
74.7,99.8,194.0,195.9,882.7,353.4
85.5,114.3,222.3,224.5,385.0,209.2
585.9,539.0,1048.0,1058.0,1814.8,986.2
423.4,162.7,316.4,319.4,547.9,297.7
377.6,103.0,200.3,202.2,346.9,188.5
285.7,153.5,298.4,301.2,516.7,280.8
260.8,348.6,677.9,684.3,1173.8,637.8
216.9,289.9,563.6,569.0,976.0,530.3
96.2,128.5,249.9,252.3,432.8,235.2
89.3,119.3,232.1,234.3,401.8,218.4
88.6,118.5,230.3,232.5,398.9,216.7
147.1,196.6,382.3,386.0,662.0,359.8
867.8,509.7,1125.2,1011.4,1407.7,1336.1
509.6,318.9,694.8,632.0,901.9,808.3
214.9,203.1,412.3,400.1,644.0,423.8
2041.5,1104.7,2811.9,2195.8,2949.6,3029.2
2247.4,1390.8,3072.2,2188.3,2795.2,3192.5
1761.2,1468.3,2739.7,2359.5,2669.6,2652.6
898.7,973.5,1411.8,1642.7,1323.0,1341.2
176.2,476.6,401.8,1060.4,668.8,391.8
7.0,476.2,7.0,381.8,6.8,9.4
2317.7,1403.8,2247.0,1872.5,2172.1,3622.9
2106.8,1211.3,1807.5,1506.2,1747.2,3186.8
1900.1,1245.0,1796.4,1552.7,1978.3,3343.8
1215.9,716.6,1090.1,1027.2,2209.9,1937.3
335.6,16.1,571.1,1166.4,972.5,636.0
1576.8,542.1,1862.4,2722.6,2174.0,2320.4
2440.8,893.8,3227.5,2528.1,3076.3,3304.3
1505.4,505.5,2230.9,1733.2,2792.4,1972.7
989.4,337.3,1006.5,1392.2,2051.3,2003.5
848.7,352.9,733.7,1993.8,1284.2,1760.9
560.9,416.4,843.0,2252.9,1346.1,929.8
2485.6,1862.7,3136.1,2252.8,2848.9,3530.6
1504.7,1695.9,2433.4,1467.4,2864.8,2236.5
656.2,1148.2,850.9,764.8,3712.6,2109.3
75.1,816.8,183.9,184.4,1742.6,1836.4
160.0,231.2,398.9,556.4,1982.0,379.5
1337.8,1129.2,1604.5,2071.9,1882.6,1969.2
1738.9,1844.3,2788.7,2454.4,2597.0,2535.7
1038.2,1059.2,2024.5,2476.9,2536.0,2259.2
239.0,745.5,1679.3,2025.6,3132.8,1093.2
161.7,684.8,1544.9,1775.9,2682.8,950.6
1824.1,1225.6,2316.6,2305.7,4027.5,2784.2
1323.6,546.1,2420.0,1689.4,3396.6,1473.0
1676.0,732.9,2967.3,2060.6,1961.6,2003.6
704.4,222.7,1194.8,1043.0,723.8,441.6
192.1,170.0,1232.6,335.0,537.2,357.3
647.8,850.9,2335.5,782.9,1111.8,1007.6
2224.1,2224.1,2224.1,2224.1,2224.1,2224.1
2224.1,2224.1,2224.1,2224.1,2224.1,2224.1
1528.2,1546.9,2470.4,1497.5,1919.3,2176.7
746.8,823.4,973.7,876.4,1223.4,1153.6
11.8,0.0,0.0,0.0,0.0,0.0
295.8,0.0,0.0,25.9,0.0,0.0
296.9,0.0,0.0,1545.7,0.0,0.0
640.4,0.0,0.0,2140.1,0.0,0.0
866.0,0.0,0.0,2094.5,0.0,0.0
965.9,224.0,456.7,2189.4,754.1,409.8
988.7,131.1,787.3,1659.9,441.4,239.9
651.2,95.0,719.2,837.2,357.6,1019.9
341.9,61.6,658.6,769.0,1153.9,1794.4
404.4,148.4,736.3,776.1,952.2,1110.7
0.0,0.0,0.0,0.0,0.0,0.0
0.0,0.0,0.0,0.0,0.0,0.0
0.0,0.0,0.0,0.0,0.0,0.0
0.0,0.0,0.0,0.0,0.0,0.0
0.0,0.0,0.0,0.0,0.0,0.0
0.0,0.0,0.0,0.0,0.0,0.0
0.0,0.0,0.0,0.0,0.0,0.0
0.0,0.0,0.0,0.0,0.0,0.0
0.0,0.0,0.0,0.0,0.0,0.0
0.0,0.0,0.0,0.0,0.0,0.0
0.0,0.0,0.0,0.0,0.0,0.0
0.0,0.0,0.0,0.0,0.0,0.0
0.0,0.0,0.0,0.0,0.0,0.0
0.0,0.0,0.0,0.0,0.0,0.0
0.0,0.0,0.0,0.0,0.0,0.0
0.0,0.0,0.0,0.0,0.0,0.0
0.0,0.0,0.0,0.0,0.0,0.0
0.0,0.0,0.0,0.0,0.0,0.0
0.0,0.0,0.0,0.0,0.0,0.0
0.0,0.0,0.0,0.0,0.0,0.0
0.0,0.0,0.0,0.0,0.0,0.0
0.0,0.0,0.0,0.0,0.0,0.0
0.0,0.0,0.0,0.0,0.0,0.0
0.0,0.0,0.0,0.0,0.0,0.0
0.0,0.0,0.0,0.0,0.0,0.0
0.0,0.0,0.0,0.0,0.0,0.0
0.0,0.0,0.0,0.0,0.0,0.0
0.0,0.0,0.0,0.0,0.0,0.0
0.0,0.0,0.0,0.0,0.0,0.0
0.0,0.0,0.0,0.0,0.0,0.0
0.0,0.0,0.0,0.0,0.0,0.0
0.0,0.0,0.0,0.0,0.0,0.0
0.0,0.0,0.0,0.0,0.0,0.0
0.0,0.0,0.0,0.0,0.0,0.0
76.9,102.7,199.7,201.6,345.9,187.9
61.6,82.4,160.1,161.7,277.3,150.7
81.4,108.8,211.5,213.5,366.2,199.0
73.8,98.7,191.9,193.7,332.3,180.5
49.5,66.1,128.5,129.8,222.6,120.9
95.3,127.4,247.8,250.1,429.1,233.2
53.5,71.5,139.0,140.3,240.7,130.8
71.7,95.8,186.3,188.1,322.6,175.3
84.4,112.8,219.3,221.4,379.8,206.4
42.5,201.9,110.4,111.4,191.1,103.9
97.3,612.7,252.9,455.0,438.0,238.0
150.5,498.5,155.4,820.5,269.1,146.2
366.0,86.0,167.3,744.4,289.7,157.4
345.7,112.4,218.6,220.7,378.6,205.7
53.2,71.1,138.3,139.6,239.4,130.1
80.9,108.2,210.3,212.3,364.2,197.9
65.6,87.7,170.4,172.1,295.1,160.4
71.5,95.6,185.9,187.6,321.9,174.9
60.6,81.0,157.4,158.9,562.9,148.1
74.0,98.9,355.6,194.1,1298.3,181.0
77.8,104.0,745.2,204.1,1187.2,190.2
41.0,54.8,577.4,107.5,184.5,100.2
96.9,129.6,251.9,254.3,436.2,237.1
56.1,74.9,145.7,147.1,252.3,137.1
55.6,74.3,144.6,145.9,250.3,136.0
96.9,129.5,251.8,254.2,436.0,236.9
41.3,55.1,107.2,108.3,185.7,100.9
81.6,109.1,212.2,214.2,367.4,199.7
73.6,98.3,191.2,193.0,331.0,179.9
60.6,81.0,157.6,159.1,272.8,148.3
75.3,100.7,195.7,197.6,338.9,184.2
61.5,82.2,159.9,161.4,276.8,150.4
81.5,108.9,211.8,213.8,366.7,199.2
56.6,75.7,147.1,148.5,254.8,138.4
81.3,108.6,211.2,213.2,365.7,198.7
64.9,86.7,168.6,170.2,291.9,158.6
59.3,79.3,154.1,155.6,266.9,145.0
94.0,125.6,244.2,246.5,422.9,229.8
44.3,59.3,115.2,116.3,199.6,108.4
84.3,112.7,219.0,221.1,379.3,206.1
71.0,94.9,184.6,186.3,319.6,173.7
52.3,69.9,136.0,137.3,235.5,127.9
93.0,124.3,241.8,244.1,418.7,227.5
51.4,68.7,133.5,134.8,231.2,125.7
75.0,100.2,194.9,616.7,337.5,183.4
72.6,97.0,532.2,838.5,326.6,177.5
67.9,90.7,706.7,823.6,305.5,166.0
72.1,96.3,715.4,375.7,324.3,176.2
61.0,81.5,311.3,160.1,274.6,149.2
81.2,108.5,211.0,213.0,365.4,198.6
50.0,66.8,129.8,131.1,224.8,122.2
272.8,109.5,212.9,214.9,368.7,200.3
365.8,95.2,185.2,186.9,320.6,174.2
336.8,57.9,112.7,113.7,195.1,106.0
188.5,138.5,269.4,271.9,1077.3,253.5
48.6,64.9,126.3,127.5,1161.3,118.8
67.4,90.1,175.2,176.8,1242.2,164.8
84.2,112.5,218.8,220.8,650.3,205.8
53.0,70.9,137.8,139.1,238.7,129.7
77.4,103.5,201.2,203.1,348.4,189.3
65.0,86.8,168.9,170.5,292.4,158.9
73.3,97.9,190.4,192.3,329.8,179.2
56.6,381.1,147.1,148.5,254.8,138.4
81.3,580.0,211.3,213.3,365.9,198.8
74.0,568.4,192.5,194.3,333.3,181.1
42.9,193.1,111.5,112.6,193.1,295.8
104.7,139.9,272.1,274.7,471.2,550.6
51.9,69.3,134.8,136.1,233.5,420.3
63.7,85.2,165.6,167.1,286.7,240.6
92.2,123.2,239.6,241.9,415.0,225.5
46.4,62.1,120.7,121.8,209.0,113.5
81.2,108.5,211.0,213.0,365.4,198.6
67.7,90.4,175.9,177.5,304.5,165.5
69.0,92.3,179.4,181.1,310.7,168.8
59.1,79.0,153.7,155.2,266.2,144.6
78.3,104.7,203.6,205.5,352.6,191.6
74.7,99.8,194.0,195.9,336.0,182.6
43.8,58.5,113.8,114.9,197.1,107.1
100.7,134.6,261.7,264.1,453.1,246.2
51.7,69.1,134.4,135.7,232.7,126.5
65.0,86.9,169.0,170.6,292.6,159.0
88.0,117.6,228.6,230.8,395.9,215.1
47.4,63.4,123.2,124.4,213.4,116.0
84.9,113.5,220.6,222.7,382.0,207.6
64.4,86.1,167.4,169.0,289.9,157.5
70.9,94.8,184.3,186.1,319.1,173.4
61.6,82.3,138.0,138.6,184.9,134.2
0.0,0.0,0.0,0.0,0.0,0.0
0.0,0.0,0.0,0.0,0.0,0.0
0.0,0.0,0.0,0.0,0.0,0.0
0.0,0.0,0.0,0.0,0.0,0.0
0.0,0.0,0.0,0.0,0.0,0.0
71.4,95.4,185.6,187.4,321.4,174.6
85.7,114.6,221.9,223.9,376.9,209.4
49.0,65.4,127.3,128.5,220.4,119.7
87.8,117.4,228.2,230.4,386.6,475.1
55.3,74.0,143.8,145.2,249.1,439.4
73.3,537.2,190.4,192.3,329.8,480.9
62.1,569.4,161.4,163.0,279.5,322.8
72.3,579.3,188.0,189.8,325.6,176.9
67.5,363.6,175.4,177.1,303.8,165.1
52.0,69.6,135.3,136.5,234.2,127.3
95.0,127.0,246.9,249.3,427.6,232.3
42.6,57.0,110.8,111.9,191.9,104.3
79.4,106.2,206.5,208.4,357.5,194.3
70.6,94.3,183.4,185.2,317.7,172.6
55.7,74.4,144.7,146.1,250.6,136.2
81.1,108.4,210.8,212.8,364.9,198.3
55.5,74.2,144.3,145.6,249.8,135.7
79.4,106.1,206.3,208.3,357.3,194.1
56.5,75.5,146.8,148.2,254.3,138.2
85.7,114.5,222.6,224.7,385.5,209.5
108.9,145.6,283.1,889.8,490.2,266.4
175.8,235.0,457.0,1130.1,791.3,430.0
378.4,138.8,764.0,936.0,467.2,253.9
345.3,55.1,654.5,484.1,1064.3,100.9
376.0,99.3,736.1,195.0,1307.3,181.8
244.9,99.0,500.0,194.3,1298.5,181.1
61.0,81.5,158.6,160.1,821.3,149.2
63.9,85.4,166.1,167.7,287.7,156.3
68.7,91.8,178.6,180.3,309.2,168.0
78.5,104.9,204.0,206.0,353.3,192.0
42.6,56.9,110.7,111.7,191.6,104.1
92.4,123.5,240.2,242.5,415.9,226.0
53.0,70.9,137.8,139.1,238.7,129.7
61.0,81.5,158.4,159.9,274.3,149.1
87.5,117.0,227.5,229.6,393.9,214.0
43.0,57.5,111.8,112.9,193.6,105.2
84.2,112.6,218.9,221.0,379.1,206.0
62.9,84.0,163.4,165.0,283.0,153.8
69.0,92.2,179.3,181.0,310.5,168.7
60.2,80.4,156.4,157.9,270.9,147.2
73.6,98.3,191.2,193.0,331.0,179.9
69.8,93.2,181.3,183.0,313.9,170.6
47.3,63.2,123.0,124.1,212.9,115.7
98.4,131.5,255.8,258.2,442.9,240.7
66.0,88.2,171.6,173.2,297.1,161.4
98.8,132.1,256.8,259.2,444.7,241.6
73.6,98.3,191.2,193.0,331.0,179.9
80.0,107.0,208.0,210.0,360.2,195.8
654.0,187.4,364.5,852.7,631.1,342.9
519.7,110.3,214.5,1625.4,371.4,201.8
417.0,149.5,290.7,1670.3,503.3,273.5
122.5,0.0,0.0,984.4,0.0,0.0
0.0,0.0,0.0,1116.7,0.0,0.0
0.0,126.3,142.1,650.7,0.0,0.0
0.0,473.2,532.4,653.3,0.0,0.0
152.1,678.4,929.7,1044.5,684.3,371.9
161.5,685.3,947.8,711.4,979.3,394.9
66.4,298.0,408.0,174.2,1245.3,162.4
146.9,196.4,381.9,385.5,1611.5,438.3
378.3,131.3,255.4,257.8,1381.1,536.0
354.6,114.6,619.4,224.9,804.3,506.6
392.1,160.0,862.6,314.1,538.7,586.2
437.5,104.4,752.4,205.0,351.6,321.8
107.0,143.0,1226.6,280.7,481.6,261.7
103.0,137.7,966.5,270.4,463.7,472.3
170.2,227.4,1150.3,446.4,765.8,722.5
342.2,726.3,1297.6,690.8,1041.3,901.8
462.2,581.8,432.5,436.6,748.9,529.5
362.7,452.1,171.0,172.6,1001.2,160.9
89.7,369.1,233.1,235.3,435.1,219.3
0.0,0.0,0.0,0.0,0.0,0.0
0.0,0.0,0.0,0.0,0.0,0.0
0.0,0.0,0.0,0.0,0.0,0.0
0.0,0.0,0.0,0.0,0.0,0.0
0.0,0.0,0.0,0.0,0.0,0.0
0.0,0.0,0.0,0.0,0.0,0.0
0.0,0.0,0.0,0.0,0.0,0.0
0.0,0.0,0.0,0.0,0.0,0.0
0.0,0.0,0.0,0.0,0.0,0.0
0.0,0.0,0.0,0.0,0.0,0.0
0.0,0.0,0.0,0.0,0.0,0.0
0.0,0.0,0.0,0.0,0.0,0.0
0.0,0.0,0.0,0.0,0.0,0.0
0.0,0.0,0.0,0.0,0.0,0.0
0.0,0.0,0.0,0.0,0.0,0.0
0.0,0.0,0.0,0.0,0.0,0.0
0.0,0.0,0.0,0.0,0.0,0.0
0.0,0.0,0.0,0.0,0.0,0.0
0.0,0.0,0.0,0.0,0.0,0.0
0.0,0.0,0.0,0.0,0.0,0.0
0.0,0.0,0.0,0.0,0.0,0.0
0.0,0.0,0.0,0.0,0.0,0.0
0.0,0.0,0.0,0.0,0.0,0.0
0.0,0.0,0.0,0.0,0.0,0.0
0.0,0.0,0.0,0.0,0.0,0.0
0.0,0.0,0.0,0.0,0.0,0.0
65.2,67.2,67.4,67.4,67.9,67.4
58.9,67.3,68.6,68.6,70.6,68.5
67.1,67.1,67.1,67.1,67.1,67.1
52.4,67.2,69.8,69.9,73.8,69.5
81.6,109.0,145.8,146.1,170.1,148.1
59.5,79.5,139.0,139.4,169.0,214.3
73.5,98.2,141.8,142.1,162.2,182.8
60.3,80.7,150.2,139.2,165.6,204.6
65.1,87.0,697.3,170.8,292.9,200.4
83.7,111.8,743.5,219.5,376.6,204.6
68.3,55.0,633.0,108.0,185.2,100.6
384.8,122.1,311.7,299.4,411.2,223.5
351.3,78.9,153.4,800.4,265.7,144.4
348.8,75.7,147.1,791.4,254.8,138.4
131.1,120.1,233.5,878.6,491.0,219.7
45.8,61.2,119.0,210.8,1144.9,111.9
84.4,112.8,219.3,221.4,1314.9,206.4
67.0,89.6,174.1,175.8,1236.7,163.9
66.4,88.8,172.6,174.2,430.8,162.4
62.6,83.7,162.7,164.3,281.8,153.1
63.7,128.5,165.6,167.1,286.7,155.8
81.2,578.0,211.0,213.0,365.4,198.6
40.9,522.2,106.2,107.2,184.0,100.0
159.1,680.2,413.5,417.4,716.0,389.1
194.9,326.4,506.4,1195.3,877.0,476.5
0.0,0.0,0.0,706.0,0.0,0.0
0.0,0.0,0.0,789.1,2670.3,0.0
0.0,0.0,0.0,597.9,2044.0,0.0
263.7,0.0,0.0,0.0,3486.5,0.0
392.1,521.9,1171.9,499.0,3116.3,465.1
305.5,576.2,899.6,202.2,3200.4,188.5
432.6,566.3,959.0,179.0,2178.7,166.8
479.7,330.4,754.5,163.8,2418.4,152.7
528.2,192.3,373.9,3014.8,795.8,3318.8
624.4,247.8,481.8,2505.2,834.4,2724.5
63.3,65.0,126.4,2412.2,754.3,2856.5
301.2,179.0,348.0,1387.8,1549.1,1789.3
475.9,240.7,468.1,1954.1,1760.8,2404.1
483.0,248.7,483.6,1323.9,1331.3,1549.5
243.6,119.3,231.9,2345.1,401.6,2593.1
83.1,111.1,216.0,364.6,374.1,368.1
104.6,139.8,271.8,274.4,470.7,893.3
63.3,84.6,1483.3,166.1,285.0,812.9
108.6,145.2,1291.6,284.9,488.7,1001.1
76.9,451.2,1342.1,201.6,345.9,745.2
68.3,450.9,695.7,547.2,307.3,167.0
120.8,1387.7,1054.7,967.7,543.7,295.4
57.8,1012.6,869.2,804.8,260.0,141.3
102.7,851.2,1854.7,608.9,462.0,251.0
286.4,706.7,1352.1,751.4,1288.9,700.4
168.8,688.6,716.7,443.0,759.8,412.9
122.5,424.9,318.4,321.4,551.4,299.6
83.4,771.2,216.8,218.8,375.3,204.0
93.5,447.9,243.1,245.4,420.9,228.7
100.2,612.9,263.1,271.0,457.1,364.5
106.9,623.6,1462.0,280.5,481.1,2709.5
155.2,682.5,1708.5,788.3,698.4,489.4
158.4,694.3,1541.0,1071.4,712.8,497.2
239.4,800.8,1070.3,1137.8,1062.4,689.3
188.1,732.2,915.5,951.3,1667.3,545.6
543.1,529.8,227.3,893.1,492.6,1557.0
616.8,153.2,609.6,961.7,614.6,1843.1
642.7,265.2,1052.3,1181.7,986.5,485.3
435.4,0.0,540.9,665.4,631.2,0.0
226.2,0.0,534.5,2126.0,2113.2,0.0
9.8,0.0,37.2,26.4,75.7,0.0
0.0,0.0,0.0,0.0,0.0,0.0
0.0,0.0,0.0,0.0,0.0,0.0
0.0,0.0,0.0,0.0,0.0,0.0
0.0,0.0,0.0,0.0,0.0,0.0
0.0,0.0,0.0,0.0,0.0,0.0
0.0,0.0,0.0,0.0,0.0,0.0
0.0,0.0,0.0,0.0,0.0,0.0
0.0,0.0,0.0,0.0,0.0,0.0
0.0,0.0,0.0,0.0,0.0,0.0
0.0,0.0,0.0,0.0,0.0,0.0
0.0,0.0,0.0,0.0,0.0,0.0
0.0,0.0,0.0,0.0,0.0,0.0
0.0,0.0,0.0,0.0,0.0,0.0
0.0,0.0,0.0,0.0,0.0,0.0
0.0,0.0,0.0,0.0,0.0,0.0
0.0,0.0,0.0,0.0,0.0,0.0
0.0,0.0,0.0,0.0,0.0,0.0
0.0,0.0,0.0,0.0,0.0,0.0
0.0,0.0,0.0,0.0,0.0,0.0
0.0,0.0,0.0,0.0,0.0,0.0
0.0,0.0,0.0,0.0,0.0,0.0
0.0,0.0,0.0,0.0,0.0,0.0
0.0,0.0,0.0,0.0,0.0,0.0
0.0,0.0,0.0,0.0,0.0,0.0
0.0,0.0,0.0,0.0,0.0,0.0
0.0,0.0,0.0,0.0,0.0,0.0
0.0,0.0,0.0,0.0,0.0,0.0
0.0,0.0,0.0,0.0,0.0,0.0
0.0,0.0,0.0,0.0,0.0,0.0
0.0,0.0,0.0,0.0,0.0,0.0
44.3,210.0,115.1,670.8,232.3,108.3
77.1,103.0,200.3,202.2,1923.8,188.5
77.4,103.5,201.2,235.6,1496.7,189.3
63.7,85.1,165.4,1724.5,1193.1,155.7
67.7,90.4,760.7,1311.7,304.5,165.5
70.3,94.0,782.1,1079.9,316.4,171.9
82.2,109.9,917.5,215.6,369.9,201.0
47.8,63.8,758.1,125.3,214.9,116.8
92.9,124.2,241.5,243.8,418.1,227.2
0.0,0.0,0.0,0.0,0.0,0.0
263.2,351.8,684.0,690.5,2222.3,1193.8
107.0,153.2,278.1,280.7,1700.4,825.7
193.2,745.0,502.1,506.9,1967.3,1134.8
212.7,638.8,552.9,558.2,957.4,1153.4
206.2,555.5,536.0,541.1,928.2,2256.5
443.1,291.5,566.8,1162.5,981.4,1809.3
436.1,274.6,534.0,1144.2,924.7,1509.8
402.2,175.6,341.4,1055.3,591.2,321.3
247.2,0.0,0.0,640.0,0.0,0.0
155.7,300.7,0.0,0.0,0.0,0.0
113.4,308.2,16.3,0.0,0.0,0.0
89.5,362.0,778.7,0.0,0.0,0.0
120.6,487.3,880.6,316.5,543.0,295.0
117.6,157.2,753.4,308.6,529.3,287.6
113.4,151.6,294.7,297.5,510.3,277.3
119.5,159.8,310.7,313.7,636.9,292.3
87.9,117.5,228.5,230.7,2450.6,215.0
93.8,125.4,243.8,246.1,521.0,229.4
55.3,74.0,143.8,145.2,342.5,135.3
78.0,104.3,202.7,302.4,450.0,190.8
103.9,138.8,269.9,2302.1,555.4,254.0
68.7,91.8,178.4,277.8,2254.0,167.9
181.8,714.4,472.5,569.3,1362.2,444.6
93.6,594.6,776.0,351.2,1369.9,238.4
148.2,648.8,885.7,450.0,1558.1,338.5
350.4,659.0,905.0,2307.9,1591.1,470.4
81.3,561.3,705.7,725.0,1245.9,2458.3
116.4,607.1,802.6,281.3,1413.9,372.1
89.6,580.0,729.4,209.6,1287.1,299.1
96.5,590.6,760.6,230.4,1341.6,324.6
296.8,639.9,804.5,274.7,1417.6,353.7
106.8,1170.9,666.1,139.3,1177.8,2291.0
81.1,602.7,734.6,212.8,1296.3,802.7
57.1,572.7,670.2,149.8,1184.6,139.6
78.6,605.1,730.3,854.4,1288.9,192.3
105.0,633.2,801.1,918.5,1411.5,256.8
46.0,1129.4,692.3,758.4,1138.3,407.1
372.9,736.3,1744.3,840.5,1287.4,483.7
381.1,593.9,801.7,873.6,1327.7,507.3
357.1,563.1,755.3,814.1,1252.8,453.1
369.8,581.7,792.1,863.6,1311.6,489.5
359.7,555.6,754.2,830.8,1255.4,457.8
378.8,577.0,1713.5,878.9,1327.9,513.3
360.0,557.1,950.9,808.8,1205.2,452.8
368.1,568.0,718.1,827.4,1268.0,470.2
395.0,609.0,794.3,909.5,1400.0,539.5
338.7,538.9,656.3,770.6,1161.1,406.5
373.5,581.2,751.8,859.7,1326.5,496.7
384.8,598.9,768.8,885.8,1355.6,519.8
342.0,532.6,660.9,765.3,1169.1,410.0
384.9,593.0,769.9,899.5,1357.5,521.7
365.3,563.3,715.9,842.4,1263.9,468.5
356.7,553.1,697.6,826.1,1232.2,460.4
377.3,576.8,730.5,848.5,1289.1,492.2
360.6,559.9,696.7,800.1,1230.8,454.4
377.5,425.8,429.6,432.4,443.1,423.6
0.0,0.0,0.0,0.0,0.0,0.0
0.0,0.0,0.0,0.0,0.0,0.0
0.0,0.0,0.0,0.0,0.0,0.0
0.0,0.0,0.0,0.0,0.0,0.0
0.0,0.0,0.0,0.0,0.0,0.0
0.0,0.0,0.0,0.0,0.0,0.0
0.0,0.0,0.0,0.0,0.0,0.0
0.0,0.0,0.0,0.0,0.0,0.0
0.0,0.0,0.0,0.0,0.0,0.0
0.0,0.0,0.0,0.0,0.0,0.0
0.0,0.0,0.0,0.0,0.0,0.0
0.0,0.0,0.0,0.0,0.0,0.0
0.0,0.0,0.0,0.0,0.0,0.0
0.0,0.0,0.0,0.0,0.0,0.0
0.0,0.0,0.0,0.0,0.0,0.0
0.0,0.0,0.0,0.0,0.0,0.0
0.0,0.0,0.0,0.0,0.0,0.0
0.0,0.0,0.0,0.0,0.0,0.0
0.0,0.0,0.0,0.0,0.0,0.0
0.0,0.0,0.0,0.0,0.0,0.0
0.0,0.0,0.0,0.0,0.0,0.0
0.0,0.0,0.0,0.0,0.0,0.0
0.0,0.0,0.0,0.0,0.0,0.0
0.0,0.0,0.0,0.0,0.0,0.0
0.0,0.0,0.0,0.0,0.0,0.0
0.0,0.0,0.0,0.0,0.0,0.0
0.0,0.0,0.0,0.0,0.0,0.0
0.0,0.0,0.0,0.0,0.0,0.0
0.0,0.0,0.0,0.0,0.0,0.0
0.0,0.0,0.0,0.0,0.0,0.0
0.0,0.0,0.0,0.0,0.0,0.0
0.0,0.0,0.0,0.0,0.0,0.0
0.0,0.0,0.0,0.0,0.0,0.0
0.0,0.0,0.0,0.0,0.0,0.0
97.0,129.6,965.8,254.5,1425.5,237.2
47.4,63.4,862.9,926.0,213.4,116.0
82.7,110.6,905.5,937.6,1747.2,202.3
82.1,109.7,778.2,962.0,1605.4,200.7
63.9,85.4,703.7,864.7,1568.5,156.3
96.1,128.5,249.8,822.5,1628.1,982.1
58.3,77.9,151.6,695.7,1240.7,814.2
70.5,94.3,183.3,185.0,1248.3,868.4
75.9,101.4,197.2,199.0,341.4,835.2
65.6,87.7,170.4,172.1,295.1,691.9
269.7,710.1,586.8,592.4,1016.1,1552.5
281.2,582.6,419.1,423.1,725.7,1743.5
354.7,723.9,668.0,674.4,1156.7,1727.5
238.9,674.4,621.0,626.9,1075.3,584.3
179.6,667.9,686.5,471.1,808.1,439.1
0.0,651.3,599.6,0.0,0.0,0.0
0.0,305.3,488.4,0.0,0.0,0.0
305.5,0.0,0.0,0.0,0.0,0.0
274.6,0.0,0.0,0.0,0.0,0.0
284.6,0.0,0.0,439.6,0.0,0.0
265.7,0.0,0.0,1199.3,0.0,218.0
329.9,150.4,292.5,1272.1,506.6,564.0
307.4,134.4,261.4,263.9,452.6,532.3
75.5,101.0,588.7,198.2,339.9,473.4
50.7,67.7,651.3,132.9,228.0,416.1
95.4,127.5,763.3,250.3,429.3,523.2
67.2,89.9,694.4,176.4,302.6,456.6
69.9,93.4,707.6,183.3,314.4,463.1
72.1,96.4,709.2,668.8,324.6,471.0
290.6,97.1,714.7,825.7,326.8,468.6
369.7,108.2,736.5,842.4,364.4,487.9
340.3,72.1,670.5,776.7,242.9,425.4
384.1,127.5,771.8,893.2,429.3,526.7
359.3,89.7,696.2,813.8,302.1,457.5
339.7,66.5,657.5,773.5,224.1,416.3
400.6,493.6,809.8,927.3,487.7,556.1
343.3,530.1,660.8,782.0,229.8,414.7
360.5,546.2,701.5,813.2,296.6,451.0
383.5,585.5,764.2,880.4,416.2,518.4
343.2,538.9,660.5,785.5,240.2,423.9
375.2,573.1,734.4,860.1,368.2,494.6
364.0,562.0,709.6,830.8,1015.5,466.2
368.1,567.4,722.3,844.1,1260.0,476.1
363.1,562.9,708.3,820.0,1224.5,194.6
357.3,554.3,700.4,811.7,1222.2,162.1
382.1,587.0,767.8,879.6,1350.1,225.5
339.2,535.3,176.9,772.2,1149.4,120.5
376.2,581.7,218.2,865.8,1312.9,991.4
373.6,576.6,208.3,858.4,1295.9,1421.7
340.2,532.4,118.7,765.3,1148.2,1355.6
390.9,596.0,253.4,901.3,1370.1,2112.5
356.2,547.7,163.1,224.3,1210.1,2615.8
93.5,982.2,172.6,174.2,1237.7,2105.9
79.9,1001.9,207.6,923.5,1617.8,1169.3
62.5,983.2,162.4,1075.6,1824.7,891.5
82.1,1083.3,213.5,1065.4,1729.6,826.1
58.8,1112.6,152.8,1184.0,1837.1,654.7
83.9,985.0,218.0,1212.8,1769.3,730.9
65.6,869.3,170.6,1379.5,2354.5,160.5
62.5,540.2,162.4,1378.7,2703.3,152.8
0.0,341.7,835.4,896.5,2476.7,0.0
0.0,153.4,231.1,183.2,291.1,0.0
0.0,0.0,0.0,0.0,0.0,0.0
0.0,0.0,0.0,0.0,0.0,0.0
0.0,0.0,0.0,0.0,0.0,0.0
0.0,0.0,0.0,0.0,0.0,0.0
0.0,0.0,0.0,0.0,0.0,0.0
0.0,0.0,0.0,0.0,0.0,0.0
0.0,0.0,0.0,0.0,0.0,0.0
0.0,0.0,0.0,0.0,0.0,0.0
0.0,0.0,0.0,0.0,0.0,0.0
0.0,0.0,0.0,0.0,0.0,0.0
0.0,0.0,0.0,0.0,0.0,0.0
0.0,0.0,0.0,0.0,0.0,0.0
0.0,0.0,0.0,0.0,0.0,0.0
0.0,0.0,0.0,0.0,0.0,0.0
0.0,0.0,0.0,0.0,0.0,0.0
0.0,0.0,0.0,0.0,0.0,0.0
0.0,0.0,0.0,0.0,0.0,0.0
0.0,0.0,0.0,0.0,0.0,0.0
0.0,0.0,0.0,0.0,0.0,0.0
0.0,0.0,0.0,0.0,0.0,0.0
0.0,0.0,0.0,0.0,0.0,0.0
0.0,0.0,0.0,0.0,0.0,0.0
0.0,0.0,0.0,0.0,0.0,0.0
0.0,0.0,0.0,0.0,0.0,0.0
0.0,0.0,0.0,0.0,0.0,0.0
0.0,0.0,0.0,0.0,0.0,0.0
0.0,0.0,0.0,0.0,0.0,0.0
0.0,0.0,0.0,0.0,0.0,0.0
0.0,0.0,0.0,0.0,0.0,0.0
0.0,0.0,0.0,0.0,0.0,0.0
0.0,0.0,0.0,0.0,0.0,0.0
0.0,0.0,0.0,0.0,0.0,0.0
0.0,0.0,0.0,0.0,0.0,0.0
0.0,0.0,0.0,0.0,0.0,0.0
69.5,92.9,180.6,182.3,312.7,169.9
312.7,166.0,322.7,325.8,558.8,492.2
384.4,116.8,227.2,229.4,393.4,510.7
394.5,135.1,262.7,265.2,454.8,540.6
359.5,89.9,174.7,176.4,302.6,456.6
359.4,75.9,147.6,149.0,255.5,432.2
549.5,125.5,244.1,246.4,422.6,521.9
441.6,414.0,218.5,635.3,981.6,500.2
398.3,604.5,591.0,907.3,1386.0,529.0
376.6,569.2,728.5,841.4,1274.9,474.8
419.0,623.9,832.1,949.8,1461.5,579.4
925.1,1148.9,1847.1,2071.5,3226.6,1531.8
599.2,736.4,994.8,2747.5,1743.3,730.2
547.5,1330.8,1204.7,1962.8,2118.0,1028.8
360.1,754.9,706.5,913.1,1240.4,2295.7
374.0,608.8,744.6,961.3,1313.7,1203.8
490.6,769.9,1050.9,1262.2,1941.2,886.4
393.3,632.1,806.2,2196.6,3059.2,657.9
378.3,987.2,755.6,2164.6,1977.2,607.2
354.8,945.3,735.7,797.2,1296.6,1887.8
401.1,616.2,1621.2,934.8,1534.7,2008.8
363.6,562.4,1032.5,831.3,1347.5,470.3
363.0,564.3,767.1,836.2,2565.4,473.7
401.3,610.3,864.3,928.6,2730.7,565.9
348.7,541.8,717.8,793.0,1195.4,437.1
382.0,587.3,1394.4,879.1,1340.9,513.6
382.9,589.8,1411.9,885.0,1351.7,519.2
364.9,570.4,729.1,847.0,1286.6,480.2
372.9,573.8,746.7,857.0,1305.7,498.0
372.1,565.2,719.9,838.9,1274.1,485.8
405.1,601.5,792.6,910.2,1396.4,558.1
364.3,555.7,692.5,817.0,1234.4,461.6
396.4,591.7,776.3,889.9,1360.8,536.8
396.3,587.4,774.7,884.9,1354.2,538.1
360.8,538.7,670.0,788.1,1187.6,447.9
411.4,619.3,806.8,939.7,1443.5,573.5
105.5,583.7,731.9,864.1,1310.6,218.8
81.3,583.7,749.9,866.5,1315.9,198.7
93.0,603.1,776.1,902.4,1376.2,227.4
82.8,587.7,753.9,873.1,1326.6,202.5
97.0,610.5,788.8,915.7,1398.3,237.3
68.1,569.8,717.7,837.0,1264.0,166.4
108.4,188.3,820.6,344.1,574.7,265.2
81.5,109.0,260.7,213.9,366.9,199.4
65.6,87.7,170.4,172.1,295.1,160.4
126.6,169.3,329.1,332.3,569.9,309.7
64.1,85.7,166.6,168.2,288.4,156.7
85.5,114.3,222.3,224.5,385.0,209.2
103.6,138.5,269.2,271.8,466.2,253.3
74.9,100.1,194.6,196.4,337.0,183.1
96.2,128.6,250.1,252.5,433.0,235.3
76.9,102.8,199.9,201.8,346.1,188.1
102.6,137.1,266.7,269.2,461.7,250.9
78.1,104.4,203.0,205.0,351.6,191.0
78.7,105.2,204.5,206.4,354.0,192.4
116.6,155.8,303.0,305.9,524.6,285.1
59.4,79.3,154.3,155.7,267.1,145.2
92.5,123.6,240.3,242.6,416.2,226.2
102.7,137.2,266.8,269.3,462.0,251.0
68.0,90.9,176.7,178.4,306.0,166.3
95.1,127.1,247.1,249.4,427.8,232.5
87.4,116.8,227.2,229.4,393.4,213.8
89.6,119.8,232.9,235.1,403.3,219.2
75.1,100.4,195.3,197.2,338.2,183.8
96.0,128.3,249.5,251.9,432.0,234.8
115.1,153.8,299.1,302.0,518.0,281.5
0.0,0.0,0.0,0.0,0.0,0.0
0.0,0.0,0.0,0.0,0.0,0.0
686.9,0.0,0.0,0.0,0.0,0.0
782.7,0.0,0.0,0.0,0.0,0.0
762.5,0.0,0.0,0.0,0.0,0.0
507.4,0.0,0.0,0.0,0.0,0.0
354.2,0.0,0.0,0.0,0.0,1679.8
243.6,0.0,462.4,0.0,0.0,1914.2
414.1,649.8,936.6,468.8,804.2,1726.5
416.7,756.5,985.3,544.9,896.1,1400.6
176.3,714.5,848.4,462.5,793.3,1297.2
93.4,93.4,93.4,93.4,93.4,93.4
0.0,0.0,0.0,0.0,0.0,0.0
0.0,0.0,0.0,0.0,0.0,0.0
0.0,0.0,0.0,0.0,0.0,0.0
0.0,0.0,0.0,0.0,0.0,0.0
0.0,0.0,0.0,0.0,0.0,0.0
0.0,0.0,0.0,0.0,0.0,0.0
0.0,0.0,0.0,0.0,0.0,0.0
0.0,0.0,0.0,0.0,0.0,0.0
0.0,0.0,0.0,0.0,0.0,0.0
0.0,0.0,0.0,0.0,0.0,0.0
0.0,0.0,0.0,0.0,0.0,0.0
0.0,0.0,0.0,0.0,0.0,0.0
0.0,0.0,0.0,0.0,0.0,0.0
0.0,0.0,0.0,0.0,0.0,0.0
0.0,0.0,0.0,0.0,0.0,0.0
0.0,0.0,0.0,0.0,0.0,0.0
0.0,0.0,0.0,0.0,0.0,0.0
0.0,0.0,0.0,0.0,0.0,0.0
84.0,437.8,761.4,220.3,377.8,205.3
76.7,417.1,199.3,201.2,345.1,187.5
41.3,334.5,107.2,108.3,185.7,100.9
100.1,133.8,260.2,262.7,450.6,244.9
54.2,72.5,141.0,142.3,244.1,132.7
61.8,82.7,160.7,162.2,278.3,151.2
109.9,146.9,285.7,288.4,494.7,268.8
87.5,117.0,227.5,229.6,393.9,214.0
81.4,108.8,211.6,213.6,366.4,199.1
66.2,88.5,172.0,173.6,297.8,161.8
107.1,143.1,278.2,280.9,481.8,261.8
329.5,440.4,856.3,864.5,1482.8,805.7
1055.5,589.2,1315.1,1170.3,1594.0,1587.9
507.9,361.9,769.1,715.7,1068.2,858.9
246.1,270.6,538.3,532.2,883.7,531.3
310.6,340.7,677.8,670.0,1111.9,669.5
361.1,767.3,1314.2,2156.8,2509.1,2344.6
284.4,613.0,1051.8,1706.8,2012.4,1842.2
203.7,274.2,532.0,542.5,922.8,507.7
165.5,221.3,430.2,434.3,745.0,404.8
187.9,251.1,488.3,492.9,845.5,459.4
207.6,277.5,539.6,544.7,934.4,507.7
193.4,258.5,502.6,507.4,870.3,472.9
182.8,244.3,475.1,479.6,822.7,447.1
436.5,183.4,356.6,360.0,617.5,335.5
471.6,233.5,454.0,458.3,786.1,427.2
454.1,203.8,396.2,400.0,686.1,372.8
436.8,659.5,351.2,354.5,608.1,330.4
440.0,667.9,374.9,378.5,649.2,352.8
411.8,642.4,310.7,972.1,538.0,292.3
465.0,710.4,442.8,1100.3,766.8,416.7
439.2,663.4,369.7,1036.9,640.3,347.9
419.4,632.8,860.0,988.0,556.3,302.3
457.0,691.6,962.9,1083.1,1699.5,403.1
427.2,652.3,887.6,990.8,1546.9,623.5
437.2,662.3,910.6,1019.2,1601.8,642.8
442.6,662.3,911.0,1035.5,1620.9,657.9
440.8,662.0,896.8,1025.0,1588.4,650.5
445.6,670.4,913.6,1029.9,1598.9,656.5
426.3,646.4,867.6,984.4,1519.5,605.7
461.1,698.0,962.0,1084.4,1694.2,698.9
430.9,657.7,877.3,1007.9,1554.8,627.5
418.2,639.1,845.5,974.1,1481.1,592.4
477.4,714.4,1001.3,1129.3,1754.8,733.5
421.8,641.7,862.1,986.6,1513.7,602.8
427.9,647.0,2549.9,988.0,1528.8,610.2
470.4,705.3,2625.6,1102.6,1729.2,718.2
415.0,634.2,2936.8,969.2,1496.0,592.6
447.9,679.1,3003.4,1046.3,1628.2,664.5
444.6,671.2,2725.7,1031.9,1600.3,653.4
841.9,662.2,1981.9,1033.0,1588.9,644.9
781.5,677.4,924.3,1049.3,1625.1,662.5
841.0,649.6,835.8,845.2,888.0,940.4
858.4,300.3,857.5,881.1,996.5,1106.2
833.5,181.3,846.6,876.5,1008.8,1253.2
537.9,165.4,838.0,441.3,1744.9,1272.5
174.3,233.0,862.2,1077.3,1524.2,1129.1
122.3,163.5,838.5,1087.2,1783.8,1004.8
132.0,176.4,438.5,1369.2,2263.1,620.9
160.8,214.9,417.9,1471.2,2042.6,692.6
118.4,158.2,307.7,1930.6,2142.5,342.5
95.9,95.9,95.9,95.9,95.9,95.9
0.0,0.0,0.0,0.0,0.0,0.0
0.0,0.0,0.0,0.0,0.0,0.0
0.0,0.0,0.0,0.0,0.0,0.0
0.0,0.0,0.0,0.0,0.0,0.0
0.0,0.0,0.0,0.0,0.0,0.0
0.0,0.0,0.0,0.0,0.0,0.0
0.0,0.0,0.0,0.0,0.0,0.0
0.0,0.0,0.0,0.0,0.0,0.0
0.0,0.0,0.0,0.0,0.0,0.0
0.0,0.0,0.0,0.0,0.0,0.0
0.0,0.0,0.0,0.0,0.0,0.0
0.0,0.0,0.0,0.0,0.0,0.0
0.0,0.0,0.0,0.0,0.0,0.0
0.0,0.0,0.0,0.0,0.0,0.0
0.0,0.0,0.0,0.0,0.0,0.0
0.0,0.0,0.0,0.0,0.0,0.0
0.0,0.0,0.0,0.0,0.0,0.0
0.0,0.0,0.0,0.0,0.0,0.0
0.0,0.0,0.0,0.0,0.0,0.0
0.0,0.0,0.0,0.0,0.0,0.0
0.0,0.0,0.0,0.0,0.0,0.0
0.0,0.0,0.0,0.0,0.0,0.0
0.0,0.0,0.0,0.0,0.0,0.0
0.0,0.0,0.0,0.0,0.0,0.0
0.0,0.0,0.0,0.0,0.0,0.0
0.0,0.0,0.0,0.0,0.0,0.0
0.0,0.0,0.0,0.0,0.0,0.0
0.0,0.0,0.0,0.0,0.0,0.0
0.0,0.0,0.0,0.0,0.0,0.0
0.0,0.0,0.0,0.0,0.0,0.0
0.0,0.0,0.0,0.0,0.0,0.0
0.0,0.0,0.0,0.0,0.0,0.0
0.0,0.0,0.0,0.0,0.0,0.0
0.0,0.0,0.0,0.0,0.0,0.0
191.9,191.9,191.9,191.9,191.9,191.9
191.9,191.9,191.9,191.9,191.9,191.9
200.6,211.0,146.4,260.6,195.2,137.8
191.9,191.9,191.9,191.9,191.9,191.9
339.5,358.1,266.5,384.8,400.9,250.8
387.5,380.4,143.4,433.2,521.2,134.9
363.6,357.9,239.3,385.2,429.3,225.2
352.6,349.9,274.5,367.9,397.3,258.3
505.4,500.4,329.6,554.4,640.2,310.1
495.6,487.4,514.1,519.8,569.1,254.1
399.1,493.5,545.8,538.8,610.3,252.7
473.3,473.3,473.3,473.3,473.3,473.3
546.8,576.1,580.4,580.3,586.9,574.5
341.9,588.4,610.9,622.2,677.8,603.8
154.0,303.9,400.3,756.5,1453.5,376.7
0.0,0.0,364.8,653.3,2152.8,0.0
0.0,311.9,545.1,134.8,2095.5,773.4
0.0,363.7,547.2,0.0,2269.4,968.3
0.0,356.0,549.3,0.0,946.4,955.4
0.0,341.3,545.1,0.0,942.7,929.6
171.9,621.6,983.4,451.1,1723.9,1440.1
88.1,117.7,767.6,231.1,592.5,513.5
73.7,98.5,732.5,193.4,331.8,479.6
50.0,66.8,670.7,131.1,224.8,422.6
107.5,143.7,818.1,282.0,483.8,563.4
79.5,106.3,747.5,208.6,357.8,493.7
53.1,71.0,674.6,139.3,238.9,430.3
91.3,122.1,769.7,239.6,411.0,521.5
77.3,103.4,735.5,202.9,348.1,484.9
71.3,95.3,717.7,187.1,320.9,471.3
75.1,100.4,725.4,197.0,338.0,479.4
69.9,93.5,716.2,183.5,314.7,465.6
96.2,128.5,360.2,252.3,432.8,532.1
63.9,85.4,166.1,167.7,287.7,217.6
65.0,86.8,168.9,170.5,292.4,158.9
109.0,145.7,283.4,286.1,490.7,266.7
60.3,80.6,156.7,158.2,271.4,147.5
63.5,84.9,165.1,166.7,286.0,155.4
102.8,137.4,267.1,269.6,462.5,251.3
63.3,84.6,164.6,166.1,285.0,154.9
75.8,101.3,197.0,198.9,341.2,185.4
79.5,106.3,206.6,208.6,357.8,194.4
74.7,99.9,194.2,196.0,336.2,182.7
103.2,137.9,268.2,270.8,464.5,252.4
61.9,82.7,160.9,162.4,418.1,151.4
62.9,84.1,163.6,165.1,1241.0,153.9
109.1,145.8,283.5,286.2,1441.2,266.8
75.1,100.4,195.2,197.0,922.4,183.6
63.1,84.3,164.0,165.6,284.0,154.3
86.8,116.0,225.6,227.8,390.7,212.3
74.6,99.7,193.9,291.6,335.7,182.4
84.0,112.3,218.3,878.9,378.1,205.4
76.9,172.5,199.7,854.9,345.9,187.9
58.6,557.3,152.4,555.7,263.9,187.0
106.1,616.9,275.7,278.3,477.3,558.7
83.5,403.8,216.9,219.0,375.6,501.0
47.4,63.4,123.2,124.4,213.4,298.6
93.0,124.3,241.8,244.1,418.7,227.5
86.5,115.7,224.9,227.0,389.5,211.6
63.6,85.0,165.3,166.9,286.2,155.5
80.8,108.0,210.0,212.0,363.7,197.6
72.1,96.4,187.4,189.2,324.6,176.4
89.3,119.3,232.1,234.3,401.8,218.4
78.7,105.2,204.6,206.6,354.3,192.5
54.1,72.3,140.5,141.9,243.4,132.2
102.2,136.6,265.7,268.2,460.0,250.0
120.8,103.2,200.6,202.5,347.4,188.8
345.8,62.2,199.4,122.1,209.5,113.8
396.8,133.5,798.2,262.0,449.4,244.2
265.4,225.7,749.7,217.2,3185.9,202.5
0.0,471.3,328.8,0.0,3085.7,0.0
0.0,475.1,0.0,0.0,2038.9,0.0
0.0,473.2,0.0,0.0,0.0,0.0
165.0,697.6,428.9,433.0,742.8,403.6
98.2,602.6,255.2,257.6,441.9,240.1
48.5,48.5,48.5,48.5,48.5,48.5
0.0,0.0,0.0,0.0,0.0,0.0
0.0,0.0,0.0,0.0,0.0,0.0
0.0,0.0,0.0,0.0,0.0,0.0
0.0,0.0,0.0,0.0,0.0,0.0
0.0,0.0,0.0,0.0,0.0,0.0
0.0,0.0,0.0,0.0,0.0,0.0
0.0,0.0,0.0,0.0,0.0,0.0
0.0,0.0,0.0,0.0,0.0,0.0
0.0,0.0,0.0,0.0,0.0,0.0
0.0,0.0,0.0,0.0,0.0,0.0
0.0,0.0,0.0,0.0,0.0,0.0
0.0,0.0,0.0,0.0,0.0,0.0
0.0,0.0,0.0,0.0,0.0,0.0
0.0,0.0,0.0,0.0,0.0,0.0
0.0,0.0,0.0,0.0,0.0,0.0
0.0,0.0,0.0,0.0,0.0,0.0
0.0,0.0,0.0,0.0,0.0,0.0
0.0,0.0,0.0,0.0,0.0,0.0
0.0,0.0,0.0,0.0,0.0,0.0
0.0,0.0,0.0,0.0,0.0,0.0
583.3,146.3,743.1,379.5,492.7,567.0
813.7,784.8,1379.8,890.8,1379.1,1049.8
734.2,971.2,973.9,1699.0,1601.9,1168.6
189.3,1018.5,960.2,2189.8,851.9,755.2
104.4,984.9,849.1,1259.1,1220.0,546.3
120.9,1171.1,1235.6,1243.2,1494.4,661.2
79.8,1217.4,1786.3,2222.1,1765.4,2219.1
26.6,1301.5,669.6,1630.4,1230.8,1900.4
0.0,1401.8,526.0,1243.2,1019.9,397.4
0.0,1626.2,1499.9,1331.0,1863.7,390.1
6.5,1140.0,1443.2,992.5,2112.7,384.0
91.7,965.6,1932.7,515.9,1034.0,1150.7
116.7,458.1,1871.2,653.3,1021.0,3115.3
168.0,669.6,2160.2,1073.6,1723.8,1539.9
120.6,612.6,2123.2,953.2,2195.9,1892.1
91.6,578.5,1714.1,873.5,3003.9,1765.7
431.3,624.6,834.5,958.6,1457.8,1742.9
574.4,612.1,807.1,924.1,1414.3,1798.5
391.4,588.8,761.1,884.5,3039.6,1443.7
417.5,620.2,830.1,944.7,3042.5,577.2
398.5,603.6,784.8,898.5,3830.2,537.8
390.3,600.6,776.7,889.9,3713.2,534.5
411.9,627.2,842.1,946.9,3603.8,588.9
384.4,590.8,767.8,871.9,3636.9,280.9
369.0,577.1,729.6,845.4,2997.6,193.6
382.2,594.5,769.1,888.3,1352.3,228.7
342.0,161.5,671.9,780.8,1180.5,133.3
373.4,116.3,754.3,871.3,1334.4,212.8
396.0,146.6,384.8,928.1,1432.6,268.3
378.1,117.9,229.3,869.2,574.4,215.8
414.1,162.9,316.7,965.2,548.4,298.0
367.8,104.1,202.5,849.9,350.6,190.5
367.2,100.2,194.7,836.9,337.2,183.2
402.5,148.9,289.5,935.2,501.4,272.4
372.4,110.3,214.5,864.6,371.4,201.8
382.9,119.6,232.5,880.2,402.6,218.8
376.1,110.6,215.0,338.9,372.4,202.3
383.4,123.5,240.1,242.3,415.7,225.9
403.1,148.2,288.1,290.8,498.9,271.1
360.3,87.9,170.9,172.5,295.9,160.8
385.8,123.5,240.2,242.5,415.9,226.0
172.9,157.1,305.5,308.5,529.1,287.5
58.4,78.0,151.7,153.1,262.7,142.7
94.3,126.1,245.2,247.5,424.6,230.7
101.1,135.1,262.7,265.2,454.8,247.1
78.7,105.2,204.6,206.6,354.3,192.5
95.7,127.9,248.6,251.0,430.6,234.0
79.8,106.6,207.3,209.3,359.0,195.1
101.7,135.9,264.2,266.7,457.5,248.6
82.6,110.4,214.6,216.7,371.6,201.9
73.4,98.2,190.9,192.7,330.5,179.6
122.6,163.9,318.7,321.7,551.9,299.9
68.2,91.2,177.3,179.0,307.0,166.8
74.4,99.4,193.3,195.1,334.7,181.9
121.6,162.5,316.0,319.0,547.2,297.3
64.5,86.3,167.7,169.3,290.4,157.8
89.6,119.7,232.8,235.0,403.1,219.0
95.4,127.6,248.1,250.4,429.6,233.4
81.3,108.7,211.3,213.3,365.9,198.8
95.1,127.1,247.2,249.6,428.1,232.6
72.0,96.2,187.0,188.8,323.8,176.0
102.8,137.4,267.1,269.6,462.5,251.3
83.1,111.0,215.9,218.0,373.9,203.2
65.5,87.6,170.3,171.9,294.9,160.2
123.9,165.6,322.0,325.1,557.6,303.0
68.5,91.5,178.0,179.7,308.2,167.5
0.0,0.0,0.0,0.0,0.0,0.0
0.0,0.0,0.0,0.0,0.0,0.0
0.0,0.0,0.0,0.0,0.0,0.0
0.0,1208.8,0.0,2372.8,0.0,0.0
0.0,1337.7,0.0,2625.9,0.0,0.0
0.0,1335.5,178.2,2621.5,0.0,0.0
0.0,1064.1,530.3,2088.8,0.0,0.0
0.0,677.9,528.1,1330.7,0.0,0.0
0.0,656.7,532.4,925.2,2885.7,0.0
197.2,920.6,546.4,976.5,1877.2,482.2
135.1,870.3,351.2,891.5,1576.1,1126.4
0.0,0.0,0.0,0.0,0.0,0.0
0.0,0.0,0.0,0.0,0.0,0.0
0.0,0.0,0.0,0.0,0.0,0.0
0.0,0.0,0.0,0.0,0.0,0.0
0.0,0.0,0.0,0.0,0.0,0.0
0.0,0.0,0.0,0.0,0.0,0.0
0.0,0.0,0.0,0.0,0.0,0.0
0.0,0.0,0.0,0.0,0.0,0.0
0.0,0.0,0.0,0.0,0.0,0.0
0.0,0.0,0.0,0.0,0.0,0.0
0.0,0.0,0.0,0.0,0.0,0.0
0.0,0.0,0.0,0.0,0.0,0.0
0.0,0.0,0.0,0.0,0.0,0.0
0.0,0.0,0.0,0.0,0.0,0.0
0.0,0.0,0.0,0.0,0.0,0.0
0.0,0.0,0.0,0.0,0.0,0.0
0.0,0.0,0.0,0.0,0.0,0.0
0.0,0.0,0.0,0.0,0.0,0.0
0.0,0.0,0.0,0.0,0.0,0.0
59.2,79.1,153.8,155.3,266.4,767.7
99.5,133.0,258.7,261.1,447.9,243.4
45.2,60.4,117.4,118.5,203.3,110.5
71.8,96.0,186.6,188.4,323.1,175.6
91.8,122.7,238.5,240.8,413.0,224.4
76.5,102.3,198.9,200.8,344.4,187.1
525.0,969.5,1724.0,2482.2,3205.0,2602.5
247.3,359.7,681.9,769.0,1204.7,748.2
131.6,175.9,342.0,345.3,592.2,321.8
351.4,176.7,343.6,346.9,595.0,323.3
486.1,401.9,705.0,1063.8,1325.1,1128.7
442.6,544.2,488.4,493.1,845.8,459.6
131.8,551.1,342.6,921.0,593.2,322.4
0.0,340.5,0.0,736.0,0.0,0.0
657.6,274.0,657.6,1216.3,635.7,876.8
527.5,219.8,527.5,439.6,509.9,703.3
216.4,192.2,393.7,378.9,601.1,411.9
51.5,68.9,703.7,135.2,1218.6,126.1
92.4,123.5,969.1,242.3,1678.1,225.9
977.6,488.3,1780.3,972.2,2402.2,1401.4
197.6,251.2,491.2,493.4,839.8,467.7
184.9,247.1,480.6,485.1,832.1,452.2
81.2,108.5,211.0,213.0,365.4,198.6
68.2,91.1,177.2,178.8,306.8,166.7
78.6,105.0,204.2,206.1,353.6,268.7
82.6,110.4,214.8,216.8,371.9,493.1
84.4,112.8,219.3,221.4,379.8,501.0
57.0,76.2,286.0,149.5,256.5,435.1
78.6,105.1,728.2,206.3,353.8,488.0
89.6,119.7,763.0,235.0,403.1,512.4
358.6,601.8,1464.3,940.8,1613.8,1168.0
263.8,818.3,1218.0,692.1,1187.2,936.2
149.9,671.7,917.8,393.3,674.7,655.3
188.2,724.8,1013.0,493.8,847.0,748.9
164.8,693.5,952.1,432.3,741.5,692.8
157.5,680.0,929.0,413.2,708.8,676.2
0.0,465.7,519.6,0.0,0.0,288.7
0.0,465.7,521.8,168.5,0.0,289.9
0.0,461.9,523.9,640.3,0.0,287.5
0.0,461.9,519.6,648.1,245.1,289.9
94.2,471.1,539.4,665.3,948.4,314.5
403.6,512.6,630.1,744.5,1051.5,441.1
1848.9,1109.5,2076.1,1940.7,2448.9,2365.8
3017.5,1597.9,3245.6,2908.4,3577.5,3921.2
936.4,824.9,945.5,944.3,960.9,947.8
437.6,523.9,672.3,755.3,1070.7,483.3
294.6,467.1,529.5,638.1,934.8,295.7
291.1,465.7,1082.8,637.7,1895.3,293.4
288.7,469.5,1336.7,640.3,2251.6,295.8
288.7,467.6,1337.1,635.1,2260.6,293.4
289.9,463.8,1363.2,637.7,2233.4,294.6
291.1,465.7,1211.2,1107.0,1912.9,294.6
504.6,465.7,828.4,917.2,1079.7,292.2
0.0,0.0,0.0,0.0,0.0,0.0
0.0,0.0,0.0,0.0,0.0,0.0
0.0,0.0,0.0,0.0,0.0,0.0
0.0,0.0,0.0,0.0,0.0,0.0
0.0,0.0,0.0,0.0,0.0,0.0
0.0,0.0,0.0,0.0,0.0,0.0
0.0,0.0,0.0,0.0,0.0,0.0
0.0,0.0,0.0,0.0,0.0,0.0
0.0,0.0,0.0,0.0,0.0,0.0
0.0,0.0,0.0,0.0,0.0,0.0
0.0,0.0,0.0,0.0,0.0,0.0
0.0,0.0,0.0,0.0,0.0,0.0
0.0,0.0,0.0,0.0,0.0,0.0
0.0,0.0,0.0,0.0,0.0,0.0
0.0,0.0,0.0,0.0,0.0,0.0
0.0,0.0,0.0,0.0,0.0,0.0
0.0,0.0,0.0,0.0,0.0,0.0
0.0,0.0,0.0,0.0,0.0,0.0
0.0,0.0,0.0,0.0,0.0,0.0
0.0,0.0,0.0,0.0,0.0,0.0
0.0,0.0,0.0,0.0,0.0,0.0
0.0,0.0,0.0,0.0,0.0,0.0
0.0,0.0,0.0,0.0,0.0,0.0
0.0,0.0,0.0,0.0,0.0,0.0
0.0,0.0,0.0,0.0,0.0,0.0
0.0,0.0,0.0,0.0,0.0,0.0
0.0,0.0,0.0,0.0,0.0,0.0
0.0,0.0,0.0,0.0,0.0,0.0
0.0,0.0,0.0,0.0,0.0,0.0
0.0,0.0,0.0,0.0,0.0,0.0
0.0,0.0,0.0,0.0,0.0,0.0
0.0,0.0,0.0,0.0,0.0,0.0
0.0,0.0,0.0,0.0,0.0,0.0
0.0,0.0,0.0,0.0,0.0,0.0
0.0,0.0,0.0,0.0,0.0,0.0
0.0,0.0,0.0,0.0,0.0,0.0
0.0,0.0,0.0,0.0,0.0,0.0
0.0,0.0,0.0,0.0,0.0,0.0
0.0,0.0,0.0,0.0,0.0,0.0
0.0,0.0,0.0,0.0,0.0,0.0
0.0,0.0,0.0,0.0,0.0,0.0
0.0,0.0,0.0,0.0,0.0,0.0
0.0,0.0,0.0,0.0,0.0,0.0
184.5,191.6,191.1,141.5,200.0,186.1
182.5,182.5,182.5,182.5,182.5,182.5
186.9,69.9,221.1,137.3,272.3,207.3
74.5,99.6,219.4,183.1,288.6,229.5
73.8,98.6,819.8,193.6,1263.4,882.0
348.5,138.2,268.7,271.2,1385.3,2852.4
294.6,0.0,0.0,558.0,916.3,1031.7
294.6,0.0,892.7,629.5,2727.7,1031.7
291.1,0.0,899.7,732.4,1859.9,0.0
289.9,0.0,988.8,1032.2,1871.2,0.0
383.3,288.3,991.5,1675.3,1888.1,1037.9
408.8,368.0,1112.7,1811.7,2142.5,1324.8
493.2,275.9,1057.7,543.7,1879.0,507.8
555.6,359.9,1223.8,2491.9,2165.9,658.6
1440.0,709.1,2074.2,2322.9,2951.0,1813.4
1794.7,793.4,2311.3,2495.0,3056.2,2206.6
1432.2,977.7,1846.9,1165.2,2493.6,1651.7
684.1,926.1,871.1,336.5,1488.7,623.3
523.8,1524.1,863.9,881.2,1545.0,617.3
469.3,1223.5,723.1,840.9,1287.4,480.2
490.7,1436.6,868.4,964.5,1451.7,644.7
401.8,979.7,789.7,896.7,1394.4,532.8
397.2,908.3,769.1,872.7,1359.7,515.9
411.6,597.2,805.4,909.8,1158.7,548.1
388.7,568.1,753.8,856.2,367.0,492.6
409.4,595.9,807.1,899.4,452.9,541.0
389.6,578.4,763.5,851.3,376.4,497.8
404.7,602.5,800.0,890.2,437.0,537.1
410.5,616.0,813.1,913.2,463.3,554.9
374.5,567.5,721.9,829.6,308.1,471.2
341.2,628.6,839.1,957.2,512.1,583.7
88.0,588.1,756.1,871.5,371.0,504.2
91.9,592.0,762.7,875.4,376.1,511.0
117.7,628.4,683.6,945.8,492.5,575.4
69.4,569.0,169.2,828.0,287.6,462.4
125.3,640.4,308.7,970.8,526.4,596.2
88.6,589.4,213.3,877.1,361.3,506.5
84.2,586.9,207.6,872.0,354.2,498.6
127.9,640.1,315.5,977.7,538.3,601.5
71.7,565.0,169.4,830.2,285.3,462.8
116.7,627.1,286.5,945.8,488.0,573.0
94.9,471.0,235.4,894.8,402.2,524.7
90.8,111.6,219.0,880.3,371.2,429.4
114.0,142.7,279.5,762.5,475.9,267.1
75.7,98.0,191.2,192.5,328.5,181.3
101.1,135.1,262.7,265.2,454.8,247.1
87.1,116.4,226.3,228.5,391.9,213.0
86.0,114.9,223.5,225.6,387.0,210.3
80.4,107.4,208.9,210.9,361.7,196.6
91.0,121.6,236.5,238.7,409.5,222.5
97.8,130.7,254.2,256.6,440.2,239.2
66.8,89.3,173.7,175.4,300.8,163.5
106.3,142.1,276.2,278.9,478.3,259.9
75.1,100.4,195.3,197.2,338.2,183.8
85.8,114.6,222.9,225.0,386.0,209.7
103.0,137.7,267.8,270.4,463.7,252.0
60.3,80.7,156.8,158.3,271.6,147.6
112.0,149.6,291.0,293.7,503.8,273.8
76.9,102.8,199.9,201.8,346.1,188.1
78.9,105.5,205.2,207.1,355.3,193.1
105.6,141.2,274.5,277.1,475.4,258.3
65.9,88.1,171.3,172.9,296.6,161.2
101.3,135.4,263.4,265.9,456.1,247.8
87.0,116.3,226.2,228.3,391.7,212.8
86.5,115.7,224.9,227.0,389.5,211.6
78.2,104.6,203.3,205.3,352.1,191.3
93.6,125.2,243.4,245.7,421.4,229.0
207.5,86.4,207.5,172.9,200.6,276.6
871.6,605.1,871.6,881.5,868.6,901.5
862.7,652.0,862.7,878.3,860.6,883.6
471.2,196.3,471.2,1038.2,455.5,628.3
10.5,296.6,10.5,654.3,10.2,14.1
7.0,476.2,787.7,158.8,6.8,9.4
197.7,727.2,1792.9,506.0,823.5,475.5
0.0,0.0,0.0,0.0,0.0,0.0
0.0,0.0,0.0,0.0,0.0,0.0
0.0,0.0,0.0,0.0,0.0,0.0
0.0,0.0,0.0,0.0,0.0,0.0
0.0,0.0,0.0,0.0,0.0,0.0
0.0,0.0,0.0,0.0,0.0,0.0
0.0,0.0,0.0,0.0,0.0,0.0
0.0,0.0,0.0,0.0,0.0,0.0
0.0,0.0,0.0,0.0,0.0,0.0
0.0,0.0,0.0,0.0,0.0,0.0
0.0,0.0,0.0,0.0,0.0,0.0
0.0,0.0,0.0,0.0,0.0,0.0
0.0,0.0,0.0,0.0,0.0,0.0
0.0,0.0,0.0,0.0,0.0,0.0
0.0,0.0,0.0,0.0,0.0,0.0
0.0,0.0,0.0,0.0,0.0,0.0
0.0,0.0,0.0,0.0,0.0,0.0
0.0,0.0,0.0,0.0,0.0,0.0
0.0,0.0,0.0,0.0,0.0,0.0
0.0,0.0,0.0,0.0,0.0,0.0
0.0,0.0,0.0,0.0,0.0,0.0
0.0,0.0,0.0,0.0,0.0,0.0
93.3,115.1,127.2,116.3,123.4,118.1
56.2,68.6,169.3,116.3,155.8,127.1
115.6,115.6,115.6,115.6,115.6,115.6
81.8,121.9,124.1,116.9,131.8,116.7
67.6,561.6,175.6,177.3,1231.6,165.2
74.1,568.5,192.6,194.4,865.2,181.2
94.0,591.3,244.2,246.5,422.9,229.8
440.2,1227.9,1380.0,1879.6,2533.7,1941.4
126.7,436.1,330.6,336.4,1171.5,314.6
1140.4,608.8,1372.6,1726.1,3855.7,1682.1
1385.6,735.9,1661.3,3394.5,2251.2,2039.2
217.4,496.7,752.9,730.5,2214.1,469.1
156.8,1097.5,390.6,1442.8,1937.3,371.7
127.4,294.2,319.9,1113.1,1193.5,303.7
190.2,613.9,494.3,752.1,836.2,465.1
364.2,586.2,575.6,624.3,628.2,573.2
311.5,538.6,528.0,553.3,561.8,572.3
135.6,558.1,352.4,355.8,532.1,1131.5
718.6,351.6,259.1,261.5,448.6,661.1
1005.2,173.1,336.6,339.8,569.7,969.8
418.8,141.4,274.9,277.6,476.1,2499.9
1609.6,216.5,420.9,424.9,728.9,2181.2
1229.4,286.5,576.5,564.1,851.5,1366.7
1468.1,105.7,205.6,207.6,356.0,892.1
1402.8,107.7,209.5,211.5,362.7,197.1
567.4,58.0,112.8,113.9,195.3,106.1
92.5,123.7,240.5,242.8,416.4,226.3
59.6,79.6,154.8,156.3,268.1,145.7
60.0,80.2,156.0,157.5,270.1,146.8
76.3,102.0,198.3,200.2,343.4,186.6
57.8,77.2,150.1,151.6,260.0,141.3
81.7,109.2,1266.5,214.3,1299.0,490.8
342.1,533.9,1193.2,133.9,1172.4,419.4
378.3,583.2,1271.6,219.5,1311.7,496.9
350.3,545.1,1185.9,152.3,1169.9,425.9
342.3,532.4,1195.2,153.1,1190.3,432.6
382.6,587.8,1059.8,883.7,1341.3,515.5
330.8,518.2,626.9,758.5,1109.5,390.4
517.3,560.8,715.7,840.8,1263.3,473.1
658.9,562.9,718.2,823.1,1267.8,474.7
644.0,543.4,680.7,793.9,1203.0,437.8
652.2,556.5,703.3,809.8,1242.3,457.4
650.9,558.6,700.0,1143.5,1236.6,454.3
667.3,582.1,745.6,1500.6,1315.5,497.2
505.2,530.8,648.0,1402.6,1146.7,404.6
380.3,586.2,752.1,1510.3,1327.0,502.5
362.1,561.9,709.1,1462.5,1252.6,460.4
348.7,544.6,564.1,1418.5,996.8,364.0
328.1,501.9,228.1,1243.8,394.9,214.6
55.8,74.6,145.1,797.2,251.3,136.6
73.8,98.7,191.9,844.4,332.3,180.5
57.4,76.7,149.1,806.4,258.2,140.3
77.2,103.2,200.6,731.4,347.4,188.8
69.9,93.5,181.7,183.5,314.7,171.0
42.9,57.4,111.5,112.6,193.1,104.9
104.0,139.0,270.4,272.9,468.2,254.4
46.0,61.5,119.5,120.7,207.0,112.5
64.0,85.6,166.4,168.0,288.2,156.6
83.0,111.0,215.8,217.8,373.6,203.0
49.5,66.2,128.7,129.9,222.8,121.1
76.8,102.7,199.6,201.5,345.6,187.8
55.8,74.6,145.0,146.4,251.1,136.4
80.5,107.6,209.2,211.2,362.2,196.8
54.6,73.0,142.0,143.3,245.9,133.6
64.7,86.5,168.1,169.7,291.2,158.2
84.1,112.4,218.5,220.6,378.3,205.6
42.5,56.8,110.5,111.6,191.4,104.0
80.9,108.2,210.3,212.3,364.2,197.9
68.2,91.2,177.3,179.0,307.0,166.8
69.0,92.2,179.3,181.0,310.5,168.7
282.3,377.3,733.6,914.3,1523.0,690.3
416.0,556.0,883.6,1019.3,1238.5,886.7
114.5,153.1,297.7,959.0,1473.2,579.4
39.9,53.3,103.7,768.3,1144.8,396.8
93.6,125.1,243.2,458.1,730.3,530.5
58.0,77.6,150.8,152.3,261.2,238.6
55.6,74.3,144.4,145.8,250.1,135.9
83.8,112.1,217.9,220.0,377.3,205.0
51.3,68.5,133.3,134.5,230.8,125.4
79.0,153.8,150.3,150.6,169.9,148.7
0.0,0.0,0.0,0.0,0.0,0.0
0.0,0.0,0.0,0.0,0.0,0.0
0.0,0.0,0.0,0.0,0.0,0.0
0.0,0.0,0.0,0.0,0.0,0.0
0.0,0.0,0.0,0.0,0.0,0.0
0.0,0.0,0.0,0.0,0.0,0.0
0.0,0.0,0.0,0.0,0.0,0.0
0.0,0.0,0.0,0.0,0.0,0.0
0.0,0.0,0.0,0.0,0.0,0.0
0.0,0.0,0.0,0.0,0.0,0.0
0.0,0.0,0.0,0.0,0.0,0.0
0.0,0.0,0.0,0.0,0.0,0.0
0.0,0.0,0.0,0.0,0.0,0.0
0.0,0.0,0.0,0.0,0.0,0.0
0.0,0.0,0.0,0.0,0.0,0.0
0.0,0.0,0.0,0.0,0.0,0.0
78.2,104.6,723.0,205.3,352.1,191.3
64.8,86.6,696.6,170.0,291.7,158.5
70.6,94.4,713.8,185.3,317.9,172.7
54.7,73.1,666.0,143.5,246.1,133.7
146.9,108.1,729.8,212.2,364.0,197.8
375.1,102.9,723.9,347.1,346.4,188.2
476.0,242.4,989.6,1131.8,814.7,445.6
1561.8,1099.4,2699.0,3272.1,3477.9,3174.1
629.3,485.6,1403.9,1829.6,2523.8,1295.0
454.0,205.0,922.4,1037.7,1620.7,381.1
386.0,122.1,763.5,885.2,1323.7,223.5
2228.2,1004.1,2803.4,2645.8,3553.1,2821.1
1901.6,826.3,2407.1,2284.7,3090.6,2337.1
693.4,401.9,1339.8,1426.4,2231.5,819.7
1562.4,613.9,1948.8,1863.6,2481.2,1799.8
1015.8,392.9,1415.8,1413.4,1972.0,1078.2
1884.5,748.3,2270.1,2127.3,2791.2,2298.4
823.5,286.2,1174.9,1193.7,1681.2,1086.8
354.7,182.6,685.5,788.9,1179.9,437.1
386.8,595.2,762.1,875.1,1302.2,507.5
366.4,547.3,689.3,797.2,1186.9,446.7
385.4,561.5,740.4,849.8,1281.9,496.1
394.5,572.8,750.6,866.2,1294.1,511.6
360.8,536.9,667.6,780.9,1153.1,426.5
415.5,611.9,808.2,927.0,1405.2,559.9
370.4,544.3,690.0,800.2,1196.7,449.0
384.9,560.1,279.8,841.2,1267.9,479.2
396.1,582.0,230.1,881.9,1321.3,513.5
370.5,538.8,157.9,803.1,1197.2,442.2
396.1,573.4,221.5,867.4,1314.9,508.0
383.2,550.1,190.9,839.1,1254.4,481.5
390.0,570.4,211.3,857.6,1292.4,498.1
371.4,550.8,165.8,814.3,1217.4,456.5
428.2,591.0,254.3,894.9,1340.0,555.9
185.5,587.8,247.2,887.8,1320.7,554.8
69.2,538.0,134.9,235.0,1154.8,433.8
123.3,616.7,286.6,285.6,1426.6,571.4
69.8,543.9,142.1,139.2,378.1,438.0
86.0,565.0,189.8,187.9,312.5,483.8
108.6,593.9,242.9,240.9,401.9,532.8
78.6,557.6,165.0,162.3,266.9,459.5
101.2,584.0,223.6,221.4,368.4,515.9
86.9,568.1,192.2,190.4,316.8,483.8
97.2,580.5,213.3,211.0,350.6,506.2
78.0,553.0,163.4,160.7,264.2,458.0
102.6,587.7,227.2,225.0,374.6,519.2
92.9,572.9,202.2,199.8,331.3,247.0
65.1,540.8,135.5,133.1,218.5,135.8
126.0,221.2,288.1,286.5,480.1,280.8
71.0,72.2,145.1,142.2,4458.1,146.2
87.7,94.6,188.6,186.1,3345.7,187.1
108.6,122.5,242.9,240.9,1527.6,238.3
1011.6,74.5,149.6,146.7,240.2,150.4
777.5,114.3,226.9,224.8,374.1,2519.3
337.1,96.8,192.2,190.4,316.8,1839.9
95.7,105.3,209.3,207.0,343.7,818.4
75.8,81.9,163.2,161.1,266.5,161.9
103.2,112.1,223.3,220.5,365.1,221.2
91.7,103.2,204.7,202.9,338.3,200.9
66.5,66.3,133.6,130.5,212.5,135.3
121.1,142.5,281.0,280.0,470.5,272.7
73.5,72.3,145.9,142.4,231.2,148.4
84.2,1348.1,185.1,2646.6,304.4,182.4
107.9,1023.8,240.9,2010.0,398.4,236.4
69.1,407.3,145.8,799.8,236.3,145.4
197.1,240.8,472.9,473.0,800.0,454.6
24.6,10.3,2464.8,20.5,23.8,32.8
21.1,8.8,1775.5,17.6,20.4,28.1
24.6,10.3,674.7,20.5,23.8,32.8
225.6,278.9,547.1,547.9,928.5,524.4
102.1,260.8,225.9,223.7,372.4,222.2
22.7,22.7,22.7,22.7,22.7,22.7
0.0,0.0,0.0,0.0,0.0,0.0
0.0,0.0,0.0,0.0,0.0,0.0
0.0,0.0,0.0,0.0,0.0,0.0
0.0,0.0,0.0,0.0,0.0,0.0
0.0,0.0,0.0,0.0,0.0,0.0
0.0,0.0,0.0,0.0,0.0,0.0
0.0,0.0,0.0,0.0,0.0,0.0
0.0,0.0,0.0,0.0,0.0,0.0
0.0,0.0,0.0,0.0,0.0,0.0
0.0,0.0,0.0,0.0,0.0,0.0
0.0,0.0,0.0,0.0,0.0,0.0
0.0,0.0,0.0,0.0,0.0,0.0
0.0,0.0,0.0,0.0,0.0,0.0
0.0,0.0,0.0,0.0,0.0,0.0
0.0,0.0,0.0,0.0,0.0,0.0
0.0,0.0,0.0,0.0,0.0,0.0
0.0,0.0,0.0,0.0,0.0,0.0
0.0,0.0,0.0,0.0,0.0,0.0
0.0,0.0,0.0,0.0,0.0,0.0
0.0,0.0,0.0,0.0,0.0,0.0
0.0,0.0,0.0,0.0,0.0,0.0
0.0,0.0,0.0,0.0,0.0,0.0
0.0,0.0,0.0,0.0,0.0,0.0
0.0,0.0,0.0,0.0,0.0,0.0
98.7,109.2,217.1,214.8,357.0,213.9
81.7,89.8,178.7,1321.7,293.2,176.4
94.1,103.1,205.2,257.1,336.5,202.7
87.6,97.6,193.8,1564.9,319.5,190.7
87.0,93.6,186.8,1454.0,304.6,185.4
180.2,218.2,429.0,2138.1,724.0,413.3
135.9,162.2,319.4,1170.7,536.9,308.8
148.5,175.9,346.6,345.6,581.4,335.8
251.7,278.2,553.0,547.1,909.2,545.2
1171.9,686.4,1516.2,1362.2,1893.9,1802.0
193.0,235.3,462.3,462.3,781.7,444.6
173.2,208.8,410.7,410.2,692.3,396.1
167.7,201.5,396.5,395.9,1827.1,382.8
157.5,187.9,942.6,369.2,676.9,357.9
325.4,412.3,833.6,809.8,2767.7,768.5
225.4,278.6,1232.8,547.2,2213.0,523.7
201.0,603.9,1118.1,483.4,2548.6,464.3
164.0,220.0,1252.9,398.9,1538.7,1669.7
243.4,598.1,755.4,331.9,567.6,372.3
1144.0,980.6,1328.6,1161.6,1520.6,3194.9
288.0,664.4,268.0,256.9,404.8,1711.1
237.0,377.7,224.0,219.3,358.3,2149.0
254.5,111.7,217.2,219.3,960.5,1162.8
130.2,352.4,117.0,118.1,1137.7,110.1
91.9,590.4,238.8,241.1,1352.4,224.7
61.1,551.1,158.9,160.4,1221.5,149.5
53.1,544.3,138.1,139.4,1178.1,130.0
101.0,604.5,262.5,265.0,1416.1,247.0
44.6,540.4,116.0,117.1,1154.8,109.1
257.0,576.4,193.3,195.1,1281.2,181.9
371.4,579.0,205.7,207.7,1306.5,376.2
351.8,553.2,151.8,153.3,1201.8,435.1
368.1,566.1,188.0,189.8,1272.0,470.3
359.9,562.0,501.5,174.4,1238.0,458.3
381.7,578.0,737.0,213.0,1311.9,492.0
347.7,539.5,657.0,130.1,1162.0,421.7
382.6,585.6,758.1,227.9,1329.8,510.6
363.4,558.3,700.9,174.4,1245.5,458.3
339.7,535.1,661.2,121.5,1162.5,410.2
402.5,619.6,814.0,681.8,1445.6,554.4
338.7,543.2,650.2,761.8,1165.5,406.6
365.0,573.3,714.4,827.1,1273.0,462.7
375.5,590.5,741.5,866.0,1334.7,496.5
344.2,550.6,664.5,778.9,1190.3,417.7
373.4,584.5,729.9,864.7,1310.9,483.2
364.2,569.1,704.2,829.4,1262.9,457.5
376.6,582.8,722.9,847.3,1295.0,481.4
355.7,552.7,671.7,798.2,1206.3,436.7
375.8,579.5,728.1,843.1,1304.2,484.7
377.8,584.5,734.6,850.6,1300.7,486.8
343.4,536.2,654.5,758.1,1154.6,406.6
395.6,608.0,788.2,900.4,1386.1,533.2
358.6,555.1,689.0,795.0,1218.0,439.9
361.2,563.5,703.8,807.9,1236.3,453.0
380.2,587.0,751.0,862.9,1321.7,497.1
355.8,551.2,681.6,797.9,1197.6,431.7
382.8,588.5,759.9,882.6,1329.6,505.7
354.5,549.2,679.1,802.8,1200.9,431.4
380.4,587.3,749.5,873.8,1322.7,498.8
361.4,560.4,701.4,823.6,647.6,448.4
354.3,260.1,681.6,805.2,247.3,434.9
397.1,130.7,795.1,917.7,440.2,538.5
261.3,58.5,320.2,344.1,196.8,273.5
0.0,0.0,0.0,0.0,0.0,0.0
0.0,0.0,0.0,0.0,0.0,0.0
0.0,0.0,0.0,0.0,0.0,0.0
0.0,0.0,0.0,0.0,0.0,0.0
0.0,0.0,0.0,0.0,0.0,0.0
0.0,0.0,0.0,0.0,0.0,0.0
0.0,0.0,0.0,0.0,0.0,0.0
0.0,0.0,0.0,0.0,0.0,0.0
0.0,0.0,0.0,0.0,0.0,0.0
0.0,0.0,0.0,0.0,0.0,0.0
0.0,0.0,0.0,0.0,0.0,0.0
0.0,0.0,0.0,0.0,0.0,0.0
0.0,0.0,0.0,0.0,0.0,0.0
0.0,0.0,0.0,0.0,0.0,0.0
0.0,0.0,0.0,0.0,0.0,0.0
0.0,0.0,0.0,0.0,0.0,0.0
0.0,0.0,0.0,0.0,0.0,0.0
0.0,0.0,0.0,0.0,0.0,0.0
0.0,0.0,0.0,0.0,0.0,0.0
0.0,0.0,0.0,0.0,0.0,0.0
0.0,0.0,0.0,0.0,0.0,0.0
0.0,0.0,0.0,0.0,0.0,0.0
0.0,0.0,0.0,0.0,0.0,0.0
0.0,0.0,0.0,0.0,0.0,0.0
0.0,0.0,0.0,0.0,0.0,0.0
0.0,0.0,0.0,0.0,0.0,0.0
0.0,0.0,0.0,0.0,0.0,0.0
0.0,0.0,0.0,0.0,0.0,0.0
0.0,0.0,0.0,0.0,0.0,0.0
0.0,0.0,0.0,0.0,0.0,0.0
0.0,0.0,0.0,0.0,0.0,0.0
0.0,0.0,0.0,0.0,0.0,0.0
0.0,0.0,0.0,0.0,0.0,0.0
61.5,82.2,822.7,1849.0,276.8,445.0
72.9,97.4,713.3,1132.6,328.1,468.1
55.4,74.0,670.0,1073.0,249.3,426.5
77.1,103.1,728.6,840.1,347.1,480.8
87.7,117.3,749.8,1825.2,394.9,508.0
113.1,641.4,811.4,1715.2,508.8,566.3
175.1,631.9,976.9,1706.7,788.1,715.7
138.1,485.8,895.5,1018.2,621.4,627.6
0.0,0.0,536.6,658.5,0.0,298.1
0.0,0.0,538.7,658.5,0.0,298.1
366.8,0.0,538.7,661.0,0.0,299.3
476.1,238.6,1958.2,1124.3,803.4,735.9
601.5,502.7,2287.5,1642.6,1692.5,1220.2
153.5,205.2,1521.5,1063.9,2341.9,673.6
1640.5,697.5,2104.6,2049.6,3210.7,3095.7
534.8,400.8,799.5,912.1,2302.9,1293.2
473.1,474.2,839.3,950.3,1530.5,1153.8
364.2,155.0,660.8,533.3,509.9,414.5
390.1,220.5,594.6,259.8,1621.3,542.6
354.0,527.5,160.6,162.1,1220.7,1327.5
346.4,542.2,137.8,139.1,1181.3,1308.0
393.4,609.7,269.1,271.7,1393.5,589.0
332.6,524.1,117.2,118.4,1134.4,427.8
366.2,567.7,198.3,200.2,1278.5,186.6
377.2,573.2,205.5,207.4,1294.7,193.3
353.9,544.0,145.0,146.4,1178.6,136.4
380.2,572.0,210.3,212.3,1284.2,197.9
360.5,541.9,159.1,160.7,1203.2,149.7
377.1,566.2,199.2,201.1,1298.9,187.4
362.4,563.0,167.1,168.7,1243.4,157.3
370.3,573.5,187.6,189.4,1282.6,176.5
372.2,574.8,186.4,188.2,1280.6,175.4
358.8,555.2,148.4,149.8,1218.5,139.6
390.9,600.1,232.1,234.3,1355.8,218.4
351.9,545.7,133.7,135.0,1185.5,125.8
267.8,584.6,209.2,211.2,1323.7,196.8
75.6,581.9,196.6,198.5,1305.7,185.0
43.7,541.1,113.7,114.8,1162.1,107.0
103.6,621.1,269.2,271.8,1427.7,253.3
53.6,552.5,139.4,140.7,840.9,131.2
65.6,387.4,170.4,172.1,295.1,160.4
87.3,116.6,226.8,228.9,392.7,213.4
50.6,67.6,131.5,132.8,227.8,123.8
83.7,111.8,217.5,219.5,376.6,204.6
70.4,94.1,183.0,184.8,316.9,172.2
74.3,99.3,193.2,195.0,334.5,181.8
63.0,84.3,163.9,165.4,283.7,154.2
71.1,95.1,184.9,186.6,320.1,174.0
84.1,112.4,218.5,220.6,612.1,205.6
42.9,57.4,111.5,112.6,1135.8,104.9
94.8,126.8,246.5,248.8,1365.7,231.9
98.2,421.2,160.7,162.2,1228.5,151.2
243.0,1107.8,135.0,136.3,2335.1,127.0
309.1,926.8,272.1,274.7,2368.2,849.1
338.7,901.5,114.5,115.6,2226.5,1303.2
366.5,889.4,190.0,191.8,2139.5,1222.8
378.6,962.0,212.3,214.3,2020.8,1211.9
609.1,993.7,143.8,145.2,2005.7,1102.5
865.0,950.8,0.0,825.3,1373.0,986.0
836.7,852.3,658.3,870.6,921.4,860.6
833.3,833.3,833.3,833.3,833.3,833.3
833.3,833.3,833.3,833.3,833.3,833.3
833.3,833.3,833.3,833.3,833.3,833.3
833.3,833.3,833.3,833.3,833.3,833.3
833.3,833.3,833.3,833.3,833.3,833.3
871.5,452.5,963.0,1030.9,843.2,838.9
880.9,471.3,1185.5,1305.8,856.0,300.5
839.6,475.1,1295.8,1216.7,873.5,299.3
650.2,477.0,1214.0,1286.9,1077.4,294.6
540.3,471.3,1197.2,1520.0,986.0,285.2
295.8,467.6,1468.1,1468.5,0.0,282.8
371.6,540.4,770.7,665.1,341.2,480.0
0.0,0.0,0.0,0.0,0.0,0.0
0.0,0.0,0.0,0.0,0.0,0.0
0.0,0.0,0.0,0.0,0.0,0.0
0.0,0.0,0.0,0.0,0.0,0.0
0.0,0.0,0.0,0.0,0.0,0.0
0.0,0.0,0.0,0.0,0.0,0.0
0.0,0.0,0.0,0.0,0.0,0.0
0.0,0.0,0.0,0.0,0.0,0.0
0.0,0.0,0.0,0.0,0.0,0.0
0.0,0.0,0.0,0.0,0.0,0.0
0.0,0.0,0.0,0.0,0.0,0.0
0.0,0.0,0.0,0.0,0.0,0.0
0.0,0.0,0.0,0.0,0.0,0.0
0.0,0.0,0.0,0.0,0.0,0.0
0.0,0.0,0.0,0.0,0.0,0.0
0.0,0.0,0.0,0.0,0.0,0.0
0.0,0.0,0.0,0.0,0.0,0.0
0.0,0.0,0.0,0.0,0.0,0.0
0.0,0.0,0.0,0.0,0.0,0.0
0.0,0.0,0.0,0.0,0.0,0.0
0.0,0.0,0.0,0.0,0.0,0.0
0.0,0.0,0.0,0.0,0.0,0.0
0.0,0.0,0.0,0.0,0.0,0.0
0.0,0.0,0.0,0.0,0.0,0.0
164.5,164.5,164.5,164.5,164.5,164.5
162.8,164.6,164.9,164.9,165.2,164.8
164.5,164.5,164.5,164.5,164.5,164.5
145.4,164.7,168.1,168.1,172.9,167.9
228.7,286.2,560.6,562.2,954.5,535.7
138.3,184.9,359.5,362.9,622.4,338.2
181.0,242.0,470.5,475.0,814.8,442.8
254.6,340.3,661.7,668.0,1145.8,622.6
212.4,283.9,552.0,557.3,955.9,519.4
165.6,221.3,430.4,434.5,745.2,405.0
134.0,179.1,348.3,351.6,603.1,327.7
203.1,271.4,527.7,532.8,913.8,496.6
193.9,259.2,504.0,508.8,872.7,474.2
258.7,345.8,672.4,678.8,1164.4,632.7
211.7,373.2,671.4,927.7,1236.7,962.1
81.6,109.0,212.0,214.1,367.2,199.5
104.0,139.0,270.2,272.8,467.9,254.3
61.1,81.7,158.9,160.4,275.1,149.5
59.0,78.8,153.3,154.7,265.4,144.2
104.9,140.2,272.5,275.1,471.9,256.4
44.8,59.9,116.5,117.6,1038.9,109.6
74.5,518.1,193.6,770.9,1285.4,182.2
83.0,586.1,215.8,871.1,1323.8,203.0
57.2,551.6,148.7,803.4,1203.9,139.9
74.4,572.6,193.3,845.8,1285.0,181.9
66.7,564.2,173.3,828.2,1235.2,163.1
76.5,569.8,198.9,843.7,1283.3,187.1
54.5,542.3,141.7,788.5,1188.0,133.3
81.1,579.7,210.8,860.8,1307.6,198.3
73.9,570.1,192.0,841.9,1271.4,180.7
42.9,526.7,111.4,757.9,1128.0,104.8
101.7,603.5,264.2,909.6,1396.4,248.6
319.5,546.9,150.6,797.5,1195.8,141.7
356.1,546.6,153.7,798.1,1197.5,144.6
394.3,595.8,252.9,895.7,1380.7,238.0
341.7,532.7,119.4,768.6,1149.4,112.3
373.9,574.2,200.0,850.0,1292.8,449.8
366.4,572.4,192.9,845.4,1276.7,478.4
357.3,556.7,166.0,815.7,1230.1,453.1
364.8,565.2,182.4,832.3,1258.6,467.4
357.6,555.5,163.7,813.4,1222.4,451.0
378.2,582.8,220.3,867.9,1328.0,499.6
343.4,541.6,133.0,784.9,1169.2,418.5
375.2,578.8,683.5,860.1,1307.1,494.6
368.0,570.7,731.4,844.3,1287.4,479.8
333.1,529.4,643.7,761.0,3886.7,396.2
394.8,605.3,792.9,911.1,4101.7,537.4
354.5,555.2,690.2,810.5,3942.5,439.9
358.0,558.3,687.9,816.7,4411.4,444.5
380.8,596.0,752.2,887.2,3958.6,501.9
347.4,553.2,667.5,802.2,3394.9,423.7
376.4,592.0,742.9,878.3,1333.5,1991.6
358.0,569.0,696.0,833.1,1018.3,1525.6
369.8,515.6,718.5,767.2,333.3,1955.2
363.2,93.3,709.6,183.2,314.2,2187.7
349.7,75.2,672.3,147.7,253.3,1848.0
390.9,127.2,2187.6,249.7,428.3,1616.3
345.5,68.0,1585.3,133.5,229.0,420.2
0.0,0.0,0.0,0.0,0.0,0.0
0.0,0.0,0.0,0.0,0.0,0.0
0.0,0.0,0.0,0.0,0.0,0.0
0.0,0.0,0.0,0.0,0.0,0.0
0.0,0.0,0.0,0.0,0.0,0.0
0.0,0.0,0.0,0.0,0.0,0.0
0.0,0.0,0.0,0.0,0.0,0.0
0.0,0.0,0.0,0.0,0.0,0.0
0.0,0.0,0.0,0.0,0.0,0.0
0.0,0.0,0.0,0.0,0.0,0.0
0.0,0.0,0.0,0.0,0.0,0.0
0.0,0.0,0.0,0.0,0.0,0.0
0.0,0.0,0.0,0.0,0.0,0.0
0.0,0.0,0.0,0.0,0.0,0.0
0.0,0.0,0.0,0.0,0.0,0.0
0.0,0.0,0.0,0.0,0.0,0.0
0.0,0.0,0.0,0.0,0.0,0.0
0.0,0.0,0.0,0.0,0.0,0.0
0.0,0.0,0.0,0.0,0.0,0.0
0.0,0.0,0.0,0.0,0.0,0.0
0.0,0.0,0.0,0.0,0.0,0.0
0.0,0.0,0.0,0.0,0.0,0.0
0.0,0.0,0.0,0.0,0.0,0.0
0.0,0.0,0.0,0.0,0.0,0.0
0.0,0.0,0.0,0.0,0.0,0.0
0.0,0.0,0.0,0.0,0.0,0.0
0.0,0.0,0.0,0.0,0.0,0.0
0.0,0.0,0.0,0.0,0.0,0.0
0.0,0.0,0.0,0.0,0.0,0.0
0.0,0.0,0.0,0.0,0.0,0.0
0.0,0.0,0.0,0.0,0.0,0.0
0.0,0.0,0.0,0.0,0.0,0.0
0.0,0.0,0.0,0.0,0.0,0.0
0.0,0.0,0.0,0.0,0.0,0.0
0.0,0.0,0.0,0.0,0.0,0.0
0.0,0.0,0.0,0.0,0.0,0.0
0.0,0.0,0.0,0.0,0.0,0.0
0.0,0.0,0.0,0.0,0.0,0.0
398.4,138.8,269.8,272.4,1417.4,253.9
346.5,536.7,119.7,120.8,1165.0,112.6
386.1,593.4,222.6,224.7,1328.2,209.5
419.4,633.4,315.1,318.1,1507.2,296.5
420.2,644.0,317.4,320.4,1511.2,595.6
461.3,700.4,427.1,431.1,1693.5,701.2
421.5,813.8,333.0,336.2,969.7,589.9
306.8,306.8,306.8,306.8,306.8,306.8
438.8,438.8,438.8,438.8,438.8,438.8
438.8,438.8,438.8,438.8,438.8,438.8
439.0,442.5,404.1,448.0,456.9,442.4
413.3,454.4,311.7,481.0,521.8,450.7
494.4,544.8,553.5,551.4,561.3,545.3
541.8,541.8,541.8,541.8,541.8,541.8
485.8,545.2,543.8,556.8,572.9,546.0
553.0,552.0,378.0,583.6,628.8,555.3
505.8,559.6,160.6,635.7,931.9,846.2
443.9,607.0,270.1,645.0,878.5,795.2
384.1,591.7,624.2,638.2,745.1,656.5
368.1,573.3,625.3,888.3,706.8,477.9
155.0,600.7,789.2,2385.3,1398.6,538.2
76.0,576.7,738.3,1322.4,1284.6,482.7
94.0,597.0,785.2,897.4,600.3,526.9
79.0,194.2,741.9,863.1,355.5,485.4
90.8,121.3,772.5,886.3,408.5,518.9
87.4,116.8,761.7,882.6,393.4,508.4
69.9,93.4,709.7,836.6,314.4,226.2
106.2,141.9,814.7,921.5,477.8,259.7
69.6,93.1,717.6,836.0,313.4,170.3
83.0,111.0,752.4,865.9,373.6,203.0
107.3,143.4,813.3,403.3,482.8,262.3
58.8,78.6,681.0,154.3,264.7,143.8
101.1,135.2,795.2,265.3,455.1,247.3
89.9,120.2,770.2,235.9,404.6,219.8
74.8,100.0,724.7,196.3,336.7,183.0
95.8,128.1,783.6,251.4,431.3,234.4
79.3,106.0,740.5,208.0,356.8,193.9
94.1,125.8,770.7,247.0,423.6,230.2
75.1,100.4,729.8,197.2,338.2,183.8
96.0,128.3,779.8,251.9,432.0,234.8
90.3,120.7,334.3,236.9,406.3,220.8
64.8,86.6,168.4,170.0,291.7,158.5
117.9,157.6,306.4,309.3,530.6,288.3
72.9,97.4,189.4,191.3,328.1,178.3
76.7,102.5,1841.7,201.2,345.1,187.5
118.9,159.0,2764.5,312.1,535.3,290.9
60.3,925.3,2105.9,158.2,271.4,147.5
94.5,1389.1,1852.0,248.0,425.4,231.1
100.2,1136.4,1603.9,263.0,451.1,245.1
74.4,925.6,2502.3,195.1,334.7,181.9
92.9,815.1,2171.9,243.8,418.2,227.2
86.4,1302.9,1660.7,226.6,388.7,211.2
94.4,1118.9,1149.1,247.7,424.9,230.9
72.6,835.6,870.5,190.4,326.6,177.5
728.7,594.1,891.5,253.9,435.5,236.7
1041.0,479.4,859.7,252.6,433.3,235.4
810.2,409.6,156.4,157.9,270.9,147.2
730.6,463.8,292.4,295.2,506.3,275.1
596.6,106.5,207.0,209.0,358.5,194.8
961.0,97.1,188.7,190.5,326.8,177.6
853.5,148.0,287.8,1948.6,498.4,270.8
622.6,93.6,182.0,2262.9,315.2,1523.7
604.4,107.0,256.7,1734.5,248.1,2049.2
438.2,73.3,175.8,1768.2,170.0,2068.6
211.2,71.8,172.3,241.9,284.8,248.8
0.0,0.0,0.0,0.0,0.0,0.0
0.0,0.0,0.0,0.0,0.0,0.0
0.0,0.0,0.0,0.0,0.0,0.0
0.0,0.0,0.0,0.0,0.0,0.0
0.0,0.0,0.0,0.0,0.0,0.0
0.0,0.0,0.0,0.0,0.0,0.0
0.0,0.0,0.0,0.0,0.0,0.0
0.0,0.0,0.0,0.0,0.0,0.0
0.0,0.0,0.0,0.0,0.0,0.0
0.0,0.0,0.0,0.0,0.0,0.0
0.0,0.0,0.0,0.0,0.0,0.0
0.0,0.0,0.0,0.0,0.0,0.0
0.0,0.0,0.0,0.0,0.0,0.0
0.0,0.0,0.0,0.0,0.0,0.0
0.0,0.0,0.0,0.0,0.0,0.0
0.0,0.0,0.0,0.0,0.0,0.0
0.0,0.0,0.0,0.0,0.0,0.0
0.0,0.0,0.0,0.0,0.0,0.0
0.0,0.0,0.0,0.0,0.0,0.0
0.0,0.0,0.0,0.0,0.0,0.0
0.0,0.0,0.0,0.0,0.0,0.0
0.0,0.0,0.0,0.0,0.0,0.0
0.0,0.0,0.0,0.0,0.0,0.0
0.0,0.0,0.0,0.0,0.0,0.0
0.0,0.0,0.0,0.0,0.0,0.0
0.0,0.0,0.0,0.0,0.0,0.0
0.0,0.0,0.0,0.0,0.0,0.0
0.0,0.0,0.0,0.0,0.0,0.0
0.0,0.0,0.0,0.0,0.0,0.0
0.0,0.0,0.0,0.0,0.0,0.0
0.0,0.0,0.0,0.0,0.0,0.0
59.1,69.3,136.7,136.1,449.7,132.7
85.0,113.6,195.1,166.1,258.2,165.6
79.7,106.5,231.6,165.0,236.1,164.7
43.7,180.9,266.3,114.8,270.9,107.0
97.3,677.0,606.0,255.3,823.6,238.0
80.2,574.1,679.0,210.4,957.4,196.2
167.0,478.2,636.9,475.0,531.9,408.3
170.7,475.1,539.2,556.8,467.3,488.2
428.6,428.6,428.6,428.6,428.6,428.6
428.6,428.6,428.6,428.6,428.6,428.6
462.4,443.7,245.4,501.4,424.9,493.8
431.0,433.7,322.3,477.6,433.8,473.1
508.3,0.0,0.0,1383.7,0.0,1297.5
617.5,0.0,0.0,1049.7,0.0,978.4
400.1,0.0,0.0,910.4,0.0,848.5
347.0,0.0,0.0,769.6,0.0,717.4
599.3,127.5,305.9,254.9,295.7,407.9
193.2,146.6,168.8,140.7,163.2,225.1
286.8,429.6,172.3,143.6,166.6,229.7
294.2,243.1,249.7,208.1,241.3,332.9
98.5,41.0,98.5,82.1,95.2,131.3
69.1,92.4,179.6,181.3,311.0,169.0
123.8,165.4,321.7,324.8,557.1,302.7
93.8,125.4,243.8,246.1,422.1,229.4
68.5,91.5,178.0,179.7,643.8,167.5
89.0,119.0,231.3,233.5,1392.3,217.7
55.9,74.8,145.4,146.8,1243.5,136.8
83.9,112.1,218.0,220.1,1365.5,205.2
176.0,95.1,184.9,186.6,1304.3,174.0
383.6,98.5,380.4,424.1,1315.9,180.3
382.9,97.5,747.4,873.2,1286.1,178.4
373.1,86.0,725.1,850.7,1251.2,157.4
398.5,121.5,792.1,917.8,1378.3,222.4
362.5,73.5,696.4,820.8,1212.6,134.4
384.0,281.0,773.6,898.7,1350.1,207.1
381.1,603.6,748.3,870.1,1339.6,197.2
347.4,555.5,656.8,778.1,1173.6,109.1
402.6,628.9,807.5,931.1,1430.9,246.9
370.2,582.2,718.1,840.5,1283.7,164.8
363.6,570.2,696.9,819.5,1243.3,142.9
402.8,610.9,806.1,930.7,1425.0,346.5
359.2,552.9,687.5,810.4,1227.0,441.9
383.6,587.8,750.1,874.1,1343.1,498.8
384.3,586.8,753.9,878.4,1342.3,499.2
372.7,573.1,723.8,847.9,1290.0,469.7
390.6,599.3,767.2,891.8,1372.8,510.6
369.7,564.8,706.0,830.5,1270.7,442.7
395.3,602.4,781.9,908.4,1379.7,509.3
374.3,576.2,725.1,850.7,1288.9,460.2
375.9,575.2,723.1,848.6,1300.5,1001.4
412.5,621.1,816.6,943.9,1462.6,2787.1
358.6,555.6,689.8,816.9,1232.0,2684.7
391.3,603.3,765.3,857.7,909.3,1473.2
403.2,611.1,786.1,913.2,388.0,1519.7
365.3,557.3,690.1,818.0,207.0,1003.5
408.9,620.9,810.7,940.7,408.5,528.4
277.7,598.9,758.4,887.4,321.6,481.1
64.4,583.8,1116.8,622.5,289.7,465.0
73.3,880.1,2153.6,192.3,1210.6,490.3
68.1,540.8,601.6,178.6,750.5,432.5
0.0,0.0,0.0,0.0,0.0,0.0
0.0,0.0,0.0,0.0,0.0,0.0
0.0,0.0,0.0,0.0,0.0,0.0
0.0,0.0,0.0,0.0,0.0,0.0
0.0,0.0,0.0,0.0,0.0,0.0
0.0,0.0,0.0,0.0,0.0,0.0
0.0,0.0,0.0,0.0,0.0,0.0
0.0,0.0,0.0,0.0,0.0,0.0
0.0,0.0,0.0,0.0,0.0,0.0
0.0,0.0,0.0,0.0,0.0,0.0
0.0,0.0,0.0,0.0,0.0,0.0
0.0,0.0,0.0,0.0,0.0,0.0
0.0,0.0,0.0,0.0,0.0,0.0
0.0,0.0,0.0,0.0,0.0,0.0
0.0,0.0,0.0,0.0,0.0,0.0
0.0,0.0,0.0,0.0,0.0,0.0
0.0,0.0,0.0,0.0,0.0,0.0
0.0,0.0,0.0,0.0,0.0,0.0
0.0,0.0,0.0,0.0,0.0,0.0
0.0,0.0,0.0,0.0,0.0,0.0
0.0,0.0,0.0,0.0,0.0,0.0
0.0,0.0,0.0,0.0,0.0,0.0
0.0,0.0,0.0,0.0,0.0,0.0
0.0,0.0,0.0,0.0,0.0,0.0
0.0,0.0,0.0,0.0,0.0,0.0
0.0,0.0,0.0,0.0,0.0,0.0
0.0,0.0,0.0,0.0,0.0,0.0
0.0,0.0,0.0,0.0,0.0,0.0
0.0,0.0,0.0,0.0,0.0,0.0
0.0,0.0,0.0,0.0,0.0,0.0
0.0,0.0,0.0,0.0,0.0,0.0
0.0,0.0,0.0,0.0,0.0,0.0
0.0,0.0,0.0,0.0,0.0,0.0
0.0,0.0,0.0,0.0,0.0,0.0
0.0,0.0,0.0,0.0,0.0,0.0
0.0,0.0,0.0,0.0,0.0,0.0
96.5,96.5,96.5,96.5,96.5,96.5
96.5,96.5,96.5,96.5,96.5,96.5
96.5,96.5,96.5,96.5,96.5,96.5
96.5,96.5,96.5,96.5,96.5,96.5
283.9,655.2,1084.9,2071.9,938.4,509.9
700.8,520.9,2199.8,2393.1,1753.9,953.1
529.5,330.3,1931.9,1412.5,1104.1,718.5
406.1,315.4,1658.5,2715.4,1022.0,1135.5
307.5,521.8,547.2,1723.7,0.0,0.0
301.7,656.7,549.3,1248.5,0.0,0.0
305.2,789.1,547.2,1247.2,0.0,0.0
305.2,793.1,547.2,1247.1,0.0,0.0
492.0,1029.7,1023.4,1158.6,1076.9,454.1
427.6,657.3,868.5,998.3,1551.8,302.3
427.3,645.8,866.6,989.1,1541.1,298.5
812.5,646.2,860.6,981.3,1508.2,288.9
766.1,569.9,714.3,828.9,1258.7,149.2
760.6,643.4,851.4,969.5,1481.0,1714.9
760.6,595.5,765.8,875.3,1344.0,1915.2
743.6,620.1,1822.3,927.5,3177.2,2626.5
386.4,591.8,1800.8,878.3,3140.1,1484.6
381.2,583.3,1306.3,866.7,2279.8,1020.1
436.3,652.8,1205.3,1017.0,2557.0,1163.9
377.9,580.4,752.9,861.1,2276.6,1016.0
420.1,640.4,295.7,975.1,1484.8,579.9
422.1,645.2,297.8,974.7,1477.2,585.4
373.2,583.2,173.6,851.8,1273.4,468.5
258.1,619.7,248.2,924.6,1406.4,539.9
91.8,614.8,238.6,598.7,1397.4,528.6
64.2,576.0,166.9,168.4,1276.9,462.2
77.8,596.1,202.3,204.2,1334.5,494.4
71.9,586.3,186.9,188.7,1307.7,479.9
81.6,369.3,212.2,214.2,1347.8,500.1
63.3,84.6,164.6,166.1,1269.1,458.9
82.9,110.8,215.5,217.5,1353.5,507.9
82.6,110.4,214.6,216.7,892.0,509.5
44.6,59.6,116.0,117.1,200.8,417.8
96.9,129.5,251.8,254.2,436.0,544.5
68.7,91.8,178.4,180.1,309.0,475.4
51.1,68.3,132.8,134.1,230.0,431.4
104.1,139.2,270.7,273.2,468.7,562.2
55.0,73.5,142.8,144.2,247.3,440.8
70.9,94.7,184.2,185.9,318.9,335.9
80.6,107.7,209.5,211.5,362.7,197.1
60.5,80.8,157.1,158.6,272.1,147.9
84.7,113.2,220.2,222.3,381.3,207.2
60.0,80.2,155.8,157.3,269.9,146.6
81.9,109.5,212.9,214.9,368.7,200.3
69.6,93.1,181.0,182.7,313.4,170.3
53.3,71.3,138.5,139.9,239.9,130.4
102.3,136.8,265.9,268.5,460.5,250.2
51.7,69.1,134.4,135.7,232.7,126.5
69.6,93.1,181.0,182.7,313.4,170.3
94.6,126.5,245.9,248.3,425.8,231.4
44.6,59.6,116.0,117.1,200.8,109.1
83.5,111.5,216.9,219.0,375.6,204.1
78.8,105.3,204.7,206.7,354.5,192.7
61.4,82.1,159.7,161.2,276.6,150.3
74.4,99.4,193.3,195.1,334.7,181.9
70.4,94.0,182.9,184.6,316.7,172.1
79.7,106.5,207.2,209.2,358.8,194.9
57.4,76.8,149.3,150.7,258.5,140.5
84.7,113.2,220.0,222.1,381.0,207.1
79.3,106.0,206.2,208.1,357.0,194.0
45.6,60.9,118.4,119.5,205.0,111.4
198.0,264.6,514.6,519.5,891.1,484.2
0.0,0.0,0.0,0.0,0.0,0.0
0.0,0.0,0.0,0.0,0.0,0.0
0.0,0.0,0.0,1988.3,0.0,0.0
0.0,0.0,0.0,1757.5,0.0,0.0
0.0,0.0,0.0,2235.1,0.0,0.0
0.0,0.0,0.0,2070.9,0.0,0.0
69.4,92.7,180.3,2154.6,312.2,169.7
80.2,107.1,208.3,1271.5,360.7,196.0
53.3,71.3,138.5,139.9,239.9,130.4
91.8,292.4,429.5,474.2,413.2,224.5
817.2,580.9,718.6,845.5,267.4,145.3
730.8,569.8,707.8,831.3,274.3,149.1
277.7,273.1,275.7,277.4,270.6,235.2
0.0,0.0,0.0,0.0,0.0,0.0
0.0,0.0,0.0,0.0,0.0,0.0
0.0,0.0,0.0,0.0,0.0,0.0
0.0,0.0,0.0,0.0,0.0,0.0
0.0,0.0,0.0,0.0,0.0,0.0
0.0,0.0,0.0,0.0,0.0,0.0
0.0,0.0,0.0,0.0,0.0,0.0
0.0,0.0,0.0,0.0,0.0,0.0
0.0,0.0,0.0,0.0,0.0,0.0
0.0,0.0,0.0,0.0,0.0,0.0
0.0,0.0,0.0,0.0,0.0,0.0
0.0,0.0,0.0,0.0,0.0,0.0
0.0,0.0,0.0,0.0,0.0,0.0
0.0,0.0,0.0,0.0,0.0,0.0
0.0,0.0,0.0,0.0,0.0,0.0
0.0,0.0,0.0,0.0,0.0,0.0
0.0,0.0,0.0,0.0,0.0,0.0
7.6,0.0,38.0,0.0,0.0,0.0
123.2,0.0,615.9,0.0,0.0,0.0
0.0,0.0,0.0,0.0,0.0,0.0
0.0,340.8,0.0,0.0,0.0,623.6
255.0,677.6,0.0,0.0,0.0,1239.8
506.9,956.7,0.0,0.0,0.0,1768.6
911.7,1518.3,509.3,916.7,881.9,2863.4
1042.8,1065.8,267.4,1691.5,463.0,3335.8
740.0,974.1,118.2,3345.0,204.8,1782.2
761.7,1149.2,203.7,2747.2,369.3,2093.3
856.5,1266.9,205.2,3342.2,432.2,2274.5
910.9,1015.6,155.3,2647.7,1516.1,1153.8
486.0,98.8,192.2,2671.1,332.8,180.8
69.1,92.4,495.6,2908.4,311.0,169.0
73.9,98.8,745.6,3113.9,3300.3,180.7
535.6,71.7,1345.1,1901.0,2522.9,131.2
694.3,107.5,2069.6,895.4,5121.5,684.5
687.4,379.2,2598.4,879.8,6529.3,797.2
656.0,548.3,3099.6,792.2,5260.6,714.5
716.9,617.2,2626.6,945.9,5473.8,861.3
668.8,556.0,2480.4,828.3,5718.3,484.1
676.3,560.3,2726.6,829.4,6051.3,439.2
726.3,620.9,3029.3,818.8,4302.0,557.2
401.1,555.0,1742.2,112.4,2183.8,417.1
384.8,601.2,759.7,199.5,2333.1,498.2
390.9,606.2,765.1,209.3,2349.9,503.8
368.9,569.7,705.1,148.7,1397.5,449.7
384.3,597.2,753.4,195.3,1334.2,494.3
378.0,590.7,737.0,178.7,1298.2,476.5
387.7,598.2,652.9,200.9,1336.3,497.2
366.1,569.4,143.0,144.3,1243.0,445.6
332.6,605.2,209.0,211.0,1357.4,507.8
75.9,599.1,197.2,199.0,1148.4,437.7
42.8,460.7,111.2,112.3,192.6,104.7
100.1,133.8,260.2,262.7,450.6,244.9
56.8,75.9,147.6,149.0,255.5,138.8
54.3,72.6,141.1,142.5,244.4,132.8
102.4,136.9,266.2,268.8,461.0,250.5
42.7,57.1,111.1,112.2,192.4,104.5
75.1,100.4,195.3,197.2,338.2,183.8
82.4,110.2,214.2,216.2,370.9,201.5
56.4,75.4,146.7,148.1,254.0,138.0
75.4,100.8,196.0,197.9,339.4,184.5
68.0,90.9,176.7,178.4,306.0,166.3
75.8,101.3,197.0,198.9,341.2,185.4
56.4,75.4,146.7,148.1,254.0,138.0
79.2,105.9,205.9,207.9,356.5,193.7
77.1,242.6,200.5,202.4,347.1,188.6
42.9,562.6,111.4,112.4,192.9,104.8
98.2,634.6,255.2,257.6,441.9,240.1
59.5,462.2,154.6,156.0,267.6,145.4
54.7,73.1,142.1,143.5,246.1,133.7
102.2,136.5,265.5,268.0,459.8,249.8
48.0,64.1,124.7,125.9,215.9,117.3
76.2,101.8,198.0,199.9,342.9,186.3
71.0,94.9,184.4,186.2,319.4,173.6
61.7,82.5,160.4,162.0,277.8,151.0
76.4,102.1,198.5,200.3,343.6,273.9
57.6,77.0,149.7,151.1,259.2,456.7
83.3,111.3,216.5,218.5,374.8,518.3
56.8,76.0,147.7,340.9,255.8,378.2
67.0,89.5,174.0,870.4,301.3,163.7
177.9,121.3,235.8,930.2,408.3,221.9
359.5,58.5,113.7,641.0,196.8,107.0
397.2,110.4,214.6,216.7,650.7,201.9
314.6,100.8,196.0,197.9,1350.0,184.5
54.0,72.2,297.4,141.7,1249.9,132.1
80.7,107.9,778.2,211.7,1128.7,197.4
64.9,86.7,734.9,170.2,291.9,158.6
74.2,99.1,623.3,194.6,333.7,181.4
56.9,76.0,147.8,149.2,256.0,139.1
78.1,104.4,203.0,205.0,351.6,191.0
75.5,101.0,196.3,198.2,339.9,184.7
42.9,57.4,111.5,112.6,193.1,104.9
98.9,132.1,256.9,259.4,444.9,241.8
55.1,73.6,143.1,144.5,247.8,134.7
55.4,74.0,144.0,145.4,249.3,135.5
99.7,133.2,259.1,261.5,448.6,243.8
43.6,58.3,113.4,114.5,196.3,106.7
76.4,102.1,198.5,200.3,343.6,186.7
75.0,100.3,195.0,196.9,337.7,183.5
60.6,81.0,157.6,159.1,272.8,148.3
74.8,99.9,194.3,196.2,336.5,182.8
58.4,59.2,59.3,59.3,59.4,59.3
0.0,0.0,0.0,0.0,0.0,0.0
0.0,0.0,0.0,0.0,0.0,0.0
0.0,0.0,0.0,0.0,0.0,0.0
0.0,0.0,0.0,0.0,0.0,0.0
0.0,0.0,0.0,0.0,0.0,0.0
0.0,0.0,0.0,0.0,0.0,0.0
0.0,0.0,0.0,0.0,0.0,0.0
0.0,0.0,0.0,0.0,0.0,0.0
0.0,0.0,0.0,0.0,0.0,0.0
0.0,0.0,0.0,0.0,0.0,0.0
0.0,0.0,0.0,0.0,0.0,0.0
0.0,0.0,0.0,0.0,0.0,0.0
81.5,318.2,211.9,893.1,366.9,199.4
70.4,589.9,418.3,853.4,316.7,172.1
43.0,551.4,669.5,112.7,193.4,105.1
100.5,620.7,816.8,263.6,452.1,245.7
57.0,76.2,695.3,149.5,256.5,139.4
59.8,79.9,155.4,156.9,269.1,146.2
206.8,101.5,197.5,199.3,341.9,185.8
365.6,74.4,144.7,146.1,669.1,136.2
389.9,108.5,211.0,213.0,1357.1,198.6
354.8,67.9,132.1,133.4,1216.7,124.3
81.1,108.5,210.9,212.9,1338.0,198.4
66.0,88.2,171.4,173.1,296.9,292.1
42.4,56.7,110.2,111.3,190.9,413.6
105.9,141.5,275.2,277.9,476.6,567.7
46.5,62.2,121.0,122.1,209.5,417.8
62.8,83.9,163.1,164.7,282.5,153.5
87.5,117.0,227.5,229.6,393.9,214.0
44.0,58.8,114.4,115.5,198.1,107.6
83.5,111.5,216.9,219.0,375.6,204.1
61.9,82.7,160.9,162.4,278.5,151.4
71.7,95.9,186.4,188.2,322.9,175.4
64.4,86.1,167.4,169.0,289.9,157.5
54.3,72.6,141.1,142.5,244.4,132.8
96.0,128.3,249.5,251.9,432.0,234.8
44.8,59.9,116.5,117.6,201.8,109.6
70.3,93.9,182.6,184.3,316.2,171.8
85.2,113.9,221.5,223.6,383.5,208.4
45.5,60.8,118.2,119.4,204.8,111.3
83.8,112.1,217.9,220.0,377.3,205.0
70.5,94.3,183.3,185.0,317.4,172.5
66.8,89.3,173.6,175.2,300.6,163.3
63.8,85.2,165.7,167.3,287.0,155.9
65.6,87.7,170.6,172.2,295.4,160.5
87.2,116.5,226.6,228.8,392.4,213.2
45.2,60.4,117.5,118.6,203.5,110.6
80.9,108.2,210.3,212.3,364.2,197.9
74.3,99.3,193.2,195.0,334.5,181.8
44.3,59.3,115.2,116.3,199.6,108.4
91.5,122.4,237.9,240.2,412.0,223.9
63.4,84.7,164.7,166.3,285.2,155.0
65.5,87.5,170.1,171.8,294.6,160.1
69.2,92.4,179.7,181.4,311.2,169.1
66.7,89.1,173.3,174.9,300.1,163.1
83.6,111.8,217.3,219.4,376.3,204.5
46.8,62.5,121.5,122.7,210.4,114.4
88.7,118.6,230.6,232.8,399.4,491.6
67.4,90.2,175.3,177.0,303.5,480.7
42.9,57.4,111.5,112.6,193.1,419.6
104.9,140.2,272.5,879.1,471.9,454.4
52.9,70.7,137.5,833.6,238.2,129.4
67.3,89.9,174.9,868.7,302.8,164.5
84.1,112.4,218.6,656.2,378.6,205.7
54.5,72.8,141.5,142.9,245.1,133.2
80.1,107.1,208.2,210.2,360.5,195.9
58.9,78.7,153.0,154.4,264.9,144.0
78.5,104.9,204.0,206.0,353.3,192.0
68.3,91.3,177.4,179.1,307.3,167.0
47.1,62.9,122.4,123.6,211.9,115.2
101.8,136.1,264.7,267.2,1336.9,249.0
48.0,64.2,124.8,126.0,1226.7,117.5
61.1,81.7,158.9,160.4,1281.8,149.5
93.6,125.1,737.4,245.5,1054.6,228.8
42.3,56.5,678.2,110.9,190.1,103.3
81.8,109.3,778.9,214.6,368.2,200.1
70.4,533.4,539.3,184.8,316.9,172.2
65.5,592.9,170.3,171.9,294.9,160.2
342.6,594.3,176.9,178.6,306.3,166.4
376.1,397.4,156.8,158.3,271.6,147.6
403.0,118.2,229.8,232.0,397.9,216.2
246.4,64.7,125.8,127.0,217.9,118.4
72.7,97.2,189.0,190.8,327.3,177.9
81.9,109.5,212.9,214.9,368.7,200.3
42.7,57.1,111.1,112.2,192.4,104.5
87.9,117.5,228.5,230.7,395.6,215.0
67.4,90.1,175.2,176.8,303.3,164.8
60.3,80.7,156.8,158.3,271.6,147.6
72.1,96.3,187.3,189.1,324.3,176.2
64.6,86.4,168.0,169.6,290.9,158.1
79.7,106.5,207.2,209.2,358.8,194.9
50.4,67.4,131.1,132.4,227.0,123.4
83.8,112.1,217.9,220.0,377.3,205.0
30.7,30.7,30.7,30.7,30.7,30.7
0.0,0.0,0.0,0.0,0.0,0.0
0.0,0.0,0.0,0.0,0.0,0.0
0.0,0.0,0.0,0.0,0.0,0.0
0.0,0.0,0.0,0.0,0.0,0.0
0.0,0.0,0.0,0.0,0.0,0.0
0.0,0.0,0.0,0.0,0.0,0.0
0.0,0.0,0.0,0.0,0.0,0.0
0.0,0.0,0.0,0.0,0.0,0.0
0.0,0.0,0.0,0.0,0.0,0.0
0.0,0.0,0.0,0.0,0.0,0.0
0.0,0.0,0.0,0.0,0.0,0.0
0.0,0.0,0.0,0.0,0.0,0.0
0.0,0.0,0.0,0.0,0.0,0.0
0.0,0.0,0.0,0.0,0.0,0.0
89.7,119.9,742.1,235.3,403.6,219.3
48.7,65.1,126.7,127.9,219.4,119.2
78.7,105.2,204.5,206.4,354.0,192.4
74.2,99.1,192.7,194.6,333.7,438.2
56.7,75.7,147.3,148.7,255.0,450.8
69.9,93.4,181.6,183.3,314.4,483.1
66.1,88.3,171.7,173.4,297.4,444.4
78.0,104.3,202.7,769.8,351.1,190.8
49.9,66.7,129.7,817.9,224.6,122.0
79.3,106.0,206.0,895.0,356.8,193.9
72.9,97.5,189.6,813.6,328.3,178.4
299.0,56.3,109.4,110.4,189.4,102.9
407.7,127.5,247.9,250.3,429.3,233.3
370.1,77.3,150.3,151.7,260.2,141.4
342.8,80.2,156.0,157.5,270.1,146.8
80.9,108.1,210.2,212.2,364.0,197.8
54.6,72.9,141.8,143.2,245.6,133.5
80.2,107.1,208.3,210.3,360.7,196.0
55.8,485.6,145.0,146.4,251.1,136.4
77.5,603.2,201.5,203.4,1170.9,189.6
70.0,593.2,182.0,183.7,1314.4,171.3
43.5,510.6,113.1,1441.6,1195.1,106.4
102.3,136.7,265.8,1947.5,1365.2,250.1
50.8,67.9,132.0,1457.8,228.5,124.2
58.9,78.8,153.1,696.7,265.2,144.1
96.4,128.9,261.5,2820.1,434.0,235.8
216.8,64.6,1770.1,1413.2,217.4,286.6
618.6,420.5,3985.7,1739.6,1415.7,1073.3
593.9,387.5,2391.8,1138.7,1304.8,1013.0
407.6,143.2,1281.1,2824.6,482.1,562.4
445.7,186.3,4038.7,1701.9,627.1,647.2
1920.5,241.0,2605.6,1618.8,811.3,612.6
3102.4,551.0,4227.9,3017.6,1427.2,1684.3
1942.1,432.6,1895.0,2270.0,1438.2,3410.2
847.2,194.9,3710.4,2682.4,2163.9,508.6
3320.1,320.3,2226.3,4885.5,3565.5,695.9
1847.8,406.4,2165.2,2413.4,3877.7,853.5
1294.3,263.5,2372.5,938.9,2510.8,585.8
590.7,183.2,1231.9,457.4,4660.7,3332.8
3117.3,86.9,2001.1,262.9,5100.5,250.6
2017.6,1217.2,2623.5,3751.0,3494.4,1012.7
1463.7,1231.6,1237.7,308.4,926.9,211.6
1989.5,1339.9,309.1,312.1,3584.7,290.9
1294.9,1730.4,490.4,495.1,2492.7,2585.4
2060.9,1606.8,624.5,574.8,5012.8,3327.2
1887.2,823.4,848.8,293.7,3366.4,2694.7
1344.2,605.5,776.3,231.2,2294.3,1388.1
925.7,405.6,736.2,368.5,5895.8,4758.3
971.7,1697.7,319.1,322.2,2518.7,1780.0
419.4,1420.0,524.0,529.0,2603.6,2113.3
697.2,1342.5,1323.9,1325.7,1459.7,1460.5
574.5,1337.8,1278.9,1278.9,1373.4,1765.9
156.8,923.4,396.4,398.9,681.0,2443.5
833.3,833.3,833.3,833.3,833.3,833.3
833.3,833.3,833.3,833.3,833.3,833.3
833.3,833.3,833.3,833.3,833.3,833.3
833.4,833.4,833.4,836.9,822.6,840.4
38.7,498.8,38.7,582.2,37.4,2114.6
7.0,491.2,7.0,5.9,6.8,1359.7
7.0,79.7,45.3,5.9,6.8,9.4
0.0,0.0,0.0,0.0,0.0,0.0
0.0,0.0,0.0,0.0,0.0,0.0
0.0,0.0,0.0,0.0,0.0,0.0
0.0,0.0,0.0,0.0,0.0,0.0
0.0,0.0,0.0,0.0,0.0,0.0
0.0,0.0,0.0,0.0,0.0,0.0
0.0,0.0,0.0,0.0,0.0,0.0
0.0,0.0,0.0,0.0,0.0,0.0
0.0,0.0,0.0,0.0,0.0,0.0
0.0,0.0,0.0,0.0,0.0,0.0
0.0,0.0,0.0,0.0,0.0,0.0
0.0,0.0,0.0,0.0,0.0,0.0
0.0,0.0,0.0,0.0,0.0,0.0
0.0,0.0,0.0,0.0,0.0,0.0
0.0,0.0,0.0,0.0,0.0,0.0
0.0,0.0,0.0,0.0,0.0,0.0
0.0,0.0,0.0,0.0,0.0,0.0
0.0,0.0,0.0,0.0,0.0,0.0
0.0,0.0,0.0,0.0,0.0,0.0
0.0,0.0,0.0,0.0,0.0,0.0
0.0,0.0,0.0,0.0,0.0,0.0
0.0,0.0,0.0,0.0,0.0,0.0
0.0,0.0,0.0,0.0,0.0,0.0
0.0,0.0,0.0,0.0,0.0,0.0
0.0,0.0,0.0,0.0,0.0,0.0
0.0,0.0,0.0,0.0,0.0,0.0
0.0,0.0,0.0,0.0,0.0,0.0
0.0,0.0,0.0,0.0,0.0,0.0
0.0,0.0,0.0,0.0,0.0,0.0
0.0,0.0,0.0,0.0,0.0,0.0
0.0,0.0,0.0,0.0,0.0,0.0
0.0,0.0,0.0,0.0,0.0,0.0
0.0,0.0,0.0,0.0,0.0,0.0
0.0,0.0,0.0,0.0,0.0,0.0
0.0,0.0,0.0,0.0,0.0,0.0
0.0,0.0,0.0,0.0,0.0,0.0
153.8,153.8,153.8,153.8,153.8,153.8
153.8,153.8,153.8,153.8,153.8,153.8
153.8,153.8,153.8,153.8,153.8,153.8
153.8,153.8,153.8,153.8,153.8,153.8
286.5,286.5,286.5,286.5,286.5,286.5
286.5,286.5,286.5,286.5,286.5,286.5
286.5,286.5,286.5,286.5,286.5,286.5
273.9,134.6,261.7,427.4,304.7,316.6
78.4,104.9,203.9,1207.8,353.1,502.0
124.4,166.3,323.4,326.5,560.0,898.2
103.7,138.6,269.5,272.1,466.7,735.5
72.8,97.4,189.3,191.1,327.8,178.1
117.0,156.3,304.0,306.9,526.4,286.0
111.8,149.4,290.5,293.3,1147.9,273.4
89.0,118.9,231.2,233.4,1407.1,217.5
741.6,457.4,1362.3,906.9,2301.4,1168.2
156.5,157.4,883.1,309.9,2394.6,320.1
217.7,145.4,883.4,967.1,2404.0,665.1
448.0,147.9,863.5,633.8,2444.5,474.3
426.6,125.2,1312.7,246.2,1914.4,249.1
1425.0,550.6,2380.6,1096.7,2414.4,1591.8
2070.5,915.3,2482.7,1826.5,2476.6,2298.1
1552.6,700.4,1799.3,1400.7,1829.7,1715.9
1522.7,640.3,1877.8,1280.6,1835.8,1841.5
1296.0,572.9,1560.8,1145.8,1274.6,1510.3
1181.5,492.3,1493.3,984.6,1142.2,1575.4
1125.1,1003.2,1282.3,1489.0,1392.0,1510.7
240.7,463.6,389.3,1061.8,599.7,424.3
115.1,441.1,661.9,972.6,618.0,269.7
103.8,425.4,846.0,957.1,3386.5,246.0
782.0,770.7,784.1,784.2,786.3,784.5
147.9,145.9,924.4,666.1,816.8,631.4
214.2,234.5,1088.1,1153.3,1878.2,1157.2
108.1,140.2,872.2,1272.7,1701.0,1800.8
90.2,163.0,849.6,1238.5,3142.7,330.5
116.4,855.9,900.9,1397.6,2149.4,394.4
92.8,154.6,3023.5,1516.3,2396.5,336.9
852.8,370.8,1929.9,1285.0,1914.7,1035.5
590.7,233.0,1575.9,536.0,1606.7,3507.1
791.9,154.5,1300.4,2495.7,1419.8,402.5
686.8,950.6,228.3,310.8,1149.5,253.4
905.6,513.2,282.4,373.4,448.6,286.4
633.2,621.7,226.3,326.2,391.9,423.9
372.1,565.3,124.1,206.7,214.9,432.6
397.6,611.4,202.6,2901.6,350.8,504.1
433.4,653.8,281.4,398.0,487.2,581.7
697.2,659.7,296.5,1038.8,513.5,597.2
442.2,655.5,295.8,1432.2,512.3,595.3
347.5,613.9,229.5,1064.4,397.4,530.5
158.5,719.1,412.1,416.0,713.5,697.6
108.9,647.1,283.1,285.8,490.2,583.4
127.0,323.7,289.6,289.9,313.3,367.4
0.0,0.0,0.0,0.0,0.0,0.0
0.0,0.0,0.0,0.0,0.0,0.0
0.0,0.0,0.0,0.0,0.0,0.0
0.0,0.0,0.0,0.0,0.0,0.0
0.0,0.0,0.0,0.0,0.0,0.0
0.0,0.0,0.0,0.0,0.0,0.0
0.0,0.0,0.0,0.0,0.0,0.0
0.0,0.0,0.0,0.0,0.0,0.0
0.0,0.0,0.0,0.0,0.0,0.0
0.0,0.0,0.0,0.0,0.0,0.0
0.0,0.0,0.0,0.0,0.0,0.0
0.0,0.0,0.0,0.0,0.0,0.0
0.0,0.0,0.0,0.0,0.0,0.0
0.0,0.0,0.0,0.0,0.0,0.0
0.0,0.0,0.0,0.0,0.0,0.0
0.0,0.0,0.0,0.0,0.0,0.0
0.0,0.0,0.0,0.0,0.0,0.0
0.0,0.0,0.0,0.0,0.0,0.0
0.0,0.0,0.0,0.0,0.0,0.0
0.0,0.0,0.0,0.0,0.0,0.0
0.0,0.0,0.0,0.0,0.0,0.0
0.0,0.0,0.0,0.0,0.0,0.0
0.0,0.0,0.0,0.0,0.0,0.0
0.0,0.0,0.0,0.0,0.0,0.0
0.0,0.0,0.0,0.0,0.0,0.0
0.0,0.0,0.0,0.0,0.0,0.0
0.0,0.0,0.0,0.0,0.0,0.0
0.0,0.0,0.0,0.0,0.0,0.0
0.0,0.0,0.0,0.0,0.0,0.0
0.0,0.0,0.0,0.0,0.0,0.0
0.0,0.0,0.0,0.0,0.0,0.0
0.0,0.0,0.0,0.0,0.0,0.0
0.0,0.0,0.0,0.0,0.0,0.0
0.0,0.0,0.0,0.0,0.0,0.0
0.0,0.0,0.0,0.0,0.0,0.0
0.0,0.0,0.0,0.0,0.0,0.0
0.0,0.0,0.0,0.0,0.0,0.0
0.0,0.0,0.0,0.0,0.0,0.0
0.0,0.0,0.0,0.0,0.0,0.0
0.0,0.0,0.0,0.0,0.0,0.0
0.0,0.0,0.0,0.0,0.0,0.0
0.0,0.0,0.0,0.0,0.0,0.0
0.0,0.0,0.0,0.0,0.0,0.0
0.0,0.0,0.0,0.0,0.0,0.0
56.8,588.7,724.5,149.0,1281.1,138.8
103.6,643.7,837.7,271.8,1476.8,253.3
559.2,1248.9,1906.8,1467.1,3016.1,1367.4
136.3,678.1,912.1,357.7,1605.2,333.4
196.7,762.6,1073.4,516.2,1884.6,481.1
247.9,355.8,671.8,650.4,1164.6,606.2
72.9,97.4,189.4,191.3,328.1,178.3
91.1,121.8,236.8,239.0,410.0,222.8
50.9,68.0,132.3,133.5,229.0,124.4
95.4,127.6,248.1,250.4,429.6,233.4
60.6,81.0,157.4,158.9,272.6,148.1
80.9,108.1,210.2,212.2,364.0,197.8
333.8,82.3,160.0,161.5,277.0,150.5
415.7,127.2,247.4,249.7,428.3,232.7
369.2,65.1,126.5,726.6,219.1,119.1
405.1,119.3,232.1,939.4,401.8,218.4
380.9,90.2,175.3,882.1,303.5,164.9
387.9,104.3,202.7,899.4,351.1,190.8
370.8,78.3,152.3,843.3,263.7,143.3
112.6,130.0,252.8,937.0,437.7,510.1
53.3,71.3,138.5,826.8,239.9,450.9
77.3,103.4,201.0,236.6,348.1,509.7
80.4,107.4,208.9,210.9,361.7,512.4
75.5,100.9,196.2,198.0,339.7,498.0
55.1,73.7,143.3,144.6,248.1,444.7
101.2,135.3,263.1,265.6,455.6,559.8
56.7,75.8,147.4,148.8,255.3,154.0
72.2,96.5,187.7,189.5,325.1,176.6
79.0,105.6,205.3,207.3,355.5,193.2
77.1,103.1,200.5,202.4,347.1,188.6
57.7,77.1,150.0,151.4,259.7,141.1
88.6,118.5,230.3,232.5,398.9,216.7
68.3,91.3,177.6,179.3,307.5,167.1
71.1,95.1,184.9,186.6,320.1,174.0
69.7,93.2,181.2,182.9,313.7,170.5
86.9,116.1,225.8,227.9,390.9,212.4
58.3,77.9,151.6,153.0,262.4,142.6
73.3,97.9,190.4,192.3,329.8,179.2
79.4,106.1,206.3,208.3,357.3,194.1
68.2,91.2,177.3,179.0,307.0,166.8
56.9,76.1,148.0,149.4,256.3,139.2
94.4,126.2,245.4,247.7,424.9,230.9
57.5,76.8,149.4,150.8,258.7,140.6
71.6,95.7,186.2,187.9,322.4,175.2
80.3,107.3,376.2,210.6,2109.2,196.3
67.3,89.9,722.1,176.5,2711.1,164.5
268.7,413.8,706.6,617.2,1780.4,1099.8
399.4,614.8,692.5,917.5,2320.1,1533.2
428.9,635.4,502.3,1025.5,2700.9,1290.1
148.6,198.6,759.5,389.9,2488.5,1399.6
119.7,159.9,864.6,313.9,2233.0,1287.7
123.0,164.4,743.9,322.7,2479.1,1289.7
0.0,0.0,0.0,0.0,1742.8,920.8
0.0,0.0,0.0,0.0,1851.2,1046.3
0.0,0.0,0.0,0.0,1953.0,947.0
0.0,0.0,0.0,0.0,0.0,1005.9
0.0,0.0,0.0,0.0,0.0,1061.2
0.0,0.0,0.0,0.0,0.0,0.0
0.0,519.1,0.0,0.0,0.0,0.0
0.0,715.2,0.0,204.8,663.6,0.0
0.0,446.8,0.0,668.8,984.2,0.0
93.1,566.3,0.0,668.8,754.1,0.0
304.0,543.8,0.0,554.8,0.0,207.4
166.4,166.4,166.4,166.4,166.4,166.4
0.0,0.0,0.0,0.0,0.0,0.0
0.0,0.0,0.0,0.0,0.0,0.0
0.0,0.0,0.0,0.0,0.0,0.0
0.0,0.0,0.0,0.0,0.0,0.0
0.0,0.0,0.0,0.0,0.0,0.0
0.0,0.0,0.0,0.0,0.0,0.0
0.0,0.0,0.0,0.0,0.0,0.0
0.0,0.0,0.0,0.0,0.0,0.0
0.0,0.0,0.0,0.0,0.0,0.0
0.0,0.0,0.0,0.0,0.0,0.0
0.0,0.0,0.0,0.0,0.0,0.0
0.0,0.0,0.0,0.0,0.0,0.0
0.0,0.0,0.0,0.0,0.0,0.0
0.0,0.0,0.0,0.0,0.0,0.0
0.0,0.0,0.0,0.0,0.0,0.0
0.0,0.0,0.0,0.0,0.0,0.0
0.0,0.0,0.0,0.0,0.0,0.0
0.0,0.0,0.0,0.0,0.0,0.0
0.0,0.0,0.0,0.0,0.0,0.0
0.0,0.0,0.0,0.0,0.0,0.0
0.0,0.0,0.0,0.0,0.0,0.0
0.0,0.0,0.0,0.0,0.0,0.0
0.0,0.0,0.0,0.0,0.0,0.0
0.0,0.0,0.0,0.0,0.0,0.0
0.0,0.0,0.0,0.0,0.0,0.0
0.0,0.0,0.0,0.0,0.0,0.0
0.0,0.0,0.0,0.0,0.0,0.0
0.0,0.0,0.0,0.0,0.0,0.0
0.0,0.0,0.0,0.0,0.0,0.0
0.0,0.0,0.0,0.0,0.0,0.0
0.0,0.0,0.0,0.0,0.0,0.0
0.0,0.0,0.0,0.0,0.0,0.0
87.3,644.8,780.5,229.1,392.9,213.5
602.9,846.1,887.8,843.5,959.4,838.0
622.0,622.0,622.0,622.0,622.0,622.0
423.4,981.5,727.6,304.0,1012.2,283.3
462.4,704.7,960.2,406.2,1730.3,378.6
415.2,635.0,830.5,273.1,1837.5,254.5
388.9,601.8,753.8,204.2,3329.3,190.4
397.8,607.7,792.7,230.7,1486.2,215.0
370.1,580.3,174.5,154.7,1365.3,144.2
378.2,114.9,186.7,675.9,1402.6,175.7
393.8,107.4,233.3,892.7,1474.6,196.6
89.7,104.2,387.1,881.1,2927.0,190.6
52.9,70.7,1116.9,815.3,237.9,350.8
103.7,139.6,319.8,960.6,470.0,623.3
41.9,56.0,160.4,794.2,188.4,825.1
90.3,120.7,283.6,967.6,406.5,2732.4
66.0,88.2,225.7,1226.5,296.9,582.3
80.5,107.7,1462.9,2844.4,362.5,624.0
56.8,76.0,147.7,936.4,255.8,558.8
97.9,124.3,241.6,373.0,418.4,660.6
86.7,66.6,129.5,228.5,224.3,3248.8
283.0,116.4,226.3,337.0,391.9,526.4
77.4,90.4,175.7,2684.5,304.3,177.1
79.0,91.8,178.4,180.1,309.0,167.9
84.9,100.4,195.2,197.0,338.0,183.6
85.6,99.9,194.3,196.2,336.5,182.8
313.3,83.6,162.6,164.1,281.5,153.0
78.9,105.4,205.0,207.0,355.0,192.9
74.2,99.1,192.7,194.6,333.7,181.4
55.4,74.0,144.0,145.4,249.3,135.5
91.4,122.2,237.6,239.9,411.5,223.6
57.2,76.4,148.6,150.0,257.2,139.8
76.1,101.7,197.7,199.6,342.4,186.1
69.6,93.0,180.9,182.6,313.2,170.2
83.2,111.3,216.3,218.4,374.6,203.6
45.3,60.5,117.7,118.8,203.8,110.7
105.4,140.9,273.9,276.6,474.4,257.8
48.7,65.1,126.5,127.7,219.1,119.1
79.7,106.5,207.0,209.0,358.5,194.8
70.9,94.8,184.3,186.1,319.1,173.4
77.9,104.1,202.5,204.4,350.6,190.5
52.2,69.7,135.5,136.8,234.7,127.5
93.8,125.4,243.8,246.1,422.1,229.4
60.2,80.5,156.6,158.1,271.1,147.3
82.8,110.7,215.3,217.4,372.9,202.6
170.1,227.4,442.1,1372.4,765.5,416.0
116.5,155.7,512.8,1472.1,524.4,284.9
475.8,687.4,1745.5,1552.1,1877.5,398.5
1011.8,1095.2,1110.5,1100.4,1108.1,1096.4
265.9,1153.7,1257.0,919.1,1781.4,1145.4
85.7,951.7,975.9,1055.9,2304.3,1149.0
138.9,552.8,1206.7,1196.9,2097.4,1329.7
216.5,854.5,938.1,893.6,1319.8,777.5
21.7,512.1,677.0,895.3,2027.7,866.2
1.6,267.9,570.2,0.0,3145.8,1014.4
353.0,434.1,562.1,920.1,1776.5,954.2
604.7,835.7,877.9,893.0,930.1,858.5
641.1,260.9,1146.7,1016.2,1581.8,353.3
723.4,201.6,1498.3,888.9,1328.1,359.6
482.5,219.9,1820.2,688.4,1386.7,402.4
529.8,357.0,1466.3,968.9,1366.5,311.6
0.0,499.6,564.2,1621.5,919.4,1395.3
833.3,833.3,833.3,833.3,833.3,833.3
823.2,823.2,823.2,823.2,823.2,823.2
0.0,0.0,0.0,0.0,0.0,0.0
0.0,0.0,0.0,0.0,0.0,0.0
0.0,0.0,0.0,0.0,0.0,0.0
0.0,0.0,0.0,0.0,0.0,0.0
0.0,0.0,0.0,0.0,0.0,0.0
0.0,0.0,0.0,0.0,0.0,0.0
0.0,0.0,0.0,0.0,0.0,0.0
0.0,0.0,0.0,0.0,0.0,0.0
0.0,0.0,0.0,0.0,0.0,0.0
0.0,0.0,0.0,0.0,0.0,0.0
0.0,0.0,0.0,0.0,0.0,0.0
0.0,0.0,0.0,0.0,0.0,0.0
0.0,0.0,0.0,0.0,0.0,0.0
0.0,0.0,0.0,0.0,0.0,0.0
0.0,0.0,0.0,0.0,0.0,0.0
0.0,0.0,0.0,0.0,0.0,0.0
0.0,0.0,0.0,0.0,0.0,0.0
0.0,0.0,0.0,0.0,0.0,0.0
0.0,0.0,0.0,0.0,0.0,0.0
0.0,0.0,0.0,0.0,0.0,0.0
0.0,0.0,0.0,0.0,0.0,0.0
0.0,0.0,0.0,0.0,0.0,0.0
0.0,0.0,0.0,0.0,0.0,0.0
0.0,0.0,0.0,0.0,0.0,0.0
0.0,0.0,0.0,0.0,0.0,0.0
0.0,0.0,0.0,0.0,0.0,0.0
0.0,0.0,0.0,0.0,0.0,0.0
0.0,0.0,0.0,0.0,0.0,0.0
0.0,0.0,0.0,0.0,0.0,0.0
0.0,0.0,0.0,0.0,0.0,0.0
0.0,0.0,0.0,0.0,0.0,0.0
0.0,0.0,0.0,0.0,0.0,0.0
182.0,0.0,308.0,0.0,381.5,0.0
155.2,0.0,235.4,155.5,98.9,226.4
153.2,0.0,202.2,170.5,98.9,246.6
142.6,0.0,229.6,164.3,93.4,241.6
0.0,0.0,502.1,342.5,380.1,447.5
100.8,134.7,327.9,318.4,402.8,387.6
169.3,250.1,284.9,346.3,306.2,315.5
196.3,284.0,282.5,303.3,300.5,305.6
67.3,252.1,250.4,294.5,270.1,299.3
124.1,251.0,266.7,276.8,274.4,240.7
92.4,257.4,239.0,327.3,291.7,225.9
85.5,259.3,222.2,360.6,297.0,209.1
102.5,1654.0,266.4,2229.5,3968.2,250.6
92.6,1637.3,240.8,340.8,2360.7,226.6
86.6,1433.0,225.1,324.9,3155.5,211.8
102.8,1029.1,267.2,362.0,2697.0,251.4
656.6,1078.2,253.9,1151.8,3630.4,380.3
389.6,633.6,153.6,2021.8,2133.5,448.5
730.4,559.2,555.5,303.8,1882.9,589.6
605.9,136.2,812.0,267.3,458.5,555.5
967.6,174.6,890.9,342.7,587.8,625.8
622.9,122.0,788.7,252.4,429.6,528.4
455.3,191.0,922.9,1077.5,1665.1,659.4
94.0,112.6,218.9,913.1,1385.8,206.0
136.9,170.7,331.9,1016.8,1566.3,312.3
157.7,210.8,409.9,1098.2,1705.3,385.7
230.9,308.7,1066.9,1287.7,2031.1,564.8
110.5,147.7,1860.8,976.8,1496.4,270.2
137.4,183.6,1051.6,1055.2,1628.8,335.9
128.9,173.3,355.4,834.9,2244.8,320.1
108.4,144.9,281.8,284.5,3674.8,265.2
158.5,211.9,412.1,416.0,2120.1,387.7
102.0,136.4,265.2,267.8,497.7,249.6
138.3,184.9,359.5,362.9,622.4,338.2
114.3,162.2,297.1,299.9,514.5,279.6
116.0,957.7,301.5,304.4,522.2,283.7
98.0,1610.1,239.5,241.8,414.7,225.3
457.0,1114.0,357.7,1294.5,619.5,1386.7
413.2,641.4,256.2,3406.1,443.7,3782.0
595.2,632.7,266.1,1657.8,460.8,1961.7
944.3,675.7,342.4,383.7,593.0,684.3
680.6,815.1,1162.3,608.1,1043.1,881.4
487.0,586.8,1577.0,448.6,769.5,728.0
429.3,151.8,1118.1,297.9,511.0,588.8
365.3,685.5,915.6,361.1,619.5,646.5
136.9,660.9,873.5,354.5,543.0,607.3
209.5,473.2,2513.5,162.8,0.0,315.8
9.8,0.0,1771.7,2968.2,0.0,2113.7
9.8,877.9,1052.1,1853.9,0.0,1379.3
9.8,587.9,951.0,1856.5,0.0,1649.8
8.7,606.3,791.2,2085.4,0.0,1681.4
578.8,605.5,0.0,2050.9,0.0,1428.2
620.9,566.6,1559.5,2107.4,61.2,84.4
616.6,1059.1,1217.0,61.5,71.4,98.5
728.5,365.0,1236.1,55.7,2525.7,89.1
885.1,396.0,933.5,742.3,1958.7,84.4
63.3,343.4,945.2,739.7,2824.0,84.4
59.8,448.4,505.5,494.9,892.9,393.1
0.0,0.0,0.0,0.0,0.0,0.0
0.0,0.0,0.0,0.0,0.0,0.0
0.0,0.0,0.0,0.0,0.0,0.0
0.0,0.0,0.0,0.0,0.0,0.0
0.0,0.0,0.0,0.0,0.0,0.0
0.0,0.0,0.0,0.0,0.0,0.0
0.0,0.0,0.0,0.0,0.0,0.0
0.0,0.0,0.0,0.0,0.0,0.0
0.0,0.0,0.0,0.0,0.0,0.0
0.0,0.0,0.0,0.0,0.0,0.0
0.0,0.0,0.0,0.0,0.0,0.0
0.0,0.0,0.0,0.0,0.0,0.0
0.0,0.0,0.0,0.0,0.0,0.0
0.0,0.0,0.0,0.0,0.0,0.0
0.0,0.0,0.0,0.0,0.0,0.0
0.0,0.0,0.0,0.0,0.0,0.0
0.0,0.0,0.0,0.0,0.0,0.0
0.0,0.0,0.0,0.0,0.0,0.0
0.0,0.0,0.0,0.0,0.0,0.0
0.0,0.0,0.0,0.0,0.0,0.0
0.0,0.0,0.0,0.0,0.0,0.0
0.0,0.0,0.0,0.0,0.0,0.0
0.0,0.0,0.0,0.0,0.0,0.0
0.0,0.0,0.0,0.0,0.0,0.0
0.0,0.0,0.0,0.0,0.0,0.0
0.0,0.0,0.0,0.0,0.0,0.0
0.0,0.0,0.0,0.0,0.0,0.0
0.0,0.0,0.0,0.0,0.0,0.0
0.0,0.0,0.0,0.0,0.0,0.0
0.0,0.0,0.0,0.0,0.0,0.0
0.0,0.0,0.0,0.0,0.0,0.0
0.0,0.0,0.0,0.0,0.0,0.0
0.0,0.0,0.0,0.0,0.0,0.0
0.0,0.0,0.0,0.0,0.0,0.0
0.0,0.0,0.0,0.0,0.0,0.0
0.0,0.0,0.0,0.0,0.0,0.0
0.0,0.0,0.0,0.0,0.0,0.0
0.0,0.0,0.0,0.0,0.0,0.0
435.3,618.6,242.7,234.4,374.5,251.8
507.0,507.0,507.0,507.0,507.0,507.0
441.0,481.8,412.2,416.1,483.7,387.9
408.9,618.1,263.4,265.9,456.1,247.8
432.0,660.0,326.4,329.5,565.2,307.1
567.4,837.6,675.4,681.9,1169.6,635.6
1739.2,1278.1,1761.9,1561.9,2109.5,2140.8
526.2,684.7,406.3,390.9,620.1,425.1
547.5,685.4,416.7,396.5,616.6,445.9
297.9,703.1,437.7,430.1,706.8,438.1
168.6,308.6,337.1,329.2,535.3,357.4
172.4,175.4,352.5,345.3,564.6,667.4
158.4,179.4,355.6,352.8,588.8,653.6
124.3,166.1,323.0,326.1,559.3,610.3
98.4,131.5,255.8,258.2,442.9,542.3
147.5,197.2,383.5,387.1,664.0,668.4
94.9,126.8,246.6,249.0,476.1,538.4
129.4,172.9,336.3,373.2,1581.6,624.0
109.8,146.8,285.4,975.1,1470.8,572.5
164.1,206.5,431.7,1076.9,1669.4,688.6
164.2,151.5,870.7,972.6,1443.2,622.2
208.3,220.2,440.2,433.2,713.8,439.0
173.0,595.4,348.5,340.7,555.1,352.8
183.8,684.6,382.1,375.2,615.8,383.0
66.2,584.3,172.0,173.6,297.8,161.8
328.4,936.6,853.4,861.6,1477.8,803.1
125.5,669.2,326.1,329.2,564.7,306.9
114.3,650.5,297.0,299.8,514.2,279.4
100.6,632.2,261.5,264.0,452.8,246.1
771.2,1095.6,1245.2,1173.5,1793.1,1358.0
2022.2,1450.6,2213.8,1899.7,2378.2,2829.6
1703.5,1308.7,1885.8,2868.1,2049.7,2398.2
656.0,884.8,850.3,2120.1,1063.6,1362.2
181.6,681.4,359.6,1706.4,568.9,674.7
171.4,667.8,333.1,1684.9,523.0,651.0
188.2,686.5,376.7,1726.3,598.6,693.2
220.7,241.8,399.3,1734.5,608.0,731.9
178.1,163.6,333.5,1673.1,515.7,656.6
141.3,179.1,350.3,1235.7,598.5,644.8
106.5,135.9,265.5,951.2,2283.2,566.1
122.4,154.0,301.4,981.6,2482.1,598.8
121.4,152.6,1323.1,986.6,2484.9,593.9
389.9,161.8,1423.2,1009.9,2510.1,612.4
407.2,122.0,1340.0,931.8,2378.2,543.8
498.9,217.1,1469.9,1107.8,2427.8,733.9
485.3,160.1,1442.0,1775.0,1782.9,650.4
260.9,277.5,1167.7,2049.8,900.7,552.0
311.7,348.6,1418.4,2568.7,1127.9,680.1
507.9,610.9,1265.1,1434.9,1228.5,1027.9
233.3,243.9,1532.7,1953.2,1623.7,488.5
313.3,354.0,1237.1,1238.8,1705.2,1226.9
554.9,673.7,1182.8,1184.2,1356.0,1123.6
275.7,303.8,1061.6,1063.1,1260.4,1035.5
70.3,29.3,1047.7,1048.1,1578.1,1226.6
519.2,158.2,1102.2,1096.4,1207.9,916.1
833.3,833.3,833.3,833.3,833.3,833.3
321.3,250.5,1165.3,987.3,2041.3,234.4
221.0,522.6,1258.8,1089.6,1828.3,79.7
144.7,522.2,1283.2,1116.9,1848.5,84.4
274.7,508.2,1302.9,1278.4,1584.3,51.6
314.5,495.8,1530.9,1300.8,1357.9,0.0
838.4,497.7,1249.8,1066.6,1347.4,0.0
592.1,841.5,999.3,922.8,1067.1,577.2
847.8,776.0,889.6,684.4,1033.0,769.1
843.9,836.3,844.6,689.6,919.7,865.9
859.7,841.8,849.1,687.0,895.7,866.8
1004.7,531.3,664.6,553.8,642.5,1603.1
833.3,833.3,833.3,833.3,833.3,833.3
833.3,833.3,833.3,833.3,833.3,833.3
833.3,833.3,833.3,833.3,833.3,833.3
833.3,833.3,833.3,833.3,833.3,833.3
754.4,1280.9,424.5,407.5,643.7,1489.0
1164.9,998.6,248.9,238.9,1071.2,1277.5
1052.8,1003.3,265.9,256.1,857.9,1564.1
676.4,864.3,286.4,279.8,455.5,1865.5
140.3,140.3,140.3,140.3,140.3,140.3
0.0,0.0,0.0,0.0,0.0,0.0
0.0,0.0,0.0,0.0,0.0,0.0
0.0,0.0,0.0,0.0,0.0,0.0
0.0,0.0,0.0,0.0,0.0,0.0
0.0,0.0,0.0,0.0,0.0,0.0
0.0,0.0,0.0,0.0,0.0,0.0
0.0,0.0,0.0,0.0,0.0,0.0
0.0,0.0,0.0,0.0,0.0,0.0
0.0,0.0,0.0,0.0,0.0,0.0
0.0,0.0,0.0,0.0,0.0,0.0
0.0,0.0,0.0,0.0,0.0,0.0
0.0,0.0,0.0,0.0,0.0,0.0
0.0,0.0,0.0,0.0,0.0,0.0
0.0,0.0,0.0,0.0,0.0,0.0
0.0,0.0,0.0,0.0,0.0,0.0
0.0,0.0,0.0,0.0,0.0,0.0
0.0,0.0,0.0,0.0,0.0,0.0
0.0,0.0,0.0,0.0,0.0,0.0
0.0,0.0,0.0,0.0,0.0,0.0
0.0,0.0,0.0,0.0,0.0,0.0
160.8,150.2,305.4,295.9,573.9,315.0
120.3,102.6,211.6,202.4,1631.1,223.9
82.3,103.6,202.8,203.5,1642.4,193.6
79.5,99.8,195.5,196.1,333.1,186.7
317.8,111.4,216.6,218.7,375.1,203.8
357.6,65.4,127.1,128.3,220.1,119.6
168.7,135.7,263.8,266.3,456.8,248.2
49.9,66.7,129.7,130.9,224.6,122.0
79.7,481.7,207.0,209.0,1108.9,194.8
140.5,626.7,269.5,777.4,1408.9,277.1
252.8,383.8,550.1,1222.7,1116.4,543.8
490.0,599.9,1177.9,1326.3,1993.9,1366.3
160.6,156.4,316.1,307.9,498.9,631.0
118.9,142.8,281.0,280.5,473.1,338.4
113.4,151.6,294.7,297.5,510.3,277.3
185.5,248.0,904.2,486.7,834.9,453.7
110.2,147.3,842.1,289.1,495.9,269.5
126.1,168.5,448.6,330.8,567.5,308.4
105.1,140.5,273.2,275.8,473.1,257.1
231.6,309.5,601.8,607.5,1042.1,566.3
138.2,278.4,325.4,324.7,547.3,314.4
188.6,671.9,377.6,524.3,600.0,382.9
152.7,630.5,295.8,953.7,463.8,303.2
188.9,671.2,389.7,1048.5,626.4,391.5
49.2,508.8,49.2,696.9,47.6,65.6
0.0,486.4,0.0,671.4,0.0,0.0
0.0,490.2,0.0,668.8,0.0,0.0
136.8,674.9,355.4,1032.8,615.5,334.5
234.0,789.7,608.1,1290.5,1053.0,572.2
183.1,629.2,292.3,950.9,506.1,275.0
433.7,659.5,467.4,1001.8,589.0,390.8
434.6,621.8,820.1,936.4,443.9,578.1
434.3,614.5,792.2,903.9,376.8,561.6
451.1,630.8,839.1,948.7,1670.0,584.6
753.1,215.6,1145.3,1078.1,2772.1,664.7
949.2,151.1,1712.5,826.9,1558.7,614.6
697.2,155.0,883.4,1995.5,444.5,596.2
508.8,318.5,1655.9,430.8,546.9,647.4
542.9,1000.6,2041.6,285.5,322.1,473.2
383.3,778.3,1504.1,283.3,318.4,1199.4
401.8,469.4,2345.3,554.3,451.0,2253.4
400.8,140.5,1838.9,3352.6,853.9,3024.1
396.4,117.2,783.6,230.1,620.9,523.2
114.7,121.8,792.5,960.2,1379.1,531.5
108.9,145.5,325.4,1567.8,1459.0,289.8
150.5,136.4,278.7,896.2,1382.7,289.8
186.6,191.2,383.7,376.2,616.0,385.9
201.2,213.9,427.2,420.8,694.1,425.5
212.4,228.9,456.4,450.2,744.6,452.9
255.5,299.4,590.9,834.7,2301.4,1282.1
383.8,513.0,997.4,1355.4,2140.6,963.0
142.7,190.7,370.9,1051.0,1622.0,349.0
142.5,702.7,370.5,596.9,1610.6,348.6
123.5,1397.8,264.6,261.0,1400.4,262.8
191.0,1057.1,383.9,375.1,1598.9,388.8
174.8,1433.7,353.0,345.2,1550.7,357.0
182.8,774.5,575.3,366.3,674.4,376.6
169.6,338.1,889.0,331.8,539.8,344.5
284.1,180.1,905.3,344.6,563.4,354.4
494.8,198.4,579.6,390.5,642.1,509.2
173.8,136.6,169.4,169.2,173.3,177.3
0.0,0.0,0.0,0.0,0.0,0.0
0.0,0.0,0.0,0.0,0.0,0.0
0.0,0.0,0.0,0.0,0.0,0.0
0.0,0.0,0.0,0.0,0.0,0.0
0.0,0.0,0.0,0.0,0.0,0.0
0.0,0.0,0.0,0.0,0.0,0.0
0.0,0.0,0.0,0.0,0.0,0.0
0.0,0.0,0.0,0.0,0.0,0.0
0.0,0.0,0.0,0.0,0.0,0.0
0.0,0.0,0.0,0.0,0.0,0.0
0.0,0.0,0.0,0.0,0.0,0.0
0.0,0.0,0.0,0.0,0.0,0.0
0.0,0.0,0.0,0.0,0.0,0.0
0.0,0.0,0.0,0.0,0.0,0.0
0.0,0.0,0.0,0.0,0.0,0.0
0.0,0.0,0.0,0.0,0.0,0.0
0.0,0.0,0.0,0.0,0.0,0.0
0.0,0.0,0.0,0.0,0.0,0.0
0.0,0.0,0.0,0.0,0.0,0.0
0.0,0.0,0.0,0.0,0.0,0.0
0.0,0.0,0.0,0.0,0.0,0.0
0.0,0.0,0.0,0.0,0.0,0.0
0.0,0.0,0.0,0.0,0.0,0.0
0.0,0.0,0.0,0.0,0.0,0.0
0.0,0.0,0.0,0.0,0.0,0.0
0.0,0.0,0.0,0.0,0.0,0.0
0.0,0.0,0.0,0.0,0.0,0.0
0.0,0.0,0.0,0.0,0.0,0.0
0.0,0.0,0.0,0.0,0.0,0.0
0.0,0.0,0.0,0.0,0.0,0.0
0.0,0.0,0.0,0.0,0.0,0.0
0.0,0.0,0.0,0.0,0.0,0.0
0.0,0.0,0.0,0.0,0.0,0.0
0.0,0.0,0.0,0.0,0.0,0.0
0.0,0.0,0.0,0.0,0.0,0.0
129.9,112.2,788.6,221.2,1325.2,243.4
132.1,118.4,1082.1,233.3,1849.0,252.7
147.4,142.0,1392.5,279.6,2405.2,293.9
121.0,106.7,1313.2,210.3,2275.0,384.9
142.0,134.8,816.4,265.5,1389.2,589.4
70.7,91.3,727.6,179.3,1286.3,470.7
84.7,203.7,760.9,222.1,1342.6,207.1
210.7,569.5,694.7,144.6,1228.5,134.8
399.0,618.4,775.5,236.9,1179.3,220.8
842.0,1210.6,1956.0,1760.1,2432.0,1321.6
124.1,656.0,757.2,1004.7,558.3,303.4
123.3,896.4,320.6,987.3,555.1,301.6
129.3,1079.5,189.0,190.8,327.3,177.9
409.8,1096.9,259.5,262.0,449.4,244.2
460.8,654.8,327.4,448.1,537.3,323.2
460.8,624.0,291.9,964.1,451.7,302.3
506.4,702.5,424.2,1102.1,688.9,422.6
943.3,1185.8,1566.3,2241.5,2663.8,1498.6
672.9,436.5,860.0,1531.7,1443.5,832.7
1848.5,801.1,1819.3,2257.4,2095.8,2309.3
638.3,33.7,80.9,738.8,78.2,521.5
631.5,33.7,80.9,728.4,78.2,2299.3
620.2,208.6,333.7,1341.5,675.8,2236.2
1022.0,783.5,1253.6,3168.2,2538.5,3979.7
210.8,277.2,539.2,1222.5,2026.5,1631.5
1041.4,435.4,1043.6,1989.1,4071.2,2482.3
98.5,41.0,98.5,879.1,1959.8,2730.0
38.7,314.1,38.7,786.1,1386.6,2518.0
390.3,1040.0,390.3,1054.2,1649.8,1618.9
1977.2,1977.2,1977.2,1977.2,1977.2,1977.2
1607.0,1482.1,1607.0,2117.7,3022.3,2026.9
1389.0,927.3,1389.0,2942.6,3363.1,1852.0
407.9,686.5,938.2,1498.8,1276.7,543.9
212.7,649.9,1671.1,518.2,692.0,427.2
310.8,436.6,2246.3,361.2,422.7,280.8
244.3,221.7,2046.1,471.8,621.7,1002.9
175.7,685.8,378.8,1798.0,522.9,947.0
187.5,355.7,409.5,1432.9,576.2,968.6
743.0,596.8,506.9,1102.1,749.5,1754.0
922.6,533.3,1076.9,1000.4,1670.8,342.3
871.4,568.8,1538.9,1677.7,1803.9,419.7
443.3,1335.5,1124.0,983.4,1645.6,338.2
458.8,543.9,1160.2,1054.6,3051.8,413.9
578.3,201.5,1125.1,1786.4,652.2,1003.7
489.7,163.4,1006.7,321.6,524.0,878.6
523.8,339.0,1675.5,666.3,1113.7,932.0
136.0,126.8,1105.8,249.7,400.7,266.0
289.9,332.5,1899.2,653.6,1093.4,642.5
645.7,419.0,795.1,794.3,960.5,1077.7
209.2,209.2,209.2,209.2,209.2,209.2
209.2,209.2,209.2,209.2,209.2,209.2
209.2,209.2,209.2,209.2,209.2,209.2
0.0,0.0,0.0,0.0,0.0,0.0
0.0,0.0,0.0,0.0,0.0,0.0
0.0,0.0,0.0,0.0,0.0,0.0
0.0,0.0,0.0,0.0,0.0,0.0
0.0,0.0,0.0,0.0,0.0,0.0
0.0,0.0,0.0,0.0,0.0,0.0
0.0,0.0,0.0,0.0,0.0,0.0
0.0,0.0,0.0,0.0,0.0,0.0
0.0,0.0,0.0,0.0,0.0,0.0
0.0,0.0,0.0,0.0,0.0,0.0
0.0,0.0,0.0,0.0,0.0,0.0
0.0,0.0,0.0,0.0,0.0,0.0
0.0,0.0,0.0,0.0,0.0,0.0
0.0,0.0,0.0,0.0,0.0,0.0
0.0,0.0,0.0,0.0,0.0,0.0
0.0,0.0,0.0,0.0,0.0,0.0
0.0,0.0,0.0,0.0,0.0,0.0
0.0,0.0,0.0,0.0,0.0,0.0
0.0,0.0,0.0,0.0,0.0,0.0
0.0,0.0,0.0,0.0,0.0,0.0
0.0,0.0,0.0,0.0,0.0,0.0
0.0,0.0,0.0,0.0,0.0,0.0
0.0,0.0,0.0,0.0,0.0,0.0
0.0,0.0,0.0,0.0,0.0,0.0
0.0,0.0,0.0,0.0,0.0,0.0
0.0,0.0,0.0,0.0,0.0,0.0
0.0,0.0,0.0,0.0,0.0,0.0
0.0,0.0,0.0,0.0,0.0,0.0
0.0,0.0,0.0,0.0,0.0,0.0
0.0,0.0,0.0,0.0,0.0,0.0
0.0,0.0,0.0,0.0,0.0,0.0
0.0,0.0,0.0,0.0,0.0,0.0
0.0,0.0,0.0,0.0,0.0,0.0
0.0,0.0,0.0,0.0,0.0,0.0
0.0,0.0,0.0,0.0,0.0,0.0
0.0,0.0,0.0,0.0,0.0,0.0
0.0,0.0,0.0,0.0,0.0,0.0
0.0,0.0,0.0,0.0,0.0,0.0
0.0,0.0,0.0,0.0,0.0,0.0
0.0,0.0,0.0,0.0,0.0,0.0
0.0,0.0,0.0,0.0,0.0,0.0
0.0,0.0,0.0,0.0,0.0,0.0
0.0,0.0,0.0,0.0,0.0,0.0
0.0,0.0,0.0,0.0,0.0,0.0
135.7,135.7,135.7,135.7,135.7,135.7
135.7,135.7,135.7,135.7,135.7,135.7
135.7,135.7,135.7,135.7,135.7,135.7
135.7,135.7,135.7,135.7,135.7,135.7
445.8,446.3,454.6,409.0,446.0,459.6
449.1,503.7,297.2,290.1,452.4,668.9
415.7,564.8,185.1,258.3,277.5,306.1
473.0,566.8,339.9,875.9,542.5,451.8
464.2,647.8,317.2,1757.0,506.2,412.1
436.1,610.6,241.1,1013.0,374.5,816.7
425.3,597.7,216.0,937.5,413.4,2184.7
446.0,628.9,273.0,952.1,1568.0,279.0
452.8,1084.1,296.6,1473.4,1239.8,301.2
403.1,1078.1,185.9,2987.1,377.9,197.0
447.5,756.2,276.7,943.5,535.1,282.5
460.2,792.6,309.9,971.8,576.0,313.7
413.5,327.3,185.4,830.5,788.9,196.5
446.6,164.6,271.4,938.1,3189.7,466.0
462.3,184.0,309.1,976.1,1491.4,625.1
413.1,114.7,1029.1,852.7,2163.5,507.3
443.7,288.0,1383.9,933.2,2390.0,578.0
456.2,807.1,948.1,956.2,1621.7,597.0
249.9,104.3,767.0,876.9,1314.4,531.6
128.7,120.2,798.0,913.4,1364.4,559.6
143.0,139.3,837.3,961.3,1425.0,593.4
134.4,127.9,812.9,544.8,1378.8,570.1
117.4,105.1,766.6,207.2,1279.7,801.9
136.3,130.4,811.5,256.9,1395.0,887.0
150.1,148.8,834.5,293.0,1456.9,669.7
111.4,97.1,751.0,191.5,1286.6,517.4
132.8,125.8,806.8,247.8,1383.2,569.8
162.2,165.1,885.2,324.9,1519.2,642.9
107.5,88.7,737.5,175.1,1249.3,501.7
129.2,120.9,801.6,238.3,1366.8,561.0
167.3,171.8,894.1,338.2,1553.3,658.8
107.2,91.5,742.1,180.4,709.5,332.6
123.5,113.4,793.2,223.4,357.2,239.6
161.1,163.6,568.5,322.0,526.3,331.4
118.6,106.8,218.4,210.6,335.2,227.6
118.0,105.9,216.7,208.8,332.2,226.0
154.8,155.1,312.3,305.4,497.8,316.0
129.7,121.6,247.1,239.6,384.9,254.6
127.0,114.8,234.5,226.2,360.3,244.1
140.7,136.3,275.7,268.5,434.4,281.5
140.3,135.8,928.6,267.4,432.7,280.6
141.1,136.8,1755.2,269.5,436.2,282.5
215.4,142.2,1292.1,279.3,2532.8,268.2
268.9,387.3,1261.8,304.1,2498.1,283.5
338.8,1185.7,551.3,326.5,2293.4,304.3
245.9,946.8,205.0,255.8,3153.5,192.9
409.8,1087.2,254.1,701.5,2308.4,239.1
390.4,1000.1,946.8,1047.2,1419.5,196.0
347.3,984.8,952.4,305.6,1465.4,944.5
368.6,912.2,1000.9,502.6,1277.5,938.2
0.0,725.8,1216.8,97.7,1598.4,1361.3
0.0,834.0,991.1,379.9,1447.0,1348.0
0.0,845.4,888.4,952.7,1307.0,1006.5
0.0,914.7,918.1,743.5,1409.7,1014.1
0.0,871.0,983.4,929.8,1288.5,927.3
0.0,960.3,967.7,851.5,1277.6,943.0
0.0,938.9,1075.9,880.3,1145.8,959.1
1.1,873.7,1139.8,997.0,930.5,1057.9
74.3,920.1,1199.6,881.4,884.8,1039.8
186.7,391.4,1806.3,1030.7,0.0,1524.4
0.0,0.0,0.0,0.0,0.0,0.0
0.0,0.0,0.0,0.0,0.0,0.0
0.0,0.0,0.0,0.0,0.0,0.0
0.0,0.0,0.0,0.0,0.0,0.0
0.0,0.0,0.0,0.0,0.0,0.0
0.0,0.0,0.0,0.0,0.0,0.0
0.0,0.0,0.0,0.0,0.0,0.0
0.0,0.0,0.0,0.0,0.0,0.0
0.0,0.0,0.0,0.0,0.0,0.0
0.0,0.0,0.0,0.0,0.0,0.0
0.0,0.0,0.0,0.0,0.0,0.0
0.0,0.0,0.0,0.0,0.0,0.0
0.0,0.0,0.0,0.0,0.0,0.0
0.0,0.0,0.0,0.0,0.0,0.0
0.0,0.0,0.0,0.0,0.0,0.0
0.0,0.0,0.0,0.0,0.0,0.0
0.0,0.0,0.0,0.0,0.0,0.0
0.0,0.0,0.0,0.0,0.0,0.0
0.0,0.0,0.0,0.0,0.0,0.0
0.0,0.0,0.0,0.0,0.0,0.0
0.0,0.0,0.0,0.0,0.0,0.0
0.0,0.0,0.0,0.0,0.0,0.0
0.0,0.0,0.0,0.0,0.0,0.0
0.0,0.0,0.0,0.0,0.0,0.0
0.0,0.0,0.0,0.0,0.0,0.0
0.0,0.0,0.0,0.0,0.0,0.0
0.0,0.0,0.0,0.0,0.0,0.0
0.0,0.0,0.0,0.0,0.0,0.0
0.0,0.0,0.0,0.0,0.0,0.0
0.0,0.0,0.0,0.0,0.0,0.0
0.0,0.0,0.0,0.0,0.0,0.0
0.0,0.0,0.0,0.0,0.0,0.0
284.6,174.1,276.5,276.6,339.7,287.0
296.0,16.1,38.7,472.4,515.8,299.4
293.7,29.3,70.3,508.3,437.1,299.6
285.5,2.9,7.0,802.4,251.9,288.5
407.9,212.9,542.8,883.4,732.3,466.2
386.4,554.8,562.4,597.5,599.5,545.0
525.6,544.0,543.4,543.4,547.0,542.3
401.1,577.5,582.3,553.4,596.4,535.1
444.6,783.9,1438.3,1013.4,772.7,632.3
140.5,931.9,1167.1,844.2,287.4,211.6
339.6,1015.2,233.4,915.1,371.8,236.1
475.5,155.1,314.3,474.0,493.2,322.0
503.3,907.5,500.6,996.7,861.5,473.8
105.6,615.8,846.9,277.0,475.1,258.2
221.1,600.2,1497.6,580.1,995.0,540.7
151.1,201.9,985.0,396.4,679.9,369.4
202.9,271.3,527.5,532.5,1154.7,496.3
187.6,250.8,487.7,492.3,1832.4,997.6
203.3,271.8,528.5,533.5,2883.0,1365.7
473.3,760.5,1101.6,531.7,3445.0,1169.4
597.7,779.4,700.9,1277.3,2945.1,855.1
394.7,311.6,1194.7,2613.7,1546.3,713.1
107.2,143.3,1366.7,330.2,482.5,262.2
82.1,109.8,237.9,215.5,369.6,200.9
119.8,64.4,125.3,126.4,216.9,117.9
318.1,134.3,360.8,263.6,452.1,245.7
65.3,80.8,157.1,158.6,1033.8,147.9
132.6,122.2,248.9,240.8,1362.0,257.7
152.8,152.5,307.2,300.2,1874.0,311.1
283.7,61.0,118.7,119.8,2408.8,111.7
401.1,509.0,249.2,251.6,481.0,234.5
276.9,806.6,183.7,709.1,318.1,172.9
63.3,1094.6,1157.2,837.6,285.0,154.9
93.5,140.3,1343.9,699.0,420.9,228.7
63.2,84.5,1091.2,165.8,284.5,154.6
140.8,133.2,270.4,262.4,422.5,277.9
148.8,143.9,291.1,283.4,458.4,297.4
85.7,114.6,222.8,224.9,385.7,750.5
69.4,92.7,180.3,182.0,312.2,780.0
113.1,151.1,293.8,296.6,508.8,731.3
68.8,91.9,178.7,180.4,309.5,168.2
62.3,83.3,162.0,163.5,280.5,958.3
111.7,149.3,290.4,293.2,502.8,2721.4
126.6,107.8,222.2,212.6,333.7,290.3
180.3,189.3,378.7,372.4,612.7,378.4
162.3,216.9,421.8,425.8,1488.3,396.9
68.3,91.3,177.6,179.3,1306.7,167.1
98.3,131.4,255.5,257.9,540.5,240.4
849.4,713.9,856.1,850.2,862.9,867.4
177.5,172.5,348.9,339.8,550.3,355.9
178.2,179.9,361.8,354.1,578.1,365.3
183.2,177.0,358.1,348.5,563.6,365.9
161.3,176.8,351.7,347.7,576.8,347.5
99.3,132.7,258.1,260.5,446.9,242.8
120.0,160.4,311.8,314.8,540.0,293.4
350.2,530.5,721.0,297.5,510.3,277.3
398.8,615.3,787.0,227.0,389.5,211.6
164.4,227.8,402.9,872.1,602.1,327.2
131.9,140.8,281.0,963.9,457.1,279.6
362.1,419.3,828.7,891.6,1381.2,807.4
461.7,597.7,928.9,931.0,1169.2,911.5
753.0,753.0,753.0,753.0,753.0,753.0
0.0,0.0,0.0,0.0,0.0,0.0
0.0,0.0,0.0,0.0,0.0,0.0
0.0,0.0,0.0,0.0,0.0,0.0
0.0,0.0,0.0,0.0,0.0,0.0
0.0,0.0,0.0,0.0,0.0,0.0
0.0,0.0,0.0,0.0,0.0,0.0
0.0,0.0,0.0,0.0,0.0,0.0
0.0,0.0,0.0,0.0,0.0,0.0
0.0,0.0,0.0,0.0,0.0,0.0
0.0,0.0,0.0,0.0,0.0,0.0
0.0,0.0,0.0,0.0,0.0,0.0
0.0,0.0,0.0,0.0,0.0,0.0
0.0,0.0,0.0,0.0,0.0,0.0
0.0,0.0,0.0,0.0,0.0,0.0
0.0,0.0,0.0,0.0,0.0,0.0
0.0,0.0,0.0,0.0,0.0,0.0
0.0,0.0,0.0,0.0,0.0,0.0
0.0,0.0,0.0,0.0,0.0,0.0
0.0,0.0,0.0,0.0,0.0,0.0
0.0,0.0,0.0,0.0,0.0,0.0
0.0,0.0,0.0,0.0,0.0,0.0
0.0,0.0,0.0,0.0,0.0,0.0
0.0,0.0,0.0,0.0,0.0,0.0
0.0,0.0,0.0,0.0,0.0,0.0
0.0,0.0,0.0,0.0,0.0,0.0
0.0,0.0,0.0,0.0,0.0,0.0
0.0,0.0,0.0,0.0,0.0,0.0
0.0,0.0,0.0,0.0,0.0,0.0
0.0,0.0,0.0,0.0,0.0,0.0
0.0,0.0,0.0,0.0,0.0,0.0
0.0,0.0,0.0,0.0,0.0,0.0
0.0,0.0,0.0,0.0,0.0,0.0
0.0,0.0,0.0,0.0,0.0,0.0
0.0,0.0,0.0,0.0,0.0,0.0
91.4,103.4,120.4,98.7,0.0,113.9
93.0,107.5,117.2,101.3,0.0,108.8
94.3,114.4,126.4,104.2,0.0,88.6
94.4,108.8,131.4,104.7,0.0,88.6
181.1,188.2,256.3,205.5,0.0,103.8
155.8,155.8,155.8,155.8,155.8,155.8
155.8,155.8,155.8,155.8,155.8,155.8
159.8,160.0,166.0,137.6,183.5,128.2
388.4,112.0,569.6,219.8,832.6,204.9
377.9,100.4,406.2,530.9,394.1,517.9
470.5,94.3,183.4,535.2,524.5,519.4
390.0,89.9,174.7,556.5,592.5,523.9
326.3,137.8,226.5,433.0,424.7,363.6
320.0,320.0,291.1,326.8,332.4,321.7
308.3,338.1,149.7,246.9,724.1,145.0
87.7,147.7,227.9,323.7,910.5,214.5
71.5,126.1,226.6,279.9,1309.8,174.9
53.4,100.2,808.9,1247.1,1224.3,130.5
102.5,483.0,725.1,1728.8,1438.1,434.6
74.6,536.4,208.9,157.9,3494.8,465.3
149.7,135.3,325.3,266.7,2513.3,595.3
115.3,125.0,295.2,245.9,2027.6,553.2
46.5,62.2,674.5,122.1,2049.0,421.4
102.7,137.2,996.7,269.3,1561.0,564.5
60.9,81.4,158.3,159.8,274.1,457.7
67.8,90.6,176.2,177.8,305.0,473.3
91.2,121.9,237.1,239.3,410.5,528.3
124.7,102.0,211.6,201.2,312.6,529.5
142.8,139.1,281.2,273.9,443.8,474.0
75.1,100.4,195.2,197.0,338.0,183.6
69.0,92.2,179.3,181.0,310.5,168.7
70.7,94.6,183.9,185.6,318.4,173.0
72.6,97.0,188.6,190.4,326.6,177.5
102.5,137.0,266.4,268.9,461.3,250.6
170.3,185.6,369.6,365.0,605.0,365.7
147.6,135.9,276.9,267.7,428.3,286.7
82.9,101.2,198.7,198.7,336.0,191.1
70.1,93.7,182.2,183.9,315.4,171.4
91.8,122.7,238.6,240.9,413.2,224.5
53.3,71.3,138.5,139.9,239.9,130.4
94.0,125.7,244.4,246.7,423.1,229.9
99.4,110.3,219.1,216.8,360.5,215.8
124.0,101.0,209.7,199.3,309.4,224.9
137.9,155.2,307.7,305.1,508.7,302.0
53.9,72.0,140.0,141.3,242.4,131.7
79.4,106.2,206.5,208.4,357.5,194.3
87.3,116.7,226.9,229.1,392.9,213.5
70.0,93.5,181.9,183.6,314.9,171.1
439.7,587.7,908.6,911.2,1260.6,892.2
253.5,270.9,540.8,533.0,1864.2,537.9
354.1,172.8,345.3,340.0,1548.3,344.3
383.3,101.3,196.9,198.8,1336.4,185.3
428.7,160.3,311.7,734.6,1539.0,293.3
456.4,194.3,377.8,1058.0,1657.1,355.4
601.8,387.1,752.6,1103.5,1446.7,708.2
502.4,252.5,491.0,1180.0,850.2,462.0
476.5,210.4,419.1,1100.7,685.3,415.0
144.2,131.3,268.0,948.3,412.9,278.4
183.3,241.8,470.8,1096.8,812.5,444.4
144.5,154.5,155.8,155.8,157.7,156.9
0.0,0.0,0.0,0.0,0.0,0.0
0.0,0.0,0.0,0.0,0.0,0.0
0.0,0.0,0.0,0.0,0.0,0.0
0.0,0.0,0.0,0.0,0.0,0.0
0.0,0.0,0.0,0.0,0.0,0.0
0.0,0.0,0.0,0.0,0.0,0.0
0.0,0.0,0.0,0.0,0.0,0.0
0.0,0.0,0.0,0.0,0.0,0.0
0.0,0.0,0.0,0.0,0.0,0.0
0.0,0.0,0.0,0.0,0.0,0.0
0.0,0.0,0.0,0.0,0.0,0.0
0.0,0.0,0.0,0.0,0.0,0.0
0.0,0.0,0.0,0.0,0.0,0.0
0.0,0.0,0.0,0.0,0.0,0.0
0.0,0.0,0.0,0.0,0.0,0.0
0.0,0.0,0.0,0.0,0.0,0.0
0.0,0.0,0.0,0.0,0.0,0.0
0.0,0.0,0.0,0.0,0.0,0.0
0.0,0.0,0.0,0.0,0.0,0.0
0.0,0.0,0.0,0.0,0.0,0.0
0.0,0.0,0.0,0.0,0.0,0.0
0.0,0.0,0.0,0.0,0.0,0.0
0.0,0.0,0.0,0.0,0.0,0.0
0.0,0.0,0.0,0.0,0.0,0.0
0.0,0.0,0.0,0.0,0.0,0.0
0.0,0.0,0.0,0.0,0.0,0.0
0.0,0.0,0.0,0.0,0.0,0.0
0.0,0.0,0.0,0.0,0.0,0.0
0.0,0.0,0.0,0.0,0.0,0.0
0.0,0.0,0.0,0.0,0.0,0.0
0.0,0.0,0.0,0.0,0.0,0.0
0.0,0.0,0.0,0.0,0.0,0.0
0.0,0.0,0.0,0.0,0.0,0.0
0.0,0.0,0.0,0.0,0.0,0.0
0.0,0.0,0.0,0.0,0.0,0.0
0.0,0.0,0.0,0.0,0.0,0.0
224.6,300.2,583.6,589.2,1010.6,549.2
139.9,187.0,363.6,367.1,629.6,342.1
134.8,180.2,350.4,729.7,606.8,329.8
225.6,298.3,580.7,1270.0,1002.9,547.8
178.3,170.4,377.9,996.7,1088.3,353.9
109.0,106.9,1320.1,884.4,1336.8,219.6
74.8,91.3,226.4,926.2,1269.0,167.1
288.6,90.5,532.4,2692.2,1285.2,409.7
58.6,65.2,1896.9,225.7,1211.3,2915.2
107.9,131.2,795.9,355.2,952.6,650.4
286.4,332.7,666.8,2536.8,2436.1,524.8
127.8,620.0,805.6,240.8,487.6,3286.6
145.6,610.7,516.3,256.2,505.8,417.0
59.3,569.5,154.1,155.6,2717.4,145.0
71.4,591.2,185.4,187.2,321.1,174.5
233.6,306.3,163.0,164.5,282.2,153.4
395.2,112.4,218.6,220.7,378.6,205.7
345.1,59.6,116.0,117.1,200.8,109.1
832.7,677.6,1323.0,1330.6,2269.3,1255.9
548.4,274.4,507.4,499.9,824.9,505.1
266.3,840.9,297.0,296.2,498.2,287.8
119.2,189.9,309.8,312.8,536.5,291.5
113.8,182.7,295.8,298.6,512.3,278.4
116.2,911.7,302.1,305.0,523.1,284.3
142.5,190.5,370.5,578.8,641.5,348.6
141.5,182.6,356.5,1040.4,611.9,431.3
180.7,173.6,351.7,1029.0,552.4,669.8
191.4,220.2,435.6,1122.5,724.7,737.3
49.1,65.6,127.5,613.5,220.8,433.4
73.8,98.7,191.9,193.7,630.1,400.9
82.2,109.9,213.6,215.6,1361.6,201.0
59.8,79.9,155.4,156.9,1268.4,146.2
76.9,102.8,199.9,201.8,1349.1,188.1
129.4,117.9,240.6,232.4,1076.1,249.9
147.0,138.3,448.5,272.4,438.0,289.2
52.1,69.6,693.2,136.7,234.5,127.4
91.2,270.9,799.1,239.3,410.5,223.1
67.6,586.1,739.8,177.3,304.0,165.2
53.3,570.9,535.2,139.9,239.9,130.4
105.2,642.2,273.5,276.1,473.6,257.4
84.0,432.5,162.1,157.5,253.8,166.4
151.3,137.5,280.8,271.1,432.4,291.8
94.7,110.4,218.0,217.0,364.1,212.1
157.7,86.3,167.9,169.5,290.7,157.9
387.9,104.2,202.6,204.5,350.8,190.6
446.3,179.2,348.4,351.8,1010.6,766.2
1703.7,622.1,1402.5,1236.8,3057.6,2340.6
1094.2,171.4,411.4,342.9,2332.1,854.9
715.6,140.3,161.8,134.8,392.6,766.9
422.7,582.9,7.0,5.9,1362.2,2619.3
377.9,916.9,0.0,0.0,98.9,3606.3
324.2,868.8,1250.1,0.0,368.1,2188.7
513.3,894.6,909.3,280.0,1078.2,1324.6
1098.5,0.0,800.4,684.4,0.0,1480.6
1089.9,123.1,1063.8,856.7,285.5,1580.9
1015.2,620.7,873.9,638.8,741.0,1110.3
612.6,591.9,119.6,333.0,115.6,1058.1
0.0,0.0,0.0,0.0,0.0,0.0
0.0,0.0,0.0,0.0,0.0,0.0
0.0,0.0,0.0,0.0,0.0,0.0
0.0,0.0,0.0,0.0,0.0,0.0
0.0,0.0,0.0,0.0,0.0,0.0
0.0,0.0,0.0,0.0,0.0,0.0
0.0,0.0,0.0,0.0,0.0,0.0
0.0,0.0,0.0,0.0,0.0,0.0
0.0,0.0,0.0,0.0,0.0,0.0
0.0,0.0,0.0,0.0,0.0,0.0
0.0,0.0,0.0,0.0,0.0,0.0
0.0,0.0,0.0,0.0,0.0,0.0
0.0,0.0,0.0,0.0,0.0,0.0
0.0,0.0,0.0,0.0,0.0,0.0
0.0,0.0,0.0,0.0,0.0,0.0
0.0,0.0,0.0,0.0,0.0,0.0
0.0,0.0,0.0,0.0,0.0,0.0
0.0,0.0,0.0,0.0,0.0,0.0
0.0,0.0,0.0,0.0,0.0,0.0
0.0,0.0,0.0,0.0,0.0,0.0
0.0,0.0,0.0,0.0,0.0,0.0
0.0,0.0,0.0,0.0,0.0,0.0
0.0,0.0,0.0,0.0,0.0,0.0
0.0,0.0,0.0,0.0,0.0,0.0
0.0,0.0,0.0,0.0,0.0,0.0
0.0,0.0,0.0,0.0,0.0,0.0
0.0,0.0,0.0,0.0,0.0,0.0
0.0,0.0,0.0,0.0,0.0,0.0
0.0,0.0,0.0,0.0,0.0,0.0
0.0,0.0,0.0,0.0,0.0,0.0
0.0,0.0,0.0,0.0,0.0,0.0
0.0,0.0,0.0,0.0,0.0,0.0
0.0,0.0,0.0,0.0,0.0,0.0
0.0,0.0,0.0,0.0,0.0,0.0
0.0,0.0,0.0,0.0,0.0,0.0
0.0,0.0,0.0,0.0,0.0,0.0
0.0,0.0,0.0,0.0,0.0,0.0
0.0,0.0,0.0,0.0,0.0,0.0
0.0,0.0,0.0,0.0,0.0,0.0
295.4,295.4,295.4,295.4,295.4,295.4
217.0,312.1,301.4,328.3,312.2,301.5
283.4,297.4,296.9,299.4,298.7,296.8
193.5,315.4,304.6,335.1,320.7,303.2
183.1,662.1,679.0,823.7,901.6,447.9
112.4,634.2,745.9,819.9,1110.0,274.9
148.6,647.1,740.5,786.8,1011.0,363.4
221.7,647.6,709.0,734.5,865.7,518.8
275.4,799.3,1156.9,1283.7,1975.1,595.3
235.6,784.9,1127.4,1257.5,1956.6,545.0
281.4,870.1,1293.4,1417.5,2265.6,688.2
120.1,658.3,876.5,984.1,1543.7,293.8
225.9,574.8,704.0,818.9,1244.7,137.5
381.1,599.8,749.0,867.0,1322.7,349.6
405.6,610.6,784.6,908.4,1376.2,527.1
430.5,582.8,761.3,869.5,1287.7,529.6
439.6,632.5,849.2,960.2,1469.5,591.5
362.8,559.3,698.6,817.5,1235.7,434.0
389.3,597.0,756.0,316.3,1334.8,499.6
390.5,596.9,747.4,202.1,1319.5,500.6
376.1,580.6,721.5,173.8,1274.7,475.4
378.1,583.8,723.1,172.7,1274.9,472.8
455.5,211.2,819.1,252.9,1387.6,586.8
432.1,122.9,802.7,241.9,1383.3,557.6
362.8,67.6,685.0,132.6,1211.7,434.7
406.1,123.9,798.7,243.2,1408.9,539.0
361.9,71.0,231.4,139.4,405.1,443.4
382.7,105.2,204.5,206.4,354.0,501.1
380.8,101.0,196.5,198.3,340.2,488.9
427.8,100.9,208.8,199.0,310.4,527.9
462.9,157.6,316.4,310.1,507.5,624.8
356.4,63.7,123.8,125.0,214.4,425.2
385.7,104.5,203.2,205.1,351.8,499.9
388.2,104.6,203.5,205.4,352.3,499.0
117.9,88.3,171.7,173.4,297.4,471.5
69.6,93.1,181.0,182.7,313.4,222.2
135.8,126.5,257.2,249.2,399.7,265.5
140.9,133.4,270.7,262.7,423.0,278.1
115.3,154.1,299.5,302.4,518.7,281.9
232.9,311.3,605.2,611.0,1048.0,569.5
153.4,205.0,398.6,402.4,690.3,375.1
95.6,127.8,248.5,250.9,430.3,233.8
91.5,122.3,237.8,240.0,411.7,223.7
122.0,114.5,232.6,225.5,362.5,239.6
186.6,1082.5,378.1,369.9,603.6,382.0
171.3,1162.9,1060.8,449.5,771.0,512.0
1079.9,704.4,2356.7,897.2,487.2,1140.3
797.3,511.9,2359.0,1558.2,0.0,1755.2
735.5,0.0,1318.5,1369.1,0.0,1576.9
803.1,168.0,1462.2,927.1,60.7,1211.9
376.0,833.2,936.7,843.8,891.5,1118.9
472.5,888.7,924.9,790.8,919.1,1004.0
566.5,926.0,1036.6,885.0,621.6,964.3
422.7,851.7,900.4,865.0,1074.5,885.7
357.8,842.1,902.8,890.3,1108.2,898.9
306.3,837.4,890.1,926.8,1107.6,931.8
340.8,857.8,849.9,874.1,1092.3,985.2
521.5,1030.4,892.5,922.2,860.5,772.8
298.1,1060.0,1020.6,1131.5,925.0,564.8
107.0,107.0,107.0,107.0,107.0,107.0
0.0,0.0,0.0,0.0,0.0,0.0
0.0,0.0,0.0,0.0,0.0,0.0
0.0,0.0,0.0,0.0,0.0,0.0
0.0,0.0,0.0,0.0,0.0,0.0
0.0,0.0,0.0,0.0,0.0,0.0
0.0,0.0,0.0,0.0,0.0,0.0
0.0,0.0,0.0,0.0,0.0,0.0
0.0,0.0,0.0,0.0,0.0,0.0
0.0,0.0,0.0,0.0,0.0,0.0
0.0,0.0,0.0,0.0,0.0,0.0
0.0,0.0,0.0,0.0,0.0,0.0
0.0,0.0,0.0,0.0,0.0,0.0
0.0,0.0,0.0,0.0,0.0,0.0
0.0,0.0,0.0,0.0,0.0,0.0
0.0,0.0,0.0,0.0,0.0,0.0
0.0,0.0,0.0,0.0,0.0,0.0
0.0,0.0,0.0,0.0,0.0,0.0
0.0,0.0,0.0,0.0,0.0,0.0
0.0,0.0,0.0,0.0,0.0,0.0
0.0,0.0,0.0,0.0,0.0,0.0
0.0,0.0,0.0,0.0,0.0,0.0
0.0,0.0,0.0,0.0,0.0,0.0
0.0,0.0,0.0,0.0,0.0,0.0
0.0,0.0,0.0,0.0,0.0,0.0
0.0,0.0,0.0,0.0,0.0,0.0
0.0,0.0,0.0,0.0,0.0,0.0
0.0,0.0,0.0,0.0,0.0,0.0
0.0,0.0,0.0,0.0,0.0,0.0
0.0,0.0,0.0,0.0,0.0,0.0
0.0,0.0,0.0,0.0,0.0,0.0
0.0,0.0,0.0,0.0,0.0,0.0
0.0,0.0,0.0,0.0,0.0,0.0
0.0,0.0,0.0,0.0,0.0,0.0
0.0,0.0,0.0,0.0,0.0,0.0
0.0,0.0,0.0,0.0,0.0,0.0
0.0,0.0,0.0,0.0,0.0,0.0
514.4,101.1,201.2,198.8,329.6,199.0
384.8,112.7,219.2,221.3,379.5,206.2
359.8,79.3,154.1,733.7,1107.8,145.0
702.9,541.1,1394.0,1510.8,2067.5,1248.7
231.3,301.3,1128.8,853.2,1983.4,861.1
192.5,231.4,1000.3,454.6,2584.2,558.4
231.8,245.1,1039.3,482.3,2755.4,488.6
177.3,204.7,1422.7,402.3,2016.1,394.5
387.3,517.7,2105.4,1016.3,2704.8,947.3
311.7,837.1,1565.2,1395.9,2356.8,762.3
187.4,733.2,1023.7,1155.4,862.4,458.4
162.3,701.5,432.4,1092.0,730.4,659.7
130.0,652.4,321.1,993.7,548.0,607.9
185.8,664.9,364.8,1021.5,575.2,675.1
148.2,627.1,295.2,949.1,468.1,605.0
101.8,616.8,264.5,928.1,458.0,551.7
167.0,700.2,434.1,1094.1,751.7,708.9
305.4,417.6,793.7,814.2,1374.4,1047.3
241.7,743.5,628.1,634.1,1087.6,889.1
177.7,733.4,462.0,466.4,800.0,440.6
487.3,382.1,932.7,377.1,1597.5,382.8
529.8,230.9,1021.5,454.2,1743.6,642.0
389.4,186.2,797.5,365.8,1390.1,658.7
216.6,289.6,563.1,568.4,1051.9,842.1
425.3,568.5,1105.4,1115.9,4051.5,1351.2
183.6,245.5,477.3,481.8,1683.6,757.8
159.4,213.1,414.4,418.3,816.4,692.7
139.5,163.8,323.2,321.9,634.2,1229.9
70.3,29.3,70.3,58.6,835.5,931.7
38.7,348.8,38.7,32.2,3540.1,911.3
0.0,291.2,0.0,0.0,2119.3,907.4
7.6,302.4,0.0,0.0,1975.9,909.8
392.6,327.9,326.6,0.0,2006.2,1031.4
394.6,327.2,557.8,0.0,2073.1,3385.0
346.6,356.6,586.7,20.5,2109.7,2014.9
390.6,411.4,630.3,58.6,2210.7,2524.4
390.5,418.5,1303.8,52.7,2328.0,1658.9
610.6,1734.5,2226.6,125.8,2362.3,1421.2
321.6,1463.2,1579.0,2122.7,4143.5,3121.0
499.8,1462.6,1741.4,2010.1,3436.5,786.9
483.3,758.0,1693.8,1133.6,2863.8,743.9
492.6,1401.0,1800.3,1171.5,1832.1,608.1
511.9,1017.5,3064.7,1754.2,1902.9,491.1
759.1,787.2,1839.0,4323.4,1886.3,484.1
363.8,539.1,612.7,730.9,1046.5,70.3
379.1,575.7,628.9,740.1,1063.8,89.1
372.0,1292.0,621.8,729.0,2135.7,79.7
349.8,847.9,598.6,1369.9,4599.1,51.6
758.4,867.8,847.0,1116.5,950.1,460.3
312.3,502.8,562.1,3622.9,0.0,0.0
311.1,499.6,559.9,1367.9,0.0,0.0
311.1,1295.0,559.9,1423.3,0.0,0.0
155.5,1084.5,280.0,1654.5,0.0,0.0
28.7,540.0,30.8,2164.7,32.7,43.6
70.3,528.9,604.9,1977.0,1725.2,93.8
63.3,524.1,956.3,1807.5,1564.4,84.4
38.7,513.8,46.8,3127.7,1221.4,51.6
0.0,248.9,0.0,1409.1,792.2,683.1
0.0,0.0,0.0,0.0,0.0,0.0
0.0,0.0,0.0,0.0,0.0,0.0
0.0,0.0,0.0,0.0,0.0,0.0
0.0,0.0,0.0,0.0,0.0,0.0
0.0,0.0,0.0,0.0,0.0,0.0
0.0,0.0,0.0,0.0,0.0,0.0
0.0,0.0,0.0,0.0,0.0,0.0
0.0,0.0,0.0,0.0,0.0,0.0
0.0,0.0,0.0,0.0,0.0,0.0
0.0,0.0,0.0,0.0,0.0,0.0
0.0,0.0,0.0,0.0,0.0,0.0
0.0,0.0,0.0,0.0,0.0,0.0
0.0,0.0,0.0,0.0,0.0,0.0
0.0,0.0,0.0,0.0,0.0,0.0
0.0,0.0,0.0,0.0,0.0,0.0
0.0,0.0,0.0,0.0,0.0,0.0
0.0,0.0,0.0,0.0,0.0,0.0
0.0,0.0,0.0,0.0,0.0,0.0
0.0,0.0,0.0,0.0,0.0,0.0
0.0,0.0,0.0,0.0,0.0,0.0
0.0,0.0,0.0,0.0,0.0,0.0
0.0,0.0,0.0,0.0,0.0,0.0
0.0,0.0,0.0,0.0,0.0,0.0
0.0,0.0,0.0,0.0,0.0,0.0
0.0,0.0,0.0,0.0,0.0,0.0
0.0,0.0,0.0,0.0,0.0,0.0
0.0,0.0,0.0,0.0,0.0,0.0
0.0,0.0,0.0,0.0,0.0,0.0
0.0,0.0,0.0,0.0,0.0,0.0
0.0,0.0,0.0,0.0,0.0,0.0
0.0,0.0,0.0,0.0,0.0,0.0
0.0,0.0,0.0,0.0,0.0,0.0
0.0,0.0,0.0,0.0,0.0,0.0
0.0,0.0,0.0,0.0,0.0,0.0
0.0,0.0,0.0,0.0,0.0,0.0
0.0,0.0,0.0,0.0,0.0,0.0
0.0,0.0,0.0,0.0,0.0,0.0
0.0,0.0,0.0,0.0,0.0,0.0
77.6,103.8,201.7,203.7,349.3,189.8
149.9,485.9,277.2,267.5,426.2,288.4
381.0,640.1,209.1,200.0,313.7,221.6
458.3,653.5,275.2,266.7,428.1,283.8
351.9,85.6,169.9,168.4,280.7,166.7
71.9,96.1,867.7,188.7,323.6,175.8
91.7,122.5,1285.8,240.5,412.5,224.1
76.7,102.6,1207.0,201.4,345.4,187.7
827.0,755.2,1468.4,1482.4,2542.7,1381.7
516.6,151.7,295.0,297.8,510.8,277.6
408.8,8.8,21.1,17.6,20.4,28.1
73.8,30.8,73.8,61.5,71.4,98.5
63.3,26.4,63.3,52.7,61.2,84.4
204.7,228.3,924.2,448.9,747.3,445.8
60.7,81.2,722.0,846.7,273.3,148.5
115.5,154.3,796.4,1360.6,519.7,282.4
237.4,317.3,617.0,2215.5,1068.3,580.5
54.6,491.6,142.0,832.9,245.9,133.6
219.2,794.5,569.6,1181.7,986.4,1176.7
322.5,872.3,838.3,846.3,1451.6,1774.5
238.3,269.9,1132.8,530.7,885.9,1472.1
66.8,27.8,1759.3,55.7,130.5,89.1
59.8,24.9,1509.1,49.8,2195.2,79.7
35.2,14.7,1150.6,29.3,138.4,46.9
0.0,20.4,2090.3,267.0,87.9,0.0
0.0,659.7,1217.8,676.6,2576.9,0.0
0.0,32.2,0.0,684.4,0.0,0.0
204.5,300.5,531.5,1220.9,1308.7,500.1
168.2,1302.2,420.2,1106.0,1711.8,395.4
699.1,663.2,658.0,1343.6,3092.2,630.1
526.6,1019.9,598.1,1276.4,3083.1,710.4
784.5,811.2,517.3,1195.4,4259.4,819.1
883.1,667.3,707.0,1159.1,3662.8,788.7
1134.5,1405.1,1795.9,1825.1,4137.7,1698.1
876.2,846.1,1287.7,1377.3,4205.7,1608.1
87.9,534.4,647.9,807.2,1065.4,428.3
0.0,497.7,557.8,2774.6,972.8,311.1
907.3,873.9,1467.2,1528.0,1864.9,1520.8
228.6,593.0,788.5,961.7,1193.8,611.1
161.8,565.1,721.7,3361.7,1121.7,519.7
66.8,525.6,618.3,734.9,1037.4,397.8
59.8,515.1,607.0,729.0,1053.3,457.0
17.6,493.7,573.3,680.9,1008.7,2699.9
121.4,494.0,547.2,674.0,987.9,420.0
1295.7,898.1,1531.1,2669.9,1943.1,1726.3
444.7,538.3,680.8,3178.8,1098.2,488.1
413.1,618.8,661.9,2354.9,1079.0,444.7
876.8,1004.8,557.8,2295.3,972.8,632.3
588.0,839.9,576.8,797.8,848.3,1349.2
608.1,946.3,635.0,655.1,873.5,1282.0
612.1,918.7,608.4,847.1,977.6,1036.0
579.5,510.9,614.8,1021.3,1251.4,1022.2
674.3,504.8,1091.3,1130.2,1250.8,348.5
786.1,486.4,928.4,1587.4,913.6,298.1
621.2,486.4,923.3,2012.1,907.6,49.5
636.0,482.6,1457.3,1514.7,909.4,0.0
484.3,0.0,406.3,734.8,601.1,0.0
0.0,0.0,0.0,0.0,0.0,0.0
0.0,0.0,0.0,0.0,0.0,0.0
0.0,0.0,0.0,0.0,0.0,0.0
0.0,0.0,0.0,0.0,0.0,0.0
0.0,0.0,0.0,0.0,0.0,0.0
0.0,0.0,0.0,0.0,0.0,0.0
0.0,0.0,0.0,0.0,0.0,0.0
0.0,0.0,0.0,0.0,0.0,0.0
0.0,0.0,0.0,0.0,0.0,0.0
0.0,0.0,0.0,0.0,0.0,0.0
0.0,0.0,0.0,0.0,0.0,0.0
0.0,0.0,0.0,0.0,0.0,0.0
0.0,0.0,0.0,0.0,0.0,0.0
0.0,0.0,0.0,0.0,0.0,0.0
0.0,0.0,0.0,0.0,0.0,0.0
0.0,0.0,0.0,0.0,0.0,0.0
0.0,0.0,0.0,0.0,0.0,0.0
0.0,0.0,0.0,0.0,0.0,0.0
0.0,0.0,0.0,0.0,0.0,0.0
0.0,0.0,0.0,0.0,0.0,0.0
0.0,0.0,0.0,0.0,0.0,0.0
0.0,0.0,0.0,0.0,0.0,0.0
0.0,0.0,0.0,0.0,0.0,0.0
0.0,0.0,0.0,0.0,0.0,0.0
0.0,0.0,0.0,0.0,0.0,0.0
0.0,0.0,0.0,0.0,0.0,0.0
0.0,0.0,0.0,0.0,0.0,0.0
0.0,0.0,0.0,0.0,0.0,0.0
0.0,0.0,0.0,0.0,0.0,0.0
0.0,0.0,0.0,0.0,0.0,0.0
0.0,0.0,0.0,0.0,0.0,0.0
0.0,0.0,0.0,0.0,0.0,0.0
0.0,0.0,0.0,0.0,0.0,0.0
0.0,0.0,0.0,0.0,0.0,0.0
0.0,0.0,0.0,0.0,0.0,0.0
0.0,0.0,0.0,0.0,0.0,0.0
0.0,0.0,0.0,0.0,0.0,0.0
0.0,0.0,0.0,0.0,0.0,0.0
0.0,0.0,0.0,0.0,0.0,0.0
153.2,4.4,195.4,323.9,10.2,14.1
140.4,30.8,203.8,156.4,71.4,98.5
129.3,26.4,155.7,132.3,173.1,84.4
137.8,14.7,181.6,142.2,178.0,46.9
249.5,0.0,335.0,271.1,302.9,0.0
240.2,0.0,265.8,214.6,243.6,194.3
193.1,193.1,193.1,193.1,193.1,193.1
336.6,287.9,63.3,52.7,61.2,356.7
380.2,719.7,77.4,64.5,74.8,410.7
304.0,961.9,0.0,549.1,0.0,301.7
1612.2,1405.4,1304.6,1641.9,1261.1,2050.6
2086.9,1604.6,1786.4,2634.2,1726.8,2697.6
1704.7,1068.7,1406.6,2769.9,1359.7,2192.4
1457.6,960.7,1645.3,2322.8,1200.0,3439.0
650.0,634.4,818.1,1654.4,2354.7,2148.9
425.0,640.4,260.4,925.3,2347.7,1662.9
293.1,567.6,156.1,840.1,2102.9,975.2
298.2,1236.8,604.9,910.2,2929.9,1017.0
191.8,1084.7,891.2,1018.0,2729.2,1170.8
61.3,892.5,698.2,813.4,2462.8,1060.7
99.0,943.9,799.7,913.4,1386.1,3286.8
158.2,1042.5,824.9,939.2,1421.8,2436.5
139.0,899.5,803.1,909.0,1375.1,3109.9
165.0,815.2,884.7,967.9,1508.2,325.2
83.5,92.2,753.8,837.1,1277.8,180.7
86.2,105.6,756.6,865.9,1319.9,199.2
98.6,125.4,790.2,764.7,1391.9,233.4
66.8,79.5,703.9,156.3,1247.4,151.6
96.8,122.9,793.8,241.3,1372.1,228.8
96.1,118.7,773.7,233.2,1349.2,223.3
97.2,97.6,733.1,192.1,1271.0,198.6
170.8,153.9,853.4,303.4,1237.1,327.8
147.8,129.7,690.4,255.7,404.4,279.4
115.9,116.1,233.8,228.6,372.6,236.5
96.3,119.0,233.5,233.8,396.2,223.8
76.2,95.4,186.8,187.3,318.0,178.5
93.4,118.4,231.5,232.5,395.5,220.6
90.6,111.5,218.7,219.0,370.7,210.0
74.8,90.3,177.5,177.4,299.4,171.2
104.3,129.8,254.3,254.9,432.3,243.5
159.3,135.3,279.1,266.9,418.8,295.8
143.7,124.2,255.4,244.9,385.8,269.3
141.6,137.6,278.2,270.9,438.6,283.8
73.2,97.8,190.2,192.0,329.3,178.9
75.8,101.3,197.0,198.9,341.2,832.5
76.9,102.7,199.7,201.6,345.9,2898.6
89.5,119.6,232.6,234.8,402.8,672.2
228.2,305.0,880.7,598.7,1027.0,880.9
406.5,830.3,1029.2,865.3,970.0,898.7
465.5,913.1,757.4,620.6,942.3,646.6
681.3,824.3,447.1,1152.6,724.0,450.5
682.5,866.0,504.8,1193.2,825.7,499.8
549.3,873.9,368.1,441.1,1376.1,222.7
562.7,618.4,1033.3,1049.4,1736.2,0.0
431.0,442.6,503.8,607.1,517.4,73.1
0.0,0.0,0.0,0.0,0.0,0.0
0.0,0.0,0.0,0.0,0.0,0.0
0.0,0.0,0.0,0.0,0.0,0.0
0.0,0.0,0.0,0.0,0.0,0.0
0.0,0.0,0.0,0.0,0.0,0.0
0.0,0.0,0.0,0.0,0.0,0.0
0.0,0.0,0.0,0.0,0.0,0.0
0.0,0.0,0.0,0.0,0.0,0.0
0.0,0.0,0.0,0.0,0.0,0.0
0.0,0.0,0.0,0.0,0.0,0.0
0.0,0.0,0.0,0.0,0.0,0.0
0.0,0.0,0.0,0.0,0.0,0.0
0.0,0.0,0.0,0.0,0.0,0.0
0.0,0.0,0.0,0.0,0.0,0.0
0.0,0.0,0.0,0.0,0.0,0.0
0.0,0.0,0.0,0.0,0.0,0.0
0.0,0.0,0.0,0.0,0.0,0.0
0.0,0.0,0.0,0.0,0.0,0.0
0.0,0.0,0.0,0.0,0.0,0.0
0.0,0.0,0.0,0.0,0.0,0.0
0.0,0.0,0.0,0.0,0.0,0.0
0.0,0.0,0.0,0.0,0.0,0.0
0.0,0.0,0.0,0.0,0.0,0.0
0.0,0.0,0.0,0.0,0.0,0.0
0.0,0.0,0.0,0.0,0.0,0.0
0.0,0.0,0.0,0.0,0.0,0.0
0.0,0.0,0.0,0.0,0.0,0.0
0.0,0.0,0.0,0.0,0.0,0.0
0.0,0.0,0.0,0.0,0.0,0.0
0.0,0.0,0.0,0.0,0.0,0.0
0.0,0.0,0.0,0.0,0.0,0.0
0.0,0.0,0.0,0.0,0.0,0.0
0.0,0.0,0.0,0.0,0.0,0.0
0.0,0.0,0.0,0.0,0.0,0.0
0.0,0.0,0.0,0.0,0.0,0.0
0.0,0.0,0.0,0.0,0.0,0.0
0.0,0.0,0.0,0.0,0.0,0.0
0.0,0.0,0.0,0.0,0.0,0.0
0.0,0.0,0.0,0.0,0.0,0.0
0.0,0.0,0.0,0.0,0.0,0.0
0.0,0.0,0.0,0.0,0.0,0.0
810.9,895.2,903.8,907.0,905.1,942.3
793.9,694.3,920.7,1750.4,689.3,515.7
757.7,680.8,940.5,840.0,673.7,463.8
710.8,356.1,816.4,269.6,462.5,3085.1
344.5,296.5,366.9,252.6,335.0,358.7
230.6,230.6,230.6,230.6,230.6,230.6
230.6,230.6,230.6,230.6,230.6,230.6
230.6,230.6,230.6,230.6,230.6,230.6
363.4,364.6,377.7,366.8,363.8,339.8
366.6,372.6,391.8,384.7,365.7,294.7
365.3,370.0,377.1,378.6,372.3,312.8
363.7,367.6,392.9,373.3,411.7,266.9
420.4,491.4,514.4,518.4,478.2,369.2
265.5,619.9,511.0,530.7,397.4,467.4
95.4,484.9,501.9,514.5,721.7,473.5
158.5,510.8,515.8,570.5,531.8,504.5
164.2,782.6,426.7,688.7,591.1,583.1
222.3,604.4,499.0,698.0,610.3,602.3
240.1,587.4,453.8,689.4,671.2,594.4
344.6,557.7,553.0,586.5,628.2,566.4
218.7,792.0,568.5,1260.9,2307.9,898.6
142.6,505.4,370.6,1061.1,2613.8,3758.8
257.8,344.6,670.1,1109.5,3109.9,1719.6
178.4,238.5,463.7,468.1,2741.1,2304.2
166.3,222.3,432.2,485.2,2162.5,1250.1
163.3,218.3,424.5,3185.3,1719.2,715.2
197.3,215.2,428.5,1117.9,1689.6,739.7
237.2,252.4,504.1,1880.3,1807.1,814.2
215.8,246.3,487.7,956.4,1793.6,789.1
1177.3,526.4,1140.0,1015.2,2380.4,1571.6
542.9,1157.1,584.8,581.1,1971.5,570.9
373.4,556.8,671.9,667.7,2128.3,655.7
537.6,641.9,407.2,411.1,1715.7,383.2
263.8,417.5,524.9,529.9,1908.1,493.9
161.2,215.4,418.9,422.9,1724.7,394.2
234.2,245.1,490.6,482.3,1422.8,490.6
253.8,277.8,552.8,546.3,906.1,546.4
1610.6,870.2,1696.3,1619.8,1782.7,1843.7
1627.4,1182.6,1645.1,1619.7,1658.1,1690.4
599.0,406.0,2249.2,803.5,1179.8,987.7
151.9,196.6,730.9,386.1,658.9,363.7
224.8,290.8,1259.4,571.0,974.5,538.1
194.2,246.7,718.4,484.4,873.9,459.4
278.1,248.8,509.1,490.4,3570.5,531.5
314.2,326.4,631.1,616.6,1707.3,647.6
210.0,711.3,439.0,431.4,2110.2,746.8
155.9,690.2,393.9,396.4,1154.8,678.6
182.6,722.6,457.6,460.1,833.9,740.0
142.3,954.7,358.5,360.7,2536.3,647.6
10.5,797.0,10.5,556.6,367.3,322.8
7.0,1148.5,7.0,592.2,100.2,318.1
14.1,995.1,38.5,1290.7,2105.9,323.9
84.4,924.8,1008.1,1067.6,1495.0,420.1
73.8,1406.8,250.2,1907.5,954.4,407.2
56.3,1674.0,102.4,1766.4,1017.2,383.7
7.0,1025.5,1037.4,1225.2,876.1,828.7
355.2,923.9,899.1,1084.0,869.0,868.8
833.3,833.3,833.3,833.3,833.3,833.3
833.3,833.3,833.3,833.3,833.3,833.3
833.3,833.3,833.3,833.3,833.3,833.3
526.0,622.3,994.3,824.9,1080.0,952.5
370.0,340.5,1134.8,693.2,1074.0,1387.5
626.3,354.2,1076.6,669.5,1204.4,1069.0
855.7,322.3,980.8,664.7,1267.1,909.3
843.2,42.5,939.0,919.2,1406.4,849.6
747.4,158.3,962.1,858.6,1415.6,858.0
639.9,127.0,1045.0,861.3,1476.1,850.7
716.2,93.6,1110.7,847.5,1466.1,766.0
680.7,139.4,1161.9,899.4,1292.8,825.7
698.4,132.6,1193.4,896.0,1220.0,859.7
695.3,137.4,1192.4,899.0,1217.8,858.2
706.2,149.7,570.3,971.4,1565.3,310.0
173.8,87.6,160.2,181.0,196.5,160.0
0.0,0.0,0.0,0.0,0.0,0.0
0.0,0.0,0.0,0.0,0.0,0.0
0.0,0.0,0.0,0.0,0.0,0.0
0.0,0.0,0.0,0.0,0.0,0.0
0.0,0.0,0.0,0.0,0.0,0.0
0.0,0.0,0.0,0.0,0.0,0.0
0.0,0.0,0.0,0.0,0.0,0.0
0.0,0.0,0.0,0.0,0.0,0.0
0.0,0.0,0.0,0.0,0.0,0.0
0.0,0.0,0.0,0.0,0.0,0.0
0.0,0.0,0.0,0.0,0.0,0.0
0.0,0.0,0.0,0.0,0.0,0.0
0.0,0.0,0.0,0.0,0.0,0.0
0.0,0.0,0.0,0.0,0.0,0.0
0.0,0.0,0.0,0.0,0.0,0.0
0.0,0.0,0.0,0.0,0.0,0.0
0.0,0.0,0.0,0.0,0.0,0.0
0.0,0.0,0.0,0.0,0.0,0.0
0.0,0.0,0.0,0.0,0.0,0.0
0.0,0.0,0.0,0.0,0.0,0.0
0.0,0.0,0.0,0.0,0.0,0.0
0.0,0.0,0.0,0.0,0.0,0.0
0.0,0.0,0.0,0.0,0.0,0.0
151.2,63.0,151.2,126.0,146.2,201.6
244.1,264.8,527.6,520.9,862.6,522.7
226.7,261.0,516.1,513.0,858.7,503.6
1764.9,859.9,1912.3,1713.2,2050.4,2270.2
918.5,857.2,913.2,911.0,913.6,917.6
230.7,230.7,230.7,230.7,230.7,230.7
230.7,230.7,230.7,230.7,230.7,230.7
230.7,230.7,230.7,230.7,230.7,230.7
203.9,380.3,353.6,346.1,439.1,397.3
140.1,401.2,526.0,241.8,439.0,372.3
97.3,411.3,561.6,179.7,494.3,376.3
122.6,154.2,574.6,302.8,567.4,398.7
153.5,111.4,235.9,599.9,1143.5,546.7
93.6,118.6,231.9,766.3,1074.8,505.8
90.8,415.2,219.2,682.4,894.9,488.5
246.5,514.3,136.3,641.3,818.8,433.8
460.3,660.8,314.8,999.3,1479.2,617.0
457.9,622.4,584.6,3096.2,1328.3,563.4
449.0,614.9,793.7,2470.2,1320.0,447.9
443.5,643.3,865.0,2237.8,1139.4,290.7
366.3,560.4,710.0,807.9,239.8,136.0
401.1,603.1,796.6,899.0,394.5,222.9
393.6,599.4,778.2,891.8,383.6,214.1
363.1,555.4,689.1,580.0,234.0,135.7
418.1,632.2,833.5,289.9,494.0,274.1
413.8,423.6,754.9,203.1,325.6,216.7
338.6,113.6,780.7,224.3,348.9,252.1
182.3,175.7,900.8,346.0,559.4,363.6
77.8,78.0,517.7,153.6,250.5,158.9
86.0,108.5,212.4,213.1,362.3,202.6
98.4,125.0,244.4,245.5,417.8,232.7
59.9,70.4,138.8,138.3,232.3,134.7
108.6,135.5,265.5,266.2,451.6,253.9
79.3,99.5,194.8,195.4,331.9,186.0
93.4,95.8,192.2,188.5,308.6,193.3
187.4,172.9,352.2,340.7,545.3,364.5
124.4,104.8,216.4,206.7,323.6,229.8
99.0,109.7,217.9,215.7,358.5,214.7
98.0,131.0,254.6,257.1,441.0,239.6
50.8,67.9,132.0,133.2,228.5,124.2
85.4,114.2,222.0,224.2,384.5,208.9
85.8,114.6,222.9,225.0,386.0,209.7
57.3,76.5,148.8,150.3,257.7,140.1
115.6,141.6,278.0,278.2,470.6,267.1
145.1,126.0,259.0,248.5,392.0,272.7
132.9,119.4,244.2,235.3,374.4,254.6
115.7,128.8,904.6,253.2,421.4,862.2
72.0,96.2,1132.1,188.8,323.8,1065.3
0.0,0.0,885.8,0.0,0.0,833.5
0.0,0.0,957.5,0.0,0.0,901.0
249.6,0.0,2424.6,0.0,297.9,2027.9
538.0,0.0,2046.9,0.0,960.2,1454.9
653.0,1.5,1876.0,2.9,950.1,1516.4
703.9,30.8,1525.9,61.5,978.7,1699.2
882.6,27.8,1320.7,55.7,1331.1,1382.1
748.4,14.7,1336.9,29.3,1578.2,1292.5
846.4,0.0,1371.4,0.0,1461.0,1321.2
898.9,83.5,914.1,822.1,1366.0,915.5
882.5,435.2,866.1,870.8,1067.6,877.8
894.1,44.0,843.6,859.4,1517.4,841.6
1005.9,4.4,606.6,903.1,1905.1,575.0
338.4,2.9,7.0,591.8,680.5,9.4
0.0,0.0,0.0,0.0,0.0,0.0
0.0,0.0,0.0,0.0,0.0,0.0
0.0,0.0,0.0,0.0,0.0,0.0
0.0,0.0,0.0,0.0,0.0,0.0
0.0,0.0,0.0,0.0,0.0,0.0
0.0,0.0,0.0,0.0,0.0,0.0
0.0,0.0,0.0,0.0,0.0,0.0
0.0,0.0,0.0,0.0,0.0,0.0
0.0,0.0,0.0,0.0,0.0,0.0
0.0,0.0,0.0,0.0,0.0,0.0
0.0,0.0,0.0,0.0,0.0,0.0
0.0,0.0,0.0,0.0,0.0,0.0
0.0,0.0,0.0,0.0,0.0,0.0
0.0,0.0,0.0,0.0,0.0,0.0
0.0,0.0,0.0,0.0,0.0,0.0
0.0,0.0,0.0,0.0,0.0,0.0
0.0,0.0,0.0,0.0,0.0,0.0
0.0,0.0,0.0,0.0,0.0,0.0
0.0,0.0,0.0,0.0,0.0,0.0
0.0,0.0,0.0,0.0,0.0,0.0
0.0,0.0,0.0,0.0,0.0,0.0
0.0,0.0,0.0,0.0,0.0,0.0
0.0,0.0,0.0,0.0,0.0,0.0
0.0,0.0,0.0,0.0,0.0,0.0
0.0,0.0,0.0,0.0,0.0,0.0
0.0,0.0,0.0,0.0,0.0,0.0
0.0,0.0,0.0,0.0,0.0,0.0
0.0,0.0,0.0,0.0,0.0,0.0
0.0,0.0,0.0,0.0,0.0,0.0
0.0,0.0,0.0,0.0,0.0,0.0
0.0,0.0,0.0,0.0,0.0,0.0
0.0,0.0,0.0,0.0,0.0,0.0
0.0,0.0,0.0,0.0,0.0,0.0
0.0,0.0,0.0,0.0,0.0,0.0
70.2,71.6,67.9,61.5,67.9,68.1
69.4,72.5,67.9,61.5,67.9,68.0
67.9,67.9,67.9,67.9,67.9,67.9
67.9,67.9,67.9,67.9,67.9,67.9
227.3,158.5,224.4,224.4,274.8,223.9
234.9,87.4,169.9,171.5,509.9,159.8
235.3,119.6,223.0,223.2,313.3,218.9
377.4,90.2,175.3,177.0,303.5,164.9
387.2,101.8,197.9,199.8,753.7,314.6
451.5,140.7,284.2,277.0,1433.2,597.0
310.8,100.3,207.8,198.0,1281.5,525.8
151.8,144.7,293.4,285.0,1428.6,603.7
102.1,113.9,226.1,223.9,1360.6,531.1
61.2,287.3,390.3,160.7,1263.5,458.5
88.7,610.6,784.1,232.7,1375.7,522.1
64.0,571.9,1255.0,450.4,1260.8,970.0
75.1,585.0,1775.2,873.8,1329.9,1467.3
84.7,607.1,2673.4,891.0,1376.5,2303.7
264.1,568.5,1283.2,1359.2,1235.2,992.1
543.5,630.8,837.1,2004.4,1062.3,482.5
875.5,619.2,818.1,2856.5,417.9,281.1
349.0,604.6,781.3,1473.9,338.5,235.1
126.1,627.5,820.2,924.1,418.4,261.4
71.7,588.0,740.0,870.0,322.9,175.4
75.9,405.0,538.8,883.6,341.7,185.7
80.2,107.1,208.3,886.9,360.7,196.0
62.2,83.1,161.6,580.5,279.8,152.0
88.3,118.0,229.5,231.7,397.4,215.9
75.3,100.6,195.6,197.5,338.7,184.0
85.7,95.1,189.0,187.0,311.1,186.1
158.7,144.2,294.5,284.3,453.4,306.1
136.5,124.2,253.6,244.9,390.7,263.5
137.2,125.1,255.3,246.6,393.7,265.1
91.0,108.7,214.0,213.5,359.7,206.8
69.5,92.9,180.7,182.4,312.9,170.1
84.4,112.8,219.3,221.4,379.8,206.4
72.8,97.3,189.2,191.0,327.6,178.0
67.6,90.3,175.6,177.3,304.0,165.2
91.3,122.0,237.2,239.5,410.7,223.2
68.5,91.6,178.2,179.8,308.5,167.6
119.2,117.2,236.6,230.8,374.7,240.6
147.7,135.9,277.0,267.9,428.5,286.9
134.5,121.6,248.5,239.7,381.8,258.6
129.2,127.4,257.1,250.9,407.6,261.3
71.0,94.9,559.9,186.2,319.4,173.6
69.8,93.2,732.8,183.0,313.9,170.6
89.3,119.3,548.1,234.3,401.8,218.4
63.7,85.1,165.4,167.0,286.5,155.7
144.1,192.7,374.6,378.2,648.7,352.5
118.5,158.4,308.0,310.9,533.3,289.8
578.4,116.4,227.7,957.6,388.8,217.0
928.4,400.2,792.2,1170.4,934.5,774.4
914.0,627.1,509.3,1413.6,1032.0,504.0
605.0,1117.7,233.3,1653.0,1146.7,244.4
571.8,1373.9,248.6,1619.5,948.0,238.1
498.3,997.5,155.4,1307.3,269.1,146.2
884.6,846.0,734.9,972.4,710.4,851.7
833.3,833.3,833.3,833.3,833.3,833.3
493.4,790.8,270.8,809.8,261.7,361.0
458.7,458.7,458.7,458.7,458.7,458.7
0.0,0.0,0.0,0.0,0.0,0.0
0.0,0.0,0.0,0.0,0.0,0.0
0.0,0.0,0.0,0.0,0.0,0.0
0.0,0.0,0.0,0.0,0.0,0.0
0.0,0.0,0.0,0.0,0.0,0.0
0.0,0.0,0.0,0.0,0.0,0.0
0.0,0.0,0.0,0.0,0.0,0.0
0.0,0.0,0.0,0.0,0.0,0.0
0.0,0.0,0.0,0.0,0.0,0.0
0.0,0.0,0.0,0.0,0.0,0.0
0.0,0.0,0.0,0.0,0.0,0.0
0.0,0.0,0.0,0.0,0.0,0.0
0.0,0.0,0.0,0.0,0.0,0.0
0.0,0.0,0.0,0.0,0.0,0.0
0.0,0.0,0.0,0.0,0.0,0.0
0.0,0.0,0.0,0.0,0.0,0.0
0.0,0.0,0.0,0.0,0.0,0.0
0.0,0.0,0.0,0.0,0.0,0.0
0.0,0.0,0.0,0.0,0.0,0.0
0.0,0.0,0.0,0.0,0.0,0.0
0.0,0.0,0.0,0.0,0.0,0.0
0.0,0.0,0.0,0.0,0.0,0.0
0.0,0.0,0.0,0.0,0.0,0.0
0.0,0.0,0.0,0.0,0.0,0.0
0.0,0.0,0.0,0.0,0.0,0.0
0.0,0.0,0.0,0.0,0.0,0.0
0.0,0.0,0.0,0.0,0.0,0.0
0.0,0.0,0.0,0.0,0.0,0.0
0.0,0.0,0.0,0.0,0.0,0.0
0.0,0.0,0.0,0.0,0.0,0.0
0.0,0.0,0.0,0.0,0.0,0.0
0.0,0.0,0.0,0.0,0.0,0.0
0.0,0.0,0.0,0.0,0.0,0.0
0.0,0.0,0.0,0.0,0.0,0.0
0.0,0.0,0.0,0.0,0.0,0.0
0.0,0.0,0.0,0.0,0.0,0.0
111.0,146.4,0.0,92.3,162.4,135.7
62.4,121.8,112.6,97.7,133.1,120.0
108.6,110.4,109.4,92.3,117.5,109.6
107.9,107.9,107.9,107.9,107.9,107.9
248.3,300.6,425.1,340.9,93.4,0.0
234.7,234.7,234.7,234.7,234.7,234.7
238.0,238.1,248.2,210.0,236.8,237.2
234.7,234.7,234.7,234.7,234.7,234.7
369.8,369.8,369.8,369.8,369.8,369.8
139.0,387.9,446.8,479.7,372.1,393.1
88.5,384.3,396.1,462.3,371.6,515.9
52.7,399.0,423.4,607.5,237.2,498.7
90.6,594.3,788.9,1569.3,407.5,629.2
309.0,584.8,806.2,1503.8,1091.8,605.3
366.7,566.4,1648.5,833.2,1254.8,563.4
392.4,601.5,1086.5,908.0,1376.9,2084.8
366.1,565.1,746.1,843.2,1255.5,1967.1
454.8,607.5,854.6,931.2,1396.6,585.3
462.9,630.5,888.6,967.8,1458.1,605.9
414.5,580.7,1419.9,860.0,1269.7,500.5
392.4,606.5,1436.0,890.4,1370.7,512.0
381.5,593.1,744.1,860.1,1324.5,494.5
368.0,570.7,703.3,812.5,1257.9,452.5
402.8,240.1,797.7,911.3,1414.2,533.8
368.9,82.0,708.8,824.6,1260.2,449.3
378.5,96.5,734.8,845.2,1305.2,474.6
410.8,136.1,816.6,925.8,1409.8,558.7
419.7,101.0,334.9,855.2,1255.8,529.0
444.6,137.5,280.0,934.5,1380.2,594.9
445.5,140.4,284.4,945.4,1404.5,595.1
356.3,73.1,142.1,814.9,1211.4,438.9
397.7,133.2,258.9,930.2,1402.4,313.2
368.4,92.4,179.6,852.7,1268.7,169.0
365.2,89.7,174.4,329.0,1256.0,164.1
399.7,131.0,254.8,257.2,1406.5,239.7
364.0,80.2,156.0,157.5,1243.0,146.8
386.6,108.8,211.5,213.5,1342.8,199.0
471.3,155.7,316.8,306.8,1464.9,327.0
424.6,98.1,203.5,193.7,1277.9,217.7
221.3,147.9,299.0,291.3,694.5,304.8
90.5,121.0,235.2,237.4,407.3,221.3
80.8,108.0,210.0,212.0,363.7,197.6
91.0,121.7,236.6,238.9,409.8,222.7
74.1,99.0,192.6,194.4,333.5,181.2
70.4,94.0,182.9,184.6,316.7,172.1
89.2,119.2,231.8,234.0,401.3,218.1
70.4,211.2,177.2,178.3,304.2,1314.8
260.2,719.0,558.1,550.4,910.0,1607.6
66.8,60.1,66.8,55.7,64.6,1239.4
59.8,448.9,59.8,49.8,57.8,2005.7
124.8,1601.6,14.1,255.4,854.3,1275.1
304.0,626.7,415.1,668.8,2201.9,783.4
304.0,575.8,1233.5,668.8,1620.2,597.6
305.2,628.7,1096.2,671.4,544.0,1047.1
301.7,1052.7,268.6,663.6,1362.6,978.6
299.3,846.7,672.9,925.7,1207.9,1047.4
294.6,893.5,0.0,1737.4,0.0,2074.5
360.2,839.4,63.3,809.1,61.2,747.8
52.4,52.4,52.4,52.4,52.4,52.4
0.0,0.0,0.0,0.0,0.0,0.0
0.0,0.0,0.0,0.0,0.0,0.0
0.0,0.0,0.0,0.0,0.0,0.0
0.0,0.0,0.0,0.0,0.0,0.0
0.0,0.0,0.0,0.0,0.0,0.0
0.0,0.0,0.0,0.0,0.0,0.0
0.0,0.0,0.0,0.0,0.0,0.0
0.0,0.0,0.0,0.0,0.0,0.0
0.0,0.0,0.0,0.0,0.0,0.0
0.0,0.0,0.0,0.0,0.0,0.0
0.0,0.0,0.0,0.0,0.0,0.0
0.0,0.0,0.0,0.0,0.0,0.0
0.0,0.0,0.0,0.0,0.0,0.0
0.0,0.0,0.0,0.0,0.0,0.0
0.0,0.0,0.0,0.0,0.0,0.0
0.0,0.0,0.0,0.0,0.0,0.0
0.0,0.0,0.0,0.0,0.0,0.0
0.0,0.0,0.0,0.0,0.0,0.0
0.0,0.0,0.0,0.0,0.0,0.0
0.0,0.0,0.0,0.0,0.0,0.0
0.0,0.0,0.0,0.0,0.0,0.0
0.0,0.0,0.0,0.0,0.0,0.0
0.0,0.0,0.0,0.0,0.0,0.0
0.0,0.0,0.0,0.0,0.0,0.0
0.0,0.0,0.0,0.0,0.0,0.0
0.0,0.0,0.0,0.0,0.0,0.0
0.0,0.0,0.0,0.0,0.0,0.0
0.0,0.0,0.0,0.0,0.0,0.0
0.0,0.0,0.0,0.0,0.0,0.0
0.0,0.0,0.0,0.0,0.0,0.0
0.0,0.0,0.0,0.0,0.0,0.0
0.0,0.0,0.0,0.0,0.0,0.0
0.0,0.0,0.0,0.0,0.0,0.0
0.0,0.0,0.0,0.0,0.0,0.0
0.0,0.0,0.0,0.0,0.0,0.0
0.0,0.0,0.0,0.0,0.0,0.0
0.0,0.0,0.0,0.0,0.0,0.0
219.9,442.0,188.2,186.9,312.4,183.9
189.4,623.1,257.7,247.2,1343.8,271.5
532.7,734.4,877.2,480.4,1801.6,483.0
550.1,499.1,1115.1,551.2,1294.3,841.2
875.6,837.2,2040.0,1502.7,2577.6,1715.3
475.1,717.3,687.6,445.7,764.5,532.1
408.0,1094.5,335.5,257.4,441.4,239.9
238.8,1137.0,841.4,292.7,502.1,272.8
389.6,797.2,784.9,239.9,411.5,223.6
520.5,806.5,1228.6,616.3,863.5,1024.2
486.6,498.1,1195.4,584.0,822.8,1070.7
247.6,188.7,1490.7,372.7,567.7,739.9
168.9,164.2,1127.4,323.4,523.9,475.3
213.6,240.2,476.3,949.2,787.1,512.3
106.0,141.6,275.4,962.4,476.9,565.5
88.0,117.6,228.6,904.8,395.9,519.1
98.5,131.6,255.9,559.1,443.2,543.7
116.2,155.3,302.0,403.4,522.9,589.3
132.1,176.6,343.3,1020.6,1288.3,632.9
1298.4,674.3,1530.2,2010.3,2762.8,2019.6
181.4,151.8,523.9,965.8,1448.7,334.0
439.6,195.3,405.1,1056.9,1036.7,433.7
459.9,159.5,322.2,995.9,652.9,328.0
477.9,211.3,415.5,695.1,1681.1,400.6
1646.9,638.6,1401.9,1266.5,2754.7,1650.2
842.0,309.2,1197.7,610.0,1922.7,680.1
1020.1,313.3,1226.7,3400.3,1993.3,623.5
644.8,180.9,1074.3,2053.6,1600.8,331.0
441.2,143.9,922.2,4423.0,891.8,3395.2
704.2,190.1,372.2,2392.0,633.8,2266.6
703.4,172.4,1741.2,610.9,548.2,5015.7
744.6,524.8,1620.2,2845.9,647.7,3211.0
1769.4,1122.4,4056.9,1286.3,1734.5,2637.1
842.7,782.0,2151.6,585.5,958.8,4033.9
627.4,921.7,1522.3,836.1,4251.1,1385.7
520.8,1642.7,2329.3,565.8,2690.3,527.4
317.3,1296.8,1081.5,526.6,5095.5,490.8
0.0,1786.0,553.6,563.8,2044.0,0.0
0.0,1121.0,551.5,606.5,274.7,201.5
38.7,593.0,592.3,1205.0,2515.4,348.5
70.3,1288.1,626.0,1360.4,68.0,396.6
209.9,716.2,999.9,1103.5,1687.8,752.7
167.5,666.8,905.8,1033.0,1620.0,657.6
117.8,932.4,855.5,965.9,2112.0,599.1
120.4,960.1,888.9,1000.3,2604.6,602.0
175.7,1093.8,1698.7,1131.7,1683.7,735.9
120.1,677.6,869.4,989.1,1532.2,601.2
280.0,374.3,768.5,1411.3,2229.3,993.5
489.9,654.9,944.7,944.6,1066.2,899.6
171.3,186.9,876.8,1046.8,1593.6,673.3
116.9,116.9,116.9,116.9,116.9,116.9
0.0,0.0,0.0,0.0,0.0,0.0
0.0,0.0,0.0,0.0,0.0,0.0
0.0,0.0,0.0,0.0,0.0,0.0
0.0,0.0,0.0,0.0,0.0,0.0
0.0,0.0,0.0,0.0,0.0,0.0
0.0,0.0,0.0,0.0,0.0,0.0
0.0,0.0,0.0,0.0,0.0,0.0
0.0,0.0,0.0,0.0,0.0,0.0
0.0,0.0,0.0,0.0,0.0,0.0
0.0,0.0,0.0,0.0,0.0,0.0
0.0,0.0,0.0,0.0,0.0,0.0
0.0,0.0,0.0,0.0,0.0,0.0
0.0,0.0,0.0,0.0,0.0,0.0
0.0,0.0,0.0,0.0,0.0,0.0
0.0,0.0,0.0,0.0,0.0,0.0
0.0,0.0,0.0,0.0,0.0,0.0
0.0,0.0,0.0,0.0,0.0,0.0
0.0,0.0,0.0,0.0,0.0,0.0
0.0,0.0,0.0,0.0,0.0,0.0
0.0,0.0,0.0,0.0,0.0,0.0
0.0,0.0,0.0,0.0,0.0,0.0
0.0,0.0,0.0,0.0,0.0,0.0
0.0,0.0,0.0,0.0,0.0,0.0
0.0,0.0,0.0,0.0,0.0,0.0
0.0,0.0,0.0,0.0,0.0,0.0
0.0,0.0,0.0,0.0,0.0,0.0
0.0,0.0,0.0,0.0,0.0,0.0
0.0,0.0,0.0,0.0,0.0,0.0
0.0,0.0,0.0,0.0,0.0,0.0
0.0,0.0,0.0,0.0,0.0,0.0
0.0,0.0,0.0,0.0,0.0,0.0
0.0,0.0,0.0,0.0,0.0,0.0
0.0,0.0,0.0,0.0,0.0,0.0
0.0,0.0,0.0,0.0,0.0,0.0
0.0,0.0,0.0,0.0,0.0,0.0
0.0,0.0,0.0,0.0,0.0,0.0
0.0,0.0,0.0,0.0,0.0,0.0
0.0,0.0,0.0,0.0,0.0,0.0
0.0,0.0,0.0,0.0,0.0,0.0
0.0,0.0,0.0,0.0,0.0,0.0
0.0,0.0,0.0,0.0,0.0,0.0
0.0,0.0,0.0,0.0,0.0,0.0
0.0,0.0,0.0,0.0,0.0,0.0
0.0,0.0,0.0,0.0,0.0,0.0
0.0,0.0,0.0,0.0,0.0,0.0
425.8,599.2,606.7,678.9,676.6,596.7
327.7,510.3,601.8,832.7,906.8,404.5
136.9,131.2,265.7,827.9,1950.1,272.1
415.0,155.3,314.1,322.2,2056.9,320.4
656.2,218.7,437.3,430.3,2020.7,436.3
1249.5,1033.8,1350.8,1360.0,4972.4,1279.3
571.1,611.2,440.4,444.6,1720.5,414.4
392.7,1083.9,1383.5,583.1,1000.2,543.5
288.8,590.0,1234.3,599.6,1028.5,2372.1
161.4,717.2,1359.5,419.2,719.0,1831.5
98.9,532.4,1108.9,259.4,444.9,2366.3
211.6,873.0,851.2,555.3,952.5,2434.5
644.7,896.1,817.9,722.1,988.0,1652.1
963.5,715.9,1182.8,1048.5,1416.1,1455.5
282.9,237.6,482.2,458.9,714.0,515.9
140.6,178.2,348.6,350.0,595.5,332.1
109.2,146.0,283.8,286.5,491.5,891.2
170.5,228.0,1106.5,447.5,767.5,1121.0
0.0,0.0,748.1,669.6,0.0,1439.7
0.0,0.0,1530.0,755.2,0.0,520.5
0.0,0.0,553.2,1544.6,0.0,0.0
21.4,7.3,17.6,611.1,17.0,69.4
388.6,214.2,430.6,2297.3,689.1,731.1
290.4,282.1,560.6,1566.2,960.8,888.5
218.8,368.0,464.6,1203.5,2563.5,2752.1
347.8,704.5,563.7,2963.9,1077.9,1758.5
232.0,715.6,1002.8,1703.5,876.8,1519.7
189.5,407.9,1037.7,1155.7,3032.7,3533.9
187.2,188.8,458.4,1026.5,2365.9,1921.2
2633.6,1185.5,2704.9,3028.4,4991.8,4216.1
2478.2,1111.9,2535.1,2886.9,3987.1,3465.4
2249.6,1228.8,1964.1,2398.1,2255.2,2742.3
1665.7,1172.9,1684.6,2249.5,2373.7,2165.5
896.3,723.6,733.9,1390.2,1208.9,968.5
802.1,605.6,547.4,1081.4,2119.9,544.0
493.2,630.1,659.5,660.2,2383.4,633.0
163.2,208.4,407.2,409.2,1889.1,387.3
277.5,277.1,558.1,545.4,2004.0,565.1
7.0,2.9,7.0,5.9,996.9,9.4
312.2,479.5,93.3,192.8,968.0,14.1
253.3,472.4,541.5,682.5,964.6,9.4
49.2,511.3,596.4,707.3,1005.3,65.6
468.6,1067.1,1506.9,895.1,1032.2,107.8
879.6,878.1,1999.8,1302.9,1907.8,651.4
868.6,786.4,1320.9,1111.1,1325.8,857.9
7.0,593.1,951.3,5.9,6.8,9.4
234.6,190.7,309.8,11.7,13.6,18.8
1046.5,1039.0,1046.2,1045.8,1046.1,1047.1
833.3,833.3,833.3,833.3,833.3,833.3
833.3,833.3,833.3,833.3,833.3,833.3
833.3,833.3,833.3,833.3,833.3,833.3
297.8,913.8,616.5,778.7,992.2,618.7
264.2,288.4,574.2,1249.1,940.5,949.7
267.0,288.9,398.6,520.0,422.2,421.6
0.0,0.0,0.0,0.0,0.0,0.0
0.0,0.0,0.0,0.0,0.0,0.0
0.0,0.0,0.0,0.0,0.0,0.0
0.0,0.0,0.0,0.0,0.0,0.0
0.0,0.0,0.0,0.0,0.0,0.0
0.0,0.0,0.0,0.0,0.0,0.0
0.0,0.0,0.0,0.0,0.0,0.0
0.0,0.0,0.0,0.0,0.0,0.0
0.0,0.0,0.0,0.0,0.0,0.0
0.0,0.0,0.0,0.0,0.0,0.0
0.0,0.0,0.0,0.0,0.0,0.0
0.0,0.0,0.0,0.0,0.0,0.0
0.0,0.0,0.0,0.0,0.0,0.0
0.0,0.0,0.0,0.0,0.0,0.0
0.0,0.0,0.0,0.0,0.0,0.0
0.0,0.0,0.0,0.0,0.0,0.0
0.0,0.0,0.0,0.0,0.0,0.0
0.0,0.0,0.0,0.0,0.0,0.0
0.0,0.0,0.0,0.0,0.0,0.0
0.0,0.0,0.0,0.0,0.0,0.0
0.0,0.0,0.0,0.0,0.0,0.0
0.0,0.0,0.0,0.0,0.0,0.0
0.0,0.0,0.0,0.0,0.0,0.0
0.0,0.0,0.0,0.0,0.0,0.0
0.0,0.0,0.0,0.0,0.0,0.0
0.0,0.0,0.0,0.0,0.0,0.0
0.0,0.0,0.0,0.0,0.0,0.0
0.0,0.0,0.0,0.0,0.0,0.0
0.0,0.0,0.0,0.0,0.0,0.0
0.0,0.0,0.0,0.0,0.0,0.0
0.0,0.0,0.0,0.0,0.0,0.0
0.0,0.0,0.0,0.0,0.0,0.0
0.0,0.0,0.0,0.0,0.0,0.0
0.0,0.0,0.0,0.0,0.0,0.0
0.0,0.0,0.0,0.0,0.0,0.0
0.0,0.0,0.0,0.0,0.0,0.0
0.0,0.0,0.0,0.0,0.0,0.0
0.0,0.0,0.0,0.0,0.0,0.0
0.0,0.0,0.0,0.0,0.0,0.0
0.0,0.0,0.0,0.0,0.0,0.0
0.0,0.0,0.0,0.0,0.0,0.0
0.0,0.0,0.0,0.0,0.0,0.0
0.0,0.0,0.0,0.0,0.0,0.0
0.0,0.0,0.0,0.0,0.0,0.0
0.0,0.0,0.0,0.0,0.0,302.8
56.3,23.4,56.3,46.9,54.4,377.9
171.2,167.4,338.2,329.6,3483.2,647.3
114.3,94.6,196.0,186.7,3209.5,510.9
118.6,129.4,257.7,254.6,3321.7,557.7
87.9,117.5,1500.0,230.7,2695.8,517.8
50.9,68.1,1322.8,1417.3,1198.3,124.6
102.8,137.4,1815.3,2809.1,1431.6,251.3
68.4,91.5,1326.7,2670.6,308.0,167.4
358.7,74.6,1410.4,1972.5,251.3,136.6
416.7,152.2,880.6,2239.7,512.5,278.5
889.1,90.8,184.6,1435.4,287.4,190.3
894.0,118.1,242.2,899.0,368.4,254.2
1063.9,816.7,328.5,320.5,520.5,1530.4
826.3,692.0,706.1,157.0,254.7,1284.1
567.8,904.4,755.6,212.5,364.4,1654.8
313.5,1193.8,775.3,232.4,398.6,1297.6
48.9,1200.6,670.1,128.3,2421.9,1310.1
98.0,916.2,799.9,257.2,2502.6,789.9
74.4,582.1,738.6,195.3,3015.8,182.0
62.3,567.8,161.9,163.4,2269.6,152.3
145.3,636.7,304.5,299.4,2683.2,304.5
132.5,112.4,231.9,221.7,1360.1,245.8
136.9,124.8,254.6,245.9,392.5,264.4
125.4,135.2,403.3,266.0,440.0,267.5
59.2,79.1,709.6,155.3,266.4,144.8
84.2,112.6,738.6,221.0,379.1,206.0
83.3,111.3,216.5,218.5,374.8,203.7
59.1,79.0,153.6,318.3,265.9,144.5
91.0,121.6,236.5,917.9,409.5,222.5
78.0,104.2,202.6,839.7,350.8,190.6
112.4,111.4,224.6,219.3,356.7,227.9
155.6,262.1,291.9,282.3,451.7,302.3
139.8,625.9,267.8,259.8,418.0,275.5
187.5,577.7,232.6,228.0,373.1,234.0
382.1,98.0,190.6,192.4,330.0,179.3
362.8,99.0,192.6,194.4,333.5,181.2
84.9,113.5,220.8,222.9,619.8,207.7
68.5,91.5,178.0,179.7,1296.2,167.5
75.8,101.3,197.0,198.9,1265.0,185.4
91.3,122.0,237.2,239.5,410.7,297.4
133.5,136.4,273.9,268.5,439.3,584.4
185.0,185.9,957.7,365.9,1453.8,666.9
397.9,173.4,1255.6,341.4,2111.3,353.5
531.0,135.5,1042.3,266.7,531.3,272.1
721.4,164.6,1023.6,323.0,1537.6,301.1
541.2,0.0,1804.9,0.0,1803.3,0.0
788.4,0.0,2257.2,846.6,965.3,0.0
916.3,0.0,1861.7,1292.5,929.5,0.0
942.9,3.4,2429.8,692.3,919.4,12.2
1033.3,0.0,1415.3,1129.6,872.6,549.2
896.7,277.7,1119.6,1013.5,852.2,840.3
881.7,592.2,1175.4,674.7,857.0,819.1
875.8,537.9,1153.9,910.8,863.1,658.6
833.3,833.3,833.3,833.3,833.3,833.3
723.3,844.3,856.8,851.8,846.3,877.5
520.5,836.7,886.7,984.6,867.8,903.7
618.9,798.4,858.9,904.6,843.6,975.6
533.7,886.8,0.0,1106.6,1072.6,1400.2
0.0,987.6,0.0,1315.8,1456.8,1239.9
0.0,991.2,0.0,1248.2,1510.1,1250.4
28.1,981.3,28.1,1080.8,1743.7,1121.6
0.0,0.0,0.0,0.0,0.0,0.0
0.0,0.0,0.0,0.0,0.0,0.0
0.0,0.0,0.0,0.0,0.0,0.0
0.0,0.0,0.0,0.0,0.0,0.0
0.0,0.0,0.0,0.0,0.0,0.0
0.0,0.0,0.0,0.0,0.0,0.0
0.0,0.0,0.0,0.0,0.0,0.0
0.0,0.0,0.0,0.0,0.0,0.0
0.0,0.0,0.0,0.0,0.0,0.0
0.0,0.0,0.0,0.0,0.0,0.0
0.0,0.0,0.0,0.0,0.0,0.0
0.0,0.0,0.0,0.0,0.0,0.0
0.0,0.0,0.0,0.0,0.0,0.0
0.0,0.0,0.0,0.0,0.0,0.0
0.0,0.0,0.0,0.0,0.0,0.0
0.0,0.0,0.0,0.0,0.0,0.0
0.0,0.0,0.0,0.0,0.0,0.0
0.0,0.0,0.0,0.0,0.0,0.0
0.0,0.0,0.0,0.0,0.0,0.0
0.0,0.0,0.0,0.0,0.0,0.0
0.0,0.0,0.0,0.0,0.0,0.0
0.0,0.0,0.0,0.0,0.0,0.0
0.0,0.0,0.0,0.0,0.0,0.0
0.0,0.0,0.0,0.0,0.0,0.0
0.0,0.0,0.0,0.0,0.0,0.0
0.0,0.0,0.0,0.0,0.0,0.0
0.0,0.0,0.0,0.0,0.0,0.0
0.0,0.0,0.0,0.0,0.0,0.0
0.0,0.0,0.0,0.0,0.0,0.0
0.0,0.0,0.0,0.0,0.0,0.0
0.0,0.0,0.0,0.0,0.0,0.0
0.0,0.0,0.0,0.0,0.0,0.0
357.0,1.5,315.3,2.9,3.4,4.7
340.5,0.0,553.6,0.0,0.0,0.0
457.8,0.0,415.7,0.0,0.0,0.0
348.2,0.0,0.0,0.0,0.0,0.0
450.9,139.4,271.1,273.7,2060.4,255.1
265.3,73.2,142.4,143.8,1779.2,134.0
74.0,99.0,192.5,194.3,2393.7,181.1
156.6,141.4,289.0,278.8,2011.0,1165.5
113.8,90.7,189.1,179.1,1836.3,1036.9
131.1,133.2,1186.4,262.1,1376.0,1389.4
65.5,87.5,1055.2,171.8,294.6,1011.6
64.8,86.6,1358.3,170.0,291.7,1179.4
76.7,379.7,1104.2,201.2,345.1,1010.0
55.7,566.6,1045.8,146.2,250.8,367.2
82.6,480.0,761.9,216.8,371.9,202.1
69.4,92.8,180.4,182.2,866.7,169.8
93.6,96.0,192.6,188.9,1293.5,193.7
142.8,126.2,258.8,248.9,1133.4,271.1
126.3,113.8,232.6,1532.9,357.1,242.4
110.5,587.8,230.9,1797.0,372.9,231.1
62.4,538.6,162.1,1873.0,280.8,152.6
67.6,702.3,175.7,1090.9,304.3,165.3
80.3,572.7,208.6,1120.1,361.2,196.3
58.2,541.1,151.3,705.1,261.9,142.3
129.0,453.8,335.1,338.3,580.3,315.4
183.7,245.6,477.6,482.1,826.9,449.4
236.4,277.2,546.9,544.7,914.8,531.2
273.6,301.0,598.6,591.9,982.8,590.9
193.5,203.6,407.2,400.6,659.4,406.6
171.9,216.8,449.7,425.8,723.9,404.7
92.4,123.5,798.0,242.5,415.9,226.0
51.4,68.8,689.4,135.0,231.5,125.8
94.9,126.8,804.5,249.0,427.1,232.1
68.1,91.0,734.8,178.7,306.5,166.6
73.7,98.5,749.4,193.4,331.8,180.3
139.1,185.9,921.4,364.9,625.9,340.1
131.7,108.1,777.8,213.4,331.8,240.0
151.8,144.7,821.5,285.0,459.6,300.9
141.1,133.6,271.1,263.2,423.7,278.6
65.5,68.7,133.5,165.9,231.2,139.8
418.4,145.0,282.0,966.4,533.5,575.2
365.3,75.7,147.1,827.7,1246.5,447.2
379.8,93.4,181.6,865.1,1302.4,480.8
406.5,151.7,251.1,935.3,1426.5,546.2
410.4,565.6,135.7,1573.0,2520.3,437.6
625.9,646.4,299.2,1750.8,2814.4,598.1
493.6,666.8,345.7,1820.9,2925.8,660.4
505.9,639.7,533.1,2808.8,4665.5,592.7
414.0,652.9,962.1,1033.2,1622.3,315.5
391.1,607.9,263.0,1342.2,2194.2,201.5
387.5,598.9,514.4,1336.9,1966.9,195.5
265.0,758.8,987.6,1145.5,1589.9,253.2
592.6,596.9,555.7,1100.6,1451.2,703.0
595.1,414.7,553.6,1225.0,1325.0,886.6
614.2,582.3,290.6,1025.2,1385.4,1102.3
843.3,843.4,577.5,911.5,942.1,882.2
833.3,839.8,615.4,924.2,909.1,878.2
835.0,736.6,614.8,724.2,1026.5,1063.0
871.2,897.5,597.2,704.3,870.7,1017.2
0.0,0.0,0.0,0.0,0.0,0.0
0.0,0.0,0.0,0.0,0.0,0.0
0.0,0.0,0.0,0.0,0.0,0.0
0.0,0.0,0.0,0.0,0.0,0.0
0.0,0.0,0.0,0.0,0.0,0.0
0.0,0.0,0.0,0.0,0.0,0.0
0.0,0.0,0.0,0.0,0.0,0.0
0.0,0.0,0.0,0.0,0.0,0.0
0.0,0.0,0.0,0.0,0.0,0.0
0.0,0.0,0.0,0.0,0.0,0.0
0.0,0.0,0.0,0.0,0.0,0.0
0.0,0.0,0.0,0.0,0.0,0.0
0.0,0.0,0.0,0.0,0.0,0.0
0.0,0.0,0.0,0.0,0.0,0.0
0.0,0.0,0.0,0.0,0.0,0.0
0.0,0.0,0.0,0.0,0.0,0.0
0.0,0.0,0.0,0.0,0.0,0.0
0.0,0.0,0.0,0.0,0.0,0.0
0.0,0.0,0.0,0.0,0.0,0.0
0.0,0.0,0.0,0.0,0.0,0.0
0.0,0.0,0.0,0.0,0.0,0.0
0.0,0.0,0.0,0.0,0.0,0.0
0.0,0.0,0.0,0.0,0.0,0.0
0.0,0.0,0.0,0.0,0.0,0.0
0.0,0.0,0.0,0.0,0.0,0.0
0.0,0.0,0.0,0.0,0.0,0.0
0.0,0.0,0.0,0.0,0.0,0.0
0.0,0.0,0.0,0.0,0.0,0.0
0.0,0.0,0.0,0.0,0.0,0.0
0.0,0.0,0.0,0.0,0.0,0.0
0.0,0.0,0.0,0.0,0.0,0.0
0.0,0.0,0.0,0.0,0.0,0.0
0.0,0.0,0.0,0.0,0.0,0.0
0.0,0.0,0.0,0.0,0.0,0.0
0.0,0.0,0.0,0.0,0.0,0.0
0.0,0.0,0.0,0.0,0.0,0.0
0.0,0.0,0.0,0.0,0.0,0.0
66.8,485.5,66.8,734.9,64.6,89.1
63.3,513.2,63.3,265.3,61.2,921.8
24.6,976.8,24.6,20.5,23.8,923.6
0.0,700.2,0.0,0.0,0.0,1768.5
0.0,491.4,0.0,0.0,0.0,1281.2
0.0,547.7,0.0,0.0,1358.1,824.3
0.0,236.9,247.6,0.0,443.2,345.6
120.4,217.5,223.4,214.0,273.1,224.9
78.6,342.7,372.9,206.1,611.4,402.4
127.5,134.9,345.5,410.9,585.8,409.5
124.7,102.0,211.6,455.7,755.3,364.9
155.9,150.2,304.1,539.9,520.4,343.6
428.4,95.5,189.7,874.3,863.7,186.8
435.3,94.9,184.6,818.1,931.7,173.7
688.7,111.2,216.2,1044.5,374.4,203.4
580.2,75.2,146.3,863.6,253.3,137.6
697.8,281.1,595.3,764.7,658.9,616.7
515.1,515.1,515.1,515.1,515.1,515.1
607.3,568.0,805.2,302.2,481.0,326.7
517.8,550.5,1003.8,277.3,441.5,299.6
362.7,267.7,1594.1,223.0,351.5,245.0
157.5,152.3,1263.6,299.9,485.1,314.7
115.2,154.0,1400.9,302.3,518.4,281.7
75.6,101.1,905.8,198.5,340.4,185.0
429.9,239.1,1171.0,469.4,805.2,437.5
381.7,99.1,796.1,194.6,333.7,181.4
413.1,142.7,277.5,280.2,480.6,261.1
186.5,198.9,386.8,390.4,669.7,363.9
59.7,79.9,155.3,156.8,268.9,146.1
184.6,178.8,813.4,352.1,569.8,369.3
122.7,102.5,765.5,202.2,315.9,225.6
110.0,111.4,775.4,219.3,358.3,225.9
97.3,130.1,320.8,255.3,438.0,238.0
64.1,85.7,166.6,168.2,288.4,156.7
96.2,128.6,250.1,252.5,433.0,235.3
70.5,495.8,183.3,737.2,1120.6,172.5
57.5,568.9,149.4,827.4,1242.9,140.6
109.1,636.1,283.7,960.4,1471.6,266.9
109.9,165.1,212.4,289.4,453.5,468.8
154.2,144.6,293.9,284.9,457.8,610.3
162.2,158.5,320.2,312.1,506.1,632.5
129.5,143.9,285.9,283.0,470.8,319.1
129.7,173.4,337.1,340.4,583.8,317.2
387.6,518.0,993.3,1001.5,1623.4,942.5
123.9,165.6,322.0,325.1,557.6,303.0
105.2,140.6,273.4,276.0,473.4,257.2
61.9,497.6,161.0,162.5,278.8,151.5
212.4,775.9,551.9,557.2,1785.2,519.3
231.8,760.7,540.7,539.0,2403.8,523.9
211.3,704.2,436.8,428.6,2780.6,438.6
258.6,775.8,571.0,565.3,2267.1,562.1
189.9,982.0,448.6,448.0,2498.3,433.2
164.9,1229.7,428.7,432.7,2340.6,403.3
0.0,1276.1,0.0,0.0,3723.9,0.0
0.0,1482.5,0.0,0.0,3517.5,0.0
573.2,1429.4,573.2,477.7,1182.4,764.2
56.3,1475.3,56.3,1408.8,1001.0,1002.4
56.3,920.7,522.9,1374.3,874.3,1212.2
0.0,0.0,0.0,0.0,0.0,0.0
0.0,0.0,0.0,0.0,0.0,0.0
0.0,0.0,0.0,0.0,0.0,0.0
0.0,0.0,0.0,0.0,0.0,0.0
0.0,0.0,0.0,0.0,0.0,0.0
0.0,0.0,0.0,0.0,0.0,0.0
0.0,0.0,0.0,0.0,0.0,0.0
0.0,0.0,0.0,0.0,0.0,0.0
0.0,0.0,0.0,0.0,0.0,0.0
0.0,0.0,0.0,0.0,0.0,0.0
0.0,0.0,0.0,0.0,0.0,0.0
0.0,0.0,0.0,0.0,0.0,0.0
0.0,0.0,0.0,0.0,0.0,0.0
0.0,0.0,0.0,0.0,0.0,0.0
0.0,0.0,0.0,0.0,0.0,0.0
0.0,0.0,0.0,0.0,0.0,0.0
0.0,0.0,0.0,0.0,0.0,0.0
0.0,0.0,0.0,0.0,0.0,0.0
0.0,0.0,0.0,0.0,0.0,0.0
0.0,0.0,0.0,0.0,0.0,0.0
0.0,0.0,0.0,0.0,0.0,0.0
0.0,0.0,0.0,0.0,0.0,0.0
0.0,0.0,0.0,0.0,0.0,0.0
0.0,0.0,0.0,0.0,0.0,0.0
0.0,0.0,0.0,0.0,0.0,0.0
0.0,0.0,0.0,0.0,0.0,0.0
0.0,0.0,0.0,0.0,0.0,0.0
0.0,0.0,0.0,0.0,0.0,0.0
0.0,0.0,0.0,0.0,0.0,0.0
0.0,0.0,0.0,0.0,0.0,0.0
0.0,0.0,0.0,0.0,0.0,0.0
0.0,0.0,0.0,0.0,0.0,0.0
0.0,0.0,0.0,0.0,0.0,0.0
0.0,0.0,0.0,0.0,0.0,0.0
0.0,0.0,0.0,0.0,0.0,0.0
0.0,0.0,0.0,0.0,0.0,0.0
0.0,0.0,0.0,0.0,0.0,0.0
0.0,0.0,0.0,0.0,0.0,0.0
0.0,611.3,972.1,0.0,0.0,921.4
0.0,447.2,664.4,0.0,0.0,914.7
0.0,503.6,628.5,0.0,0.0,625.2
66.8,527.8,66.8,55.7,64.6,680.5
565.5,565.5,565.5,565.5,565.5,565.5
215.0,215.0,215.0,215.0,215.0,215.0
224.7,94.6,240.8,247.2,303.3,179.1
223.3,113.9,234.0,233.0,277.2,208.4
433.8,66.5,400.2,395.0,621.3,121.6
393.8,104.3,375.7,436.8,536.9,190.9
432.6,100.2,471.4,513.3,337.5,183.4
290.4,66.9,515.3,578.4,225.3,362.1
297.5,124.6,804.8,929.3,408.8,549.6
445.4,116.4,800.2,481.0,359.6,566.1
436.8,111.4,434.3,219.6,347.4,480.3
408.0,105.2,209.9,206.9,341.9,395.9
376.0,86.8,168.7,170.3,292.2,466.3
190.3,101.6,197.6,199.5,342.2,495.8
60.7,81.2,157.8,1359.3,273.3,458.4
65.5,506.1,170.3,1049.7,1132.0,471.3
270.4,606.2,221.9,1212.6,1368.4,323.1
359.2,569.9,140.4,1530.1,1238.6,132.1
447.6,513.4,263.8,1596.1,1172.2,275.8
465.3,555.8,1093.4,2392.8,1842.3,1798.8
226.0,243.9,486.2,487.5,793.5,1237.2
179.3,233.2,454.7,457.8,2150.6,1100.5
161.0,215.2,418.5,422.5,2113.9,1334.8
170.7,725.9,443.7,447.9,2996.5,1425.9
485.5,425.4,471.5,476.0,2573.5,1367.4
472.2,218.5,424.9,1226.9,2030.0,1104.6
273.9,0.0,0.0,809.9,1142.6,634.3
316.2,2.9,7.0,724.5,1297.2,655.0
361.4,30.8,73.8,872.6,1238.8,810.0
320.7,27.8,66.8,810.2,1252.8,700.0
350.0,26.4,853.7,718.9,1370.7,768.1
259.4,0.0,802.3,752.3,1124.3,677.7
264.0,0.0,711.9,680.6,1258.2,651.4
291.0,0.0,803.4,692.7,1247.1,755.2
249.8,0.0,747.4,763.4,1198.8,593.2
279.6,406.5,659.9,655.5,1389.7,0.0
277.1,412.6,1078.2,733.5,1091.6,0.0
280.4,372.0,1237.6,738.8,13.6,18.8
382.6,443.9,1305.1,760.4,1262.9,98.5
305.8,1006.5,825.9,862.9,2021.9,84.4
56.3,1343.2,705.5,683.3,2015.1,75.0
0.0,1363.6,726.6,0.0,1003.0,0.0
448.1,1018.8,1261.9,1143.4,574.4,312.1
608.7,571.8,1287.6,1687.5,737.1,400.5
682.6,571.7,1705.2,906.9,615.5,451.1
624.0,523.8,1544.7,470.4,639.3,651.4
370.5,0.0,99.7,92.3,0.0,304.0
538.0,10.3,24.6,953.9,23.8,335.7
113.4,113.4,113.4,113.4,113.4,113.4
0.0,0.0,0.0,0.0,0.0,0.0
0.0,0.0,0.0,0.0,0.0,0.0
0.0,0.0,0.0,0.0,0.0,0.0
0.0,0.0,0.0,0.0,0.0,0.0
0.0,0.0,0.0,0.0,0.0,0.0
0.0,0.0,0.0,0.0,0.0,0.0
0.0,0.0,0.0,0.0,0.0,0.0
0.0,0.0,0.0,0.0,0.0,0.0
0.0,0.0,0.0,0.0,0.0,0.0
0.0,0.0,0.0,0.0,0.0,0.0
0.0,0.0,0.0,0.0,0.0,0.0
0.0,0.0,0.0,0.0,0.0,0.0
0.0,0.0,0.0,0.0,0.0,0.0
0.0,0.0,0.0,0.0,0.0,0.0
0.0,0.0,0.0,0.0,0.0,0.0
0.0,0.0,0.0,0.0,0.0,0.0
0.0,0.0,0.0,0.0,0.0,0.0
0.0,0.0,0.0,0.0,0.0,0.0
0.0,0.0,0.0,0.0,0.0,0.0
0.0,0.0,0.0,0.0,0.0,0.0
0.0,0.0,0.0,0.0,0.0,0.0
0.0,0.0,0.0,0.0,0.0,0.0
0.0,0.0,0.0,0.0,0.0,0.0
0.0,0.0,0.0,0.0,0.0,0.0
0.0,0.0,0.0,0.0,0.0,0.0
0.0,0.0,0.0,0.0,0.0,0.0
0.0,0.0,0.0,0.0,0.0,0.0
0.0,0.0,0.0,0.0,0.0,0.0
0.0,0.0,0.0,0.0,0.0,0.0
0.0,0.0,0.0,0.0,0.0,0.0
0.0,0.0,0.0,0.0,0.0,0.0
0.0,0.0,0.0,0.0,0.0,0.0
0.0,0.0,0.0,0.0,0.0,0.0
0.0,0.0,0.0,0.0,0.0,0.0
0.0,0.0,0.0,0.0,0.0,0.0
0.0,0.0,0.0,0.0,0.0,0.0
0.0,0.0,0.0,0.0,0.0,0.0
0.0,0.0,0.0,0.0,0.0,0.0
0.0,0.0,0.0,0.0,0.0,0.0
0.0,0.0,0.0,0.0,0.0,0.0
0.0,0.0,0.0,0.0,0.0,0.0
0.0,0.0,0.0,0.0,0.0,0.0
0.0,0.0,0.0,0.0,0.0,0.0
701.3,0.0,0.0,0.0,0.0,0.0
369.0,0.0,0.0,642.9,0.0,0.0
351.8,0.0,537.9,1214.4,0.0,0.0
342.5,474.9,723.0,1395.7,17.0,23.4
422.9,517.6,1453.2,2128.7,68.0,93.8
393.9,512.8,1885.9,2569.3,61.2,376.6
689.5,513.6,1015.2,1691.6,54.4,380.2
604.7,492.1,914.4,1589.3,0.0,304.0
393.6,888.5,1077.4,1746.1,403.3,525.5
375.2,939.3,1095.2,1774.5,309.7,475.9
372.8,1277.3,1028.7,1704.8,293.6,467.1
387.9,1531.2,1095.2,1764.1,361.7,499.4
369.5,1066.8,951.8,1616.7,1231.5,462.4
379.5,1053.1,202.8,852.2,1570.1,496.2
458.6,1049.9,283.6,916.2,2829.2,598.7
420.7,1041.9,205.1,844.0,3462.8,517.2
444.8,1049.0,808.7,925.5,2104.3,587.6
388.7,1038.5,767.9,869.5,2888.9,504.4
348.2,945.2,686.5,202.8,2680.0,929.4
382.0,593.2,784.7,235.4,2963.4,1177.8
368.2,143.7,745.0,193.3,2799.6,1777.2
358.8,84.3,717.4,165.4,2802.7,2164.9
387.4,122.4,783.2,240.3,2744.5,1154.6
91.2,84.0,702.2,165.0,1252.1,1014.1
131.1,123.4,797.9,243.2,1348.9,1052.6
157.2,148.7,846.8,292.8,1444.2,1172.4
118.6,100.3,745.7,197.8,1279.1,1028.0
105.6,118.5,771.7,233.0,1346.0,1064.9
88.7,118.5,760.7,232.7,1353.1,949.4
49.5,66.2,654.7,129.9,1165.5,121.1
89.2,119.3,762.2,234.1,1336.7,218.2
82.1,109.8,745.8,215.5,1312.3,200.9
56.4,75.4,678.9,147.9,1200.2,137.9
98.9,132.2,308.0,259.5,1391.6,241.9
116.8,114.1,230.6,224.7,454.8,234.9
133.2,116.5,239.2,229.8,363.2,251.3
163.4,160.2,323.5,315.4,511.8,329.3
70.6,81.4,160.9,160.0,267.9,156.9
74.9,100.2,194.7,196.6,337.2,183.2
114.4,152.9,297.4,300.2,515.0,279.8
94.3,126.0,245.1,247.4,424.4,230.6
57.8,77.3,150.3,151.7,260.2,141.4
99.5,132.9,258.5,261.0,447.6,243.2
84.6,109.9,214.3,215.7,368.3,203.0
141.1,120.6,248.6,237.9,373.9,1547.4
154.6,148.4,300.6,292.4,472.2,2313.0
132.7,119.1,243.6,234.8,373.4,1222.7
76.7,240.7,193.7,194.9,332.7,914.6
93.7,604.2,243.6,246.0,421.9,2283.0
104.6,615.0,271.9,274.5,470.9,1964.0
169.9,705.9,441.5,462.0,764.5,2017.5
0.0,0.0,0.0,1112.5,0.0,1325.3
10.5,4.4,10.5,1181.0,10.2,1279.1
70.3,29.3,70.3,345.3,68.0,1079.4
66.8,729.9,225.9,2845.2,64.6,1067.6
63.3,969.2,602.0,2384.3,61.2,920.0
59.8,432.6,599.1,574.0,340.6,491.4
0.0,0.0,0.0,0.0,0.0,0.0
0.0,0.0,0.0,0.0,0.0,0.0
0.0,0.0,0.0,0.0,0.0,0.0
0.0,0.0,0.0,0.0,0.0,0.0
0.0,0.0,0.0,0.0,0.0,0.0
0.0,0.0,0.0,0.0,0.0,0.0
0.0,0.0,0.0,0.0,0.0,0.0
0.0,0.0,0.0,0.0,0.0,0.0
0.0,0.0,0.0,0.0,0.0,0.0
0.0,0.0,0.0,0.0,0.0,0.0
0.0,0.0,0.0,0.0,0.0,0.0
0.0,0.0,0.0,0.0,0.0,0.0
0.0,0.0,0.0,0.0,0.0,0.0
0.0,0.0,0.0,0.0,0.0,0.0
0.0,0.0,0.0,0.0,0.0,0.0
0.0,0.0,0.0,0.0,0.0,0.0
0.0,0.0,0.0,0.0,0.0,0.0
0.0,0.0,0.0,0.0,0.0,0.0
0.0,0.0,0.0,0.0,0.0,0.0
0.0,0.0,0.0,0.0,0.0,0.0
0.0,0.0,0.0,0.0,0.0,0.0
0.0,0.0,0.0,0.0,0.0,0.0
0.0,0.0,0.0,0.0,0.0,0.0
0.0,0.0,0.0,0.0,0.0,0.0
0.0,0.0,0.0,0.0,0.0,0.0
0.0,0.0,0.0,0.0,0.0,0.0
0.0,0.0,0.0,0.0,0.0,0.0
0.0,0.0,0.0,0.0,0.0,0.0
0.0,0.0,0.0,0.0,0.0,0.0
0.0,0.0,0.0,0.0,0.0,0.0
0.0,0.0,0.0,0.0,0.0,0.0
0.0,0.0,0.0,0.0,0.0,0.0
0.0,0.0,0.0,0.0,0.0,0.0
0.0,0.0,0.0,0.0,0.0,0.0
0.0,0.0,0.0,0.0,0.0,0.0
0.0,0.0,0.0,0.0,0.0,0.0
0.0,0.0,0.0,0.0,0.0,0.0
0.0,0.0,0.0,0.0,0.0,0.0
0.0,0.0,0.0,0.0,0.0,0.0
415.9,681.1,657.2,562.7,57.8,79.7
31.6,499.6,31.6,1693.1,30.6,42.2
189.3,446.5,431.7,594.5,470.1,435.2
120.1,434.7,312.3,634.7,524.0,428.5
0.0,495.8,0.0,668.8,961.5,300.5
0.0,503.4,0.0,666.2,976.6,305.2
0.0,505.3,0.0,676.6,976.6,305.2
156.0,708.2,1353.8,1091.1,1675.0,2581.6
83.7,596.2,1815.5,892.9,1308.6,1956.8
249.3,637.1,1787.0,988.0,3177.8,1409.4
431.0,1002.1,787.4,916.1,4844.7,558.7
434.5,1155.9,796.5,2561.3,4074.9,1316.7
411.3,743.8,800.5,2008.8,2887.5,1570.1
384.2,105.6,750.4,1817.5,1354.8,2329.9
402.9,132.2,810.7,923.2,1433.1,550.6
413.7,148.2,846.1,469.9,1475.7,576.4
405.3,130.7,820.4,256.5,2768.1,538.4
404.9,127.0,815.4,249.3,3252.5,534.0
423.7,145.8,845.6,286.2,2383.7,348.1
820.2,136.1,825.6,267.5,445.9,265.0
1268.7,177.5,907.8,349.5,566.9,364.9
1076.6,169.6,880.6,333.9,543.5,346.5
779.1,148.1,842.3,291.6,472.5,305.1
521.1,283.6,700.5,556.9,948.7,526.9
432.7,175.2,340.6,343.8,589.8,320.5
186.7,140.9,273.9,276.6,474.4,257.8
102.7,137.3,266.9,269.5,462.2,251.2
167.1,223.3,434.2,438.4,751.9,408.6
1547.1,796.5,1811.1,1584.8,2078.9,2246.4
193.0,193.2,389.0,380.3,619.9,564.5
220.0,242.3,481.9,852.5,791.5,786.6
178.9,174.5,352.6,1027.9,556.7,669.3
332.3,154.3,312.7,985.7,490.4,630.4
724.2,254.5,556.3,1186.4,715.8,777.6
1503.5,573.2,1325.4,1422.2,1445.1,1683.1
495.6,160.9,330.9,317.3,500.3,348.6
192.2,86.8,168.7,170.3,838.9,158.8
151.2,202.1,700.6,396.8,1676.1,369.8
120.8,161.5,873.9,317.0,1535.4,295.4
55.1,73.7,701.1,144.6,1239.8,134.8
95.8,128.1,806.9,251.4,838.5,234.4
174.8,445.6,576.6,339.0,550.6,353.2
174.3,669.3,346.2,337.7,548.4,352.0
160.4,652.1,315.8,307.7,498.4,322.0
141.1,642.3,293.5,288.2,473.3,294.1
110.1,350.8,286.1,288.8,495.4,269.2
94.2,126.0,244.9,247.3,424.1,230.5
102.2,136.5,265.5,268.0,459.8,249.8
95.9,927.6,249.2,321.6,431.5,234.5
66.1,878.5,171.9,847.5,297.6,161.7
88.7,761.0,230.6,904.2,399.4,217.0
97.4,734.0,253.1,553.6,438.2,238.1
199.1,683.7,416.3,409.1,774.3,1879.3
63.3,436.1,63.3,52.7,1041.6,1530.0
63.3,427.9,63.3,1622.0,1037.8,1259.7
42.2,402.9,42.2,1586.1,474.4,1161.1
598.1,408.0,0.0,1261.0,0.0,870.5
622.9,654.7,0.0,1185.3,0.0,749.6
787.0,828.1,0.0,933.9,0.0,734.6
757.0,979.8,0.0,804.3,0.0,705.0
437.9,660.0,0.0,594.9,0.0,572.9
0.0,0.0,0.0,0.0,0.0,0.0
0.0,0.0,0.0,0.0,0.0,0.0
0.0,0.0,0.0,0.0,0.0,0.0
0.0,0.0,0.0,0.0,0.0,0.0
0.0,0.0,0.0,0.0,0.0,0.0
0.0,0.0,0.0,0.0,0.0,0.0
0.0,0.0,0.0,0.0,0.0,0.0
0.0,0.0,0.0,0.0,0.0,0.0
0.0,0.0,0.0,0.0,0.0,0.0
0.0,0.0,0.0,0.0,0.0,0.0
0.0,0.0,0.0,0.0,0.0,0.0
0.0,0.0,0.0,0.0,0.0,0.0
0.0,0.0,0.0,0.0,0.0,0.0
0.0,0.0,0.0,0.0,0.0,0.0
0.0,0.0,0.0,0.0,0.0,0.0
0.0,0.0,0.0,0.0,0.0,0.0
0.0,0.0,0.0,0.0,0.0,0.0
0.0,0.0,0.0,0.0,0.0,0.0
0.0,0.0,0.0,0.0,0.0,0.0
0.0,0.0,0.0,0.0,0.0,0.0
0.0,0.0,0.0,0.0,0.0,0.0
0.0,0.0,0.0,0.0,0.0,0.0
0.0,0.0,0.0,0.0,0.0,0.0
0.0,0.0,0.0,0.0,0.0,0.0
0.0,0.0,0.0,0.0,0.0,0.0
0.0,0.0,0.0,0.0,0.0,0.0
0.0,0.0,0.0,0.0,0.0,0.0
0.0,0.0,0.0,0.0,0.0,0.0
0.0,0.0,0.0,0.0,0.0,0.0
0.0,0.0,0.0,0.0,0.0,0.0
0.0,0.0,0.0,0.0,0.0,0.0
0.0,0.0,0.0,0.0,0.0,0.0
0.0,0.0,0.0,0.0,0.0,0.0
0.0,0.0,0.0,0.0,0.0,0.0
0.0,0.0,0.0,0.0,0.0,0.0
119.7,92.1,193.1,673.2,1485.9,320.6
164.0,161.0,325.1,1001.4,613.4,416.2
128.5,100.9,208.3,654.0,419.3,1556.6
395.7,98.6,194.4,588.0,1419.6,188.4
455.5,194.6,395.4,1045.7,1647.1,356.1
396.1,113.7,783.1,904.9,1378.2,208.0
399.1,120.8,792.7,299.4,1394.7,221.0
415.1,135.9,824.2,266.7,1460.5,248.6
379.8,104.5,758.9,205.1,1317.1,191.2
473.5,218.7,989.4,429.3,1728.0,400.1
543.4,672.4,1861.8,1320.1,2346.7,1240.2
140.4,123.0,1217.3,242.5,383.4,265.2
174.6,175.1,1491.5,361.0,562.1,356.6
131.4,124.9,301.8,1060.0,397.6,258.7
191.8,147.5,324.8,2465.6,496.7,269.9
367.1,199.8,1712.6,489.9,672.7,365.5
79.4,108.1,180.9,258.6,313.2,179.6
129.8,663.0,317.7,2968.9,550.1,611.2
351.1,611.1,224.2,226.3,388.2,520.9
59.2,581.9,153.8,155.3,266.4,455.8
104.1,888.5,271.9,277.2,1483.6,568.2
193.2,1388.0,1297.5,406.2,3182.1,723.3
429.0,724.6,1567.4,416.1,2236.4,726.7
1091.5,546.0,1013.8,52.7,1030.3,394.3
879.0,888.9,38.7,628.4,678.4,79.9
509.0,0.0,0.0,604.2,0.0,549.9
389.8,217.3,422.5,2061.6,731.6,1762.3
431.5,269.0,523.0,1873.4,905.7,1051.5
227.0,231.9,0.0,1109.5,0.0,0.0
0.0,486.4,0.0,0.0,1022.5,0.0
0.0,793.9,0.0,0.0,1036.4,467.8
222.7,1069.7,794.6,533.8,1924.2,1122.4
305.0,1136.5,1227.4,674.2,1587.7,1174.3
259.6,782.7,1124.9,567.8,1917.4,564.4
260.4,783.8,1127.1,569.9,1928.7,566.4
244.1,796.5,1157.7,608.9,2016.7,577.3
161.1,705.5,974.4,422.6,1705.3,393.9
155.9,646.5,960.9,727.9,1689.6,381.3
342.9,1010.5,1061.7,1188.2,1878.7,484.1
463.3,518.7,965.5,1092.0,1689.8,389.6
306.4,0.0,154.8,674.0,980.4,0.0
306.4,0.0,0.0,674.0,275.3,144.9
21.1,270.9,21.1,17.6,20.4,28.1
70.3,513.8,70.3,58.6,68.0,93.8
63.3,346.9,63.3,52.7,61.2,84.4
363.8,24.9,59.8,723.8,57.8,386.1
998.1,998.1,998.1,998.1,998.1,998.1
497.4,926.7,411.4,946.6,397.7,2469.0
335.1,1145.3,98.5,1513.3,95.2,1812.6
143.3,891.2,886.0,1075.4,859.1,1145.0
205.7,929.4,716.3,1022.9,879.3,1246.4
230.6,658.4,922.6,869.8,1622.7,696.0
227.9,469.4,1153.2,904.7,1672.4,30.5
837.4,770.0,850.7,841.9,858.8,841.2
833.3,833.3,833.3,833.3,833.3,833.3
833.3,833.3,833.3,833.3,833.3,833.3
833.3,833.3,833.3,833.3,833.3,833.3
829.9,710.1,858.5,876.1,865.0,860.4
87.9,658.6,1086.7,1199.2,1035.4,932.3
383.1,836.0,908.1,1031.6,959.4,881.9
590.3,840.0,863.8,942.4,899.4,864.1
833.3,833.3,833.3,833.3,833.3,833.3
833.3,834.9,837.0,846.0,858.6,790.1
718.7,851.3,868.7,907.6,1077.2,576.5
656.6,847.7,866.5,885.2,1008.5,728.1
0.0,0.0,0.0,0.0,0.0,0.0
0.0,0.0,0.0,0.0,0.0,0.0
0.0,0.0,0.0,0.0,0.0,0.0
0.0,0.0,0.0,0.0,0.0,0.0
0.0,0.0,0.0,0.0,0.0,0.0
0.0,0.0,0.0,0.0,0.0,0.0
0.0,0.0,0.0,0.0,0.0,0.0
0.0,0.0,0.0,0.0,0.0,0.0
0.0,0.0,0.0,0.0,0.0,0.0
0.0,0.0,0.0,0.0,0.0,0.0
0.0,0.0,0.0,0.0,0.0,0.0
0.0,0.0,0.0,0.0,0.0,0.0
0.0,0.0,0.0,0.0,0.0,0.0
0.0,0.0,0.0,0.0,0.0,0.0
0.0,0.0,0.0,0.0,0.0,0.0
0.0,0.0,0.0,0.0,0.0,0.0
0.0,0.0,0.0,0.0,0.0,0.0
0.0,0.0,0.0,0.0,0.0,0.0
0.0,0.0,0.0,0.0,0.0,0.0
0.0,0.0,0.0,0.0,0.0,0.0
0.0,0.0,0.0,0.0,0.0,0.0
0.0,0.0,0.0,0.0,0.0,0.0
0.0,0.0,0.0,0.0,0.0,0.0
0.0,0.0,0.0,0.0,0.0,0.0
0.0,0.0,0.0,0.0,0.0,0.0
0.0,0.0,0.0,0.0,0.0,0.0
0.0,0.0,0.0,0.0,0.0,0.0
0.0,0.0,0.0,0.0,0.0,0.0
0.0,0.0,0.0,0.0,0.0,0.0
0.0,0.0,0.0,0.0,0.0,0.0
0.0,0.0,0.0,0.0,0.0,0.0
255.4,234.5,468.1,1012.8,719.3,814.5
279.3,26.4,63.3,726.8,61.2,799.8
242.6,8.8,21.1,689.0,20.4,2763.1
363.0,186.6,0.0,671.4,0.0,305.2
316.8,613.2,220.8,876.1,755.6,504.7
61.9,582.4,161.0,823.6,1278.0,452.0
78.4,595.0,203.7,871.9,1352.0,494.5
86.8,604.3,225.5,888.7,1370.8,512.6
47.2,552.4,124.1,161.7,1192.3,135.6
88.7,661.5,230.5,232.7,1375.7,216.9
149.5,1246.7,851.9,266.3,1374.5,287.4
108.7,602.2,1124.9,389.0,1227.2,737.3
161.2,1047.8,920.5,2328.4,1471.0,1211.7
228.3,1291.8,217.0,308.7,1302.3,789.2
366.1,381.9,139.8,504.8,510.9,131.6
414.3,136.3,265.1,2427.4,2503.0,249.4
360.8,72.8,141.5,142.9,344.0,133.2
374.3,92.4,389.7,762.7,679.3,169.1
392.1,116.2,788.0,1180.6,3575.0,212.6
352.8,74.7,815.9,755.0,1885.4,136.7
382.7,109.9,1774.6,215.8,1413.7,201.1
418.8,116.2,832.1,228.7,372.8,236.7
438.3,119.5,976.9,235.7,371.8,258.8
164.7,141.5,1901.5,278.6,448.7,294.9
117.5,102.1,750.8,201.4,317.8,221.0
102.9,121.3,784.3,238.4,400.8,232.0
73.6,98.4,732.2,193.1,331.3,180.0
53.0,70.8,165.3,139.0,238.4,129.6
102.0,136.4,265.2,267.8,459.3,249.6
61.0,81.5,158.4,159.9,274.3,149.1
57.8,77.2,150.1,151.6,260.0,141.3
111.3,148.8,289.2,292.0,500.9,272.2
57.5,70.4,138.1,138.2,233.8,132.7
145.0,125.8,258.7,248.2,391.5,272.4
163.9,160.9,324.8,316.7,514.0,330.5
110.8,89.9,186.8,177.5,275.1,200.6
144.6,138.3,280.3,272.4,439.6,287.2
85.3,107.6,210.5,211.3,359.1,200.8
63.1,84.3,164.0,165.6,284.0,154.3
81.8,109.3,212.6,214.6,368.2,200.1
65.7,87.9,170.9,172.5,295.9,160.8
80.6,107.8,209.6,211.6,363.0,197.2
72.0,96.2,187.0,188.8,323.8,176.0
73.3,98.0,190.6,192.4,330.0,179.3
103.5,128.6,252.0,252.6,428.4,2894.0
129.6,237.2,218.7,207.8,2635.4,3117.9
153.3,1332.0,297.2,288.9,2795.9,2611.5
59.8,1213.4,1202.1,49.8,1409.4,2883.1
28.1,608.0,999.9,204.9,1252.8,1906.3
0.0,517.2,667.5,648.1,972.0,2195.2
0.0,647.7,827.6,645.5,1210.6,1668.7
0.0,1080.8,588.8,246.3,967.0,1177.7
228.5,1225.1,1003.9,0.0,27.5,1241.4
230.1,1009.3,477.5,0.0,236.3,3046.8
133.5,986.1,13.6,0.0,1561.3,2305.6
186.6,1021.9,137.8,17.6,1593.4,2042.8
188.1,929.3,950.7,58.6,1351.4,1521.9
834.7,838.9,841.7,759.0,864.8,860.9
218.6,1013.8,947.2,102.6,1576.8,1141.2
37.9,1130.9,1094.5,29.3,1832.3,875.2
23.3,989.9,1073.9,1029.9,1011.6,871.3
345.7,836.5,1105.4,1005.7,950.9,755.9
632.0,689.7,1507.8,995.7,1174.7,0.0
849.6,717.8,1062.6,917.8,1139.2,313.1
851.4,692.6,1005.3,890.0,1370.7,190.0
833.8,834.1,882.4,915.4,1087.4,446.9
627.2,598.7,945.0,968.2,1289.5,571.4
642.2,570.4,1099.6,1011.3,1158.4,518.2
800.5,606.2,1015.2,1002.2,987.8,579.7
0.0,0.0,0.0,0.0,0.0,0.0
0.0,0.0,0.0,0.0,0.0,0.0
0.0,0.0,0.0,0.0,0.0,0.0
0.0,0.0,0.0,0.0,0.0,0.0
0.0,0.0,0.0,0.0,0.0,0.0
0.0,0.0,0.0,0.0,0.0,0.0
0.0,0.0,0.0,0.0,0.0,0.0
0.0,0.0,0.0,0.0,0.0,0.0
0.0,0.0,0.0,0.0,0.0,0.0
0.0,0.0,0.0,0.0,0.0,0.0
0.0,0.0,0.0,0.0,0.0,0.0
0.0,0.0,0.0,0.0,0.0,0.0
0.0,0.0,0.0,0.0,0.0,0.0
0.0,0.0,0.0,0.0,0.0,0.0
0.0,0.0,0.0,0.0,0.0,0.0
0.0,0.0,0.0,0.0,0.0,0.0
0.0,0.0,0.0,0.0,0.0,0.0
0.0,0.0,0.0,0.0,0.0,0.0
0.0,0.0,0.0,0.0,0.0,0.0
0.0,0.0,0.0,0.0,0.0,0.0
0.0,0.0,0.0,0.0,0.0,0.0
0.0,0.0,0.0,0.0,0.0,0.0
0.0,0.0,0.0,0.0,0.0,0.0
0.0,0.0,0.0,0.0,0.0,0.0
0.0,0.0,0.0,0.0,0.0,0.0
0.0,0.0,0.0,0.0,0.0,0.0
0.0,0.0,0.0,0.0,0.0,0.0
0.0,0.0,0.0,0.0,0.0,308.7
2.7,0.0,0.0,0.0,0.0,307.5
86.6,195.3,77.4,606.5,74.8,409.5
488.0,539.7,600.2,2933.9,61.2,388.4
1149.6,1274.0,2874.8,2297.9,328.8,528.0
611.7,596.7,1610.6,2216.3,268.4,451.0
637.4,654.1,2720.6,2309.3,436.2,570.4
676.8,582.1,1534.3,1647.4,194.6,209.5
961.2,630.3,1115.3,898.5,380.5,2661.0
378.9,1349.2,222.3,846.4,323.1,270.5
355.9,575.2,178.2,804.9,326.9,236.8
406.5,619.0,1494.1,912.4,2648.8,355.1
402.4,845.4,393.6,838.6,1294.1,278.9
449.2,1485.6,803.7,914.9,5379.5,3060.9
447.9,859.0,820.0,264.2,3938.1,385.3
370.8,779.8,691.0,140.2,3674.2,651.5
401.8,835.3,806.9,253.6,6296.4,2723.7
357.9,509.1,696.7,144.5,2795.4,1460.9
58.8,78.5,704.2,154.2,1248.6,1440.2
95.4,127.5,795.1,277.4,1409.7,1525.2
44.1,59.0,651.3,208.0,1171.4,904.6
76.5,102.2,748.1,2382.2,1298.1,187.0
83.0,107.7,755.2,309.2,1337.8,199.1
127.6,102.7,213.7,300.4,1282.6,230.0
149.1,137.8,280.7,374.7,435.0,290.4
124.4,108.1,222.1,299.9,336.3,233.9
73.1,97.7,189.9,2671.7,328.8,178.7
73.1,97.7,190.0,284.1,329.0,178.8
58.4,78.0,151.7,153.1,262.7,142.7
85.1,113.7,221.0,223.2,382.8,208.0
61.8,82.6,160.6,162.1,278.0,151.1
71.6,95.7,186.2,187.9,322.4,175.2
66.8,89.3,173.6,175.2,300.6,163.3
103.2,105.6,212.0,207.9,340.3,213.3
155.6,140.0,286.3,276.0,439.3,298.4
114.1,94.2,195.3,186.0,289.7,208.6
99.6,117.0,230.8,229.9,386.1,224.0
73.5,98.2,191.0,192.8,330.8,179.7
45.9,61.4,119.4,120.5,206.7,112.3
98.7,132.0,256.6,259.1,444.4,241.5
55.7,74.4,144.7,146.1,250.6,136.2
64.4,86.1,167.4,169.0,289.9,157.5
695.1,395.3,878.8,784.9,1077.8,1054.5
523.5,285.6,640.8,567.6,765.4,779.6
349.4,318.1,649.3,627.0,1000.6,674.4
228.6,256.0,487.3,480.2,792.7,530.7
1208.0,1099.6,1215.3,1209.0,1222.8,1257.0
1202.0,1202.0,1202.0,1202.0,1202.0,1202.0
833.3,833.3,833.3,833.3,833.3,833.3
333.2,921.3,573.6,1154.0,836.9,1180.9
170.1,1180.3,430.8,536.8,740.6,1941.4
180.4,1061.0,442.1,648.6,757.4,1910.5
16.3,1508.5,7.0,785.6,153.9,1706.0
340.9,903.2,133.6,768.3,845.6,1336.3
0.0,0.0,0.0,0.0,0.0,0.0
0.0,0.0,0.0,0.0,0.0,0.0
0.0,0.0,0.0,0.0,0.0,0.0
0.0,0.0,0.0,0.0,0.0,0.0
0.0,0.0,0.0,0.0,0.0,0.0
0.0,0.0,0.0,0.0,0.0,0.0
0.0,0.0,0.0,0.0,0.0,0.0
0.0,0.0,0.0,0.0,0.0,0.0
0.0,0.0,0.0,0.0,0.0,0.0
0.0,0.0,0.0,0.0,0.0,0.0
0.0,0.0,0.0,0.0,0.0,0.0
0.0,0.0,0.0,0.0,0.0,0.0
0.0,0.0,0.0,0.0,0.0,0.0
0.0,0.0,0.0,0.0,0.0,0.0
0.0,0.0,0.0,0.0,0.0,0.0
0.0,0.0,0.0,0.0,0.0,0.0
0.0,0.0,0.0,0.0,0.0,0.0
0.0,0.0,0.0,0.0,0.0,0.0
0.0,0.0,0.0,0.0,0.0,0.0
0.0,0.0,0.0,0.0,0.0,0.0
0.0,0.0,0.0,0.0,0.0,0.0
0.0,0.0,0.0,0.0,0.0,0.0
0.0,0.0,0.0,0.0,0.0,0.0
0.0,0.0,0.0,0.0,0.0,0.0
0.0,0.0,0.0,0.0,0.0,0.0
0.0,0.0,0.0,0.0,0.0,0.0
0.0,0.0,0.0,0.0,0.0,0.0
0.0,0.0,0.0,0.0,0.0,0.0
0.0,0.0,0.0,0.0,0.0,0.0
0.0,0.0,0.0,0.0,0.0,0.0
0.0,0.0,0.0,0.0,0.0,0.0
0.0,0.0,0.0,0.0,0.0,0.0
0.0,0.0,0.0,0.0,0.0,0.0
0.0,0.0,0.0,0.0,0.0,0.0
0.0,0.0,0.0,0.0,0.0,0.0
0.0,0.0,0.0,0.0,0.0,0.0
0.0,0.0,0.0,0.0,0.0,0.0
0.0,0.0,0.0,0.0,0.0,0.0
0.0,0.0,0.0,0.0,0.0,0.0
0.0,0.0,0.0,0.0,0.0,0.0
0.0,0.0,0.0,0.0,0.0,0.0
0.0,0.0,0.0,0.0,0.0,0.0
406.9,26.4,63.3,52.7,61.2,657.1
14.1,5.9,14.1,11.7,13.6,735.2
0.0,0.0,0.0,0.0,0.0,840.3
150.8,201.6,392.1,867.6,678.9,368.9
83.2,815.9,216.3,900.2,374.6,203.6
46.4,586.5,120.5,803.5,208.7,113.4
77.8,417.0,202.2,883.3,350.1,190.2
289.6,492.0,1565.5,873.8,338.2,183.8
354.5,518.9,1135.8,798.8,200.8,109.1
473.7,157.5,927.6,2375.2,501.1,326.3
430.8,104.9,977.4,1907.9,325.6,228.1
413.9,90.4,1079.6,1453.9,279.9,197.6
407.3,130.2,253.1,1687.7,438.2,238.1
369.6,79.9,155.3,1732.3,268.9,146.1
392.1,116.1,225.8,907.1,1077.2,426.9
399.6,132.4,257.5,928.8,1437.6,552.2
346.2,59.5,115.7,788.2,1192.0,418.7
379.4,97.6,575.8,559.7,1316.5,487.3
391.1,110.1,771.9,216.1,1354.8,508.9
375.2,415.6,703.4,142.6,3597.6,456.5
463.6,642.9,854.9,1312.5,3222.1,619.1
298.5,612.9,793.2,2064.9,2397.0,555.5
233.3,573.2,720.6,698.0,2526.9,471.6
719.7,909.3,814.3,258.9,2955.9,543.0
676.1,945.5,695.8,147.8,1233.9,444.1
522.1,1000.8,657.4,677.7,1189.7,418.4
470.9,1197.2,952.3,1148.1,1681.7,689.2
460.5,548.6,370.0,1247.1,640.8,348.2
461.3,207.1,402.6,1384.7,697.2,378.9
302.8,0.0,0.0,703.2,0.0,0.0
335.7,532.8,28.1,23.4,987.8,37.5
380.2,1450.1,1384.7,58.6,1328.4,93.8
575.2,1060.7,2405.2,582.8,2468.7,1100.4
296.8,280.9,31.6,26.4,1708.5,727.1
661.1,275.5,661.1,550.9,1845.3,1695.7
717.4,298.9,717.4,597.8,693.5,1868.2
63.3,26.4,63.3,52.7,61.2,739.9
0.0,0.0,1091.4,0.0,0.0,0.0
184.9,247.1,1208.5,485.1,832.1,452.2
77.0,811.8,1065.3,201.9,346.4,188.2
1563.2,2316.3,2801.4,1665.3,4125.9,2135.4
2918.6,2685.6,3408.9,2566.7,6597.1,3399.7
2495.3,2029.4,1745.1,2214.2,3954.5,3409.2
1211.3,922.5,1714.1,1657.9,2212.0,3053.9
939.2,939.2,939.2,939.2,939.2,939.2
178.4,702.8,1189.5,1124.9,1443.6,995.9
141.5,664.0,1356.7,1082.1,1444.9,945.9
117.7,642.9,1466.6,961.2,1697.9,748.9
833.3,833.3,833.3,833.3,833.3,833.3
238.4,766.0,1185.0,916.1,1062.6,831.9
10.5,428.6,2052.4,690.6,1001.9,324.0
7.0,2.9,2838.7,687.6,998.5,319.3
59.8,24.9,311.0,191.1,208.4,172.9
0.0,0.0,0.0,0.0,0.0,0.0
0.0,0.0,0.0,0.0,0.0,0.0
0.0,0.0,0.0,0.0,0.0,0.0
0.0,0.0,0.0,0.0,0.0,0.0
0.0,0.0,0.0,0.0,0.0,0.0
0.0,0.0,0.0,0.0,0.0,0.0
0.0,0.0,0.0,0.0,0.0,0.0
0.0,0.0,0.0,0.0,0.0,0.0
0.0,0.0,0.0,0.0,0.0,0.0
0.0,0.0,0.0,0.0,0.0,0.0
0.0,0.0,0.0,0.0,0.0,0.0
0.0,0.0,0.0,0.0,0.0,0.0
0.0,0.0,0.0,0.0,0.0,0.0
0.0,0.0,0.0,0.0,0.0,0.0
0.0,0.0,0.0,0.0,0.0,0.0
0.0,0.0,0.0,0.0,0.0,0.0
0.0,0.0,0.0,0.0,0.0,0.0
0.0,0.0,0.0,0.0,0.0,0.0
0.0,0.0,0.0,0.0,0.0,0.0
0.0,0.0,0.0,0.0,0.0,0.0
0.0,0.0,0.0,0.0,0.0,0.0
0.0,0.0,0.0,0.0,0.0,0.0
0.0,0.0,0.0,0.0,0.0,0.0
0.0,0.0,0.0,0.0,0.0,0.0
0.0,0.0,0.0,0.0,0.0,0.0
0.0,0.0,0.0,0.0,0.0,0.0
0.0,0.0,0.0,0.0,0.0,0.0
0.0,0.0,0.0,0.0,0.0,0.0
0.0,0.0,0.0,0.0,0.0,0.0
0.0,0.0,0.0,0.0,0.0,0.0
0.0,0.0,0.0,0.0,0.0,0.0
0.0,0.0,0.0,0.0,0.0,0.0
0.0,0.0,0.0,0.0,0.0,0.0
0.0,0.0,0.0,0.0,0.0,0.0
0.0,0.0,0.0,0.0,0.0,0.0
0.0,0.0,0.0,0.0,0.0,0.0
0.0,0.0,0.0,0.0,0.0,0.0
0.0,0.0,0.0,0.0,0.0,0.0
0.0,0.0,0.0,0.0,0.0,0.0
0.0,0.0,0.0,0.0,0.0,0.0
0.0,0.0,0.0,0.0,0.0,0.0
0.0,0.0,0.0,0.0,0.0,0.0
0.0,0.0,0.0,0.0,0.0,0.0
133.0,0.0,0.0,0.0,0.0,0.0
121.6,0.0,0.0,0.0,0.0,0.0
10.3,0.0,0.0,0.0,0.0,0.0
9.8,0.0,0.0,0.0,0.0,0.0
33.3,10.3,24.6,96.5,1968.3,32.8
251.8,261.7,522.1,1844.3,4435.7,518.9
432.1,152.3,308.1,1515.4,2269.6,314.7
170.4,185.7,407.8,468.4,4352.7,655.3
47.8,63.9,789.0,223.1,4119.7,1916.7
50.4,67.4,738.9,219.2,2403.0,1793.7
100.3,134.1,312.3,1472.9,1553.5,674.8
45.4,60.7,166.9,4955.3,1280.3,529.7
66.0,88.2,214.8,1168.6,1354.2,565.4
89.1,119.0,269.5,1701.6,4161.4,609.7
478.3,85.6,1493.2,1781.8,1188.6,3508.6
892.1,853.0,219.9,1527.9,1359.0,523.7
525.3,996.6,633.6,946.4,1395.8,1643.9
700.9,1181.0,1850.9,850.4,1244.8,2449.5
793.3,1719.8,2859.9,915.7,1374.4,1472.8
615.7,1119.0,1726.8,852.1,1278.4,1420.3
357.2,1091.8,1679.4,788.9,1154.8,1330.7
398.3,1973.2,1766.5,916.8,1379.7,1123.3
370.5,903.3,1354.7,847.4,1261.3,460.7
354.3,559.9,676.0,799.7,1192.3,422.4
396.5,614.5,792.2,905.4,1374.9,523.3
369.6,570.0,711.0,825.6,732.7,291.0
428.7,588.5,762.0,859.9,316.2,223.0
458.8,632.0,842.3,958.1,462.5,302.5
422.2,578.6,753.2,865.6,308.3,218.7
411.3,622.0,800.8,934.1,445.7,250.7
392.2,610.6,790.8,910.0,418.2,227.2
357.5,558.2,683.1,456.0,235.2,127.8
371.0,574.0,723.3,175.7,301.3,163.7
392.3,348.3,771.4,228.5,391.9,213.0
355.6,70.6,398.1,138.6,237.7,129.2
210.4,87.5,170.1,171.8,294.6,160.1
85.4,114.1,221.9,224.0,384.3,208.8
132.4,112.2,231.6,221.4,347.3,245.5
128.5,110.3,227.1,217.5,342.1,239.9
145.5,139.5,282.7,274.8,443.8,289.5
73.5,88.6,174.3,174.1,293.7,168.1
56.5,75.5,146.8,148.2,254.3,138.2
84.7,113.2,220.0,222.1,381.0,207.1
78.3,104.7,203.6,205.5,352.6,191.6
46.4,62.0,120.5,121.7,208.7,171.2
86.0,115.0,1595.5,1610.7,387.2,522.7
79.2,105.9,1486.0,1500.1,356.5,497.7
52.8,70.5,1223.8,1235.4,237.4,435.4
151.5,144.2,1819.9,1827.0,458.1,599.4
146.7,134.7,1851.4,1857.8,424.3,585.0
129.4,114.7,1813.4,1819.5,358.5,548.8
98.5,125.1,1320.5,1285.1,1631.5,539.3
109.9,146.9,1246.2,1112.1,1296.3,1088.5
0.0,92.4,1316.2,1080.5,1377.5,1133.4
0.0,499.6,1040.5,923.7,1595.0,941.2
0.0,486.4,997.5,883.8,1520.0,1112.4
0.0,490.2,1019.9,897.7,1497.1,1095.1
0.0,911.0,907.6,630.2,1504.7,1046.5
527.9,850.9,876.4,845.3,1005.4,894.2
552.3,909.8,615.5,49.8,1673.6,1199.0
484.9,1054.1,622.5,55.7,1612.7,1118.3
0.0,0.0,0.0,0.0,0.0,0.0
0.0,0.0,0.0,0.0,0.0,0.0
0.0,0.0,0.0,0.0,0.0,0.0
0.0,0.0,0.0,0.0,0.0,0.0
0.0,0.0,0.0,0.0,0.0,0.0
0.0,0.0,0.0,0.0,0.0,0.0
0.0,0.0,0.0,0.0,0.0,0.0
0.0,0.0,0.0,0.0,0.0,0.0
0.0,0.0,0.0,0.0,0.0,0.0
0.0,0.0,0.0,0.0,0.0,0.0
0.0,0.0,0.0,0.0,0.0,0.0
0.0,0.0,0.0,0.0,0.0,0.0
0.0,0.0,0.0,0.0,0.0,0.0
0.0,0.0,0.0,0.0,0.0,0.0
0.0,0.0,0.0,0.0,0.0,0.0
0.0,0.0,0.0,0.0,0.0,0.0
0.0,0.0,0.0,0.0,0.0,0.0
0.0,0.0,0.0,0.0,0.0,0.0
0.0,0.0,0.0,0.0,0.0,0.0
0.0,0.0,0.0,0.0,0.0,0.0
0.0,0.0,0.0,0.0,0.0,0.0
0.0,0.0,0.0,0.0,0.0,0.0
0.0,0.0,0.0,0.0,0.0,0.0
0.0,0.0,0.0,0.0,0.0,0.0
0.0,0.0,0.0,0.0,0.0,0.0
0.0,0.0,0.0,0.0,0.0,0.0
0.0,0.0,0.0,0.0,0.0,0.0
0.0,0.0,0.0,0.0,0.0,0.0
0.0,0.0,0.0,0.0,0.0,0.0
0.0,0.0,0.0,0.0,0.0,0.0
0.0,0.0,0.0,0.0,0.0,0.0
0.0,0.0,0.0,0.0,0.0,0.0
0.0,0.0,0.0,0.0,0.0,0.0
0.0,0.0,0.0,0.0,0.0,0.0
0.0,0.0,0.0,0.0,0.0,0.0
296.7,0.0,0.0,0.0,1617.2,878.8
552.9,0.0,458.1,571.3,934.6,615.4
444.0,396.6,497.7,568.2,556.5,508.5
359.3,553.4,502.8,683.7,562.4,309.9
510.3,724.7,800.5,1872.1,1411.3,545.5
292.2,555.7,695.9,1895.3,1230.4,440.7
68.2,1049.2,726.6,1469.2,1283.6,472.0
92.9,935.2,1570.3,915.1,1409.6,532.3
382.0,590.8,2531.6,884.1,1281.8,539.5
446.1,608.4,1951.8,910.4,1358.6,565.6
391.8,584.6,1678.8,855.6,1299.2,491.1
364.9,571.3,1781.7,839.6,1256.1,459.4
383.7,600.9,1366.5,877.5,1330.2,497.3
357.1,553.9,680.1,807.7,1202.8,432.2
375.0,571.5,716.4,837.0,1265.7,462.0
385.9,603.1,763.1,886.8,1346.7,507.2
346.4,546.5,660.5,783.1,1168.9,410.6
386.2,593.5,439.9,875.2,772.6,496.4
436.9,608.8,252.3,532.5,393.8,390.3
420.3,578.8,192.3,182.4,282.0,207.2
454.5,630.9,292.9,284.6,458.8,300.5
396.4,580.8,189.5,185.7,303.9,190.7
356.4,279.3,136.1,137.4,235.7,128.1
400.2,128.5,249.9,252.3,432.8,235.2
180.5,66.4,129.1,130.3,223.6,121.5
67.2,89.8,174.6,176.2,302.3,164.3
87.2,116.5,226.6,228.8,392.4,213.2
45.1,60.2,117.1,118.2,202.8,110.2
82.1,109.8,213.5,215.5,369.6,200.9
73.4,98.2,190.9,192.7,330.5,179.6
120.2,92.8,194.4,183.2,280.1,211.9
164.1,157.9,319.7,311.0,502.6,327.1
119.9,105.3,216.1,207.6,328.4,226.8
56.1,68.5,134.6,134.6,227.6,129.4
107.6,143.8,279.5,282.2,484.0,263.0
45.4,60.7,118.0,119.1,204.3,111.0
61.7,82.4,160.3,161.8,277.5,150.8
95.3,127.4,247.6,250.0,428.8,233.0
44.7,59.7,116.1,117.2,201.0,109.2
72.7,97.1,188.9,190.7,327.1,177.7
82.9,110.8,215.5,217.5,373.1,202.7
89.7,81.1,165.7,159.9,254.7,172.5
154.4,141.7,288.9,279.3,446.5,299.5
137.1,125.1,255.2,246.5,393.4,264.9
93.4,92.5,186.6,182.2,296.2,366.1
705.0,104.4,203.0,461.6,351.6,3787.0
583.0,926.7,1801.8,840.5,298.8,2762.1
514.2,788.6,2404.5,869.3,330.5,2359.5
832.3,836.1,851.3,836.5,792.3,851.6
833.3,833.3,833.3,833.3,833.3,833.3
833.3,833.3,833.3,833.3,833.3,833.3
873.5,743.1,1123.0,918.0,1173.6,168.8
854.6,885.1,897.7,884.7,920.0,557.9
833.3,833.3,833.3,833.3,833.3,833.3
833.3,833.3,833.3,833.3,833.3,833.3
833.3,833.3,833.3,833.3,833.3,833.3
708.0,640.5,877.4,995.1,1225.8,553.3
59.8,24.9,59.8,2500.5,2275.3,79.7
10.5,4.4,253.1,560.3,879.0,87.3
0.0,0.0,0.0,0.0,0.0,0.0
0.0,0.0,0.0,0.0,0.0,0.0
0.0,0.0,0.0,0.0,0.0,0.0
0.0,0.0,0.0,0.0,0.0,0.0
0.0,0.0,0.0,0.0,0.0,0.0
0.0,0.0,0.0,0.0,0.0,0.0
0.0,0.0,0.0,0.0,0.0,0.0
0.0,0.0,0.0,0.0,0.0,0.0
0.0,0.0,0.0,0.0,0.0,0.0
0.0,0.0,0.0,0.0,0.0,0.0
0.0,0.0,0.0,0.0,0.0,0.0
0.0,0.0,0.0,0.0,0.0,0.0
0.0,0.0,0.0,0.0,0.0,0.0
0.0,0.0,0.0,0.0,0.0,0.0
0.0,0.0,0.0,0.0,0.0,0.0
0.0,0.0,0.0,0.0,0.0,0.0
0.0,0.0,0.0,0.0,0.0,0.0
0.0,0.0,0.0,0.0,0.0,0.0
0.0,0.0,0.0,0.0,0.0,0.0
0.0,0.0,0.0,0.0,0.0,0.0
0.0,0.0,0.0,0.0,0.0,0.0
0.0,0.0,0.0,0.0,0.0,0.0
0.0,0.0,0.0,0.0,0.0,0.0
0.0,0.0,0.0,0.0,0.0,0.0
0.0,0.0,0.0,0.0,0.0,0.0
0.0,0.0,0.0,0.0,0.0,0.0
0.0,0.0,0.0,0.0,0.0,0.0
0.0,0.0,0.0,0.0,0.0,0.0
0.0,0.0,0.0,0.0,0.0,0.0
0.0,0.0,0.0,0.0,0.0,0.0
0.0,0.0,0.0,0.0,0.0,0.0
0.0,0.0,0.0,0.0,0.0,0.0
0.0,0.0,0.0,0.0,0.0,0.0
0.0,0.0,0.0,0.0,0.0,0.0
0.0,0.0,0.0,0.0,0.0,0.0
0.0,0.0,0.0,0.0,0.0,0.0
0.0,0.0,0.0,0.0,0.0,0.0
325.0,350.8,462.8,177.3,299.7,165.2
297.5,298.8,300.1,296.9,298.2,289.1
299.8,299.0,300.3,299.7,307.5,274.4
296.8,296.8,296.8,296.8,296.8,296.8
98.5,98.5,98.5,98.5,98.5,98.5
98.5,98.5,98.5,98.5,98.5,98.5
98.5,98.5,98.5,98.5,98.5,98.5
98.5,98.5,98.5,98.5,98.5,98.5
393.6,1038.5,770.7,1350.1,350.3,921.3
400.8,916.2,793.0,1373.3,403.6,219.3
394.1,1001.9,1151.7,877.0,352.6,191.6
258.5,609.8,1079.3,879.3,352.1,191.3
94.3,414.6,245.2,913.8,424.6,230.7
84.0,99.4,195.9,866.7,328.5,189.9
156.0,140.6,287.3,953.6,441.0,513.8
160.2,152.6,309.4,987.6,484.7,617.9
203.3,213.4,817.3,1104.3,691.0,731.8
10.5,4.4,10.5,703.5,696.5,320.4
0.0,0.0,0.0,684.4,961.5,513.8
323.5,46.9,112.5,788.5,1085.4,761.6
1148.3,455.7,1024.3,1302.4,2197.3,1773.8
400.8,165.0,337.6,325.3,1486.3,664.4
127.6,170.5,331.6,334.7,1550.8,623.1
126.4,169.0,328.6,331.7,1553.1,625.0
234.9,270.5,533.2,531.5,1893.0,828.0
444.2,225.9,452.5,444.4,1725.2,769.2
166.1,144.5,293.7,284.7,1468.1,482.9
301.8,350.7,687.5,652.8,1090.4,643.7
415.5,882.1,1482.3,341.0,557.2,351.1
151.6,164.3,318.6,250.2,399.9,268.4
493.3,231.7,994.3,455.5,2612.0,703.8
448.4,902.7,2046.7,2539.9,2412.4,590.0
494.5,238.8,1011.0,509.1,2194.4,701.7
499.2,201.3,960.0,1157.4,1645.0,710.4
142.2,105.2,256.2,3318.5,399.8,249.0
216.0,664.3,434.6,1159.2,710.1,405.4
456.0,621.4,841.1,955.0,1436.5,599.1
466.9,633.7,864.5,335.5,1477.7,617.1
501.1,691.7,956.4,471.0,1636.4,705.9
431.0,152.3,786.5,913.9,1344.2,550.4
470.6,225.1,881.7,1018.1,1506.7,706.9
473.7,664.9,889.9,945.4,1082.1,1475.4
454.9,649.1,840.8,932.2,1918.8,735.6
188.9,686.5,391.6,1040.6,756.9,492.3
203.2,704.9,432.5,1102.7,802.1,3183.8
192.2,694.0,403.9,944.3,2023.7,550.1
287.3,287.3,287.3,287.3,287.3,287.3
287.3,287.3,287.3,287.3,287.3,287.3
0.0,0.0,0.0,0.0,0.0,0.0
0.0,0.0,0.0,0.0,0.0,0.0
0.0,0.0,0.0,0.0,0.0,0.0
0.0,0.0,0.0,0.0,0.0,0.0
0.0,0.0,0.0,0.0,0.0,0.0
0.0,0.0,0.0,0.0,0.0,0.0
0.0,0.0,0.0,0.0,0.0,0.0
0.0,0.0,0.0,0.0,0.0,0.0
0.0,0.0,0.0,0.0,0.0,0.0
0.0,0.0,0.0,0.0,0.0,0.0
0.0,0.0,0.0,0.0,0.0,0.0
0.0,0.0,0.0,0.0,0.0,0.0
0.0,0.0,0.0,0.0,0.0,0.0
0.0,0.0,0.0,0.0,0.0,0.0
0.0,0.0,0.0,0.0,0.0,0.0
0.0,0.0,0.0,0.0,0.0,0.0
0.0,0.0,0.0,0.0,0.0,0.0
0.0,0.0,0.0,0.0,0.0,0.0
0.0,0.0,0.0,0.0,0.0,0.0
0.0,0.0,0.0,0.0,0.0,0.0
0.0,0.0,0.0,0.0,0.0,0.0
0.0,0.0,0.0,0.0,0.0,0.0
0.0,0.0,0.0,0.0,0.0,0.0
0.0,0.0,0.0,0.0,0.0,0.0
0.0,0.0,0.0,0.0,0.0,0.0
0.0,0.0,0.0,0.0,0.0,0.0
0.0,0.0,0.0,0.0,0.0,0.0
0.0,0.0,0.0,0.0,0.0,0.0
0.0,0.0,0.0,0.0,0.0,0.0
0.0,0.0,0.0,0.0,0.0,0.0
0.0,0.0,0.0,0.0,0.0,0.0
0.0,0.0,0.0,0.0,0.0,0.0
0.0,0.0,0.0,0.0,0.0,0.0
0.0,0.0,0.0,0.0,0.0,0.0
0.0,0.0,0.0,0.0,0.0,0.0
0.0,0.0,0.0,0.0,0.0,0.0
0.0,0.0,0.0,0.0,0.0,0.0
0.0,0.0,0.0,0.0,0.0,0.0
0.0,0.0,0.0,0.0,0.0,0.0
0.0,0.0,0.0,0.0,0.0,0.0
0.0,0.0,0.0,0.0,0.0,0.0
0.0,0.0,0.0,0.0,0.0,0.0
0.0,0.0,0.0,0.0,0.0,0.0
0.0,0.0,0.0,0.0,0.0,0.0
0.0,0.0,0.0,0.0,0.0,0.0
0.0,0.0,0.0,0.0,0.0,0.0
0.0,0.0,0.0,0.0,0.0,0.0
0.0,0.0,0.0,0.0,0.0,0.0
69.3,69.3,69.3,69.3,69.3,69.3
69.3,69.3,69.3,69.3,69.3,69.3
69.3,69.3,69.3,69.3,69.3,69.3
69.3,69.3,69.3,69.3,69.3,69.3
68.7,23.4,329.8,46.9,522.8,75.0
56.3,23.4,545.3,46.9,319.8,75.0
56.3,189.9,241.7,46.9,456.9,75.0
177.8,177.8,177.8,177.8,177.8,177.8
213.0,318.8,355.2,311.1,322.5,311.1
272.5,305.4,312.4,311.2,319.1,311.0
279.0,305.4,310.9,310.0,316.3,309.9
305.3,305.3,305.3,305.3,305.3,305.3
249.5,191.2,444.4,646.7,514.8,428.5
189.9,473.8,353.0,667.7,424.0,366.6
127.3,816.3,235.2,689.9,361.6,244.8
326.2,484.6,344.5,433.4,540.2,346.2
497.2,272.7,491.6,574.5,606.4,499.9
490.4,490.4,490.4,490.4,490.4,490.4
137.1,96.1,137.1,114.3,132.6,992.3
59.8,24.9,59.8,610.7,57.8,726.7
59.8,24.9,59.8,631.2,57.8,79.7
248.0,598.3,554.5,1244.1,917.2,543.9
285.2,818.3,645.7,641.3,1072.4,631.0
321.9,872.9,740.9,737.5,1237.3,720.6
154.4,650.4,311.2,304.2,495.8,314.9
176.5,680.5,363.0,356.0,582.9,365.1
304.6,849.9,696.2,692.3,1159.8,678.5
156.9,656.2,312.1,304.6,494.8,317.2
189.8,692.7,397.8,391.0,643.1,397.8
191.5,700.1,407.9,401.8,663.2,405.8
158.3,162.2,674.2,308.2,501.0,320.5
161.7,161.1,878.2,317.1,516.3,328.9
154.8,155.2,872.4,305.5,498.1,316.1
140.0,132.1,826.1,806.3,418.8,275.9
352.6,352.6,352.6,352.6,352.6,352.6
325.8,325.8,325.8,325.8,325.8,325.8
198.0,198.0,198.0,198.0,198.0,198.0
198.0,198.0,198.0,198.0,198.0,198.0
198.0,198.0,198.0,198.0,198.0,198.0
173.2,201.8,200.3,200.2,212.4,200.3
195.3,209.3,417.7,411.8,1664.4,415.1
56.3,23.4,56.3,46.9,1049.9,584.0
255.4,23.4,56.3,485.0,1982.7,627.0
367.3,24.9,600.7,726.4,2072.9,791.2
367.3,23.4,642.9,731.3,1992.7,912.4
518.2,226.7,902.6,958.7,1635.8,758.0
561.1,280.8,965.3,1020.3,1328.9,843.7
304.3,23.4,56.3,46.9,54.4,1307.2
260.8,315.2,42.2,504.4,40.8,374.1
0.0,0.0,0.0,0.0,0.0,0.0
0.0,0.0,0.0,0.0,0.0,0.0
0.0,0.0,0.0,0.0,0.0,0.0
0.0,0.0,0.0,0.0,0.0,0.0
0.0,0.0,0.0,0.0,0.0,0.0
0.0,0.0,0.0,0.0,0.0,0.0
0.0,0.0,0.0,0.0,0.0,0.0
0.0,0.0,0.0,0.0,0.0,0.0
0.0,0.0,0.0,0.0,0.0,0.0
0.0,0.0,0.0,0.0,0.0,0.0
0.0,0.0,0.0,0.0,0.0,0.0
0.0,0.0,0.0,0.0,0.0,0.0
0.0,0.0,0.0,0.0,0.0,0.0
0.0,0.0,0.0,0.0,0.0,0.0
0.0,0.0,0.0,0.0,0.0,0.0
0.0,0.0,0.0,0.0,0.0,0.0
0.0,0.0,0.0,0.0,0.0,0.0
0.0,0.0,0.0,0.0,0.0,0.0
0.0,0.0,0.0,0.0,0.0,0.0
0.0,0.0,0.0,0.0,0.0,0.0
0.0,0.0,0.0,0.0,0.0,0.0
0.0,0.0,0.0,0.0,0.0,0.0
0.0,0.0,0.0,0.0,0.0,0.0
0.0,0.0,0.0,0.0,0.0,0.0
0.0,0.0,0.0,0.0,0.0,0.0
0.0,0.0,0.0,0.0,0.0,0.0
0.0,0.0,0.0,0.0,0.0,0.0
0.0,0.0,0.0,0.0,0.0,0.0
0.0,0.0,0.0,0.0,0.0,0.0
0.0,0.0,0.0,0.0,0.0,0.0
0.0,0.0,0.0,0.0,0.0,0.0
0.0,0.0,0.0,0.0,0.0,0.0
0.0,0.0,0.0,0.0,0.0,0.0
0.0,0.0,0.0,0.0,0.0,0.0
0.0,0.0,0.0,0.0,0.0,0.0
0.0,0.0,0.0,0.0,0.0,0.0
0.0,0.0,0.0,0.0,0.0,0.0
0.0,0.0,0.0,0.0,0.0,0.0
0.0,0.0,0.0,0.0,0.0,0.0
0.0,0.0,0.0,0.0,0.0,0.0
0.0,0.0,0.0,0.0,0.0,0.0
0.0,0.0,0.0,0.0,0.0,0.0
0.0,0.0,0.0,0.0,0.0,0.0
0.0,0.0,0.0,0.0,0.0,0.0
0.0,0.0,0.0,0.0,0.0,0.0
0.0,0.0,0.0,0.0,0.0,0.0
0.0,0.0,0.0,0.0,0.0,0.0
59.8,24.9,83.2,74.7,94.0,81.2
69.6,69.6,69.6,69.6,69.6,69.6
69.6,69.6,69.6,69.6,69.6,69.6
69.6,69.6,69.6,69.6,69.6,69.6
177.6,177.6,177.6,177.6,177.6,177.6
177.6,177.6,177.6,177.6,177.6,177.6
177.6,177.6,177.6,177.6,177.6,177.6
182.9,112.6,190.2,192.7,201.9,185.3
424.2,107.3,767.1,888.1,1307.9,535.6
434.5,121.1,793.4,907.4,1367.3,560.1
423.5,109.5,777.1,2444.1,1316.9,535.3
432.8,117.2,786.4,1448.3,1318.7,553.7
1029.1,115.1,768.9,1129.0,362.9,545.5
885.6,132.7,206.4,1128.3,314.4,520.3
787.5,626.8,272.7,1531.7,429.2,582.7
773.9,591.5,223.1,1019.9,340.5,540.9
598.7,584.2,211.8,203.9,323.8,525.4
441.5,612.7,259.9,252.4,407.0,563.5
120.6,597.7,223.4,215.6,343.8,232.3
120.7,599.7,223.7,215.9,344.3,232.6
125.4,600.3,235.8,228.2,365.4,244.0
123.2,597.9,224.5,216.1,607.0,234.7
215.8,610.9,256.4,249.0,1392.7,263.4
426.6,590.7,213.4,205.5,1310.6,222.9
427.2,594.6,221.1,213.3,1339.1,230.1
453.8,629.6,278.0,270.8,1437.6,283.7
424.3,584.4,201.1,193.1,1304.4,211.3
437.6,590.9,235.8,228.2,1364.6,244.0
446.3,124.1,252.7,244.5,1372.2,261.2
422.0,102.9,210.7,202.8,1294.6,220.3
436.5,125.4,254.4,246.9,1374.2,261.5
426.5,110.4,225.3,217.5,1338.7,234.0
433.3,110.0,225.2,216.8,1320.9,235.4
452.3,144.8,440.8,285.2,681.9,297.1
1714.4,770.3,2350.6,1536.0,1915.5,2296.8
1080.0,832.1,2297.7,1643.6,2511.7,1901.9
386.0,315.4,1216.8,804.0,966.9,701.6
391.1,399.8,1364.8,1468.7,1287.9,890.3
300.5,430.1,1163.2,1263.6,954.8,919.7
1097.3,1079.3,1878.8,1847.1,1545.7,1923.2
2036.4,1405.5,2700.8,2510.4,2218.1,3106.0
1827.2,1373.0,2569.1,2427.6,2196.6,2884.0
1131.8,1061.3,1837.8,1805.6,1440.3,1930.3
192.7,660.2,890.1,990.8,494.6,666.3
156.8,647.7,849.9,960.5,502.4,615.4
108.6,573.8,298.4,836.7,1851.4,495.2
166.6,647.6,326.2,999.3,1271.9,638.3
235.8,657.9,359.8,1782.9,601.0,710.6
203.1,705.9,421.1,1408.9,1533.3,727.7
15.3,489.8,3.5,1449.8,756.1,73.0
301.7,109.4,768.8,916.0,0.0,0.0
298.1,0.0,1658.0,929.8,0.0,0.0
293.4,0.0,1433.2,2252.3,0.0,0.0
288.7,0.0,921.0,2473.3,1317.0,0.0
405.5,405.5,405.5,405.5,405.5,405.5
0.0,0.0,0.0,0.0,0.0,0.0
0.0,0.0,0.0,0.0,0.0,0.0
0.0,0.0,0.0,0.0,0.0,0.0
0.0,0.0,0.0,0.0,0.0,0.0
0.0,0.0,0.0,0.0,0.0,0.0
0.0,0.0,0.0,0.0,0.0,0.0
0.0,0.0,0.0,0.0,0.0,0.0
0.0,0.0,0.0,0.0,0.0,0.0
0.0,0.0,0.0,0.0,0.0,0.0
0.0,0.0,0.0,0.0,0.0,0.0
0.0,0.0,0.0,0.0,0.0,0.0
0.0,0.0,0.0,0.0,0.0,0.0
0.0,0.0,0.0,0.0,0.0,0.0
0.0,0.0,0.0,0.0,0.0,0.0
0.0,0.0,0.0,0.0,0.0,0.0
0.0,0.0,0.0,0.0,0.0,0.0
0.0,0.0,0.0,0.0,0.0,0.0
0.0,0.0,0.0,0.0,0.0,0.0
0.0,0.0,0.0,0.0,0.0,0.0
0.0,0.0,0.0,0.0,0.0,0.0
0.0,0.0,0.0,0.0,0.0,0.0
0.0,0.0,0.0,0.0,0.0,0.0
0.0,0.0,0.0,0.0,0.0,0.0
0.0,0.0,0.0,0.0,0.0,0.0
0.0,0.0,0.0,0.0,0.0,0.0
0.0,0.0,0.0,0.0,0.0,0.0
0.0,0.0,0.0,0.0,0.0,0.0
0.0,0.0,0.0,0.0,0.0,0.0
0.0,0.0,0.0,0.0,0.0,0.0
0.0,0.0,0.0,0.0,0.0,0.0
0.0,0.0,0.0,0.0,0.0,0.0
0.0,0.0,0.0,0.0,0.0,0.0
0.0,0.0,0.0,0.0,0.0,0.0
0.0,0.0,0.0,0.0,0.0,0.0
0.0,0.0,0.0,0.0,0.0,0.0
0.0,0.0,0.0,0.0,0.0,0.0
0.0,0.0,0.0,0.0,0.0,0.0
0.0,0.0,0.0,0.0,0.0,0.0
0.0,0.0,0.0,0.0,0.0,0.0
0.0,0.0,0.0,0.0,0.0,0.0
0.0,0.0,0.0,0.0,0.0,0.0
0.0,482.6,0.0,663.6,0.0,169.7
169.7,478.9,0.0,658.5,0.0,304.0
367.3,503.4,63.3,708.6,61.2,393.1
331.6,331.6,331.6,331.6,331.6,331.6
2161.9,1252.1,1860.2,2206.0,1798.2,2779.6
1843.0,1124.0,1543.7,1947.5,1492.3,2356.4
1662.5,1051.1,1364.4,1800.6,1318.9,2118.5
1139.7,832.8,840.4,1364.0,812.4,1418.7
350.9,504.6,52.7,707.6,51.0,370.8
307.5,481.8,7.0,664.3,6.8,311.0
354.4,500.9,52.7,702.4,51.0,372.0
379.0,511.1,77.4,722.9,74.8,404.8
452.9,540.0,151.2,781.9,146.2,500.9
306.3,479.9,7.0,661.7,6.8,308.7
306.3,479.9,7.0,661.7,6.8,308.7
309.8,479.5,10.5,662.1,10.2,312.2
305.2,476.2,312.5,656.5,6.8,307.5
305.2,481.8,554.3,664.3,549.8,307.5
308.7,479.5,566.3,662.1,983.0,311.0
304.0,481.8,550.0,664.3,994.7,305.1
327.4,492.1,570.4,684.8,995.9,341.5
380.2,199.6,617.5,295.5,1035.9,404.8
367.3,29.3,609.1,58.6,1022.0,393.1
933.4,4.4,547.2,8.8,968.0,1838.3
654.1,4.4,551.4,8.8,964.2,959.6
429.7,2.9,550.0,5.9,968.3,789.6
843.4,4.4,553.5,8.8,975.5,2051.0
467.7,2.9,550.0,5.9,972.1,1135.9
282.4,836.4,545.8,5.9,972.1,682.7
334.9,464.5,549.3,8.8,968.0,807.2
335.6,442.5,577.4,32.2,995.1,777.7
401.5,1147.0,617.5,67.4,1035.9,891.9
392.8,645.0,606.9,58.6,1022.0,882.3
298.9,371.0,543.6,5.9,960.8,723.2
342.3,437.9,545.0,8.8,964.2,825.3
313.4,399.8,539.4,1642.0,957.0,758.6
301.6,431.5,545.8,909.0,3759.6,729.7
341.8,431.0,534.5,837.0,2506.9,835.9
292.9,390.2,538.7,2185.3,2386.0,716.4
301.0,443.4,538.7,1208.6,4706.2,736.2
385.3,430.0,235.9,763.5,3078.4,887.4
354.5,421.5,1687.5,906.6,1635.6,792.7
356.5,475.9,940.3,817.1,1503.7,821.1
327.5,391.6,829.1,841.2,1336.2,801.0
288.0,402.4,1586.6,840.5,1178.2,704.3
326.1,449.1,1197.2,765.9,1451.1,797.4
316.0,384.6,715.6,1820.2,990.8,772.8
286.6,415.5,840.1,1452.2,1304.8,700.8
341.0,437.8,771.7,1455.0,1160.8,833.7
308.0,384.9,833.3,896.8,1325.6,753.3
567.9,737.4,899.7,891.3,1018.5,885.2
833.3,833.3,833.3,833.3,833.3,833.3
833.3,833.3,833.3,833.3,833.3,833.3
833.3,833.3,833.3,833.3,833.3,833.3
833.3,833.3,833.3,833.3,833.3,833.3
833.3,833.3,833.3,833.3,833.3,833.3
833.3,833.3,833.3,833.3,833.3,833.3
808.8,836.4,836.6,838.6,843.1,836.5
519.9,842.8,872.2,909.8,994.9,860.3
833.3,833.3,833.3,833.3,833.3,833.3
833.3,833.3,833.3,833.3,833.3,833.3
833.3,833.3,833.3,833.3,833.3,833.3
833.3,833.3,833.3,833.3,833.3,833.3
680.6,844.5,853.9,866.6,898.2,856.3
687.2,844.4,847.8,846.5,918.8,855.3
769.1,838.5,839.3,840.1,869.1,843.9
658.1,839.4,874.5,850.4,893.6,852.1
0.0,0.0,0.0,0.0,0.0,0.0
0.0,0.0,0.0,0.0,0.0,0.0
0.0,0.0,0.0,0.0,0.0,0.0
0.0,0.0,0.0,0.0,0.0,0.0
0.0,0.0,0.0,0.0,0.0,0.0
0.0,0.0,0.0,0.0,0.0,0.0
0.0,0.0,0.0,0.0,0.0,0.0
0.0,0.0,0.0,0.0,0.0,0.0
0.0,0.0,0.0,0.0,0.0,0.0
0.0,0.0,0.0,0.0,0.0,0.0
0.0,0.0,0.0,0.0,0.0,0.0
0.0,0.0,0.0,0.0,0.0,0.0
0.0,0.0,0.0,0.0,0.0,0.0
0.0,0.0,0.0,0.0,0.0,0.0
0.0,0.0,0.0,0.0,0.0,0.0
0.0,0.0,0.0,0.0,0.0,0.0
0.0,0.0,0.0,0.0,0.0,0.0
0.0,0.0,0.0,0.0,0.0,0.0
0.0,0.0,0.0,0.0,0.0,0.0
0.0,0.0,0.0,0.0,0.0,0.0
0.0,0.0,0.0,0.0,0.0,0.0
0.0,0.0,0.0,0.0,0.0,0.0
0.0,0.0,0.0,0.0,0.0,0.0
0.0,0.0,0.0,0.0,0.0,0.0
0.0,0.0,0.0,0.0,0.0,0.0
0.0,0.0,0.0,0.0,0.0,0.0
0.0,0.0,0.0,0.0,0.0,0.0
0.0,0.0,0.0,0.0,0.0,0.0
0.0,0.0,0.0,0.0,0.0,0.0
309.9,428.8,585.0,567.6,569.2,0.0
463.0,456.2,517.1,427.3,554.8,42.2
449.1,474.5,465.9,436.9,545.1,89.1
434.4,431.5,422.5,538.5,526.8,107.0
624.4,734.4,0.0,681.8,2177.3,1776.6
930.7,1211.9,215.5,891.5,1903.8,1686.3
846.4,678.0,361.6,1044.2,1583.9,437.9
410.3,638.9,285.5,964.9,1456.0,1147.8
389.2,600.6,218.3,897.0,1354.7,4846.5
428.7,648.7,330.1,1004.7,5498.4,1839.7
418.6,637.1,304.0,965.3,3735.3,1430.6
478.8,646.1,320.3,972.0,3042.5,1391.3
492.0,659.9,356.7,1020.4,2966.8,1803.8
243.8,1825.6,326.3,990.6,2995.1,1142.8
100.6,1300.4,261.4,927.5,1414.5,3045.5
296.5,1240.0,562.6,1232.0,874.7,3444.4
2079.0,865.7,557.6,1241.2,937.4,2971.3
2078.5,828.0,1192.5,647.8,697.7,2916.1
1756.6,466.8,1011.5,1914.5,642.8,2719.5
1853.9,240.7,1056.5,2075.4,2409.3,2692.5
1715.8,201.8,1341.0,1747.1,2014.8,2327.3
1560.9,643.9,1777.6,1652.1,529.1,1319.8
1372.1,872.8,913.9,1665.6,1509.5,446.6
681.1,768.4,834.0,1569.5,3448.0,263.8
112.4,714.8,800.8,1957.5,1390.6,243.6
137.2,738.2,894.8,1501.8,996.3,327.8
121.0,720.8,841.9,582.2,519.5,288.0
112.6,614.0,788.6,245.2,407.5,244.2
211.7,517.1,959.0,398.0,642.1,419.9
124.3,159.7,854.8,313.6,534.7,326.8
1322.6,116.2,770.3,228.3,388.3,527.8
1849.3,191.6,949.3,377.3,1801.0,702.2
1707.0,208.2,987.9,409.9,2264.9,551.2
1580.5,218.3,621.8,428.5,2183.2,2040.5
1485.8,185.7,361.2,364.6,1995.3,2543.5
1530.8,231.8,450.8,455.1,2082.6,2421.6
1316.2,238.4,368.3,371.8,1949.9,2236.1
914.1,709.0,1641.5,414.7,1846.7,2182.3
169.6,718.8,2093.6,445.0,1494.2,2224.6
127.9,372.7,1830.4,335.6,575.6,1878.8
126.3,168.8,1800.4,1356.9,568.2,1316.8
257.9,257.4,2425.2,1883.9,825.1,525.1
199.6,198.8,2311.5,1639.7,637.1,405.9
236.1,210.0,1823.1,1594.2,676.3,424.3
377.9,364.1,1476.7,1178.0,64.6,89.1
356.8,400.4,787.9,1172.2,47.6,65.6
126.1,372.2,723.8,978.8,0.0,256.9
833.3,833.3,833.3,833.3,833.3,833.3
109.0,800.7,1577.7,90.8,105.4,441.1
98.5,1157.4,2016.2,82.1,95.2,424.7
0.0,1705.0,2336.4,0.0,0.0,0.0
0.0,1037.3,1056.5,0.0,0.0,0.0
45.7,452.8,1468.8,38.1,44.2,61.0
70.3,464.5,2010.9,58.6,68.0,93.8
63.3,1498.7,3239.6,52.7,61.2,84.4
454.4,705.4,794.6,628.7,439.3,604.6
0.0,0.0,0.0,0.0,0.0,0.0
0.0,0.0,0.0,0.0,0.0,0.0
0.0,0.0,0.0,0.0,0.0,0.0
0.0,0.0,0.0,0.0,0.0,0.0
0.0,0.0,0.0,0.0,0.0,0.0
0.0,0.0,0.0,0.0,0.0,0.0
0.0,0.0,0.0,0.0,0.0,0.0
0.0,0.0,0.0,0.0,0.0,0.0
0.0,0.0,0.0,0.0,0.0,0.0
0.0,0.0,0.0,0.0,0.0,0.0
0.0,0.0,0.0,0.0,0.0,0.0
0.0,0.0,0.0,0.0,0.0,0.0
0.0,0.0,0.0,0.0,0.0,0.0
0.0,0.0,0.0,0.0,0.0,0.0
0.0,0.0,0.0,0.0,0.0,0.0
0.0,0.0,0.0,0.0,0.0,0.0
0.0,0.0,0.0,0.0,0.0,0.0
0.0,0.0,0.0,0.0,0.0,0.0
0.0,0.0,0.0,0.0,0.0,0.0
0.0,0.0,0.0,0.0,0.0,0.0
0.0,0.0,0.0,0.0,0.0,0.0
0.0,0.0,0.0,0.0,0.0,0.0
0.0,0.0,0.0,0.0,0.0,0.0
0.0,0.0,0.0,0.0,0.0,0.0
0.0,0.0,0.0,0.0,0.0,0.0
0.0,0.0,0.0,0.0,0.0,0.0
0.0,0.0,0.0,0.0,0.0,0.0
0.0,0.0,0.0,0.0,0.0,0.0
0.0,0.0,0.0,0.0,0.0,0.0
0.0,0.0,0.0,0.0,0.0,0.0
0.0,0.0,0.0,0.0,0.0,0.0
0.0,0.0,0.0,0.0,0.0,0.0
0.0,0.0,0.0,0.0,0.0,0.0
0.0,0.0,0.0,0.0,0.0,0.0
0.0,0.0,0.0,0.0,0.0,0.0
0.0,0.0,0.0,0.0,0.0,0.0
0.0,0.0,0.0,0.0,0.0,0.0
0.0,0.0,0.0,0.0,0.0,0.0
0.0,0.0,0.0,0.0,0.0,0.0
0.0,0.0,0.0,0.0,0.0,0.0
444.5,275.9,476.4,61.5,93.4,98.5
280.9,284.4,289.8,52.7,457.9,84.4
278.2,26.4,303.5,52.7,385.0,404.3
271.7,24.9,353.7,49.8,319.5,430.5
471.5,2.9,547.9,5.9,2179.5,2964.1
661.1,0.0,543.0,0.0,2838.9,1401.6
525.0,0.0,540.9,0.0,957.8,2460.7
352.4,0.0,538.7,0.0,980.4,3698.7
236.0,0.0,538.7,0.0,980.4,1284.0
258.6,1.7,545.7,5.4,967.0,867.8
224.8,0.0,3382.9,0.0,5868.3,577.2
185.7,248.2,2062.6,487.2,3570.8,1085.0
383.3,187.9,2374.3,902.8,4117.9,893.6
458.8,537.3,2224.4,972.3,3811.6,304.5
462.8,640.0,1836.8,964.2,3518.1,305.3
515.3,713.1,2160.1,1108.8,4672.4,440.5
456.5,642.2,1671.4,962.9,3836.5,312.2
414.9,608.0,1165.6,905.1,2970.8,247.5
442.1,660.3,966.1,3888.5,2653.3,574.6
410.2,2085.2,940.5,2002.3,2220.6,562.7
392.1,1139.4,822.4,3601.4,1424.1,531.6
423.8,1394.7,317.4,3775.4,549.6,605.0
412.9,1338.9,292.3,2272.4,506.1,576.6
397.4,1232.8,255.1,3828.2,441.7,539.3
404.9,1503.8,274.5,4163.7,893.9,564.7
423.6,1343.6,316.8,1908.0,1547.9,604.5
433.7,1104.4,297.2,1589.5,1505.3,588.4
470.5,957.2,308.0,1654.7,969.7,619.0
492.3,1030.6,385.0,1638.9,618.3,687.6
481.2,964.3,588.7,1019.5,563.3,656.5
307.5,618.4,818.7,659.2,414.7,555.9
122.8,460.1,885.4,322.2,552.6,601.9
120.8,161.5,589.7,317.0,543.7,601.8
84.4,322.1,219.3,221.4,379.8,515.1
119.8,659.8,311.4,314.4,539.2,598.2
125.9,671.7,327.3,330.4,566.7,614.3
89.8,365.2,233.5,235.7,404.3,219.7
124.0,165.7,322.3,325.3,558.1,303.2
123.4,164.9,320.7,323.8,555.3,301.8
119.2,126.9,253.5,249.7,412.1,252.3
185.0,185.8,373.9,365.7,596.4,378.1
317.4,191.2,383.9,664.1,616.3,386.0
459.8,139.0,282.3,960.9,440.5,290.5
472.4,165.6,331.3,1018.0,536.1,646.9
277.2,165.7,322.3,662.4,558.1,615.5
93.0,124.3,572.7,244.1,418.7,542.1
104.7,434.0,1430.6,274.7,471.2,990.4
161.5,696.6,1362.6,900.9,726.7,1151.8
128.3,661.7,1210.6,1020.3,892.2,1086.9
0.0,494.0,1322.4,1174.2,868.0,1141.3
0.0,484.5,1313.2,1206.7,876.2,1119.3
0.0,490.2,1243.7,1221.8,887.3,1157.0
10.5,126.9,820.1,1898.4,979.3,775.8
73.8,30.8,610.0,592.5,655.7,600.6
0.0,0.0,0.0,0.0,0.0,0.0
0.0,0.0,0.0,0.0,0.0,0.0
0.0,0.0,0.0,0.0,0.0,0.0
0.0,0.0,0.0,0.0,0.0,0.0
0.0,0.0,0.0,0.0,0.0,0.0
0.0,0.0,0.0,0.0,0.0,0.0
0.0,0.0,0.0,0.0,0.0,0.0
0.0,0.0,0.0,0.0,0.0,0.0
0.0,0.0,0.0,0.0,0.0,0.0
0.0,0.0,0.0,0.0,0.0,0.0
0.0,0.0,0.0,0.0,0.0,0.0
0.0,0.0,0.0,0.0,0.0,0.0
0.0,0.0,0.0,0.0,0.0,0.0
0.0,0.0,0.0,0.0,0.0,0.0
0.0,0.0,0.0,0.0,0.0,0.0
0.0,0.0,0.0,0.0,0.0,0.0
0.0,0.0,0.0,0.0,0.0,0.0
0.0,0.0,0.0,0.0,0.0,0.0
0.0,0.0,0.0,0.0,0.0,0.0
0.0,0.0,0.0,0.0,0.0,0.0
0.0,0.0,0.0,0.0,0.0,0.0
0.0,0.0,0.0,0.0,0.0,0.0
0.0,0.0,0.0,0.0,0.0,0.0
0.0,0.0,0.0,0.0,0.0,0.0
0.0,0.0,0.0,0.0,0.0,0.0
0.0,0.0,0.0,0.0,0.0,0.0
0.0,0.0,0.0,0.0,0.0,0.0
0.0,0.0,0.0,0.0,0.0,0.0
0.0,0.0,0.0,0.0,0.0,0.0
0.0,0.0,0.0,0.0,0.0,0.0
0.0,0.0,0.0,0.0,0.0,0.0
0.0,0.0,0.0,0.0,0.0,0.0
0.0,0.0,0.0,0.0,0.0,0.0
0.0,0.0,0.0,0.0,0.0,0.0
0.0,0.0,0.0,0.0,0.0,0.0
0.0,0.0,0.0,0.0,0.0,0.0
0.0,0.0,0.0,0.0,0.0,0.0
0.0,0.0,0.0,0.0,0.0,0.0
0.0,0.0,0.0,0.0,0.0,0.0
0.0,0.0,0.0,0.0,0.0,0.0
0.0,0.0,0.0,0.0,0.0,0.0
0.0,0.0,0.0,0.0,0.0,0.0
60.5,14.7,63.8,72.1,81.8,62.9
60.8,0.0,69.0,63.3,78.9,83.7
0.0,63.0,83.9,65.7,80.3,62.8
62.1,72.0,84.8,77.0,0.0,59.8
157.3,157.3,157.3,157.3,157.3,157.3
157.3,157.3,157.3,157.3,157.3,157.3
163.7,235.2,197.1,186.0,68.0,93.8
181.5,361.3,0.0,400.8,0.0,0.0
273.8,273.8,273.8,273.8,273.8,273.8
273.8,273.8,273.8,273.8,273.8,273.8
273.8,273.8,273.8,273.8,273.8,273.8
273.8,273.8,273.8,273.8,273.8,273.8
214.4,214.4,214.4,214.4,214.4,214.4
223.3,226.5,232.3,128.9,251.0,224.4
214.4,214.4,214.4,214.4,214.4,214.4
214.4,214.4,214.4,214.4,214.4,214.4
450.5,533.3,672.3,2361.9,1112.2,497.4
958.6,958.6,958.6,958.6,958.6,958.6
948.8,948.8,948.8,948.8,948.8,948.8
931.9,951.8,952.0,950.8,956.1,950.0
476.5,2320.8,2432.2,1009.5,4925.8,1332.6
445.6,1632.5,1499.9,980.2,4442.0,2028.5
639.8,1293.8,1423.5,970.7,3673.6,2248.1
587.1,1100.2,1743.5,1115.0,2872.4,2635.2
519.9,701.3,962.9,1070.5,1611.0,2316.5
481.1,669.5,893.8,999.5,1502.5,1844.4
513.6,718.5,1007.2,1106.6,1700.8,1396.9
507.8,709.8,976.6,1079.5,1673.8,727.4
470.0,654.6,875.6,963.3,1476.6,629.9
446.3,676.8,898.8,1010.0,1583.9,634.4
456.0,694.9,923.3,1046.1,1623.4,667.5
426.3,646.2,850.9,975.5,1478.5,586.5
438.9,663.0,890.6,1000.8,1548.7,622.8
448.3,633.4,914.7,1039.3,1612.7,649.1
442.3,173.7,896.9,1012.4,1565.8,624.6
444.6,168.7,887.9,997.6,1555.2,622.3
436.0,162.0,877.0,994.9,1532.7,613.6
511.8,237.5,1032.7,1151.2,1779.9,762.2
535.2,226.7,1011.9,1122.9,1731.1,770.9
508.5,196.0,950.8,1067.7,1615.6,710.7
564.1,267.1,1038.2,1207.2,1855.0,841.9
534.6,237.3,474.7,1151.2,1665.6,787.7
354.4,19.0,45.7,727.7,44.2,369.7
287.5,2.9,7.0,685.1,6.8,318.1
10.5,4.4,10.5,688.0,10.2,294.5
238.6,4.4,10.5,625.8,10.2,14.1
274.4,2.9,7.0,5.9,6.8,9.4
259.2,4.4,10.5,8.8,10.2,14.1
230.7,0.0,0.0,0.0,652.3,0.0
287.4,0.0,0.0,0.0,991.7,0.0
229.6,0.0,0.0,0.0,995.5,0.0
260.5,13.2,31.6,26.4,1022.3,42.2
482.7,29.3,70.3,58.6,746.7,93.8
876.6,26.4,63.3,52.7,61.2,288.2
924.2,24.9,59.8,49.8,57.8,389.6
904.1,22.0,52.7,492.4,51.0,381.4
773.5,0.0,0.0,681.8,0.0,309.9
677.7,0.0,0.0,684.4,0.0,212.1
349.4,0.0,0.0,681.8,0.0,0.0
320.7,0.0,366.9,466.6,0.0,0.0
595.7,304.9,557.8,0.0,0.0,0.0
537.2,579.4,952.3,984.4,1540.6,406.2
432.8,510.0,1275.3,978.0,1478.9,325.0
432.3,510.7,1248.6,974.3,1464.0,370.1
159.0,343.6,369.3,366.9,406.7,331.3
0.0,0.0,0.0,0.0,0.0,0.0
0.0,0.0,0.0,0.0,0.0,0.0
0.0,0.0,0.0,0.0,0.0,0.0
0.0,0.0,0.0,0.0,0.0,0.0
0.0,0.0,0.0,0.0,0.0,0.0
0.0,0.0,0.0,0.0,0.0,0.0
0.0,0.0,0.0,0.0,0.0,0.0
0.0,0.0,0.0,0.0,0.0,0.0
0.0,0.0,0.0,0.0,0.0,0.0
0.0,0.0,0.0,0.0,0.0,0.0
0.0,0.0,0.0,0.0,0.0,0.0
0.0,0.0,0.0,0.0,0.0,0.0
0.0,0.0,0.0,0.0,0.0,0.0
0.0,0.0,0.0,0.0,0.0,0.0
0.0,0.0,0.0,0.0,0.0,0.0
0.0,0.0,0.0,0.0,0.0,0.0
0.0,0.0,0.0,0.0,0.0,0.0
0.0,0.0,0.0,0.0,0.0,0.0
0.0,0.0,0.0,0.0,0.0,0.0
0.0,0.0,0.0,0.0,0.0,0.0
0.0,0.0,0.0,0.0,0.0,0.0
0.0,0.0,0.0,0.0,0.0,0.0
0.0,0.0,0.0,0.0,0.0,0.0
0.0,0.0,0.0,0.0,0.0,0.0
0.0,0.0,0.0,0.0,0.0,0.0
0.0,0.0,0.0,0.0,0.0,0.0
0.0,0.0,0.0,0.0,0.0,0.0
0.0,0.0,0.0,0.0,0.0,0.0
0.0,0.0,0.0,0.0,0.0,0.0
0.0,0.0,0.0,0.0,0.0,0.0
0.0,0.0,0.0,0.0,0.0,0.0
250.5,250.5,250.5,250.5,250.5,250.5
251.6,224.3,260.1,252.1,262.9,251.8
251.9,222.7,259.5,252.2,264.5,252.0
251.5,0.0,554.0,0.0,697.3,0.0
0.0,0.0,222.7,0.0,987.9,0.0
0.0,0.0,553.6,784.6,1003.0,0.0
0.0,198.0,547.2,1166.3,2360.2,0.0
0.0,891.8,468.7,1316.0,3022.4,0.0
369.4,1109.9,615.4,1020.9,3343.3,93.8
617.3,1256.5,889.4,1373.8,3202.6,348.2
661.5,1130.3,870.1,1741.5,2808.6,320.6
582.1,1107.2,1014.1,1120.4,3042.0,579.8
400.6,1015.1,828.0,837.3,1157.6,559.9
391.7,969.8,837.1,935.3,461.5,1174.6
154.0,999.1,1633.7,1072.8,693.0,1170.8
177.5,1054.1,1601.3,1809.8,798.7,2034.9
692.7,1136.6,1863.4,1829.2,1810.3,2931.5
2708.3,1586.0,3800.0,3451.4,3480.9,3754.9
1735.2,1100.1,1987.6,2548.7,2422.9,2212.3
585.3,614.9,680.1,937.0,1406.9,688.5
511.4,755.6,517.3,1207.3,2196.3,2063.5
500.0,553.2,1590.1,1086.1,2607.0,1620.2
2966.0,1414.5,4684.0,2951.5,4534.0,3867.5
2154.9,1124.7,5646.5,2662.4,3771.8,2777.3
1943.9,988.9,5153.4,3901.3,3466.0,2491.3
1966.0,952.0,2435.5,1725.5,2684.9,2666.9
1716.5,1224.2,1763.3,1264.0,1352.9,2087.6
1420.0,490.8,1320.4,2339.0,1064.0,2072.0
588.9,143.3,2129.9,1245.9,311.2,946.7
518.1,233.0,1708.2,5076.1,2122.8,722.5
119.9,168.0,1440.3,1963.8,3738.8,579.7
142.6,1018.7,962.6,3921.4,1693.5,645.8
198.3,663.3,939.8,4046.4,2459.9,587.4
124.3,618.8,1600.2,1602.2,4969.6,445.0
206.6,1220.9,405.9,1507.1,4729.7,1190.5
320.2,2176.3,287.7,289.2,3207.1,3442.7
529.6,2329.1,326.8,927.5,557.9,1078.0
1902.3,1364.8,1255.2,1844.1,1649.0,2095.0
2961.7,956.2,2233.9,3845.7,3698.0,2990.9
2271.5,978.7,2262.2,1966.7,3415.1,2968.6
1861.6,921.6,1831.6,1797.4,2049.7,2289.9
1808.6,715.0,1649.9,1424.6,2445.6,2708.3
1593.5,1144.6,1460.6,1834.6,1728.0,2990.5
1050.4,1244.0,834.7,756.5,1071.4,4611.6
499.1,194.5,391.5,714.6,624.1,395.9
915.4,223.6,1702.5,988.5,726.8,443.2
931.4,187.6,1996.9,905.3,619.4,359.3
892.7,163.4,2473.4,621.4,550.1,298.9
642.0,443.0,1337.1,397.9,648.0,371.9
0.0,0.0,0.0,0.0,0.0,0.0
0.0,0.0,0.0,0.0,0.0,0.0
0.0,0.0,0.0,0.0,0.0,0.0
0.0,0.0,0.0,0.0,0.0,0.0
0.0,0.0,0.0,0.0,0.0,0.0
0.0,0.0,0.0,0.0,0.0,0.0
0.0,0.0,0.0,0.0,0.0,0.0
0.0,0.0,0.0,0.0,0.0,0.0
0.0,0.0,0.0,0.0,0.0,0.0
0.0,0.0,0.0,0.0,0.0,0.0
0.0,0.0,0.0,0.0,0.0,0.0
0.0,0.0,0.0,0.0,0.0,0.0
0.0,0.0,0.0,0.0,0.0,0.0
0.0,0.0,0.0,0.0,0.0,0.0
0.0,0.0,0.0,0.0,0.0,0.0
0.0,0.0,0.0,0.0,0.0,0.0
0.0,0.0,0.0,0.0,0.0,0.0
0.0,0.0,0.0,0.0,0.0,0.0
0.0,0.0,0.0,0.0,0.0,0.0
0.0,0.0,0.0,0.0,0.0,0.0
0.0,0.0,0.0,0.0,0.0,0.0
0.0,0.0,0.0,0.0,0.0,0.0
0.0,0.0,0.0,0.0,0.0,0.0
0.0,0.0,0.0,0.0,0.0,0.0
0.0,0.0,0.0,0.0,0.0,0.0
0.0,0.0,0.0,0.0,0.0,0.0
0.0,0.0,0.0,0.0,0.0,0.0
0.0,0.0,0.0,0.0,0.0,0.0
0.0,0.0,0.0,0.0,0.0,0.0
0.0,0.0,0.0,0.0,0.0,0.0
0.0,0.0,0.0,0.0,0.0,0.0
0.0,0.0,0.0,0.0,0.0,0.0
0.0,0.0,0.0,0.0,0.0,0.0
0.0,0.0,0.0,0.0,0.0,0.0
0.0,0.0,0.0,0.0,0.0,0.0
0.0,0.0,0.0,0.0,0.0,0.0
0.0,0.0,0.0,0.0,0.0,0.0
0.0,0.0,0.0,0.0,0.0,0.0
0.0,0.0,0.0,0.0,0.0,0.0
0.0,0.0,0.0,0.0,0.0,0.0
0.0,0.0,0.0,0.0,0.0,0.0
0.0,0.0,0.0,0.0,0.0,0.0
0.0,0.0,0.0,0.0,0.0,0.0
0.0,0.0,0.0,0.0,0.0,0.0
0.0,0.0,0.0,0.0,0.0,0.0
0.0,0.0,0.0,0.0,0.0,0.0
0.0,0.0,0.0,0.0,0.0,0.0
231.5,231.5,231.5,231.5,231.5,231.5
231.5,231.5,231.5,231.5,231.5,231.5
231.5,231.5,231.5,231.5,231.5,231.5
231.5,231.5,231.5,231.5,231.5,231.5
480.8,1662.7,1270.5,444.1,1154.8,3068.8
330.3,1389.2,303.1,292.3,3605.8,2201.6
127.1,1199.7,330.3,333.4,2984.0,341.3
0.0,508.1,0.0,0.0,1736.3,0.0
0.0,497.7,0.0,0.0,979.9,0.0
0.0,492.1,0.0,0.0,1676.2,0.0
0.0,480.8,0.0,0.0,2772.2,0.0
49.2,508.8,599.3,41.0,1043.1,65.6
70.3,1011.6,1038.3,58.6,1102.2,93.8
59.8,969.5,1660.7,49.8,1506.4,79.7
188.8,680.5,964.4,382.0,1611.1,391.3
152.0,682.3,969.7,373.6,634.3,356.0
148.7,342.0,1223.0,856.8,669.2,575.8
233.9,595.5,1558.6,1835.3,1052.7,874.9
231.9,807.8,1147.9,2262.3,1722.5,874.8
383.4,1046.0,986.5,2735.0,1718.8,722.0
713.0,429.6,818.3,1522.6,1435.3,863.8
740.2,501.1,932.9,1670.7,1644.8,954.7
420.4,577.9,849.2,1818.8,1485.1,581.2
559.1,627.2,1219.1,1907.8,2126.0,919.8
617.4,356.1,1814.5,1360.9,2169.9,984.1
562.4,274.4,1604.6,1200.7,1878.9,840.7
501.7,201.3,944.3,1065.0,1611.7,708.5
540.5,265.9,1075.5,1189.1,1830.7,823.4
130.4,171.1,333.4,335.9,574.6,315.1
125.1,167.2,325.1,328.2,563.0,305.9
147.3,196.9,382.9,386.5,663.0,360.3
89.7,119.9,233.1,235.3,403.6,219.3
161.6,216.0,420.1,424.1,727.4,395.3
113.1,151.1,293.8,296.6,2024.6,276.5
780.1,124.4,241.9,394.6,1565.2,227.6
1084.4,197.4,383.8,2253.9,1667.5,960.9
1061.4,262.9,301.3,2360.0,544.9,1228.2
308.2,1026.1,315.5,1220.6,2190.4,1044.6
210.1,1227.4,567.8,437.9,2697.6,769.7
693.5,685.4,899.8,321.2,2505.1,334.6
776.3,159.0,1805.4,313.1,2447.0,323.1
172.4,230.4,1580.6,452.2,775.7,421.5
125.8,168.2,327.0,330.1,566.2,307.7
0.0,0.0,0.0,0.0,0.0,0.0
0.0,0.0,0.0,0.0,0.0,0.0
0.0,505.3,1122.0,694.8,0.0,315.8
220.7,505.3,729.6,694.8,0.0,41.2
268.6,66.0,568.4,90.7,0.0,0.0
242.7,0.0,74.2,0.0,0.0,0.0
280.4,10.3,24.6,20.5,23.8,32.8
530.8,29.3,70.3,58.6,68.0,93.8
1218.6,321.4,63.3,52.7,61.2,624.2
1277.8,383.9,59.8,49.8,57.8,736.5
975.9,337.6,605.3,26.4,30.6,635.8
813.0,341.9,632.7,0.0,957.4,650.9
0.0,0.0,0.0,0.0,0.0,0.0
0.0,0.0,0.0,0.0,0.0,0.0
0.0,0.0,0.0,0.0,0.0,0.0
0.0,0.0,0.0,0.0,0.0,0.0
0.0,0.0,0.0,0.0,0.0,0.0
0.0,0.0,0.0,0.0,0.0,0.0
0.0,0.0,0.0,0.0,0.0,0.0
0.0,0.0,0.0,0.0,0.0,0.0
0.0,0.0,0.0,0.0,0.0,0.0
0.0,0.0,0.0,0.0,0.0,0.0
0.0,0.0,0.0,0.0,0.0,0.0
0.0,0.0,0.0,0.0,0.0,0.0
0.0,0.0,0.0,0.0,0.0,0.0
0.0,0.0,0.0,0.0,0.0,0.0
0.0,0.0,0.0,0.0,0.0,0.0
0.0,0.0,0.0,0.0,0.0,0.0
0.0,0.0,0.0,0.0,0.0,0.0
0.0,0.0,0.0,0.0,0.0,0.0
0.0,0.0,0.0,0.0,0.0,0.0
0.0,0.0,0.0,0.0,0.0,0.0
0.0,0.0,0.0,0.0,0.0,0.0
0.0,0.0,0.0,0.0,0.0,0.0
0.0,0.0,0.0,0.0,0.0,0.0
0.0,0.0,0.0,0.0,0.0,0.0
0.0,0.0,0.0,0.0,0.0,0.0
0.0,0.0,0.0,0.0,0.0,0.0
0.0,0.0,0.0,0.0,0.0,0.0
0.0,0.0,0.0,0.0,0.0,0.0
0.0,0.0,0.0,0.0,0.0,0.0
0.0,0.0,0.0,0.0,0.0,0.0
0.0,0.0,0.0,0.0,0.0,0.0
0.0,0.0,0.0,0.0,0.0,0.0
0.0,0.0,0.0,0.0,0.0,0.0
0.0,0.0,0.0,0.0,0.0,0.0
0.0,0.0,0.0,0.0,0.0,0.0
0.0,0.0,0.0,0.0,0.0,0.0
0.0,0.0,0.0,0.0,0.0,0.0
0.0,0.0,0.0,0.0,0.0,0.0
0.0,0.0,0.0,0.0,0.0,0.0
0.0,0.0,0.0,0.0,0.0,0.0
0.0,0.0,0.0,0.0,0.0,0.0
0.0,102.1,0.0,125.1,130.6,0.0
0.0,98.2,84.0,61.0,114.8,0.0
83.2,70.1,70.2,59.9,74.4,0.0
59.6,59.6,59.6,59.6,59.6,59.6
168.3,168.3,168.3,168.3,168.3,168.3
168.3,168.3,168.3,168.3,168.3,168.3
178.7,172.4,180.2,174.3,112.2,191.9
196.0,178.8,177.7,182.2,57.8,217.3
821.4,449.5,659.3,726.2,13.6,1049.2
705.7,435.5,915.6,693.1,0.0,969.3
621.1,586.5,630.3,623.9,620.5,636.9
642.4,141.4,860.9,824.6,476.1,773.7
701.8,129.0,3314.3,2720.7,1762.1,2980.1
779.6,200.3,2526.7,3076.4,2761.1,2661.9
866.9,1221.8,2325.2,3262.4,3380.3,1418.1
892.4,978.5,2079.2,3132.5,3923.7,4049.1
478.7,906.9,1616.9,3131.1,3949.5,1774.1
355.3,793.3,763.0,2589.3,4002.9,506.4
211.6,884.0,917.8,1631.6,2906.6,695.3
205.5,1128.9,418.9,1049.2,3049.5,702.7
413.0,1208.4,340.3,984.4,3166.3,645.9
215.0,506.8,342.0,990.6,2939.7,641.0
224.9,235.7,421.5,1058.3,3072.4,446.1
119.9,179.3,294.7,316.3,2614.2,281.4
119.0,176.4,298.1,299.7,541.0,283.3
139.3,922.6,345.1,346.6,589.5,328.9
106.3,281.5,265.1,266.4,453.7,252.2
124.9,157.2,307.7,308.7,524.7,293.6
140.8,181.8,354.8,356.9,608.9,336.6
107.5,127.6,251.4,250.7,421.8,243.4
212.0,205.7,416.0,405.1,655.7,424.5
195.5,190.1,384.3,374.4,606.4,392.0
161.5,151.2,307.4,297.9,478.5,316.8
219.7,225.7,452.9,444.2,727.7,455.1
148.1,156.0,311.9,306.9,505.2,311.5
104.9,130.5,255.8,256.3,434.8,244.8
158.8,205.7,401.4,404.0,689.6,380.4
127.1,160.1,313.4,314.5,534.6,299.0
1600.5,812.9,1854.3,1617.9,2108.0,2310.5
1758.5,849.4,1961.4,1692.6,2148.2,2485.8
1283.8,662.9,1329.9,1259.3,1370.5,1468.2
1246.0,645.0,1331.2,1252.2,1416.4,1483.7
1072.4,559.9,1269.0,1113.8,1471.2,1566.6
213.5,191.6,391.9,377.7,600.7,408.8
248.7,267.8,534.0,526.7,870.9,530.1
236.6,254.8,508.0,501.1,828.6,504.3
204.7,208.9,419.5,411.1,738.5,422.3
119.6,739.2,119.6,203.3,1016.7,206.5
10.5,1101.9,10.5,693.2,1279.4,325.1
137.8,925.7,3.5,2040.5,107.8,315.8
823.3,1087.5,0.0,2680.4,98.9,309.9
623.6,569.5,0.0,986.2,93.4,383.2
0.0,0.0,0.0,0.0,0.0,0.0
0.0,0.0,0.0,0.0,0.0,0.0
0.0,0.0,0.0,0.0,0.0,0.0
0.0,0.0,0.0,0.0,0.0,0.0
0.0,0.0,0.0,0.0,0.0,0.0
0.0,0.0,0.0,0.0,0.0,0.0
0.0,0.0,0.0,0.0,0.0,0.0
0.0,0.0,0.0,0.0,0.0,0.0
0.0,0.0,0.0,0.0,0.0,0.0
0.0,0.0,0.0,0.0,0.0,0.0
0.0,0.0,0.0,0.0,0.0,0.0
0.0,0.0,0.0,0.0,0.0,0.0
0.0,0.0,0.0,0.0,0.0,0.0
0.0,0.0,0.0,0.0,0.0,0.0
0.0,0.0,0.0,0.0,0.0,0.0
0.0,0.0,0.0,0.0,0.0,0.0
0.0,0.0,0.0,0.0,0.0,0.0
0.0,0.0,0.0,0.0,0.0,0.0
0.0,0.0,0.0,0.0,0.0,0.0
0.0,0.0,0.0,0.0,0.0,0.0
0.0,0.0,0.0,0.0,0.0,0.0
0.0,0.0,0.0,0.0,0.0,0.0
0.0,0.0,0.0,0.0,0.0,0.0
0.0,0.0,0.0,0.0,0.0,0.0
0.0,0.0,0.0,0.0,0.0,0.0
0.0,0.0,0.0,0.0,0.0,0.0
0.0,0.0,0.0,0.0,0.0,0.0
0.0,0.0,0.0,0.0,0.0,0.0
0.0,0.0,0.0,0.0,0.0,0.0
0.0,0.0,0.0,0.0,0.0,0.0
0.0,0.0,0.0,0.0,0.0,0.0
0.0,0.0,0.0,0.0,0.0,0.0
0.0,0.0,0.0,0.0,0.0,0.0
0.0,0.0,0.0,0.0,0.0,0.0
0.0,0.0,0.0,0.0,0.0,0.0
0.0,0.0,0.0,0.0,0.0,0.0
0.0,0.0,0.0,0.0,0.0,0.0
0.0,0.0,0.0,0.0,0.0,0.0
0.0,0.0,0.0,0.0,0.0,0.0
0.0,0.0,0.0,0.0,0.0,0.0
0.0,0.0,0.0,0.0,0.0,0.0
0.0,0.0,0.0,0.0,0.0,0.0
0.0,0.0,0.0,0.0,0.0,0.0
0.0,0.0,0.0,0.0,0.0,0.0
49.9,49.9,49.9,49.9,49.9,49.9
72.4,24.9,50.4,49.8,50.3,51.4
139.1,14.7,35.2,29.3,34.0,46.9
74.5,0.0,0.0,0.0,224.6,0.0
183.8,0.0,0.0,0.0,650.7,0.0
153.9,222.7,0.0,0.0,457.8,0.0
0.0,292.1,0.0,0.0,542.3,0.0
0.0,209.1,0.0,293.7,331.6,0.0
0.0,335.0,0.0,560.9,647.2,0.0
0.0,293.2,0.0,406.1,447.3,396.5
167.5,266.1,259.7,277.7,289.2,283.0
257.2,257.2,257.2,257.2,257.2,257.2
197.3,197.3,197.3,197.3,197.3,197.3
197.3,197.3,197.3,197.3,197.3,197.3
197.3,197.3,197.3,197.3,197.3,197.3
197.3,197.3,197.3,197.3,197.3,197.3
245.7,245.7,245.7,245.7,245.7,245.7
245.7,245.7,245.7,245.7,245.7,245.7
245.7,245.7,245.7,245.7,245.7,245.7
109.1,139.4,458.1,249.0,271.3,247.3
130.6,168.2,989.5,654.9,498.7,311.7
168.6,209.2,783.5,677.8,521.7,392.7
256.2,196.8,752.4,601.3,496.4,450.5
216.1,208.0,951.5,409.6,537.7,430.7
245.0,227.2,1553.5,447.7,717.4,477.9
1143.2,492.3,2141.7,978.2,1321.6,1340.4
680.8,362.7,1389.3,713.7,1173.7,725.9
873.5,563.8,1159.6,1111.8,1752.5,1222.2
273.8,256.0,520.5,504.4,809.8,536.7
203.9,266.0,518.6,522.3,892.7,490.8
1219.9,843.3,1257.4,1238.1,1298.0,1293.6
665.2,614.1,1250.9,1210.1,1937.4,1294.3
227.1,255.0,505.8,501.4,835.6,496.7
73.8,30.8,73.8,61.5,71.4,98.5
1135.8,473.3,1135.8,946.5,1656.0,1688.8
2827.3,1178.0,3463.5,2356.0,3698.3,4071.3
1884.3,936.6,3016.7,2248.8,3368.8,3595.9
1844.8,1233.7,2974.8,2469.3,3285.7,3748.1
936.3,938.2,1655.0,1640.7,2266.3,2217.1
472.2,555.5,1075.2,1179.5,1790.1,867.7
617.1,269.6,1102.8,1200.6,1816.1,894.0
484.5,179.7,909.9,1030.4,1562.2,677.6
1195.1,823.1,1745.0,1752.9,3607.3,1703.4
2494.5,1608.6,3112.5,2919.5,5414.1,3482.4
833.3,833.3,833.3,833.3,833.3,833.3
833.3,833.3,833.3,833.3,833.3,833.3
833.3,833.3,833.3,833.3,833.3,833.3
833.3,833.3,833.3,833.3,833.3,833.3
434.1,544.4,1749.3,779.8,1019.5,472.8
579.4,834.7,1029.6,861.4,1102.6,592.2
603.2,842.8,972.2,865.6,1080.1,636.1
612.7,842.6,950.1,866.6,1111.8,616.2
651.1,838.4,926.4,857.0,1035.0,692.1
306.3,446.0,1468.3,679.9,1785.0,314.6
308.7,910.1,1106.5,685.4,1670.1,319.3
308.7,943.9,1114.8,677.3,1640.8,314.6
316.9,967.7,1256.6,680.2,1486.4,292.2
314.6,997.4,1270.6,677.3,1589.4,150.8
350.9,916.5,1002.8,659.6,1645.8,363.8
0.0,0.0,0.0,0.0,0.0,0.0
0.0,0.0,0.0,0.0,0.0,0.0
0.0,0.0,0.0,0.0,0.0,0.0
0.0,0.0,0.0,0.0,0.0,0.0
0.0,0.0,0.0,0.0,0.0,0.0
0.0,0.0,0.0,0.0,0.0,0.0
0.0,0.0,0.0,0.0,0.0,0.0
0.0,0.0,0.0,0.0,0.0,0.0
0.0,0.0,0.0,0.0,0.0,0.0
0.0,0.0,0.0,0.0,0.0,0.0
0.0,0.0,0.0,0.0,0.0,0.0
0.0,0.0,0.0,0.0,0.0,0.0
0.0,0.0,0.0,0.0,0.0,0.0
0.0,0.0,0.0,0.0,0.0,0.0
0.0,0.0,0.0,0.0,0.0,0.0
0.0,0.0,0.0,0.0,0.0,0.0
0.0,0.0,0.0,0.0,0.0,0.0
0.0,0.0,0.0,0.0,0.0,0.0
0.0,0.0,0.0,0.0,0.0,0.0
0.0,0.0,0.0,0.0,0.0,0.0
0.0,0.0,0.0,0.0,0.0,0.0
0.0,0.0,0.0,0.0,0.0,0.0
0.0,0.0,0.0,0.0,0.0,0.0
0.0,0.0,0.0,0.0,0.0,0.0
0.0,0.0,0.0,0.0,0.0,0.0
0.0,0.0,0.0,0.0,0.0,0.0
0.0,0.0,0.0,0.0,0.0,0.0
0.0,0.0,0.0,0.0,0.0,0.0
0.0,0.0,0.0,0.0,0.0,0.0
0.0,0.0,0.0,0.0,0.0,0.0
0.0,0.0,0.0,0.0,0.0,0.0
0.0,0.0,0.0,0.0,0.0,0.0
0.0,0.0,0.0,0.0,0.0,0.0
0.0,0.0,0.0,0.0,0.0,0.0
0.0,0.0,0.0,0.0,0.0,0.0
0.0,0.0,0.0,0.0,0.0,0.0
0.0,0.0,0.0,0.0,0.0,0.0
17.9,30.5,0.0,0.0,0.0,103.8
9.2,668.2,0.0,0.0,0.0,109.9
32.0,68.1,26.5,28.4,31.4,138.0
318.2,58.1,70.3,58.6,68.0,2193.9
653.7,198.0,337.7,329.7,2379.8,1179.0
567.7,233.1,411.8,405.2,5129.8,410.9
472.1,751.4,338.2,330.8,2723.5,341.7
408.4,354.1,240.2,239.4,3422.5,232.9
433.4,177.7,394.4,348.9,4003.5,325.2
417.2,151.3,1363.3,297.1,2956.1,276.9
393.4,121.1,325.0,1838.7,1361.8,221.6
419.1,156.9,351.2,3565.5,1482.3,287.1
831.8,161.1,362.1,2245.2,1519.1,1296.5
1261.6,159.3,1848.4,2744.9,1513.1,2716.4
581.6,511.6,4297.6,2909.4,1395.3,1422.3
820.8,664.2,2536.1,2008.8,1597.0,1991.6
1050.6,802.0,2939.5,1405.7,2031.3,2487.2
579.7,705.6,2950.2,3231.8,1768.1,1586.4
233.3,1292.7,2022.4,1347.8,3968.8,802.2
218.1,2042.6,1018.5,1221.1,1434.3,765.0
105.3,1256.3,785.1,668.1,492.9,539.3
582.9,1762.7,1366.4,841.9,1193.9,1249.7
229.4,1700.3,964.8,2273.4,735.0,740.2
160.2,1141.0,592.2,1056.7,2399.7,629.2
250.6,521.3,555.8,550.5,1669.4,849.3
631.6,420.5,905.0,832.5,1214.8,1334.0
1991.5,992.6,2274.5,1976.4,2550.5,3153.8
1685.6,803.8,1861.9,1602.1,2019.0,2521.0
1661.2,806.7,1860.3,1607.2,2045.8,2353.4
1550.3,758.8,1746.4,1511.5,1932.0,2203.5
1301.3,623.2,1442.1,1242.1,1569.1,1833.0
1247.7,648.7,1471.6,1290.4,1700.9,1819.3
301.9,261.2,537.2,515.1,811.9,566.2
180.4,176.4,356.3,347.3,563.2,362.8
220.0,229.3,459.2,451.2,741.4,459.7
209.8,215.8,432.9,424.7,695.9,435.0
135.3,148.5,295.4,292.0,484.6,291.7
123.6,165.2,321.1,324.2,556.1,302.2
128.3,171.5,333.4,336.6,577.4,313.7
93.2,124.6,242.4,244.7,419.7,228.0
105.4,140.8,273.8,276.4,474.1,257.6
127.9,171.0,332.4,335.6,575.6,312.8
115.4,154.3,300.0,302.8,519.4,282.3
100.2,133.9,260.4,262.8,450.9,245.0
142.8,187.6,365.5,368.4,630.3,1263.7
248.2,267.0,532.6,525.3,859.5,2567.4
211.1,220.7,441.8,434.3,714.0,2454.6
236.0,260.5,1090.1,512.3,851.1,1951.7
59.8,24.9,1295.4,49.8,1048.6,1225.8
49.2,20.5,2104.9,41.0,2043.6,740.7
341.1,142.1,1109.5,284.2,2668.2,454.8
759.6,316.5,1005.7,633.0,1194.2,1091.2
300.6,314.5,807.0,867.8,852.7,1194.2
0.0,0.0,0.0,0.0,0.0,0.0
0.0,0.0,0.0,0.0,0.0,0.0
0.0,0.0,0.0,0.0,0.0,0.0
0.0,0.0,0.0,0.0,0.0,0.0
0.0,0.0,0.0,0.0,0.0,0.0
0.0,0.0,0.0,0.0,0.0,0.0
0.0,0.0,0.0,0.0,0.0,0.0
0.0,0.0,0.0,0.0,0.0,0.0
0.0,0.0,0.0,0.0,0.0,0.0
0.0,0.0,0.0,0.0,0.0,0.0
0.0,0.0,0.0,0.0,0.0,0.0
0.0,0.0,0.0,0.0,0.0,0.0
0.0,0.0,0.0,0.0,0.0,0.0
0.0,0.0,0.0,0.0,0.0,0.0
0.0,0.0,0.0,0.0,0.0,0.0
0.0,0.0,0.0,0.0,0.0,0.0
0.0,0.0,0.0,0.0,0.0,0.0
0.0,0.0,0.0,0.0,0.0,0.0
0.0,0.0,0.0,0.0,0.0,0.0
0.0,0.0,0.0,0.0,0.0,0.0
0.0,0.0,0.0,0.0,0.0,0.0
0.0,0.0,0.0,0.0,0.0,0.0
0.0,0.0,0.0,0.0,0.0,0.0
0.0,0.0,0.0,0.0,0.0,0.0
0.0,0.0,0.0,0.0,0.0,0.0
0.0,0.0,0.0,0.0,0.0,0.0
0.0,0.0,0.0,0.0,0.0,0.0
0.0,0.0,0.0,0.0,0.0,0.0
0.0,0.0,0.0,0.0,0.0,0.0
0.0,0.0,0.0,0.0,0.0,0.0
0.0,0.0,0.0,0.0,0.0,0.0
0.0,0.0,0.0,0.0,0.0,0.0
0.0,0.0,0.0,0.0,0.0,0.0
0.0,0.0,0.0,0.0,0.0,0.0
0.0,0.0,0.0,0.0,0.0,0.0
0.0,0.0,0.0,0.0,0.0,0.0
0.0,0.0,0.0,0.0,0.0,0.0
0.0,0.0,0.0,0.0,0.0,0.0
0.0,0.0,0.0,0.0,0.0,0.0
0.0,0.0,0.0,0.0,0.0,0.0
0.0,0.0,0.0,0.0,0.0,0.0
0.0,0.0,0.0,0.0,0.0,0.0
0.0,0.0,0.0,0.0,0.0,0.0
392.3,0.0,0.0,1131.0,0.0,207.4
271.5,0.0,0.0,847.3,0.0,302.8
396.2,668.2,56.3,480.5,54.4,353.3
342.1,313.8,17.6,410.9,17.0,629.4
270.8,319.4,373.3,1353.5,0.0,1092.6
0.0,509.9,545.1,712.3,0.0,884.8
207.4,689.5,545.1,1105.5,0.0,1237.0
338.0,377.5,576.0,1575.1,34.0,1613.6
449.3,723.4,864.0,1025.6,522.7,1283.2
397.7,917.5,793.6,255.2,437.7,1574.7
428.0,861.1,872.6,328.5,563.5,2053.3
417.4,640.9,853.3,306.9,1190.0,1253.4
406.6,608.8,791.5,700.4,1381.3,546.4
488.4,670.7,3045.5,1040.0,1582.4,689.2
431.0,654.2,1720.8,999.4,5192.5,618.1
392.7,596.1,1394.6,887.5,2810.9,518.6
418.2,635.9,1842.2,959.7,2540.1,579.9
443.1,672.6,2252.6,1022.8,3310.3,642.3
461.0,628.6,1547.7,948.9,3749.4,601.5
416.4,629.2,1920.4,944.5,2659.8,562.4
447.4,677.1,2446.1,1035.7,3506.0,643.6
400.6,612.6,1494.9,918.1,4050.5,530.3
399.8,622.6,792.1,919.1,2615.6,531.3
480.1,690.3,940.1,1061.2,1646.1,688.8
444.7,646.2,849.4,987.5,1487.8,609.7
398.3,618.1,790.2,924.0,1408.5,537.0
415.7,642.6,841.5,975.8,1497.4,326.0
427.1,654.4,870.2,1002.7,1539.7,303.9
414.4,627.7,826.6,947.8,1441.4,261.1
462.2,639.6,861.3,973.0,1464.6,316.3
432.7,649.9,410.1,999.8,1536.1,306.1
422.1,639.2,300.7,972.4,1486.0,282.9
141.9,611.2,246.2,912.2,1395.4,231.7
112.5,636.8,292.4,961.4,1475.4,275.1
188.6,692.4,400.1,1060.3,1622.7,398.6
110.7,621.9,259.5,927.7,1420.1,251.1
272.9,440.1,709.2,1392.5,2208.4,667.3
162.9,217.7,423.4,1101.4,883.9,398.4
92.3,123.4,239.9,345.9,415.4,225.8
115.9,129.0,256.2,253.7,422.1,252.1
183.6,206.6,409.7,406.1,677.1,402.0
110.0,147.0,285.8,288.5,494.9,268.9
88.7,118.6,230.6,232.8,399.4,217.0
125.1,167.2,325.1,328.2,563.0,305.9
121.7,162.7,316.3,319.3,547.7,377.0
180.4,173.2,350.8,341.1,551.0,1757.1
146.1,195.2,379.6,383.2,657.3,1633.1
0.0,0.0,0.0,0.0,0.0,109.9
179.1,0.0,0.0,0.0,0.0,2124.5
162.3,0.0,0.0,0.0,0.0,1929.2
448.9,29.3,70.3,1763.6,139.4,2548.5
466.8,0.0,850.9,1056.7,953.6,1672.1
407.9,559.6,811.3,1405.5,1148.4,238.0
296.9,0.0,0.0,908.1,98.9,296.9
301.7,380.8,0.0,1559.8,1656.5,293.4
360.3,500.0,59.8,957.4,2154.0,968.5
313.4,473.8,10.5,1113.6,1968.5,1120.1
305.2,475.1,842.0,949.9,1524.8,902.9
309.9,482.6,959.1,1014.2,1208.1,1026.1
95.4,480.8,886.7,1254.5,1255.8,1026.8
388.3,502.1,987.7,990.8,1181.0,950.1
619.1,498.6,949.4,916.7,1033.2,983.1
445.2,838.7,944.1,880.9,1018.0,873.2
787.2,834.1,848.8,842.2,848.5,839.2
834.0,745.0,854.6,854.8,870.7,840.8
833.3,833.3,833.3,833.3,833.3,833.3
833.3,833.3,833.3,833.3,833.3,833.3
812.8,835.9,838.7,840.7,837.5,834.3
833.3,833.3,833.3,833.3,833.3,833.3
762.4,839.2,855.0,837.3,871.4,834.6
763.1,884.6,957.7,397.9,1139.9,856.7
951.0,937.7,968.8,424.8,839.0,878.7
156.9,156.9,156.9,156.9,156.9,156.9
0.0,0.0,0.0,0.0,0.0,0.0
0.0,0.0,0.0,0.0,0.0,0.0
0.0,0.0,0.0,0.0,0.0,0.0
0.0,0.0,0.0,0.0,0.0,0.0
0.0,0.0,0.0,0.0,0.0,0.0
0.0,0.0,0.0,0.0,0.0,0.0
0.0,0.0,0.0,0.0,0.0,0.0
0.0,0.0,0.0,0.0,0.0,0.0
0.0,0.0,0.0,0.0,0.0,0.0
0.0,0.0,0.0,0.0,0.0,0.0
0.0,0.0,0.0,0.0,0.0,0.0
0.0,0.0,0.0,0.0,0.0,0.0
0.0,0.0,0.0,0.0,0.0,0.0
0.0,0.0,0.0,0.0,0.0,0.0
0.0,0.0,0.0,0.0,0.0,0.0
0.0,0.0,0.0,0.0,0.0,0.0
0.0,0.0,0.0,0.0,0.0,0.0
0.0,0.0,0.0,0.0,0.0,0.0
0.0,0.0,0.0,0.0,0.0,0.0
0.0,0.0,0.0,0.0,0.0,0.0
0.0,0.0,0.0,0.0,0.0,0.0
0.0,0.0,0.0,0.0,0.0,0.0
0.0,0.0,0.0,0.0,0.0,0.0
0.0,41.5,457.8,717.6,0.0,0.0
239.7,303.1,52.7,500.0,51.0,70.3
225.1,213.8,14.1,232.6,303.5,227.8
214.3,113.1,0.0,237.4,373.9,278.1
144.9,0.0,260.9,1342.8,4373.6,1002.4
301.7,0.0,543.0,1371.8,0.0,920.1
329.8,11.7,1476.2,1439.8,27.2,1284.4
541.1,284.5,3921.4,1904.3,941.1,1497.0
435.3,177.1,1954.7,1013.8,596.2,984.0
426.5,165.3,1844.4,990.7,556.6,1004.1
674.6,498.5,2837.4,2334.1,1678.4,1998.6
506.8,271.0,2084.8,3252.3,2478.0,1105.8
693.8,465.8,2158.6,3099.7,6418.6,1262.7
425.2,519.3,1610.8,988.4,2406.3,606.8
301.7,1047.8,543.0,663.6,0.0,302.8
295.8,1242.8,532.4,650.7,0.0,302.8
320.5,231.9,576.9,648.1,463.8,946.6
792.9,2132.0,1491.5,1111.8,2830.8,2615.0
755.7,1215.0,1455.8,1700.0,2871.4,2067.0
851.3,1158.6,1008.9,1680.0,2717.2,617.2
1510.0,1328.8,863.6,1143.8,1517.0,599.4
846.8,1180.6,890.6,1016.4,1556.3,614.9
857.8,1051.7,958.2,1078.1,1735.7,693.7
965.2,1032.9,882.5,1002.0,2491.9,625.7
822.7,994.6,879.2,1004.8,2505.6,610.0
730.7,687.2,953.0,1079.3,1883.0,680.6
702.4,627.0,834.3,959.9,1451.3,568.1
702.4,644.0,887.7,1012.0,1516.9,624.9
530.0,713.7,1036.2,1153.2,1732.6,781.5
412.3,619.2,824.8,950.8,1427.5,559.6
302.5,641.3,639.3,715.8,1499.3,596.6
165.6,705.9,430.5,434.6,1714.6,711.5
102.4,623.3,266.1,268.6,1433.6,557.9
182.0,678.5,377.5,370.5,1588.3,686.2
167.5,703.8,424.1,426.9,1701.8,709.4
106.7,632.8,277.2,279.9,1460.5,569.6
119.2,649.5,309.8,312.8,1516.9,475.4
157.8,701.1,410.1,414.0,1690.5,385.9
155.7,661.4,337.3,333.1,1536.0,333.9
146.8,662.4,336.5,334.8,1545.4,327.7
160.6,706.8,417.5,421.5,1707.1,392.8
117.7,651.3,306.0,308.9,1517.8,287.9
109.4,440.4,284.4,287.1,1080.7,267.6
170.2,214.6,420.0,421.5,716.5,400.7
176.9,547.8,726.1,363.4,597.3,370.1
111.2,817.8,831.9,291.7,500.4,271.9
143.0,846.5,916.7,375.1,643.5,910.8
0.0,1011.6,547.2,0.0,0.0,1102.0
0.0,1268.5,553.6,0.0,0.0,1552.6
338.5,1439.8,626.8,657.7,64.6,1872.7
500.6,1530.3,856.9,1092.3,0.0,1019.8
490.3,948.9,1098.4,1305.0,0.0,1157.3
527.4,0.0,1220.5,1939.6,0.0,1312.5
696.4,0.0,1967.0,1163.7,0.0,653.3
106.8,20.5,151.8,125.8,47.6,65.6
0.0,0.0,0.0,0.0,0.0,0.0
0.0,0.0,0.0,0.0,0.0,0.0
0.0,0.0,0.0,0.0,0.0,0.0
0.0,0.0,0.0,0.0,0.0,0.0
0.0,0.0,0.0,0.0,0.0,0.0
0.0,0.0,0.0,0.0,0.0,0.0
0.0,0.0,0.0,0.0,0.0,0.0
0.0,0.0,0.0,0.0,0.0,0.0
0.0,0.0,0.0,0.0,0.0,0.0
0.0,0.0,0.0,0.0,0.0,0.0
0.0,0.0,0.0,0.0,0.0,0.0
0.0,0.0,0.0,0.0,0.0,0.0
0.0,0.0,0.0,0.0,0.0,0.0
0.0,0.0,0.0,0.0,0.0,0.0
0.0,0.0,0.0,0.0,0.0,0.0
0.0,0.0,0.0,0.0,0.0,0.0
0.0,0.0,0.0,0.0,0.0,0.0
0.0,0.0,0.0,0.0,0.0,0.0
0.0,0.0,0.0,0.0,0.0,0.0
0.0,0.0,0.0,0.0,0.0,0.0
0.0,0.0,0.0,0.0,0.0,0.0
0.0,0.0,0.0,0.0,0.0,0.0
0.0,0.0,0.0,0.0,0.0,0.0
0.0,0.0,0.0,0.0,0.0,0.0
0.0,0.0,0.0,0.0,0.0,0.0
0.0,0.0,0.0,0.0,0.0,0.0
0.0,0.0,0.0,0.0,0.0,0.0
0.0,0.0,0.0,0.0,0.0,0.0
0.0,0.0,0.0,0.0,0.0,0.0
0.0,0.0,0.0,0.0,0.0,0.0
0.0,0.0,0.0,0.0,0.0,0.0
0.0,0.0,0.0,0.0,0.0,0.0
0.0,0.0,0.0,0.0,0.0,0.0
0.0,0.0,0.0,0.0,0.0,0.0
0.0,0.0,0.0,0.0,0.0,0.0
0.0,0.0,0.0,0.0,0.0,0.0
0.0,0.0,0.0,0.0,0.0,0.0
0.0,0.0,0.0,0.0,0.0,0.0
0.0,0.0,0.0,0.0,0.0,0.0
0.0,0.0,0.0,0.0,0.0,0.0
0.0,0.0,0.0,0.0,0.0,0.0
138.0,229.7,239.3,215.0,224.5,214.6
210.2,210.2,210.2,210.2,210.2,210.2
229.0,383.9,427.8,0.0,220.4,0.0
284.2,279.2,296.0,0.0,401.7,0.0
0.0,486.4,553.6,0.0,976.6,1126.2
334.9,763.8,1083.5,537.1,1886.6,1086.8
636.3,872.8,1306.6,748.4,2225.6,1972.6
288.6,663.2,1539.6,335.9,1549.0,1778.3
314.1,664.6,1646.2,342.4,1284.1,2208.8
441.2,670.2,1453.2,349.7,1528.5,2017.3
399.0,1026.3,848.5,246.1,1406.3,1499.2
463.3,1247.7,895.8,335.9,2181.4,371.0
337.0,337.0,337.0,337.0,337.0,337.0
337.0,337.0,337.0,337.0,337.0,337.0
337.0,337.0,337.0,337.0,337.0,337.0
337.0,337.0,337.0,337.0,337.0,337.0
580.5,815.1,653.1,3708.4,1175.7,933.5
522.9,692.1,512.2,2273.3,1824.3,796.0
536.0,920.9,593.8,2399.6,3304.7,862.7
553.8,648.0,637.0,1341.6,5161.7,903.4
444.1,855.9,348.7,1015.7,3093.7,634.5
372.3,228.1,445.5,1116.7,1906.2,730.9
224.0,217.7,1252.7,1097.1,736.0,738.0
405.2,139.9,1370.8,948.7,1236.6,562.4
571.2,363.5,1578.5,1390.1,2189.1,972.6
686.4,514.2,1547.1,1686.0,2384.9,1249.5
391.5,162.6,432.8,993.2,2190.3,607.4
327.1,375.8,743.4,825.5,2005.4,725.7
410.3,225.5,439.2,2065.3,856.7,414.6
431.8,518.9,338.1,1101.1,684.4,318.2
318.9,684.0,369.5,898.4,727.7,646.9
178.6,730.8,464.3,566.4,1298.4,436.8
196.9,707.5,438.6,521.6,3065.2,430.7
207.9,362.2,506.7,996.2,861.2,485.0
180.3,241.0,468.7,2784.9,1501.6,441.0
160.6,215.7,418.8,425.5,1713.9,495.3
211.5,282.7,549.8,555.0,1716.4,2432.7
234.0,669.7,563.3,1044.1,1602.6,1634.3
225.6,748.6,524.4,1862.8,1085.8,926.0
219.0,575.5,569.1,1909.5,985.4,949.4
169.8,226.9,484.6,1777.9,764.1,577.7
409.0,246.8,1291.3,1220.8,831.1,1001.1
319.3,4.4,10.5,8.8,10.2,14.1
367.3,24.9,59.8,1252.7,57.8,513.3
0.0,0.0,0.0,0.0,0.0,0.0
0.0,0.0,0.0,0.0,0.0,0.0
0.0,0.0,0.0,0.0,0.0,0.0
276.7,27.1,1155.9,0.0,0.0,0.0
569.3,180.5,66.8,653.5,64.6,89.1
363.3,722.4,0.0,711.7,0.0,0.0
359.3,0.0,0.0,953.2,0.0,0.0
276.0,0.0,0.0,942.7,0.0,557.3
893.8,0.0,548.6,724.2,71.4,2762.0
836.3,20.5,896.1,849.4,914.0,1483.6
866.5,7.3,846.7,881.2,961.9,1436.4
901.3,456.3,598.2,1020.8,853.7,675.0
0.0,0.0,0.0,0.0,0.0,0.0
0.0,0.0,0.0,0.0,0.0,0.0
0.0,0.0,0.0,0.0,0.0,0.0
0.0,0.0,0.0,0.0,0.0,0.0
0.0,0.0,0.0,0.0,0.0,0.0
0.0,0.0,0.0,0.0,0.0,0.0
0.0,0.0,0.0,0.0,0.0,0.0
0.0,0.0,0.0,0.0,0.0,0.0
0.0,0.0,0.0,0.0,0.0,0.0
0.0,0.0,0.0,0.0,0.0,0.0
0.0,0.0,0.0,0.0,0.0,0.0
0.0,0.0,0.0,0.0,0.0,0.0
0.0,0.0,0.0,0.0,0.0,0.0
0.0,0.0,0.0,0.0,0.0,0.0
0.0,0.0,0.0,0.0,0.0,0.0
0.0,0.0,0.0,0.0,0.0,0.0
0.0,0.0,0.0,0.0,0.0,0.0
0.0,0.0,0.0,0.0,0.0,0.0
0.0,0.0,0.0,0.0,0.0,0.0
0.0,0.0,0.0,0.0,0.0,0.0
0.0,0.0,0.0,0.0,0.0,0.0
0.0,0.0,0.0,0.0,0.0,0.0
0.0,0.0,0.0,0.0,0.0,0.0
0.0,0.0,0.0,0.0,0.0,0.0
0.0,0.0,0.0,0.0,0.0,0.0
0.0,0.0,0.0,0.0,0.0,0.0
0.0,0.0,0.0,0.0,0.0,0.0
0.0,0.0,0.0,0.0,0.0,0.0
0.0,0.0,0.0,0.0,0.0,0.0
0.0,0.0,0.0,0.0,0.0,0.0
0.0,0.0,0.0,0.0,0.0,0.0
0.0,0.0,0.0,0.0,0.0,0.0
0.0,0.0,0.0,0.0,0.0,0.0
0.0,0.0,0.0,0.0,0.0,0.0
0.0,0.0,0.0,0.0,0.0,0.0
0.0,0.0,0.0,0.0,0.0,0.0
0.0,0.0,0.0,0.0,0.0,0.0
0.0,0.0,0.0,0.0,0.0,0.0
0.0,0.0,0.0,0.0,0.0,0.0
0.0,0.0,0.0,0.0,0.0,0.0
39.8,39.8,39.8,39.8,39.8,39.8
39.8,39.8,39.8,39.8,39.8,39.8
39.8,39.8,39.8,39.8,39.8,39.8
39.8,39.8,39.8,39.8,39.8,39.8
128.6,128.6,128.6,128.6,128.6,128.6
128.6,128.6,128.6,128.6,128.6,128.6
118.2,129.0,130.6,130.6,133.1,130.4
111.7,129.0,131.8,131.9,136.0,131.5
170.6,228.0,249.6,249.9,270.7,247.9
135.6,181.2,261.7,262.5,318.6,257.2
222.8,236.1,238.7,238.6,241.9,238.7
176.1,235.4,247.3,247.6,264.3,246.0
114.8,153.5,298.4,301.2,516.7,280.8
140.7,188.0,365.6,369.1,633.1,344.0
195.0,260.6,506.7,511.5,877.4,476.8
272.3,318.7,629.0,626.3,1051.6,611.2
1060.4,602.1,1339.0,1195.6,1640.7,1607.6
817.0,532.3,1150.5,1054.3,1526.9,1321.3
422.3,470.6,934.4,925.3,1540.0,919.2
191.3,255.7,497.3,502.0,861.1,467.9
161.8,190.4,375.6,374.2,1524.4,364.4
203.7,233.5,462.0,459.0,2998.5,451.3
0.0,0.0,0.0,0.0,27.5,0.0
685.7,285.7,685.7,571.4,728.8,914.3
1913.0,797.1,1913.0,1594.1,4354.7,2550.6
1801.4,906.7,2072.7,1805.0,2440.0,2590.6
1562.2,1034.4,1777.3,1542.7,2084.4,3227.6
859.7,1808.6,1182.8,1080.0,4234.5,3845.5
654.1,1046.2,1028.7,1035.4,1949.2,1124.5
147.7,691.6,341.5,342.9,1062.2,631.9
208.3,1501.1,386.6,376.0,1587.9,700.7
631.5,1117.6,547.2,615.6,1916.0,926.8
585.2,1439.9,509.6,2970.4,1774.5,3606.4
489.3,1095.1,467.1,897.3,2780.7,852.7
507.4,746.4,494.8,1267.5,4190.4,883.0
1002.4,928.2,1992.6,4189.5,3502.3,4323.0
1713.9,1013.1,4890.7,1883.6,2360.4,1943.3
1085.0,730.4,1267.3,1136.8,1750.7,804.9
1475.1,1317.1,1255.8,1756.2,2531.3,1717.8
3492.0,2630.7,4991.9,3552.0,4536.7,5250.2
2013.7,1342.4,2529.3,2330.8,2911.8,3568.2
1350.9,1071.1,1827.1,2695.7,2503.2,2537.1
506.2,705.5,976.5,3298.1,1684.5,738.3
433.4,672.1,865.0,1617.5,1551.5,619.2
519.0,706.0,859.9,1174.6,1006.9,733.6
512.9,754.9,873.0,1039.7,1027.4,792.1
580.7,863.0,866.7,882.3,971.0,836.2
833.3,833.3,833.3,833.3,833.3,833.3
833.3,833.3,833.3,833.3,833.3,833.3
833.3,833.3,833.3,833.3,833.3,833.3
622.4,756.2,622.4,518.7,601.7,829.9
8.1,6.3,12.5,16.7,17.8,1047.2
14.1,501.7,14.1,923.4,13.6,1404.6
80.9,512.6,80.9,1299.3,78.2,205.5
513.9,513.9,513.9,513.9,513.9,513.9
0.0,0.0,0.0,0.0,0.0,0.0
0.0,0.0,0.0,0.0,0.0,0.0
0.0,0.0,0.0,0.0,0.0,0.0
0.0,0.0,0.0,0.0,0.0,0.0
0.0,0.0,0.0,0.0,0.0,0.0
0.0,0.0,0.0,0.0,0.0,0.0
0.0,0.0,0.0,0.0,0.0,0.0
0.0,0.0,0.0,0.0,0.0,0.0
0.0,0.0,0.0,0.0,0.0,0.0
0.0,0.0,0.0,0.0,0.0,0.0
0.0,0.0,0.0,0.0,0.0,0.0
0.0,0.0,0.0,0.0,0.0,0.0
0.0,0.0,0.0,0.0,0.0,0.0
0.0,0.0,0.0,0.0,0.0,0.0
0.0,0.0,0.0,0.0,0.0,0.0
0.0,0.0,0.0,0.0,0.0,0.0
0.0,0.0,0.0,0.0,0.0,0.0
0.0,0.0,0.0,0.0,0.0,0.0
0.0,0.0,0.0,0.0,0.0,0.0
0.0,0.0,0.0,0.0,0.0,0.0
0.0,0.0,0.0,0.0,0.0,0.0
0.0,0.0,0.0,0.0,0.0,0.0
0.0,0.0,0.0,0.0,0.0,0.0
0.0,0.0,0.0,0.0,0.0,0.0
0.0,0.0,0.0,0.0,0.0,0.0
0.0,0.0,0.0,0.0,0.0,0.0
0.0,0.0,0.0,0.0,0.0,0.0
0.0,0.0,0.0,0.0,0.0,0.0
0.0,0.0,0.0,0.0,0.0,0.0
0.0,0.0,0.0,0.0,0.0,0.0
0.0,0.0,0.0,0.0,0.0,0.0
0.0,0.0,0.0,0.0,0.0,0.0
0.0,0.0,0.0,0.0,0.0,0.0
0.0,0.0,0.0,0.0,0.0,0.0
0.0,0.0,0.0,0.0,0.0,0.0
0.0,0.0,0.0,0.0,0.0,0.0
0.0,0.0,0.0,0.0,0.0,0.0
0.0,0.0,0.0,0.0,0.0,0.0
0.0,0.0,0.0,0.0,0.0,0.0
0.0,0.0,0.0,0.0,0.0,0.0
0.0,0.0,0.0,0.0,0.0,0.0
344.9,331.1,7.0,505.1,6.8,486.2
363.3,373.8,0.0,483.3,0.0,460.7
333.1,482.6,0.0,0.0,0.0,0.0
306.4,329.9,0.0,0.0,0.0,58.9
368.5,635.1,63.3,52.7,61.2,390.8
472.3,1064.0,437.9,441.4,755.6,718.6
408.7,544.4,278.2,280.9,481.8,563.5
341.9,905.3,352.7,356.1,610.8,633.6
143.8,807.1,373.7,377.3,647.2,557.9
172.8,536.0,342.3,333.8,541.7,348.3
147.5,194.0,377.8,380.8,651.6,356.9
139.0,185.8,361.3,364.8,625.7,340.0
104.6,139.9,271.9,274.5,659.4,255.9
146.9,196.4,381.9,385.5,3691.5,359.3
195.8,206.8,413.4,406.8,4472.1,412.4
123.9,159.1,310.7,312.4,2849.3,295.1
159.6,213.3,414.8,418.7,4121.0,390.3
158.9,212.4,412.9,546.5,3445.2,388.5
137.8,184.2,1647.9,1035.6,1854.2,337.0
200.0,212.3,2607.2,1089.0,688.6,422.5
176.7,226.5,1772.2,1108.5,758.2,551.3
168.8,225.7,2389.4,1106.6,1178.4,721.6
141.5,189.2,2106.5,825.1,1625.0,651.4
182.5,243.9,1558.1,478.8,1797.9,468.6
224.0,250.9,497.8,493.3,893.4,489.1
148.3,185.3,362.9,363.9,617.7,347.0
177.4,237.1,461.0,465.4,798.2,433.7
167.7,224.2,435.9,440.1,754.9,410.2
0.0,0.0,0.0,0.0,0.0,0.0
49.2,20.5,49.2,41.0,47.6,65.6
21.1,8.8,256.5,17.6,20.4,28.1
318.1,144.3,836.2,283.2,485.8,264.0
410.8,184.6,1454.5,650.0,621.4,337.7
451.7,203.6,1145.1,1630.4,685.6,372.5
154.2,167.3,1111.4,1716.1,544.9,330.2
174.7,210.9,414.7,1249.0,699.2,399.8
136.7,182.7,355.3,358.7,615.3,848.4
226.4,127.8,248.5,250.9,430.3,900.9
432.2,446.0,320.8,323.9,555.6,1034.1
475.1,559.4,385.5,382.9,640.6,376.5
150.0,541.7,281.1,278.2,462.6,277.0
114.3,152.7,297.0,299.8,514.2,279.4
137.0,392.4,356.0,359.4,616.5,335.0
105.7,635.3,274.8,277.4,1421.9,258.6
142.1,649.1,318.8,316.2,1755.3,312.3
160.4,214.6,355.0,906.0,2726.2,637.9
133.1,177.9,345.9,1190.0,1568.0,628.3
0.0,0.0,554.2,2080.7,965.3,301.7
0.0,461.9,832.9,2029.3,969.1,302.8
24.6,494.8,2085.7,881.7,1000.4,338.0
42.2,500.2,2052.3,845.1,1032.5,366.2
0.0,484.5,853.0,1642.5,999.2,312.3
0.0,488.3,802.3,1289.3,1010.5,315.8
0.0,205.8,253.9,271.9,227.8,198.2
0.0,0.0,0.0,0.0,0.0,0.0
0.0,0.0,0.0,0.0,0.0,0.0
0.0,0.0,0.0,0.0,0.0,0.0
0.0,0.0,0.0,0.0,0.0,0.0
0.0,0.0,0.0,0.0,0.0,0.0
0.0,0.0,0.0,0.0,0.0,0.0
0.0,0.0,0.0,0.0,0.0,0.0
0.0,0.0,0.0,0.0,0.0,0.0
0.0,0.0,0.0,0.0,0.0,0.0
0.0,0.0,0.0,0.0,0.0,0.0
0.0,0.0,0.0,0.0,0.0,0.0
0.0,0.0,0.0,0.0,0.0,0.0
0.0,0.0,0.0,0.0,0.0,0.0
0.0,0.0,0.0,0.0,0.0,0.0
0.0,0.0,0.0,0.0,0.0,0.0
0.0,0.0,0.0,0.0,0.0,0.0
0.0,0.0,0.0,0.0,0.0,0.0
0.0,0.0,0.0,0.0,0.0,0.0
0.0,0.0,0.0,0.0,0.0,0.0
0.0,0.0,0.0,0.0,0.0,0.0
0.0,0.0,0.0,0.0,0.0,0.0
0.0,0.0,0.0,0.0,0.0,0.0
0.0,0.0,0.0,0.0,0.0,0.0
0.0,0.0,0.0,0.0,0.0,0.0
0.0,0.0,0.0,0.0,0.0,0.0
0.0,0.0,0.0,0.0,0.0,0.0
0.0,0.0,0.0,0.0,0.0,0.0
0.0,0.0,0.0,0.0,0.0,0.0
0.0,0.0,0.0,0.0,0.0,0.0
0.0,0.0,0.0,0.0,0.0,0.0
0.0,0.0,0.0,0.0,0.0,0.0
0.0,0.0,0.0,0.0,0.0,0.0
0.0,0.0,0.0,0.0,0.0,0.0
0.0,0.0,0.0,0.0,0.0,0.0
0.0,0.0,0.0,0.0,0.0,0.0
0.0,0.0,0.0,0.0,0.0,0.0
0.0,0.0,0.0,0.0,0.0,0.0
0.0,0.0,0.0,0.0,0.0,0.0
0.0,0.0,0.0,0.0,0.0,0.0
0.0,0.0,0.0,0.0,0.0,0.0
0.0,0.0,0.0,0.0,0.0,0.0
0.0,0.0,0.0,0.0,0.0,0.0
28.1,11.7,380.2,23.4,27.2,37.5
0.0,0.0,547.2,0.0,0.0,0.0
0.0,0.0,538.7,0.0,0.0,0.0
0.0,0.0,185.4,0.0,604.9,0.0
120.8,138.9,815.5,703.3,4762.8,268.1
370.2,197.7,3104.5,1057.6,3392.4,383.9
416.9,150.9,3321.0,3145.0,2545.7,276.1
389.7,120.9,2360.3,3411.3,2838.3,221.2
447.5,194.9,2100.9,2643.1,2715.5,356.7
420.8,151.1,2242.8,2148.3,504.1,282.5
447.6,143.3,2021.5,2360.6,458.0,294.3
1284.1,511.8,925.4,2251.8,669.5,363.8
1361.5,625.7,818.0,939.6,468.9,450.4
1001.1,597.4,771.3,896.3,399.1,520.9
898.4,675.2,915.2,1041.5,648.2,651.5
1017.8,1770.3,899.7,1000.4,555.5,657.5
855.8,1893.8,518.1,928.5,445.4,2584.1
433.8,1469.0,337.3,1001.6,1210.0,2958.9
413.6,1237.1,294.0,957.8,1481.9,2067.9
409.3,1352.1,282.8,956.9,1447.5,1673.8
480.3,1276.6,365.2,677.7,2617.4,1989.7
270.6,1025.3,315.4,317.2,2735.8,1720.2
112.9,956.4,467.2,296.3,2710.8,577.9
395.8,995.7,1134.2,290.4,2863.7,570.0
370.8,1061.2,1346.2,331.8,1882.4,613.3
430.3,1145.2,336.9,331.4,4512.3,1334.1
433.9,640.7,299.7,299.4,4630.8,1186.8
506.4,412.8,351.7,355.1,2791.0,1297.3
120.9,161.6,314.1,317.1,2886.9,1193.2
172.5,230.5,448.2,452.5,3419.0,1719.9
35.2,14.7,35.2,29.3,995.5,1951.6
31.6,13.2,645.3,26.4,992.1,2331.6
534.5,222.7,1246.8,1193.5,516.7,712.7
773.9,297.4,2169.4,1235.9,690.1,951.8
401.3,135.7,1540.8,788.4,91.8,126.6
532.5,759.6,529.2,1339.0,893.0,574.0
2304.7,1957.4,2541.3,3248.5,4307.9,3344.7
2198.3,1937.3,2384.2,2127.5,4359.5,3175.6
917.8,1256.2,854.8,792.3,2165.3,1273.9
492.1,1023.5,14.1,11.7,1012.8,323.9
1332.7,1364.5,819.3,1302.3,1768.6,1400.0
1113.3,1370.6,573.2,1196.8,1538.2,1650.4
583.9,489.4,115.2,1074.4,994.7,989.5
783.0,754.2,1778.4,3173.2,1899.6,1469.6
797.0,704.8,866.3,913.3,863.0,855.6
490.8,699.8,1137.1,903.9,1057.8,710.5
450.1,685.5,845.4,1131.4,935.0,952.5
732.7,486.4,553.6,1249.8,852.7,1124.8
489.0,480.8,916.3,1099.6,1038.7,975.5
458.8,237.1,939.2,1216.7,1109.9,1038.4
402.8,14.7,1186.6,1364.2,1693.1,338.6
481.7,0.0,1264.6,1601.9,1651.8,0.0
614.7,0.0,1239.2,1335.9,1810.2,0.0
770.0,0.0,1124.1,1175.2,1930.8,0.0
750.7,16.1,1136.3,1304.5,1740.8,51.6
847.4,11.7,1099.5,1417.7,1586.2,37.5
893.1,0.0,1162.8,1295.0,1649.1,0.0
835.7,0.0,1044.9,976.3,1283.0,860.1
773.4,0.0,1021.7,990.7,1374.2,840.1
811.3,22.0,974.7,963.1,1273.5,894.8
0.0,0.0,0.0,0.0,0.0,0.0
0.0,0.0,0.0,0.0,0.0,0.0
0.0,0.0,0.0,0.0,0.0,0.0
0.0,0.0,0.0,0.0,0.0,0.0
0.0,0.0,0.0,0.0,0.0,0.0
0.0,0.0,0.0,0.0,0.0,0.0
0.0,0.0,0.0,0.0,0.0,0.0
0.0,0.0,0.0,0.0,0.0,0.0
0.0,0.0,0.0,0.0,0.0,0.0
0.0,0.0,0.0,0.0,0.0,0.0
0.0,0.0,0.0,0.0,0.0,0.0
0.0,0.0,0.0,0.0,0.0,0.0
0.0,0.0,0.0,0.0,0.0,0.0
0.0,0.0,0.0,0.0,0.0,0.0
0.0,0.0,0.0,0.0,0.0,0.0
0.0,0.0,0.0,0.0,0.0,0.0
0.0,0.0,0.0,0.0,0.0,0.0
0.0,0.0,0.0,0.0,0.0,0.0
0.0,0.0,0.0,0.0,0.0,0.0
0.0,0.0,0.0,0.0,0.0,0.0
0.0,0.0,0.0,0.0,0.0,0.0
0.0,0.0,0.0,0.0,0.0,0.0
0.0,0.0,0.0,0.0,0.0,0.0
0.0,0.0,0.0,0.0,0.0,0.0
0.0,0.0,0.0,0.0,0.0,0.0
0.0,0.0,0.0,0.0,0.0,0.0
0.0,0.0,0.0,0.0,0.0,0.0
0.0,0.0,0.0,0.0,0.0,0.0
0.0,0.0,0.0,0.0,0.0,0.0
0.0,0.0,0.0,0.0,0.0,0.0
0.0,0.0,0.0,0.0,0.0,0.0
0.0,0.0,0.0,0.0,0.0,0.0
0.0,0.0,0.0,0.0,0.0,0.0
0.0,0.0,0.0,0.0,0.0,0.0
0.0,0.0,0.0,0.0,0.0,0.0
0.0,0.0,0.0,0.0,0.0,0.0
0.0,0.0,0.0,0.0,0.0,0.0
33.6,0.0,0.0,0.0,0.0,0.0
204.0,642.2,0.0,0.0,177.2,0.0
9.8,439.4,943.5,0.0,2001.7,0.0
114.0,432.8,921.1,55.7,1543.9,89.1
217.1,459.2,787.4,0.0,1363.5,0.0
0.0,1313.4,932.4,298.1,1192.1,0.0
0.0,713.3,1859.1,666.2,3372.6,0.0
416.0,667.3,2140.2,935.9,3734.9,253.7
376.9,1206.5,1298.0,597.0,2800.0,726.6
132.8,466.2,1195.4,335.8,2150.4,2667.8
106.1,358.6,1869.8,1538.8,1471.2,681.5
110.8,632.6,336.8,1153.1,839.3,1009.5
120.3,643.5,548.8,1110.6,2607.4,2736.2
230.6,454.7,1611.6,1218.2,975.2,513.1
148.1,178.5,351.1,1677.2,1069.8,474.2
126.1,168.5,327.7,2007.5,2765.3,611.2
104.2,139.3,270.9,3183.8,469.2,556.6
594.2,152.1,295.7,1783.1,512.0,1571.0
489.3,274.2,366.8,1872.5,610.9,1161.4
478.2,704.8,405.0,2573.9,677.0,1134.4
407.7,522.7,371.2,374.7,642.7,997.1
670.3,220.2,428.2,432.3,741.5,1639.3
669.6,212.3,412.8,416.7,714.8,1637.6
453.3,208.7,409.2,410.0,695.1,1089.1
463.6,217.9,433.0,428.4,712.1,1079.1
529.3,169.8,330.1,333.3,571.7,850.7
460.5,206.0,400.6,404.4,693.7,377.0
366.8,230.5,448.1,452.4,775.9,421.6
136.6,179.3,676.0,352.1,602.3,330.1
219.4,235.0,1020.4,462.2,763.6,466.1
156.9,209.7,757.7,411.7,706.1,383.7
113.5,151.8,295.1,297.9,511.0,277.7
150.8,201.6,392.1,395.8,678.9,368.9
146.4,195.7,380.6,384.2,659.1,358.1
172.0,171.7,345.8,338.0,550.4,531.7
136.9,473.3,355.7,359.1,616.0,641.1
113.5,641.9,295.0,297.8,510.8,472.0
91.9,433.9,238.8,241.1,413.5,224.7
146.4,195.7,380.5,384.1,658.8,358.0
162.6,168.7,338.1,332.1,545.2,338.9
108.2,131.7,258.8,658.1,437.5,249.1
151.5,202.4,393.6,1071.4,681.6,370.4
101.9,136.3,264.9,695.2,1039.5,249.3
103.0,137.7,267.7,270.2,1443.9,387.9
188.7,216.6,428.6,425.9,1120.4,2619.8
125.7,468.3,281.6,279.4,466.2,2109.9
175.5,711.6,823.2,460.6,790.0,1671.2
0.0,478.9,693.6,1045.4,0.0,2782.2
0.0,477.0,1031.6,1033.0,0.0,2458.4
24.6,29.5,1110.6,1257.2,302.8,1796.5
137.1,643.9,190.2,1806.0,917.8,1305.0
830.2,830.2,830.2,830.2,830.2,830.2
0.0,0.0,0.0,0.0,0.0,0.0
0.0,0.0,0.0,0.0,0.0,0.0
0.0,0.0,0.0,0.0,0.0,0.0
0.0,0.0,0.0,0.0,0.0,0.0
0.0,0.0,0.0,0.0,0.0,0.0
0.0,0.0,0.0,0.0,0.0,0.0
0.0,0.0,0.0,0.0,0.0,0.0
0.0,0.0,0.0,0.0,0.0,0.0
0.0,0.0,0.0,0.0,0.0,0.0
0.0,0.0,0.0,0.0,0.0,0.0
0.0,0.0,0.0,0.0,0.0,0.0
0.0,0.0,0.0,0.0,0.0,0.0
0.0,0.0,0.0,0.0,0.0,0.0
0.0,0.0,0.0,0.0,0.0,0.0
0.0,0.0,0.0,0.0,0.0,0.0
0.0,0.0,0.0,0.0,0.0,0.0
0.0,0.0,0.0,0.0,0.0,0.0
0.0,0.0,0.0,0.0,0.0,0.0
0.0,0.0,0.0,0.0,0.0,0.0
0.0,0.0,0.0,0.0,0.0,0.0
0.0,0.0,0.0,0.0,0.0,0.0
0.0,0.0,0.0,0.0,0.0,0.0
0.0,0.0,0.0,0.0,0.0,0.0
0.0,0.0,0.0,0.0,0.0,0.0
0.0,0.0,0.0,0.0,0.0,0.0
0.0,0.0,0.0,0.0,0.0,0.0
0.0,0.0,0.0,0.0,0.0,0.0
0.0,0.0,0.0,0.0,0.0,0.0
0.0,0.0,0.0,0.0,0.0,0.0
0.0,0.0,0.0,0.0,0.0,0.0
0.0,0.0,0.0,0.0,0.0,0.0
0.0,0.0,0.0,0.0,0.0,0.0
0.0,0.0,0.0,0.0,0.0,0.0
0.0,0.0,0.0,0.0,0.0,0.0
0.0,0.0,0.0,0.0,0.0,0.0
0.0,0.0,0.0,0.0,0.0,0.0
0.0,0.0,0.0,0.0,0.0,0.0
0.0,0.0,0.0,0.0,0.0,0.0
0.0,0.0,0.0,0.0,0.0,0.0
0.0,0.0,0.0,0.0,0.0,0.0
0.0,0.0,0.0,0.0,0.0,0.0
0.0,0.0,0.0,0.0,0.0,0.0
0.0,0.0,0.0,0.0,0.0,0.0
256.1,99.9,426.6,392.0,0.0,0.0
283.9,222.5,285.4,382.9,0.0,0.0
209.5,206.8,238.9,211.9,251.3,56.3
207.6,204.3,219.2,212.1,298.6,32.8
741.6,488.3,796.3,1145.1,1046.1,0.0
754.9,490.2,0.0,1177.0,1487.5,0.0
813.7,484.5,112.4,1167.5,2184.2,0.0
719.1,497.7,576.7,844.8,1632.5,42.2
755.3,647.2,873.8,1127.3,3859.3,321.1
396.3,609.1,793.1,248.3,3135.1,231.4
451.8,683.1,942.7,397.1,3040.3,370.1
402.3,617.2,813.1,264.1,1422.2,1234.5
429.0,633.7,839.1,293.1,1462.1,2657.7
492.3,695.7,964.4,415.3,1656.4,1284.9
399.1,612.9,796.3,255.8,1404.0,1242.1
420.8,1149.2,840.4,300.2,1476.5,1652.3
440.3,1800.5,888.9,351.3,1567.9,1730.8
406.6,930.6,807.0,265.9,1423.6,1828.5
479.6,1045.0,903.4,350.5,1541.0,1606.3
431.9,1240.4,880.7,476.2,1546.4,1366.7
411.4,1230.4,812.8,938.6,1447.6,555.5
395.1,1301.2,831.1,951.2,1464.7,563.6
130.3,688.8,890.2,1010.8,1555.6,620.4
180.7,592.9,913.7,1032.3,1558.9,674.5
98.1,131.2,800.2,931.5,1410.8,542.8
135.0,180.4,896.0,1020.4,1591.7,631.8
315.9,422.2,1374.6,1495.0,2341.7,1078.9
164.9,220.4,946.0,1096.2,742.0,709.6
186.4,197.3,394.4,1051.9,639.9,696.0
180.5,231.5,452.2,1115.7,775.0,732.5
144.1,192.7,374.6,1041.8,648.7,655.3
121.1,161.8,314.7,983.9,544.9,603.7
166.6,222.7,432.9,1103.3,749.7,694.9
176.9,200.9,398.0,1058.6,659.6,389.7
138.8,159.6,315.7,987.7,525.1,308.1
149.7,200.2,389.2,1066.9,673.9,366.2
128.7,172.0,334.4,1003.8,579.1,314.7
105.6,141.2,274.5,943.4,475.4,258.3
139.4,167.0,328.6,994.3,553.0,317.5
173.4,189.7,377.6,1049.7,618.8,373.2
114.0,152.4,296.4,931.8,513.2,278.9
121.6,162.5,316.0,319.0,547.2,297.3
145.0,193.8,376.8,380.3,652.4,354.5
128.4,171.6,333.7,336.9,577.9,314.0
917.6,165.2,333.9,325.3,527.1,340.4
1029.2,193.4,359.6,363.0,997.1,338.4
1185.4,154.7,277.7,280.3,1469.5,261.3
1604.5,491.1,334.1,337.3,1918.5,314.4
1535.3,981.7,0.0,0.0,2483.0,0.0
974.6,1231.5,1227.5,44.0,1452.1,70.3
993.2,1262.0,1309.6,11.7,1404.8,18.8
895.8,1367.8,1491.4,0.0,1245.0,0.0
869.6,1320.8,1413.3,238.5,1157.8,0.0
797.1,1130.4,1117.1,653.3,1302.1,0.0
779.8,1064.4,1243.4,677.4,1079.7,155.3
847.8,1092.4,1700.4,696.1,328.8,334.5
841.7,849.9,912.1,683.5,839.2,873.6
833.3,833.3,833.3,833.3,833.3,833.3
833.3,833.3,833.3,833.3,833.3,833.3
851.2,902.9,1000.5,1160.0,17.0,1068.4
833.3,833.3,833.3,833.3,833.3,833.3
833.3,833.3,833.3,833.3,833.3,833.3
833.3,833.3,833.3,833.3,833.3,833.3
737.0,835.7,849.2,868.0,864.6,845.4
294.6,845.9,959.1,993.1,1001.8,905.7
360.2,843.9,974.1,939.4,982.1,900.3
0.0,846.3,1012.1,1015.6,1199.3,926.7
0.0,839.8,1000.9,1004.1,1168.7,937.5
0.0,0.0,0.0,0.0,0.0,0.0
0.0,0.0,0.0,0.0,0.0,0.0
0.0,0.0,0.0,0.0,0.0,0.0
0.0,0.0,0.0,0.0,0.0,0.0
0.0,0.0,0.0,0.0,0.0,0.0
0.0,0.0,0.0,0.0,0.0,0.0
0.0,0.0,0.0,0.0,0.0,0.0
0.0,0.0,0.0,0.0,0.0,0.0
0.0,0.0,0.0,0.0,0.0,0.0
0.0,0.0,0.0,0.0,0.0,0.0
0.0,0.0,0.0,0.0,0.0,0.0
0.0,0.0,0.0,0.0,0.0,0.0
0.0,0.0,0.0,0.0,0.0,0.0
0.0,0.0,0.0,0.0,0.0,0.0
0.0,0.0,0.0,0.0,0.0,0.0
0.0,0.0,0.0,0.0,0.0,0.0
0.0,0.0,0.0,0.0,0.0,0.0
0.0,0.0,0.0,0.0,0.0,0.0
0.0,0.0,0.0,0.0,0.0,0.0
0.0,0.0,0.0,0.0,0.0,0.0
0.0,0.0,0.0,0.0,0.0,0.0
0.0,0.0,0.0,0.0,0.0,0.0
0.0,0.0,0.0,0.0,0.0,0.0
0.0,0.0,0.0,0.0,0.0,0.0
0.0,0.0,0.0,0.0,0.0,0.0
0.0,0.0,0.0,0.0,0.0,0.0
0.0,0.0,0.0,0.0,0.0,0.0
0.0,0.0,0.0,0.0,0.0,0.0
0.0,0.0,0.0,88.9,438.7,0.0
52.7,52.5,52.7,144.9,154.3,70.3
14.1,119.9,14.1,144.2,216.6,18.8
1.1,62.7,5.4,162.6,162.5,133.3
252.9,266.2,0.0,312.6,269.3,357.8
289.4,259.4,0.0,321.5,278.3,310.1
243.1,243.1,243.1,243.1,243.1,243.1
243.1,243.1,243.1,243.1,243.1,243.1
566.1,593.0,597.2,593.2,592.6,591.2
588.9,588.9,588.9,588.9,588.9,588.9
588.9,588.9,588.9,588.9,588.9,588.9
588.9,588.9,588.9,588.9,588.9,588.9
932.1,1121.6,2722.8,1066.2,2708.1,1195.0
760.8,710.2,1907.4,1124.8,3768.1,1249.7
967.8,1123.8,1637.5,1219.1,1707.8,1282.2
2189.8,2189.8,2189.8,2189.8,2189.8,2189.8
1134.5,1282.7,1192.1,1205.4,1771.8,2145.9
516.2,917.2,680.8,1506.8,1159.4,483.4
420.1,853.6,648.4,2733.5,690.0,458.7
309.9,961.8,547.2,1700.2,334.7,302.8
306.4,1042.6,557.8,1373.7,2814.9,304.0
451.5,687.9,2095.4,1639.6,2482.5,650.7
509.4,764.4,2792.0,1797.0,1879.9,809.2
453.9,678.5,1624.6,1642.1,1614.7,664.8
426.6,639.3,1482.4,977.0,1500.4,603.3
457.1,671.9,2946.4,1058.2,1656.0,683.7
431.7,418.0,2752.6,1003.9,1562.9,629.6
396.0,261.0,2609.9,936.5,1433.9,565.4
313.3,691.2,2720.8,1072.7,1677.0,697.6
215.6,652.7,2181.6,1009.9,1570.1,633.9
414.0,621.9,2064.8,949.4,781.7,570.8
569.2,741.2,2455.5,1174.0,827.8,831.8
499.3,1163.4,2136.5,1068.7,662.2,566.3
416.7,1401.4,1216.9,957.3,485.6,1885.7
458.5,1438.9,946.5,607.9,697.1,3164.1
448.9,1412.3,905.5,370.5,630.6,3048.7
1646.9,1318.3,913.3,361.7,583.0,3056.2
2306.4,1360.8,908.2,369.6,630.7,2735.3
2256.6,920.8,925.6,386.5,658.1,2853.9
2217.6,661.9,868.4,327.3,558.2,2461.5
1385.0,336.0,883.4,334.8,1329.9,1591.3
1283.9,228.3,621.9,1126.5,1514.2,1085.7
1320.6,178.5,348.3,1553.7,1827.1,632.2
1158.8,265.3,517.8,1432.2,1689.7,796.6
566.6,219.8,428.7,1536.3,1751.8,496.9
141.7,149.5,149.9,152.4,153.5,149.8
0.0,0.0,0.0,0.0,0.0,0.0
0.0,0.0,0.0,0.0,0.0,0.0
0.0,0.0,0.0,0.0,0.0,0.0
0.0,0.0,0.0,0.0,0.0,0.0
0.0,0.0,0.0,0.0,0.0,0.0
0.0,0.0,0.0,0.0,0.0,0.0
0.0,0.0,0.0,0.0,0.0,0.0
0.0,0.0,0.0,0.0,0.0,0.0
0.0,0.0,0.0,0.0,0.0,0.0
0.0,0.0,0.0,0.0,0.0,0.0
0.0,0.0,0.0,0.0,0.0,0.0
0.0,0.0,0.0,0.0,0.0,0.0
0.0,0.0,0.0,0.0,0.0,0.0
0.0,0.0,0.0,0.0,0.0,0.0
0.0,0.0,0.0,0.0,0.0,0.0
0.0,0.0,0.0,0.0,0.0,0.0
0.0,0.0,0.0,0.0,0.0,0.0
0.0,0.0,0.0,0.0,0.0,0.0
0.0,0.0,0.0,0.0,0.0,0.0
0.0,0.0,0.0,0.0,0.0,0.0
0.0,0.0,0.0,0.0,0.0,0.0
0.0,0.0,0.0,0.0,0.0,0.0
0.0,0.0,0.0,0.0,0.0,0.0
0.0,0.0,0.0,0.0,0.0,0.0
0.0,0.0,0.0,0.0,0.0,0.0
0.0,0.0,0.0,0.0,0.0,0.0
0.0,0.0,0.0,0.0,0.0,0.0
0.0,0.0,0.0,0.0,0.0,0.0
0.0,0.0,0.0,0.0,0.0,0.0
0.0,0.0,0.0,0.0,0.0,0.0
0.0,0.0,0.0,0.0,0.0,0.0
0.0,0.0,0.0,0.0,0.0,0.0
0.0,0.0,0.0,0.0,0.0,0.0
0.0,0.0,0.0,0.0,0.0,0.0
0.0,0.0,0.0,0.0,0.0,0.0
0.0,0.0,0.0,0.0,0.0,0.0
0.0,0.0,0.0,0.0,0.0,0.0
0.0,0.0,0.0,0.0,0.0,0.0
0.0,0.0,0.0,0.0,0.0,0.0
0.0,0.0,0.0,0.0,0.0,0.0
0.0,0.0,0.0,0.0,0.0,0.0
0.0,0.0,0.0,0.0,0.0,0.0
0.0,0.0,0.0,0.0,0.0,0.0
0.0,0.0,0.0,0.0,0.0,0.0
0.0,0.0,0.0,0.0,0.0,0.0
0.0,0.0,0.0,0.0,0.0,0.0
0.0,0.0,0.0,0.0,0.0,0.0
0.0,0.0,0.0,0.0,0.0,0.0
0.0,0.0,0.0,0.0,0.0,0.0
0.0,0.0,0.0,0.0,0.0,0.0
117.1,200.6,196.2,204.7,237.0,213.3
158.3,197.1,195.7,198.9,219.1,199.8
45.7,276.5,45.7,239.9,500.1,61.0
0.0,280.9,254.9,223.7,409.3,0.0
0.0,1220.6,2017.0,663.6,3261.5,0.0
0.0,1256.9,1487.8,671.4,2546.6,16.5
3.5,1225.5,2075.1,676.9,953.6,311.1
501.2,988.5,2050.8,718.6,1023.1,384.9
958.8,672.1,1822.9,1023.3,1589.1,635.7
1033.6,708.6,972.9,1099.8,1728.6,707.0
1025.6,665.7,893.2,1019.3,1582.9,632.0
979.2,645.3,848.6,980.3,1516.7,593.4
841.7,675.8,921.4,1851.8,1589.6,684.5
437.7,657.7,888.4,2462.7,1558.1,629.5
425.8,401.9,887.2,1813.1,1546.6,623.1
405.8,145.5,834.4,1820.3,946.2,572.6
416.6,153.6,845.9,1756.9,517.2,585.1
481.7,200.3,941.9,1326.7,657.6,691.4
430.8,140.4,821.3,276.0,460.5,574.6
417.1,151.2,836.9,296.8,509.0,578.3
448.2,194.3,918.6,381.4,654.1,655.9
393.0,122.1,494.1,239.8,411.2,366.0
430.4,155.9,306.5,306.4,517.4,295.3
498.0,249.3,434.7,430.2,715.1,428.4
243.8,805.7,237.8,240.0,411.7,223.7
365.0,227.0,381.5,387.8,661.4,362.5
148.3,215.7,360.0,363.5,623.4,338.8
100.0,151.2,793.4,236.9,406.3,220.8
195.2,210.2,1068.1,367.0,598.6,379.3
150.3,584.2,1402.5,374.4,642.2,349.0
235.9,565.9,964.3,288.5,494.9,268.9
475.0,168.3,996.6,330.4,566.7,308.0
431.1,219.9,1026.2,431.7,740.5,402.4
617.5,249.6,1177.5,588.3,818.8,484.7
459.7,246.2,1034.7,2670.5,819.6,462.4
257.5,0.0,0.0,97.7,0.0,0.0
230.3,0.0,0.0,97.7,98.9,0.0
262.7,0.0,0.0,97.7,2214.3,525.8
237.0,10.3,24.6,96.5,1090.3,684.8
42.2,17.6,42.2,1294.2,1339.5,1026.9
0.0,0.0,0.0,1340.4,1885.2,638.4
66.8,315.2,66.8,55.7,1316.3,828.7
1628.1,1034.7,1677.0,1356.8,2595.8,2994.7
352.9,856.6,1757.6,1206.6,3422.5,1439.4
315.6,644.6,649.8,1019.2,1365.5,1005.3
80.9,33.7,129.7,67.4,78.2,217.7
211.3,0.0,48.8,0.0,0.0,602.2
406.1,0.0,362.5,0.0,0.0,2409.4
763.5,288.5,1104.9,0.0,0.0,2843.2
833.3,833.3,833.3,833.3,833.3,833.3
833.3,833.3,833.3,833.3,833.3,833.3
833.3,833.3,833.3,833.3,833.3,833.3
845.8,751.1,839.3,852.2,849.9,861.7
840.5,783.1,837.2,844.6,845.4,849.2
833.3,833.3,833.3,833.3,833.3,833.3
840.5,717.1,836.4,866.6,879.7,859.8
615.3,468.6,524.6,1144.9,1290.0,956.6
409.2,474.7,554.8,1230.7,1438.4,892.2
421.4,485.4,578.0,1211.0,1433.5,870.7
632.5,471.1,554.2,1102.2,1301.7,938.3
851.1,515.1,632.3,970.9,1096.1,934.6
879.4,483.7,564.9,961.1,1096.6,1014.3
892.2,526.6,629.6,909.5,1004.5,1037.7
909.8,501.3,571.2,939.5,958.8,1119.4
841.1,493.5,548.6,1005.7,1088.9,1022.2
843.4,484.5,547.2,1002.5,1154.4,967.9
833.3,833.3,833.3,833.3,833.3,833.3
833.3,833.3,833.3,833.3,833.3,833.3
789.0,835.7,838.5,845.3,855.5,836.0
780.2,837.0,842.0,846.6,858.5,835.7
736.8,839.3,853.7,855.1,879.0,836.2
789.9,836.4,844.5,839.5,854.0,835.7
802.1,836.9,844.4,835.8,845.5,835.1
785.0,841.7,854.2,836.1,847.5,835.4
764.9,840.1,856.3,839.1,862.9,836.8
833.3,833.3,833.3,833.3,833.3,833.3
824.7,833.6,835.1,834.6,838.0,834.0
560.6,812.1,914.4,939.2,1182.4,591.2
403.7,621.3,964.3,1077.8,1689.0,243.8
315.4,875.0,1152.7,1031.1,1353.0,272.8
132.1,971.5,1175.0,1028.1,1370.3,323.0
149.3,1068.3,1256.9,915.3,1280.3,329.8
131.8,1338.8,1750.7,282.8,1078.5,417.5
133.6,1237.7,1975.9,350.6,665.5,636.7
119.8,1215.7,2209.7,314.2,539.0,601.6
90.6,158.9,174.3,149.2,147.6,145.6
0.0,0.0,0.0,0.0,0.0,0.0
0.0,0.0,0.0,0.0,0.0,0.0
0.0,0.0,0.0,0.0,0.0,0.0
0.0,0.0,0.0,0.0,0.0,0.0
0.0,0.0,0.0,0.0,0.0,0.0
0.0,0.0,0.0,0.0,0.0,0.0
0.0,0.0,0.0,0.0,0.0,0.0
0.0,0.0,0.0,0.0,0.0,0.0
0.0,0.0,0.0,0.0,0.0,0.0
0.0,0.0,0.0,0.0,0.0,0.0
195.5,195.5,195.5,195.5,195.5,195.5
205.3,159.7,200.2,200.0,207.7,200.2
206.2,155.7,200.4,200.6,210.6,199.6
203.5,164.0,199.6,199.7,207.4,199.0
423.7,149.0,289.7,292.4,501.6,272.6
446.0,172.2,336.8,338.2,575.2,321.1
515.4,218.2,435.0,429.2,710.2,431.4
683.3,1330.2,1717.8,1734.1,2974.5,1616.3
160.7,699.3,417.6,421.6,723.2,393.0
114.0,638.8,296.3,299.1,1406.7,278.8
165.7,716.5,432.1,438.9,1718.1,689.4
527.7,1515.4,1774.1,2830.1,4305.1,3387.2
378.1,1302.3,1399.6,2272.9,3666.2,2757.6
195.6,760.1,509.6,517.1,1867.3,791.8
149.3,699.2,388.0,391.7,1644.8,672.7
138.7,685.0,360.5,363.9,1619.6,643.2
166.6,670.0,851.4,342.7,1562.7,659.9
186.5,737.9,1007.4,464.2,1789.0,752.8
151.0,237.6,939.6,1010.5,1671.1,681.4
114.3,152.7,852.7,966.0,1517.2,589.3
0.0,0.0,553.6,1333.4,71.6,313.4
45.7,357.6,1265.9,1343.2,44.2,83.3
17.6,326.2,1464.0,1491.9,2322.3,23.4
907.3,785.9,2280.6,2104.3,3485.6,1209.7
742.0,309.2,2753.0,2197.6,3495.4,1622.6
158.2,169.6,2580.5,1637.8,153.0,1045.1
270.9,549.6,1434.9,881.1,129.2,941.5
315.6,516.8,1414.3,744.2,74.8,820.6
2042.5,1443.1,2993.2,2501.4,2501.0,3373.5
2764.2,1762.9,3363.9,3266.8,3214.5,4272.8
2226.4,1567.5,3210.5,2773.0,4100.7,3793.5
1957.6,1406.9,2139.0,1804.0,4702.6,3249.9
1815.8,1330.3,1955.5,1657.8,3816.7,3073.0
1650.7,1208.8,1669.8,1422.3,4099.8,2902.8
599.9,315.6,714.5,1831.3,2018.0,1537.0
1036.0,427.8,2114.9,3238.0,2807.5,1668.4
2344.6,956.8,2296.3,3362.5,4716.6,3368.1
2440.0,1355.1,2222.4,3078.4,3246.5,3275.5
971.5,1228.8,1048.5,1268.7,3807.5,3065.3
565.9,791.6,668.2,1512.4,3374.1,3639.2
504.8,1030.0,594.0,1634.6,2219.2,1816.3
198.9,811.9,505.6,606.9,3882.2,1793.4
358.7,1022.9,1855.7,1531.9,2025.4,1004.2
850.5,1189.5,1271.0,739.6,1084.3,1587.1
770.8,618.4,911.1,855.2,776.8,1067.6
752.3,568.8,471.9,1661.5,987.3,558.1
153.1,599.2,386.6,389.1,1648.3,476.5
322.8,311.8,572.6,695.8,990.6,117.9
814.8,814.8,814.8,814.8,814.8,814.8
0.0,0.0,0.0,0.0,0.0,0.0
0.0,0.0,0.0,0.0,0.0,0.0
0.0,0.0,0.0,0.0,0.0,0.0
0.0,0.0,0.0,0.0,0.0,0.0
0.0,0.0,0.0,0.0,0.0,0.0
0.0,0.0,0.0,0.0,0.0,0.0
0.0,0.0,0.0,0.0,0.0,0.0
0.0,0.0,0.0,0.0,0.0,0.0
0.0,0.0,0.0,0.0,0.0,0.0
0.0,0.0,0.0,0.0,0.0,0.0
0.0,0.0,0.0,0.0,0.0,0.0
0.0,0.0,0.0,0.0,0.0,0.0
0.0,0.0,0.0,0.0,0.0,0.0
0.0,0.0,0.0,0.0,0.0,0.0
0.0,0.0,0.0,0.0,0.0,0.0
0.0,0.0,0.0,0.0,0.0,0.0
0.0,0.0,0.0,0.0,0.0,0.0
0.0,0.0,0.0,0.0,0.0,0.0
0.0,0.0,0.0,0.0,0.0,0.0
0.0,0.0,0.0,0.0,0.0,0.0
0.0,0.0,0.0,0.0,0.0,0.0
0.0,0.0,0.0,0.0,0.0,0.0
0.0,0.0,0.0,0.0,0.0,0.0
0.0,0.0,0.0,0.0,0.0,0.0
0.0,0.0,0.0,0.0,0.0,0.0
0.0,0.0,0.0,0.0,0.0,0.0
0.0,0.0,0.0,0.0,0.0,0.0
0.0,0.0,0.0,0.0,0.0,0.0
0.0,0.0,0.0,0.0,0.0,0.0
0.0,0.0,0.0,0.0,0.0,0.0
0.0,0.0,0.0,0.0,0.0,0.0
0.0,0.0,0.0,0.0,0.0,0.0
0.0,0.0,0.0,0.0,0.0,0.0
0.0,0.0,0.0,0.0,0.0,0.0
0.0,0.0,0.0,0.0,0.0,0.0
0.0,0.0,0.0,0.0,0.0,0.0
0.0,0.0,0.0,0.0,0.0,0.0
0.0,0.0,0.0,0.0,0.0,0.0
0.0,0.0,0.0,0.0,0.0,0.0
0.0,0.0,0.0,0.0,0.0,0.0
0.0,0.0,0.0,0.0,0.0,0.0
0.0,0.0,0.0,0.0,0.0,0.0
0.0,0.0,0.0,0.0,0.0,0.0
0.0,0.0,0.0,0.0,0.0,0.0
0.0,0.0,0.0,0.0,0.0,0.0
0.0,0.0,0.0,0.0,0.0,0.0
0.0,0.0,0.0,0.0,0.0,0.0
585.2,0.0,0.0,0.0,0.0,0.0
162.8,20.5,49.2,41.0,246.0,65.6
163.5,7.3,17.6,14.7,358.6,23.4
135.5,0.0,0.0,121.3,184.7,143.6
583.6,261.3,508.0,577.4,708.0,618.3
555.1,549.7,379.3,557.2,647.4,567.7
452.8,550.7,548.2,551.4,586.9,566.4
424.4,588.8,563.3,572.6,440.3,667.1
448.2,1503.2,939.4,1073.0,675.4,1652.0
408.7,1698.5,827.6,944.5,481.8,538.7
390.5,1314.1,795.8,906.0,415.7,532.3
471.2,704.4,968.2,2236.9,700.8,700.2
451.8,655.8,866.4,2558.0,525.0,627.4
406.9,618.6,807.3,2071.9,457.8,557.5
447.6,673.0,906.6,2631.9,640.8,656.9
413.7,617.3,1972.5,3028.5,1358.5,558.4
412.9,631.3,2386.8,2341.9,1481.0,573.7
503.1,683.1,2094.8,1077.1,1641.6,713.5
409.8,622.5,2390.3,953.7,1447.5,557.5
420.5,633.0,2923.9,966.2,1506.9,580.1
431.4,660.2,2249.1,1003.6,1566.5,616.1
415.3,632.4,835.8,954.2,1450.3,562.9
355.8,667.4,890.3,1012.7,1526.3,652.7
143.3,661.3,895.2,1017.2,1549.4,640.1
115.6,639.0,849.7,979.9,1485.5,591.4
102.2,624.9,815.0,685.6,1414.0,551.6
129.2,661.0,881.0,339.1,1546.9,618.9
154.8,662.4,905.4,349.6,1542.7,648.6
130.7,634.4,624.9,279.9,1440.4,585.6
132.5,480.6,344.3,347.6,1572.8,626.8
122.3,163.5,317.8,320.9,1538.3,606.6
94.0,125.6,244.2,246.5,1388.2,419.5
147.5,190.7,372.1,374.4,1608.0,352.9
180.2,185.9,372.8,365.8,1576.4,374.2
95.6,127.7,248.4,250.7,1406.7,233.7
141.0,188.5,366.5,369.9,1603.6,344.8
115.7,154.7,300.8,303.7,1505.1,283.1
94.5,126.3,245.5,247.8,1032.2,231.0
205.5,219.7,438.5,432.2,713.6,436.1
113.8,145.6,284.4,285.9,487.1,270.4
96.9,129.6,251.9,254.3,436.2,237.1
147.2,196.7,382.5,386.1,662.3,359.9
102.0,136.4,265.2,267.8,459.3,249.6
157.0,174.3,346.2,342.7,570.0,341.0
204.8,247.9,487.4,487.1,822.4,469.6
134.1,179.2,348.4,351.8,603.4,327.9
0.0,0.0,48.8,0.0,0.0,0.0
0.0,0.0,998.5,0.0,0.0,0.0
10.5,4.4,300.9,8.8,10.2,14.1
484.5,22.0,101.6,44.0,51.0,70.3
518.7,0.0,46.1,0.0,0.0,0.0
395.9,0.0,46.1,0.0,0.0,0.0
925.8,0.0,724.5,0.0,987.9,0.0
339.3,577.1,675.6,0.0,976.6,0.0
380.9,751.7,1188.9,55.7,1060.0,89.1
601.9,1153.2,1903.9,0.0,991.7,0.0
851.2,1102.6,1175.9,971.0,899.2,0.0
894.0,484.0,2276.9,1190.5,154.6,0.0
915.3,942.6,1439.6,1038.7,0.0,0.0
924.5,1092.1,1127.1,1683.2,37.4,51.6
0.0,0.0,0.0,0.0,0.0,0.0
0.0,0.0,0.0,0.0,0.0,0.0
0.0,0.0,0.0,0.0,0.0,0.0
0.0,0.0,0.0,0.0,0.0,0.0
0.0,0.0,0.0,0.0,0.0,0.0
0.0,0.0,0.0,0.0,0.0,0.0
0.0,0.0,0.0,0.0,0.0,0.0
0.0,0.0,0.0,0.0,0.0,0.0
0.0,0.0,0.0,0.0,0.0,0.0
0.0,0.0,0.0,0.0,0.0,0.0
0.0,0.0,0.0,0.0,0.0,0.0
0.0,0.0,0.0,0.0,0.0,0.0
0.0,0.0,0.0,0.0,0.0,0.0
0.0,0.0,0.0,0.0,0.0,0.0
0.0,0.0,0.0,0.0,0.0,0.0
0.0,0.0,0.0,0.0,0.0,0.0
0.0,0.0,0.0,0.0,0.0,0.0
0.0,0.0,0.0,0.0,0.0,0.0
0.0,0.0,0.0,0.0,0.0,0.0
0.0,0.0,0.0,0.0,0.0,0.0
0.0,0.0,0.0,0.0,0.0,0.0
0.0,0.0,0.0,0.0,0.0,0.0
0.0,0.0,0.0,0.0,0.0,0.0
0.0,0.0,0.0,0.0,0.0,0.0
0.0,0.0,0.0,0.0,0.0,0.0
0.0,0.0,0.0,0.0,0.0,0.0
0.0,0.0,0.0,0.0,0.0,0.0
0.0,0.0,0.0,0.0,0.0,0.0
0.0,0.0,0.0,0.0,0.0,0.0
0.0,0.0,0.0,0.0,0.0,0.0
0.0,0.0,0.0,0.0,0.0,0.0
0.0,0.0,0.0,0.0,0.0,0.0
0.0,0.0,0.0,0.0,0.0,0.0
0.0,0.0,0.0,0.0,0.0,0.0
0.0,0.0,0.0,0.0,0.0,0.0
0.0,0.0,0.0,0.0,0.0,0.0
157.3,157.3,157.3,157.3,157.3,157.3
271.6,22.0,52.7,476.0,51.0,70.3
231.1,277.3,10.5,400.4,10.2,14.1
204.9,417.9,0.0,320.9,0.0,0.0
309.9,800.7,0.0,671.4,0.0,0.0
461.8,576.4,406.9,1087.4,704.6,382.9
411.8,126.5,248.6,917.3,419.6,239.4
456.8,159.0,763.9,976.5,513.8,319.0
754.4,188.9,920.9,1039.6,2037.4,345.6
1136.5,119.9,786.8,1726.4,3746.7,980.9
1019.6,152.6,852.4,2925.0,3209.7,2095.7
715.1,177.6,903.1,2591.7,2626.0,1789.9
447.3,144.6,848.4,1298.3,1449.7,964.5
265.1,163.4,869.8,321.0,1528.3,554.5
125.3,167.5,1688.6,328.8,1551.9,614.0
88.0,117.7,2706.5,230.9,1387.8,522.8
120.1,160.6,2412.2,315.2,1532.4,602.6
136.9,569.1,1600.0,340.2,1555.3,632.9
661.4,881.2,1410.2,772.1,2059.6,1329.0
1647.8,1332.7,2469.1,1672.9,3157.3,2688.5
325.5,786.7,1147.9,2188.7,1883.4,931.5
445.7,567.6,412.0,2511.4,1139.4,3112.5
365.0,26.4,1997.4,1260.1,61.2,3872.8
294.6,0.0,2841.3,1987.2,0.0,1931.7
302.8,0.0,1448.8,1142.6,0.0,1927.0
464.0,215.4,1864.2,2399.1,725.4,1336.6
300.5,0.0,706.8,706.2,0.0,2020.8
296.9,0.0,1515.6,1394.9,0.0,1130.0
304.0,0.0,847.5,3541.8,1256.0,2231.8
443.4,187.9,2039.3,2305.8,1783.6,2547.5
477.6,232.1,3321.4,2596.3,2970.5,2450.1
2412.1,232.7,3179.1,456.7,783.4,2491.3
3283.8,186.6,3194.7,366.3,628.4,966.8
2195.9,212.9,959.2,418.0,717.0,1579.2
2222.5,618.8,1805.7,483.0,2665.8,471.7
1654.2,1347.7,1480.2,392.9,2618.5,372.1
2017.2,2054.6,1678.4,1035.0,2641.9,1004.6
1366.6,849.1,2452.0,1146.2,2201.7,1080.9
2237.2,851.8,1049.9,1139.7,1765.1,1115.9
1902.9,882.5,917.1,1037.8,2936.6,1692.1
1698.9,2080.6,1003.2,1125.3,2683.9,1555.8
1265.5,1845.9,1031.1,1139.9,3524.8,1581.9
456.5,2114.2,927.3,1024.1,4018.2,1848.8
388.7,1890.7,1010.6,1122.6,3148.4,730.9
450.0,963.7,854.3,870.2,1134.8,727.0
687.7,936.1,843.4,860.1,1029.9,642.9
225.6,908.3,872.3,895.4,1317.0,781.4
14.1,984.4,565.5,678.0,1828.3,321.6
0.0,643.6,603.0,568.4,1057.9,308.7
0.0,0.0,0.0,0.0,0.0,0.0
0.0,0.0,0.0,0.0,0.0,0.0
0.0,0.0,0.0,0.0,0.0,0.0
0.0,0.0,0.0,0.0,0.0,0.0
0.0,0.0,0.0,0.0,0.0,0.0
0.0,0.0,0.0,0.0,0.0,0.0
0.0,0.0,0.0,0.0,0.0,0.0
0.0,0.0,0.0,0.0,0.0,0.0
0.0,0.0,0.0,0.0,0.0,0.0
0.0,0.0,0.0,0.0,0.0,0.0
0.0,0.0,0.0,0.0,0.0,0.0
0.0,0.0,0.0,0.0,0.0,0.0
0.0,0.0,0.0,0.0,0.0,0.0
0.0,0.0,0.0,0.0,0.0,0.0
0.0,0.0,0.0,0.0,0.0,0.0
0.0,0.0,0.0,0.0,0.0,0.0
0.0,0.0,0.0,0.0,0.0,0.0
0.0,0.0,0.0,0.0,0.0,0.0
0.0,0.0,0.0,0.0,0.0,0.0
0.0,0.0,0.0,0.0,0.0,0.0
0.0,0.0,0.0,0.0,0.0,0.0
0.0,0.0,0.0,0.0,0.0,0.0
0.0,0.0,0.0,0.0,0.0,0.0
0.0,0.0,0.0,0.0,0.0,0.0
0.0,0.0,0.0,0.0,0.0,0.0
0.0,0.0,0.0,0.0,0.0,0.0
0.0,0.0,0.0,0.0,0.0,0.0
0.0,0.0,0.0,0.0,0.0,0.0
0.0,0.0,0.0,0.0,0.0,0.0
0.0,0.0,0.0,0.0,0.0,0.0
0.0,0.0,0.0,0.0,0.0,0.0
0.0,0.0,0.0,0.0,0.0,0.0
0.0,0.0,0.0,0.0,0.0,0.0
0.0,0.0,0.0,0.0,0.0,0.0
0.0,0.0,0.0,0.0,0.0,0.0
0.0,0.0,0.0,0.0,0.0,0.0
0.0,0.0,0.0,0.0,0.0,0.0
0.0,0.0,0.0,0.0,0.0,0.0
0.0,0.0,0.0,0.0,0.0,0.0
0.0,0.0,0.0,0.0,0.0,0.0
0.0,0.0,0.0,0.0,0.0,0.0
0.0,0.0,0.0,0.0,0.0,0.0
0.0,0.0,0.0,0.0,0.0,0.0
0.0,0.0,0.0,0.0,0.0,0.0
0.0,0.0,0.0,0.0,0.0,0.0
0.0,0.0,0.0,0.0,0.0,0.0
0.0,0.0,0.0,0.0,0.0,0.0
21.1,8.8,612.8,17.6,20.4,28.1
247.9,0.0,460.9,0.0,0.0,0.0
237.2,0.0,471.6,0.0,0.0,0.0
206.4,0.0,502.4,0.0,0.0,0.0
722.7,16.1,2446.9,32.2,3087.9,51.6
743.4,11.7,1615.9,23.4,2792.2,37.5
402.0,0.0,1015.9,27.1,2755.9,0.0
260.0,0.0,1269.3,97.7,3078.5,0.0
361.9,135.3,2769.5,4475.2,3674.4,247.5
460.0,205.5,996.7,2714.9,2488.7,422.5
137.0,159.2,889.5,2672.2,1662.4,405.8
91.5,590.2,836.0,2796.1,1612.3,2958.8
153.9,1453.8,994.9,2766.5,2083.1,486.3
96.2,641.8,2203.4,4787.2,2894.6,345.2
115.4,455.8,820.7,1640.7,543.9,368.8
192.7,728.7,962.3,1771.3,804.6,518.1
178.5,1656.2,1006.8,1882.2,902.1,3878.3
159.0,2392.8,949.0,1081.3,1665.9,2375.4
418.5,1488.6,901.1,1029.1,4437.3,2135.1
668.1,1553.0,839.6,961.7,1494.7,1960.3
481.1,1624.5,901.8,1011.9,1158.0,2330.8
348.0,1231.4,956.8,1064.6,1670.9,2435.4
467.8,1037.3,949.3,1073.9,1672.7,1667.1
446.7,1004.2,898.5,1018.3,1573.6,1266.9
714.2,1041.1,889.5,1014.8,1550.5,1262.7
556.4,759.6,1104.8,1210.9,1880.0,1553.0
454.4,687.7,937.1,1057.7,1651.8,667.7
398.2,607.3,790.1,912.3,1382.3,525.0
462.2,697.6,965.7,1081.8,1678.8,686.7
412.8,638.4,843.3,963.4,1455.5,576.2
458.7,647.1,886.1,995.0,1494.3,634.6
449.7,677.8,927.1,1052.4,1606.7,659.4
443.3,677.7,928.1,1043.1,1614.1,649.3
440.6,673.0,634.0,1029.2,1578.4,633.9
449.6,684.4,381.3,1059.0,1629.4,664.0
528.4,746.4,507.6,1177.8,1818.0,798.6
451.6,673.0,358.1,1038.2,1574.6,646.5
433.9,667.0,343.7,1023.6,1568.0,628.6
457.4,699.0,398.6,1086.8,1666.9,682.6
394.9,611.9,233.1,580.1,1387.7,524.5
455.5,660.0,322.8,319.0,1506.0,625.3
466.6,443.9,380.2,379.5,1619.9,673.8
393.7,116.7,226.9,229.1,1373.3,519.9
424.5,157.9,307.0,309.9,1511.9,597.6
437.7,175.6,341.4,344.7,1579.2,628.8
429.8,142.5,281.0,280.0,1454.7,583.8
486.9,197.7,393.2,388.8,1641.3,544.6
511.7,268.1,521.3,526.3,1404.2,490.5
156.7,0.0,0.0,0.0,0.0,0.0
96.6,0.0,0.0,1260.8,0.0,0.0
309.9,1.5,3.5,2156.5,3.4,4.7
368.5,24.9,59.8,2624.0,57.8,79.7
200.6,260.8,0.0,603.4,0.0,0.0
0.0,0.0,0.0,0.0,0.0,0.0
0.0,0.0,0.0,0.0,0.0,0.0
0.0,0.0,0.0,0.0,0.0,0.0
0.0,0.0,0.0,0.0,0.0,0.0
0.0,0.0,0.0,0.0,0.0,0.0
0.0,0.0,0.0,0.0,0.0,0.0
0.0,0.0,0.0,0.0,0.0,0.0
0.0,0.0,0.0,0.0,0.0,0.0
0.0,0.0,0.0,0.0,0.0,0.0
0.0,0.0,0.0,0.0,0.0,0.0
0.0,0.0,0.0,0.0,0.0,0.0
0.0,0.0,0.0,0.0,0.0,0.0
0.0,0.0,0.0,0.0,0.0,0.0
0.0,0.0,0.0,0.0,0.0,0.0
0.0,0.0,0.0,0.0,0.0,0.0
0.0,0.0,0.0,0.0,0.0,0.0
0.0,0.0,0.0,0.0,0.0,0.0
0.0,0.0,0.0,0.0,0.0,0.0
0.0,0.0,0.0,0.0,0.0,0.0
0.0,0.0,0.0,0.0,0.0,0.0
0.0,0.0,0.0,0.0,0.0,0.0
0.0,0.0,0.0,0.0,0.0,0.0
0.0,0.0,0.0,0.0,0.0,0.0
0.0,0.0,0.0,0.0,0.0,0.0
0.0,0.0,0.0,0.0,0.0,0.0
0.0,0.0,0.0,0.0,0.0,0.0
0.0,0.0,0.0,0.0,0.0,0.0
0.0,0.0,0.0,0.0,0.0,0.0
0.0,0.0,0.0,0.0,0.0,0.0
0.0,0.0,0.0,0.0,0.0,0.0
0.0,0.0,0.0,0.0,0.0,0.0
0.0,0.0,0.0,0.0,0.0,0.0
0.0,0.0,0.0,0.0,0.0,0.0
0.0,0.0,0.0,0.0,0.0,0.0
0.0,0.0,0.0,0.0,0.0,0.0
0.0,0.0,0.0,0.0,0.0,0.0
0.0,0.0,0.0,0.0,0.0,0.0
0.0,0.0,0.0,0.0,0.0,0.0
0.0,0.0,0.0,0.0,0.0,0.0
0.0,0.0,0.0,0.0,0.0,0.0
0.0,0.0,0.0,0.0,0.0,0.0
0.0,0.0,0.0,0.0,0.0,0.0
0.0,0.0,0.0,0.0,0.0,0.0
158.5,137.4,0.0,353.8,0.0,0.0
158.9,273.0,0.0,217.7,0.0,0.0
120.6,141.4,59.8,190.4,57.8,79.7
130.7,194.9,3.5,312.5,3.4,4.7
382.3,386.6,0.0,1372.2,0.0,0.0
285.7,919.6,0.0,1687.4,0.0,0.0
0.0,1113.8,0.0,1426.3,0.0,0.0
31.6,945.7,292.5,705.6,2652.0,42.2
28.1,858.5,579.6,702.6,1150.0,37.5
276.7,1179.2,894.0,1014.7,1896.5,322.4
442.4,1057.7,716.1,1023.0,1825.0,332.6
484.4,732.0,492.5,1136.1,2247.3,435.5
330.5,652.4,875.6,994.8,2649.3,307.8
172.7,641.5,2383.4,920.8,1961.5,319.3
461.9,694.4,1614.8,408.2,2339.3,1949.9
406.7,618.9,1570.2,260.1,3147.0,1158.9
429.3,601.4,1558.3,307.2,2793.2,1300.9
486.1,233.9,1845.5,459.2,1432.4,1288.6
475.0,172.1,2110.0,338.7,607.8,1149.2
488.1,233.3,1843.9,458.1,1762.9,1874.8
0.0,0.0,0.0,0.0,0.0,0.0
0.0,0.0,0.0,0.0,0.0,0.0
0.0,160.3,0.0,0.0,0.0,0.0
160.5,683.1,366.5,364.4,610.4,1056.1
216.9,646.7,518.7,518.7,876.7,499.1
450.7,230.7,448.5,452.8,1764.6,730.8
343.7,172.0,334.4,337.6,1551.9,618.7
419.3,193.7,376.6,380.2,1621.2,657.2
1111.7,303.3,591.8,595.5,1989.5,865.0
902.6,345.2,1911.5,678.5,2112.2,965.8
743.2,179.1,1272.9,351.5,1492.8,605.7
748.4,186.0,792.3,365.2,626.4,340.4
615.0,621.8,281.5,284.2,487.5,264.9
119.9,646.6,311.6,1208.9,539.5,293.2
212.3,719.0,456.3,1805.9,1064.9,452.8
129.9,661.9,1575.2,1312.9,3518.2,1635.6
213.6,475.9,2001.6,297.6,3248.0,2192.8
448.0,183.0,1802.1,359.3,1584.1,2548.1
361.7,163.7,1400.0,885.5,1786.1,916.9
153.3,162.8,1419.7,1696.1,1746.6,936.7
155.7,191.9,1475.1,1756.1,638.4,872.5
125.5,455.2,326.1,329.2,564.7,306.9
110.4,514.4,287.0,289.7,496.9,370.2
135.9,543.6,353.3,356.7,611.8,643.5
144.7,519.0,342.2,341.8,2552.3,569.5
146.0,648.4,312.0,307.5,2468.7,310.1
372.3,697.7,407.1,410.9,2341.4,383.0
450.0,678.8,370.3,373.8,641.2,348.5
305.2,490.2,0.0,0.0,0.0,0.0
305.2,486.4,0.0,619.8,44.0,0.0
370.5,518.9,447.9,1251.6,1099.5,79.7
338.7,499.6,553.6,1594.5,2013.5,0.0
785.4,495.8,549.3,2170.8,998.6,0.0
779.5,509.0,549.3,1474.6,1471.8,215.6
429.5,418.4,419.0,422.3,456.7,356.4
0.0,0.0,0.0,0.0,0.0,0.0
0.0,0.0,0.0,0.0,0.0,0.0
0.0,0.0,0.0,0.0,0.0,0.0
0.0,0.0,0.0,0.0,0.0,0.0
0.0,0.0,0.0,0.0,0.0,0.0
0.0,0.0,0.0,0.0,0.0,0.0
0.0,0.0,0.0,0.0,0.0,0.0
0.0,0.0,0.0,0.0,0.0,0.0
0.0,0.0,0.0,0.0,0.0,0.0
0.0,0.0,0.0,0.0,0.0,0.0
0.0,0.0,0.0,0.0,0.0,0.0
0.0,0.0,0.0,0.0,0.0,0.0
0.0,0.0,0.0,0.0,0.0,0.0
0.0,0.0,0.0,0.0,0.0,0.0
0.0,0.0,0.0,0.0,0.0,0.0
0.0,0.0,0.0,0.0,0.0,0.0
0.0,0.0,0.0,0.0,0.0,0.0
0.0,0.0,0.0,0.0,0.0,0.0
0.0,0.0,0.0,0.0,0.0,0.0
0.0,0.0,0.0,0.0,0.0,0.0
0.0,0.0,0.0,0.0,0.0,0.0
0.0,0.0,0.0,0.0,0.0,0.0
0.0,0.0,0.0,0.0,0.0,0.0
0.0,0.0,0.0,0.0,0.0,0.0
0.0,0.0,0.0,0.0,0.0,0.0
0.0,0.0,0.0,0.0,0.0,0.0
0.0,0.0,0.0,0.0,0.0,0.0
0.0,0.0,0.0,0.0,0.0,0.0
0.0,0.0,0.0,0.0,0.0,0.0
0.0,0.0,0.0,0.0,0.0,0.0
0.0,0.0,0.0,0.0,0.0,0.0
0.0,0.0,0.0,0.0,0.0,0.0
0.0,0.0,0.0,0.0,0.0,0.0
0.0,0.0,0.0,0.0,0.0,0.0
0.0,0.0,0.0,0.0,0.0,0.0
0.0,0.0,0.0,0.0,0.0,0.0
0.0,0.0,0.0,0.0,0.0,0.0
0.0,0.0,0.0,0.0,0.0,0.0
0.0,0.0,0.0,0.0,0.0,0.0
0.0,0.0,0.0,0.0,0.0,0.0
0.0,0.0,0.0,0.0,0.0,0.0
299.5,0.0,421.5,0.0,0.0,0.0
334.3,17.6,236.9,35.2,40.8,56.3
157.1,139.4,134.3,14.7,252.1,23.4
137.0,129.0,180.0,0.0,248.0,27.1
1529.7,359.5,914.3,2165.2,3115.0,305.2
914.3,1209.8,829.9,1047.3,5086.8,307.5
851.0,1511.4,260.2,1168.0,4945.9,2494.6
277.8,2573.0,38.7,129.9,3848.8,2062.2
0.0,1714.5,0.0,92.3,3388.5,1953.1
0.0,1385.9,0.0,2490.8,2978.0,2539.8
0.0,1475.9,1082.6,0.0,2757.8,2444.5
882.3,1093.9,572.5,0.0,2488.3,4274.2
759.2,964.3,1187.9,3514.5,2238.0,2872.3
996.4,762.3,925.9,4525.2,2388.6,3113.1
1792.4,817.5,1481.0,4162.2,2930.9,2550.7
974.2,398.6,1899.6,3588.2,2297.2,1362.2
627.4,326.5,553.6,4251.7,2013.3,3760.5
533.4,329.1,551.5,3084.6,1912.9,902.5
686.6,409.6,545.1,2765.1,1946.7,2645.7
804.9,799.6,2840.3,2027.9,5762.0,3777.8
760.7,773.0,2360.7,1710.5,6641.1,2456.2
586.0,782.1,2296.0,1557.1,4530.6,1497.0
562.2,890.7,2918.7,1370.8,4012.0,2867.2
802.9,1262.2,2819.1,1307.1,4771.3,2244.2
580.3,864.0,2177.8,1309.7,5715.9,2816.0
681.7,1411.3,2315.1,1770.7,4758.1,1662.7
718.3,1383.4,2159.3,1739.4,3744.5,2092.7
834.5,1293.2,2344.1,2008.7,3635.7,2270.1
739.6,1366.0,1778.8,1577.6,2664.0,1382.9
1038.4,1226.8,1644.2,1858.1,1705.4,1968.6
715.0,1052.3,1523.0,2515.6,1589.3,1604.8
1066.3,1036.6,1647.5,1858.2,1760.4,1490.9
975.1,712.7,1690.6,2535.1,1751.8,1301.2
743.7,672.5,1512.1,2330.8,1621.9,652.6
958.9,665.2,1464.9,1835.1,1651.9,665.7
790.8,606.9,1357.0,2276.5,1420.3,543.1
778.7,676.3,1728.9,2108.5,1652.0,712.5
658.9,638.8,2361.7,1757.1,1528.2,607.7
396.3,608.6,1537.0,1551.3,1443.5,551.9
447.9,677.8,2367.8,1068.6,1670.3,674.0
395.1,607.8,2092.0,929.0,1418.2,541.4
486.5,681.5,1736.1,1071.9,1650.8,706.3
432.4,649.0,2220.5,998.9,1540.7,614.7
418.8,641.1,1877.1,973.2,1513.5,355.2
439.3,668.5,1661.9,1029.6,863.0,319.4
309.9,495.8,566.3,687.0,0.0,0.0
354.5,517.2,608.5,727.3,40.8,56.3
332.2,865.4,585.3,709.7,1228.6,28.1
312.3,958.7,1577.2,689.6,1462.3,0.0
311.1,1045.8,1235.5,694.8,1712.9,0.0
312.3,1092.6,1120.9,694.8,1779.5,0.0
343.9,989.8,1452.1,726.3,1445.7,42.2
342.7,1173.1,1120.7,212.7,2113.3,37.5
314.6,1028.9,1574.7,0.0,2081.8,0.0
313.4,1146.5,1103.0,0.0,2437.1,0.0
315.8,1117.8,1299.5,0.0,2266.9,0.0
340.4,1049.4,1253.2,20.5,1647.1,689.4
356.8,1037.5,1124.8,32.2,1579.0,869.7
86.0,874.7,1526.3,0.0,1499.0,1014.0
0.0,726.6,1311.9,0.0,1416.1,1545.4
35.4,691.4,1153.9,704.4,1251.9,1110.1
0.0,0.0,0.0,0.0,0.0,0.0
0.0,0.0,0.0,0.0,0.0,0.0
0.0,0.0,0.0,0.0,0.0,0.0
0.0,0.0,0.0,0.0,0.0,0.0
0.0,0.0,0.0,0.0,0.0,0.0
0.0,0.0,0.0,0.0,0.0,0.0
0.0,0.0,0.0,0.0,0.0,0.0
0.0,0.0,0.0,0.0,0.0,0.0
0.0,0.0,0.0,0.0,0.0,0.0
0.0,0.0,0.0,0.0,0.0,0.0
0.0,0.0,0.0,0.0,0.0,0.0
0.0,0.0,0.0,0.0,0.0,0.0
0.0,0.0,0.0,0.0,0.0,0.0
0.0,0.0,0.0,0.0,0.0,0.0
0.0,0.0,0.0,0.0,0.0,0.0
0.0,0.0,0.0,0.0,0.0,0.0
0.0,0.0,0.0,0.0,0.0,0.0
0.0,0.0,0.0,0.0,0.0,0.0
0.0,0.0,0.0,0.0,0.0,0.0
0.0,0.0,0.0,0.0,0.0,0.0
0.0,0.0,0.0,0.0,0.0,0.0
0.0,0.0,0.0,0.0,0.0,0.0
0.0,0.0,0.0,0.0,0.0,0.0
0.0,0.0,0.0,0.0,0.0,0.0
0.0,0.0,0.0,0.0,0.0,0.0
0.0,0.0,0.0,0.0,0.0,0.0
0.0,0.0,0.0,0.0,0.0,0.0
0.0,0.0,0.0,0.0,0.0,0.0
0.0,0.0,0.0,0.0,0.0,0.0
0.0,0.0,0.0,0.0,0.0,0.0
0.0,0.0,0.0,0.0,0.0,0.0
0.0,0.0,0.0,0.0,0.0,0.0
0.0,0.0,0.0,0.0,0.0,0.0
0.0,0.0,0.0,0.0,0.0,0.0
0.0,0.0,0.0,0.0,0.0,0.0
50.3,50.3,50.3,50.3,50.3,50.3
0.0,0.0,138.1,0.0,0.0,163.9
53.9,63.3,66.4,20.5,23.8,74.1
51.5,53.3,53.6,55.8,37.4,50.3
658.6,864.1,877.9,1646.0,0.0,0.0
435.8,632.1,614.2,1410.6,954.1,0.0
376.5,332.1,0.0,1608.4,1607.3,0.0
408.0,321.6,0.0,1223.1,2204.2,0.0
411.1,497.9,358.8,1603.1,3555.0,361.0
191.6,256.1,498.0,1129.5,3574.7,468.6
145.1,193.9,377.0,380.6,3507.3,354.8
393.7,174.3,338.9,342.1,2657.2,318.9
429.5,533.4,334.3,337.5,1585.6,314.5
536.6,673.3,387.6,385.1,1658.6,378.5
377.1,1045.5,1383.6,1490.5,1563.5,316.3
248.5,0.0,1354.8,699.9,1018.1,0.0
240.6,0.0,1523.3,699.9,1014.3,0.0
238.9,331.8,1187.5,699.9,1006.8,0.0
210.9,510.5,1215.7,695.1,991.3,4.7
374.4,532.5,1248.0,739.0,2250.1,282.4
318.2,509.0,1191.4,697.3,2361.1,318.2
318.2,503.4,572.7,699.9,2649.2,318.2
507.7,761.4,2363.2,1206.4,2947.7,1710.9
314.6,507.2,1124.1,3275.0,1014.3,314.6
362.7,528.1,1796.6,2427.8,1054.7,375.6
332.2,572.6,1310.1,2588.2,1214.7,335.7
318.7,1507.7,1250.7,1434.5,4259.8,324.3
317.5,1012.1,2457.2,1340.0,2647.6,3823.0
0.0,0.0,603.5,3306.3,0.0,1790.6
14.1,5.9,996.1,1003.1,13.6,1902.7
270.8,19.0,651.8,650.0,1146.2,1173.7
523.8,0.0,551.5,556.7,1003.2,1203.3
871.6,1108.1,1652.6,1789.7,1905.7,4411.8
119.9,298.0,0.0,0.0,1845.5,557.7
10.3,294.0,95.0,5.4,2017.6,2290.8
69.5,573.0,1657.9,49.8,1092.5,79.7
269.7,597.6,811.3,642.5,1026.2,0.0
0.0,307.3,13.6,584.9,1355.3,207.6
0.0,304.8,0.0,573.8,0.0,3595.8
18.5,402.5,0.0,1260.4,0.0,1825.4
800.2,11.7,664.5,4392.8,2664.6,68.0
793.2,1019.9,985.8,2293.5,3150.1,1623.4
763.6,565.7,995.6,1056.7,4234.3,995.4
808.9,896.9,1496.1,1224.6,3011.3,912.7
802.7,577.8,1152.7,376.3,1218.3,872.2
599.6,566.3,870.7,415.0,1613.1,935.2
459.7,972.8,901.8,500.7,1270.7,894.4
431.1,948.3,892.7,894.8,999.0,834.1
174.7,1078.0,454.0,917.1,1072.4,814.2
0.0,0.0,0.0,0.0,0.0,0.0
0.0,0.0,0.0,0.0,0.0,0.0
0.0,0.0,0.0,0.0,0.0,0.0
0.0,0.0,0.0,0.0,0.0,0.0
0.0,0.0,0.0,0.0,0.0,0.0
0.0,0.0,0.0,0.0,0.0,0.0
0.0,0.0,0.0,0.0,0.0,0.0
0.0,0.0,0.0,0.0,0.0,0.0
0.0,0.0,0.0,0.0,0.0,0.0
0.0,0.0,0.0,0.0,0.0,0.0
0.0,0.0,0.0,0.0,0.0,0.0
0.0,0.0,0.0,0.0,0.0,0.0
0.0,0.0,0.0,0.0,0.0,0.0
0.0,0.0,0.0,0.0,0.0,0.0
0.0,0.0,0.0,0.0,0.0,0.0
0.0,0.0,0.0,0.0,0.0,0.0
0.0,0.0,0.0,0.0,0.0,0.0
0.0,0.0,0.0,0.0,0.0,0.0
0.0,0.0,0.0,0.0,0.0,0.0
0.0,0.0,0.0,0.0,0.0,0.0
0.0,0.0,0.0,0.0,0.0,0.0
0.0,0.0,0.0,0.0,0.0,0.0
0.0,0.0,0.0,0.0,0.0,0.0
0.0,0.0,0.0,0.0,0.0,0.0
0.0,0.0,0.0,0.0,0.0,0.0
0.0,0.0,0.0,0.0,0.0,0.0
0.0,0.0,0.0,0.0,0.0,0.0
0.0,0.0,0.0,0.0,0.0,0.0
0.0,0.0,0.0,0.0,0.0,0.0
0.0,0.0,0.0,0.0,0.0,0.0
0.0,0.0,0.0,0.0,0.0,0.0
0.0,0.0,0.0,0.0,0.0,0.0
0.0,0.0,0.0,0.0,0.0,0.0
0.0,0.0,0.0,0.0,0.0,0.0
0.0,0.0,0.0,0.0,0.0,0.0
0.0,0.0,0.0,0.0,0.0,0.0
0.0,0.0,0.0,0.0,0.0,0.0
0.0,0.0,0.0,0.0,0.0,0.0
0.0,0.0,0.0,0.0,0.0,0.0
0.0,0.0,0.0,0.0,0.0,0.0
0.0,0.0,0.0,0.0,0.0,0.0
0.0,0.0,0.0,0.0,0.0,0.0
0.0,0.0,0.0,0.0,0.0,0.0
0.0,0.0,0.0,0.0,0.0,0.0
0.0,0.0,0.0,0.0,0.0,0.0
0.0,0.0,0.0,0.0,0.0,0.0
0.0,0.0,0.0,0.0,0.0,0.0
51.0,51.0,51.0,51.0,51.0,51.0
51.0,51.0,51.0,51.0,51.0,51.0
51.0,51.0,51.0,51.0,51.0,51.0
51.0,51.0,51.0,51.0,51.0,51.0
437.1,142.7,281.5,627.8,471.3,273.1
561.5,858.3,987.1,989.7,1679.6,944.0
424.6,1076.6,1103.7,1114.2,1911.1,1038.5
116.5,661.0,302.8,305.7,524.4,284.9
160.0,466.5,415.9,419.9,720.2,612.9
142.3,190.2,369.9,373.4,640.5,666.2
206.5,227.5,452.4,447.4,743.0,762.2
227.7,294.7,575.0,578.7,987.7,703.1
128.9,172.3,335.0,338.2,580.1,315.2
132.7,177.4,345.0,348.3,597.4,324.6
148.1,197.9,384.9,388.6,666.5,362.2
117.3,150.3,293.6,295.1,503.0,279.0
245.8,280.1,554.6,550.6,920.0,542.6
893.8,528.3,1164.8,1048.2,1462.8,1380.2
1031.6,586.3,1303.6,1164.3,1598.4,1564.7
130.1,54.2,130.1,108.4,125.8,173.5
0.0,0.0,0.0,0.0,15.1,0.0
63.3,26.4,63.3,897.1,3723.5,84.4
0.0,0.0,0.0,812.4,3240.7,0.0
0.0,0.0,0.0,877.0,3247.6,0.0
0.0,0.0,0.0,1477.6,2872.5,0.0
392.0,159.7,383.3,1227.3,1483.1,511.1
3612.2,1438.8,3453.2,3524.6,4382.7,4604.2
1801.5,737.8,1705.5,2165.6,2651.6,2274.0
741.2,801.6,731.4,1538.5,1736.4,975.2
30.9,309.0,21.1,960.6,457.8,28.1
16.3,463.6,7.0,726.1,972.1,9.4
189.7,476.6,77.4,881.0,1051.4,103.2
266.7,516.6,98.5,2061.7,1113.3,131.3
1730.1,1730.1,1730.1,1730.1,1730.1,1730.1
1694.9,1702.0,1694.9,1750.4,1746.9,1791.3
1512.1,1461.1,1512.1,1880.1,1860.4,2154.8
1009.2,1293.7,1052.6,2131.4,2001.2,3136.8
318.9,983.1,859.8,1427.2,2513.3,1339.9
227.2,974.3,2357.7,1296.1,2400.2,1016.7
538.1,1683.6,2115.8,1332.0,2496.0,2265.1
558.2,857.7,905.9,854.8,918.6,904.8
637.8,860.6,888.3,891.1,879.1,843.1
624.3,855.0,882.8,964.2,865.7,808.0
644.2,650.3,907.3,943.2,907.3,947.7
833.3,833.3,833.3,833.3,833.3,833.3
722.8,824.7,841.2,878.7,849.9,882.7
568.3,835.1,841.3,939.7,859.9,955.6
420.4,821.8,902.0,1092.2,903.4,860.2
655.7,829.0,863.6,861.9,950.6,839.1
664.6,843.1,851.8,878.7,922.7,839.2
652.4,837.9,864.0,944.4,861.4,839.8
627.8,781.2,889.8,983.5,880.9,836.8
811.0,833.8,835.8,844.7,839.0,835.7
294.7,338.3,777.5,1439.2,1444.5,705.8
295.0,363.8,714.0,1591.3,1531.0,504.9
308.7,471.8,1104.0,1293.7,921.3,840.0
0.0,0.0,0.0,0.0,0.0,0.0
0.0,0.0,0.0,0.0,0.0,0.0
0.0,0.0,0.0,0.0,0.0,0.0
0.0,0.0,0.0,0.0,0.0,0.0
0.0,0.0,0.0,0.0,0.0,0.0
0.0,0.0,0.0,0.0,0.0,0.0
0.0,0.0,0.0,0.0,0.0,0.0
0.0,0.0,0.0,0.0,0.0,0.0
0.0,0.0,0.0,0.0,0.0,0.0
0.0,0.0,0.0,0.0,0.0,0.0
0.0,0.0,0.0,0.0,0.0,0.0
0.0,0.0,0.0,0.0,0.0,0.0
0.0,0.0,0.0,0.0,0.0,0.0
0.0,0.0,0.0,0.0,0.0,0.0
0.0,0.0,0.0,0.0,0.0,0.0
0.0,0.0,0.0,0.0,0.0,0.0
0.0,0.0,0.0,0.0,0.0,0.0
0.0,0.0,0.0,0.0,0.0,0.0
0.0,0.0,0.0,0.0,0.0,0.0
0.0,0.0,0.0,0.0,0.0,0.0
0.0,0.0,0.0,0.0,0.0,0.0
0.0,0.0,0.0,0.0,0.0,0.0
0.0,0.0,0.0,0.0,0.0,0.0
0.0,0.0,0.0,0.0,0.0,0.0
0.0,0.0,0.0,0.0,0.0,0.0
0.0,0.0,0.0,0.0,0.0,0.0
0.0,0.0,0.0,0.0,0.0,0.0
0.0,0.0,0.0,0.0,0.0,0.0
0.0,0.0,0.0,0.0,0.0,0.0
0.0,0.0,0.0,0.0,0.0,0.0
0.0,0.0,0.0,0.0,0.0,0.0
0.0,0.0,0.0,0.0,0.0,0.0
0.0,0.0,0.0,0.0,0.0,0.0
0.0,0.0,0.0,0.0,0.0,0.0
0.0,0.0,0.0,0.0,0.0,0.0
0.0,0.0,0.0,0.0,0.0,0.0
0.0,0.0,0.0,0.0,0.0,0.0
0.0,0.0,0.0,0.0,0.0,0.0
0.0,0.0,0.0,0.0,0.0,0.0
0.0,0.0,0.0,0.0,0.0,0.0
0.0,0.0,611.1,0.0,0.0,0.0
7.0,2.9,579.1,5.9,6.8,9.4
52.7,22.0,371.1,44.0,51.0,70.3
0.0,0.0,611.1,0.0,0.0,0.0
0.0,0.0,1805.3,0.0,2968.6,0.0
0.0,0.0,1407.6,0.0,1949.0,0.0
0.0,0.0,1394.5,0.0,1139.1,0.0
49.2,20.5,876.7,1771.7,2012.7,65.6
10.5,4.4,1070.5,1145.0,1998.6,14.1
0.0,0.0,2258.7,664.1,2177.8,0.0
0.0,0.0,0.0,1145.6,3126.0,0.0
146.1,195.2,379.6,1542.4,3094.8,357.2
185.2,228.1,447.6,1419.3,2375.9,429.5
171.5,193.7,363.9,545.7,532.2,363.2
217.3,290.5,368.9,419.7,448.9,425.1
122.3,163.5,318.0,463.5,667.0,435.9
771.8,150.0,291.7,1129.8,505.1,893.5
534.7,135.8,264.1,1336.6,457.3,1316.3
437.8,191.9,384.5,2657.8,620.1,1465.7
552.4,1036.4,301.0,303.8,521.2,1466.6
538.4,708.0,251.1,253.5,434.8,1934.9
614.7,513.1,547.7,343.1,588.5,1644.3
797.0,720.5,832.5,268.8,461.0,1562.6
682.7,750.1,876.1,313.6,523.3,1088.5
694.8,832.4,932.6,364.8,982.3,1353.0
409.0,1049.5,795.4,237.7,1414.6,2346.9
531.2,1073.6,882.8,323.8,1550.8,301.8
1101.5,1376.9,866.0,306.9,1533.1,286.0
407.0,1046.7,795.8,496.4,1411.2,225.9
519.8,1272.5,994.2,1132.9,1727.5,444.0
410.7,1787.7,803.2,936.4,1431.5,234.9
419.8,644.9,836.1,977.4,1477.2,265.8
448.9,682.3,906.6,1042.9,1587.8,334.2
406.8,620.3,790.7,935.0,1409.5,231.1
472.7,676.5,916.5,1060.6,1610.4,365.9
444.2,653.6,868.7,996.7,1511.9,311.6
404.2,621.3,804.8,922.4,1404.1,236.4
444.7,673.5,907.9,1036.4,1578.8,335.4
410.0,623.0,827.1,948.4,1442.8,253.3
412.0,626.7,839.5,960.5,1475.6,382.5
495.0,693.4,896.5,951.7,1239.5,723.9
398.9,617.4,797.2,907.0,1413.6,540.3
428.5,651.8,859.2,975.8,1474.4,610.3
428.7,659.3,867.4,980.2,1454.2,610.2
447.3,677.6,887.0,972.9,1366.8,648.3
488.8,699.9,901.1,959.5,1233.4,717.4
457.7,670.1,889.0,973.0,1359.8,650.4
307.5,486.4,557.8,671.4,984.2,304.0
424.9,417.7,419.8,424.0,496.3,307.5
0.0,0.0,0.0,0.0,0.0,0.0
0.0,0.0,0.0,0.0,0.0,0.0
0.0,0.0,0.0,0.0,0.0,0.0
0.0,0.0,0.0,0.0,0.0,0.0
0.0,0.0,0.0,0.0,0.0,0.0
0.0,0.0,0.0,0.0,0.0,0.0
0.0,0.0,0.0,0.0,0.0,0.0
0.0,0.0,0.0,0.0,0.0,0.0
0.0,0.0,0.0,0.0,0.0,0.0
0.0,0.0,0.0,0.0,0.0,0.0
0.0,0.0,0.0,0.0,0.0,0.0
0.0,0.0,0.0,0.0,0.0,0.0
0.0,0.0,0.0,0.0,0.0,0.0
0.0,0.0,0.0,0.0,0.0,0.0
0.0,0.0,0.0,0.0,0.0,0.0
0.0,0.0,0.0,0.0,0.0,0.0
0.0,0.0,0.0,0.0,0.0,0.0
0.0,0.0,0.0,0.0,0.0,0.0
0.0,0.0,0.0,0.0,0.0,0.0
0.0,0.0,0.0,0.0,0.0,0.0
0.0,0.0,0.0,0.0,0.0,0.0
0.0,0.0,0.0,0.0,0.0,0.0
0.0,0.0,0.0,0.0,0.0,0.0
0.0,0.0,0.0,0.0,0.0,0.0
0.0,0.0,0.0,0.0,0.0,0.0
0.0,0.0,0.0,0.0,0.0,0.0
0.0,0.0,0.0,0.0,0.0,0.0
0.0,0.0,0.0,0.0,0.0,0.0
0.0,0.0,0.0,0.0,0.0,0.0
0.0,0.0,0.0,0.0,0.0,0.0
0.0,0.0,0.0,0.0,0.0,0.0
0.0,0.0,0.0,0.0,0.0,0.0
0.0,0.0,0.0,0.0,0.0,0.0
0.0,0.0,0.0,0.0,0.0,0.0
0.0,0.0,0.0,0.0,0.0,0.0
0.0,0.0,0.0,0.0,0.0,0.0
0.0,0.0,0.0,0.0,0.0,0.0
0.0,0.0,0.0,0.0,0.0,0.0
0.0,0.0,0.0,0.0,0.0,0.0
0.0,0.0,0.0,0.0,0.0,0.0
0.0,0.0,0.0,0.0,0.0,0.0
0.0,0.0,0.0,0.0,0.0,0.0
0.0,0.0,0.0,0.0,0.0,0.0
0.0,0.0,0.0,0.0,0.0,0.0
0.0,0.0,0.0,0.0,0.0,0.0
0.0,0.0,0.0,0.0,0.0,0.0
0.0,0.0,0.0,0.0,0.0,0.0
42.2,17.6,42.2,35.2,40.8,56.3
0.0,0.0,0.0,0.0,0.0,0.0
0.0,0.0,0.0,0.0,0.0,0.0
0.0,0.0,0.0,1307.1,0.0,0.0
0.0,0.0,0.0,479.8,0.0,0.0
31.6,139.7,31.6,204.0,30.6,42.2
24.6,141.6,24.6,184.0,23.8,81.1
0.0,151.7,0.0,235.9,0.0,92.2
129.0,129.0,129.0,129.0,129.0,129.0
122.2,131.6,129.3,131.5,129.7,129.8
120.1,132.2,129.4,132.5,129.9,130.1
129.0,129.0,129.0,129.0,129.0,129.0
147.4,1039.5,366.1,1057.3,625.9,663.3
108.4,638.9,281.8,979.2,488.0,573.9
101.1,636.6,262.7,949.5,454.8,2604.1
133.5,683.7,347.0,1037.3,600.9,2714.4
95.0,624.7,246.9,933.7,427.6,2243.4
174.8,681.5,364.4,1039.7,587.9,2538.7
962.8,665.2,2640.3,1010.6,564.0,2755.2
1023.5,627.8,3014.7,945.9,4458.5,2205.2
1118.6,653.4,2667.6,998.7,5332.0,1277.4
1186.4,655.7,2891.9,996.0,4625.8,1251.0
1301.8,645.0,4366.0,675.6,4906.3,574.7
1420.8,686.5,2754.1,364.0,5539.0,686.0
713.9,433.9,1623.4,289.1,4540.5,582.9
693.9,135.6,1567.5,266.2,2713.4,427.2
450.5,175.7,946.3,1009.1,2785.9,321.5
430.2,149.3,1804.1,1538.5,1490.5,273.1
620.6,147.0,1285.1,1076.6,1493.5,275.1
578.8,191.7,942.0,1246.7,1634.5,378.8
418.7,143.9,841.9,1183.3,1480.0,263.3
428.6,155.5,862.4,1344.8,1522.9,284.5
443.3,176.7,1559.3,1395.2,1590.4,323.3
404.6,126.5,2037.7,248.4,1417.8,850.5
466.2,186.3,1709.4,366.1,1608.2,1515.8
800.7,282.2,1981.1,554.6,1950.7,1270.8
1220.7,180.2,1889.1,360.4,1520.0,1387.3
1120.1,211.0,1858.5,422.0,4020.0,1533.1
721.8,506.0,1428.8,325.3,1642.8,1599.3
3015.9,1778.6,2672.5,2243.4,4818.8,7348.8
833.3,833.3,833.3,833.3,833.3,833.3
484.0,517.2,84.4,2198.2,1493.9,222.4
833.3,833.3,833.3,833.3,833.3,833.3
833.3,833.3,833.3,833.3,833.3,833.3
732.4,837.2,837.0,837.3,876.6,879.5
291.8,856.7,572.7,655.4,870.9,1752.5
59.8,292.9,59.8,1949.2,57.8,1690.5
0.0,541.0,0.0,857.4,1123.7,1777.2
0.0,579.4,0.0,0.0,626.5,861.1
0.0,0.0,0.0,0.0,0.0,0.0
0.0,0.0,0.0,0.0,0.0,0.0
0.0,0.0,0.0,0.0,0.0,0.0
0.0,0.0,0.0,0.0,0.0,0.0
0.0,0.0,0.0,0.0,0.0,0.0
0.0,0.0,0.0,0.0,0.0,0.0
0.0,0.0,0.0,0.0,0.0,0.0
0.0,0.0,0.0,0.0,0.0,0.0
0.0,0.0,0.0,0.0,0.0,0.0
0.0,0.0,0.0,0.0,0.0,0.0
0.0,0.0,0.0,0.0,0.0,0.0
0.0,0.0,0.0,0.0,0.0,0.0
0.0,0.0,0.0,0.0,0.0,0.0
0.0,0.0,0.0,0.0,0.0,0.0
0.0,0.0,0.0,0.0,0.0,0.0
0.0,0.0,0.0,0.0,0.0,0.0
0.0,0.0,0.0,0.0,0.0,0.0
0.0,0.0,0.0,0.0,0.0,0.0
0.0,0.0,0.0,0.0,0.0,0.0
0.0,0.0,0.0,0.0,0.0,0.0
0.0,0.0,0.0,0.0,0.0,0.0
0.0,0.0,0.0,0.0,0.0,0.0
0.0,0.0,0.0,0.0,0.0,0.0
0.0,0.0,0.0,0.0,0.0,0.0
0.0,0.0,0.0,0.0,0.0,0.0
0.0,0.0,0.0,0.0,0.0,0.0
0.0,0.0,0.0,0.0,0.0,0.0
0.0,0.0,0.0,0.0,0.0,0.0
0.0,0.0,0.0,0.0,0.0,0.0
0.0,0.0,0.0,0.0,0.0,0.0
0.0,0.0,0.0,0.0,0.0,0.0
0.0,0.0,0.0,0.0,0.0,0.0
0.0,0.0,0.0,0.0,0.0,0.0
0.0,0.0,0.0,0.0,0.0,0.0
0.0,0.0,0.0,0.0,0.0,0.0
0.0,0.0,0.0,0.0,0.0,0.0
0.0,0.0,0.0,0.0,0.0,0.0
0.0,0.0,0.0,0.0,0.0,0.0
0.0,0.0,0.0,0.0,0.0,0.0
0.0,0.0,0.0,0.0,0.0,0.0
0.0,0.0,0.0,0.0,0.0,0.0
0.0,0.0,0.0,0.0,0.0,0.0
0.0,0.0,0.0,0.0,0.0,0.0
0.0,0.0,0.0,0.0,0.0,0.0
0.0,0.0,0.0,0.0,0.0,0.0
0.0,0.0,0.0,0.0,0.0,0.0
0.0,0.0,0.0,0.0,0.0,0.0
0.0,0.0,0.0,0.0,0.0,0.0
0.0,0.0,0.0,0.0,0.0,0.0
0.0,0.0,0.0,0.0,0.0,0.0
0.0,0.0,0.0,0.0,0.0,0.0
0.0,388.8,1122.0,0.0,0.0,1259.3
56.3,403.4,1187.8,46.9,1061.8,1434.6
3.5,864.6,1124.0,2.9,1030.4,1600.3
0.0,976.8,1370.2,0.0,951.5,950.9
900.5,763.8,997.0,1669.2,544.7,1123.1
542.4,158.2,1040.0,1998.4,1003.3,1255.9
582.3,180.2,1079.8,2009.7,1496.7,649.6
588.0,420.3,618.9,915.6,811.6,643.9
253.3,253.3,253.3,253.3,253.3,253.3
253.3,253.3,253.3,253.3,253.3,253.3
253.3,253.3,253.3,253.3,253.3,253.3
253.3,253.3,253.3,253.3,253.3,253.3
311.1,311.1,311.1,311.1,311.1,311.1
311.1,311.1,311.1,311.1,311.1,311.1
311.1,311.1,311.1,311.2,312.0,309.9
307.5,311.6,311.7,313.6,318.0,304.0
314.6,501.5,564.2,1270.1,1020.9,305.2
405.4,623.4,805.9,1480.5,1400.6,541.0
499.8,691.2,857.2,913.1,1175.2,513.9
448.4,670.2,867.7,956.5,1374.8,332.8
441.6,574.4,615.7,637.3,737.5,313.5
455.6,572.5,607.0,624.1,704.3,356.4
491.2,567.7,591.3,568.5,654.9,446.3
417.2,625.1,817.9,268.6,835.1,319.3
258.5,258.5,258.5,258.5,258.5,258.5
253.0,253.0,253.0,253.0,253.0,253.0
263.5,171.0,299.3,256.6,267.1,260.4
258.9,229.0,256.4,255.8,261.0,257.0
473.8,209.1,458.2,410.5,1325.0,492.5
319.3,221.6,486.3,435.5,2714.2,608.6
209.1,243.7,560.0,478.8,908.8,3420.9
129.8,151.8,1611.1,297.9,615.4,277.7
396.9,178.7,347.4,350.7,700.5,326.9
149.7,200.1,389.0,447.0,838.5,366.1
110.7,148.0,287.8,903.8,3163.2,270.8
204.6,238.7,441.9,2395.2,722.1,437.9
138.4,373.4,354.1,454.5,610.5,334.6
123.7,777.5,321.4,427.6,556.6,302.4
0.0,30.5,0.0,97.7,0.0,0.0
0.0,32.2,0.0,162.8,0.0,0.0
3.5,32.0,3.5,2634.9,3.4,239.2
188.7,74.3,56.3,46.9,54.4,372.0
301.2,822.5,0.0,0.0,750.4,299.3
198.6,0.0,0.0,0.0,950.2,376.1
84.1,0.0,0.0,0.0,957.8,1401.7
0.0,0.0,0.0,0.0,969.1,1868.3
263.6,10.3,24.6,20.5,992.9,451.6
294.3,13.2,31.6,26.4,2329.0,463.4
263.3,0.0,993.8,65.1,3268.8,409.0
582.0,1.7,903.3,1100.2,1419.4,993.5
670.6,0.0,878.5,1247.6,1085.7,1117.6
849.1,0.0,1168.0,1056.3,1071.2,855.4
839.2,20.5,1121.6,847.9,1102.2,1068.6
842.5,379.6,1170.7,101.0,1180.7,1325.4
833.6,475.1,935.1,727.2,1021.8,1007.2
837.5,478.9,909.0,878.8,979.2,916.7
858.6,840.2,1032.5,0.0,1290.1,978.7
532.3,484.5,1255.9,0.0,1658.0,1069.3
854.1,503.8,1144.0,49.8,1426.0,1022.3
886.7,804.0,961.9,0.0,1307.1,1040.3
833.3,833.3,833.3,833.3,833.3,833.3
833.3,833.3,833.3,833.3,833.3,833.3
833.3,833.3,833.3,833.3,833.3,833.3
833.3,833.3,833.3,833.3,833.3,833.3
833.3,833.3,833.3,833.3,833.3,833.3
833.3,833.3,833.3,833.3,833.3,833.3
833.3,833.3,833.3,833.3,833.3,833.3
733.3,845.7,848.2,859.6,866.0,847.1
430.4,891.9,900.5,931.5,959.6,886.2
466.6,865.1,861.6,943.0,970.2,893.5
421.3,834.3,874.8,1093.3,925.7,850.7
446.7,1092.2,328.0,2256.5,568.0,308.6
306.1,335.0,255.6,372.7,306.7,240.6
0.0,0.0,0.0,0.0,0.0,0.0
0.0,0.0,0.0,0.0,0.0,0.0
0.0,0.0,0.0,0.0,0.0,0.0
0.0,0.0,0.0,0.0,0.0,0.0
0.0,0.0,0.0,0.0,0.0,0.0
0.0,0.0,0.0,0.0,0.0,0.0
0.0,0.0,0.0,0.0,0.0,0.0
0.0,0.0,0.0,0.0,0.0,0.0
0.0,0.0,0.0,0.0,0.0,0.0
0.0,0.0,0.0,0.0,0.0,0.0
0.0,0.0,0.0,0.0,0.0,0.0
0.0,0.0,0.0,0.0,0.0,0.0
0.0,0.0,0.0,0.0,0.0,0.0
0.0,0.0,0.0,0.0,0.0,0.0
0.0,0.0,0.0,0.0,0.0,0.0
0.0,0.0,0.0,0.0,0.0,0.0
0.0,0.0,0.0,0.0,0.0,0.0
0.0,0.0,0.0,0.0,0.0,0.0
0.0,0.0,0.0,0.0,0.0,0.0
0.0,0.0,0.0,0.0,0.0,0.0
0.0,0.0,0.0,0.0,0.0,0.0
0.0,0.0,0.0,0.0,0.0,0.0
0.0,0.0,0.0,0.0,0.0,0.0
85.3,89.9,97.3,0.0,106.1,97.4
85.8,84.7,95.3,11.7,100.7,97.6
83.3,83.5,88.9,38.1,94.3,87.8
79.3,79.3,79.3,79.3,79.3,79.3
168.0,168.0,168.0,168.0,168.0,168.0
168.0,168.0,168.0,168.0,168.0,168.0
168.0,168.0,168.0,168.0,168.0,168.0
168.0,168.0,168.0,168.0,168.0,168.0
246.3,246.3,246.3,246.3,246.3,246.3
249.0,168.7,255.7,277.0,265.5,261.6
250.8,142.7,261.3,290.6,277.6,254.7
250.9,134.3,261.9,295.5,280.1,254.9
314.1,314.1,314.1,314.1,314.1,314.1
314.1,314.1,314.1,314.1,314.1,314.1
314.1,314.1,314.1,314.1,314.1,314.1
314.1,314.1,314.1,314.1,314.1,314.1
332.6,332.8,330.3,333.2,333.6,332.8
335.7,348.7,211.0,364.9,392.6,342.4
332.6,332.6,332.6,332.6,332.6,332.6
333.9,336.2,303.4,340.1,345.9,335.8
293.0,293.0,293.0,293.0,293.0,293.0
293.0,293.0,293.0,293.0,293.0,293.0
294.8,298.8,302.0,304.0,311.8,246.7
160.1,311.9,306.9,329.2,355.2,294.7
172.8,248.0,239.2,259.2,249.3,238.9
144.2,256.9,240.0,274.9,252.0,239.4
164.5,249.8,240.7,262.1,250.5,239.9
141.2,256.4,241.1,274.4,254.3,240.0
110.0,637.3,286.0,960.1,495.2,269.1
145.2,682.4,377.3,1047.2,653.4,355.0
368.1,753.1,533.5,1189.1,878.0,525.4
505.3,737.2,498.6,1164.4,863.3,469.1
465.6,679.4,386.3,1053.7,669.0,363.5
254.2,652.3,329.9,994.0,974.6,436.5
102.1,617.2,265.4,324.9,1462.5,563.1
142.1,180.2,352.4,353.9,1616.5,652.7
157.2,408.1,329.9,601.7,940.8,457.0
113.2,652.8,294.3,986.6,509.5,276.9
118.2,665.1,307.1,1007.4,531.8,289.0
95.9,331.9,249.4,531.7,431.8,234.6
0.0,0.0,0.0,0.0,0.0,0.0
31.6,13.2,31.6,26.4,30.6,42.2
28.1,217.2,28.1,23.4,27.2,37.5
0.0,477.0,0.0,0.0,411.0,0.0
0.0,482.6,0.0,620.1,954.0,0.0
833.3,833.3,833.3,833.3,833.3,833.3
462.8,23.4,56.3,648.6,661.5,203.5
657.6,54.2,130.1,1041.9,125.8,471.6
657.4,315.9,0.0,2043.9,0.0,301.7
975.2,371.8,0.0,2135.6,65.9,767.7
859.2,306.6,0.0,2097.8,879.9,680.2
0.0,0.0,0.0,0.0,0.0,0.0
0.0,0.0,0.0,0.0,0.0,0.0
0.0,0.0,0.0,0.0,0.0,0.0
0.0,0.0,0.0,0.0,0.0,0.0
0.0,0.0,0.0,0.0,0.0,0.0
0.0,0.0,0.0,0.0,0.0,0.0
0.0,0.0,0.0,0.0,0.0,0.0
0.0,0.0,0.0,0.0,0.0,0.0
0.0,0.0,0.0,0.0,0.0,0.0
0.0,0.0,0.0,0.0,0.0,0.0
0.0,0.0,0.0,0.0,0.0,0.0
0.0,0.0,0.0,0.0,0.0,0.0
0.0,0.0,0.0,0.0,0.0,0.0
0.0,0.0,0.0,0.0,0.0,0.0
0.0,0.0,0.0,0.0,0.0,0.0
0.0,0.0,0.0,0.0,0.0,0.0
0.0,0.0,0.0,0.0,0.0,0.0
0.0,0.0,0.0,0.0,0.0,0.0
0.0,0.0,0.0,0.0,0.0,0.0
0.0,0.0,0.0,0.0,0.0,0.0
0.0,0.0,0.0,0.0,0.0,0.0
0.0,0.0,0.0,0.0,0.0,0.0
0.0,0.0,0.0,0.0,0.0,0.0
0.0,0.0,0.0,0.0,0.0,0.0
0.0,0.0,0.0,0.0,0.0,0.0
0.0,0.0,0.0,0.0,0.0,0.0
0.0,0.0,0.0,0.0,0.0,0.0
0.0,0.0,0.0,0.0,0.0,0.0
0.0,0.0,0.0,0.0,0.0,0.0
0.0,0.0,0.0,0.0,0.0,0.0
0.0,0.0,0.0,0.0,0.0,0.0
0.0,0.0,0.0,0.0,0.0,0.0
0.0,0.0,0.0,0.0,0.0,0.0
0.0,0.0,0.0,0.0,0.0,0.0
0.0,0.0,0.0,0.0,0.0,0.0
0.0,0.0,0.0,0.0,0.0,0.0
0.0,0.0,0.0,0.0,0.0,0.0
0.0,0.0,0.0,0.0,0.0,0.0
0.0,0.0,0.0,0.0,0.0,0.0
0.0,0.0,0.0,0.0,0.0,0.0
0.0,0.0,0.0,0.0,0.0,0.0
0.0,0.0,0.0,0.0,0.0,0.0
0.0,0.0,0.0,0.0,0.0,0.0
0.0,0.0,0.0,0.0,0.0,0.0
0.0,0.0,0.0,0.0,0.0,0.0
99.3,98.8,0.0,78.3,0.0,141.8
85.4,97.8,0.0,97.9,0.0,137.1
75.8,102.1,0.0,96.2,0.0,144.1
3.5,116.7,3.5,101.1,3.4,189.9
56.3,191.1,56.3,279.0,54.4,316.0
158.8,158.8,158.8,158.8,158.8,158.8
158.8,158.8,158.8,158.8,158.8,158.8
158.8,158.8,158.8,158.8,158.8,158.8
138.4,138.4,138.4,138.4,138.4,138.4
138.4,138.4,138.4,138.4,138.4,138.4
138.4,138.4,138.4,138.4,138.4,138.4
138.4,138.4,138.4,138.4,138.4,138.4
167.5,167.5,167.5,167.5,167.5,167.5
167.5,167.5,167.5,167.5,167.5,167.5
167.5,167.5,167.5,167.5,167.5,167.5
167.5,167.5,167.5,167.5,167.5,167.5
324.5,324.5,324.5,324.5,324.5,324.5
324.5,324.5,324.5,324.5,324.5,324.5
324.5,324.5,324.5,324.5,324.5,324.5
324.5,324.5,324.5,324.5,324.5,324.5
575.3,808.7,1182.9,1230.7,2635.9,611.8
521.9,757.7,1091.8,540.2,3620.5,513.3
487.6,734.7,1033.6,491.0,3301.4,996.9
736.3,1067.3,1097.3,561.8,2551.1,1031.5
226.6,226.6,226.6,226.6,226.6,226.6
226.6,226.6,226.6,226.6,226.6,226.6
275.0,304.9,342.0,44.0,323.3,70.3
244.1,287.4,427.8,0.0,400.2,0.0
168.0,190.0,279.3,0.0,252.9,0.0
181.9,0.0,381.8,0.0,326.6,0.0
148.4,148.4,148.4,148.4,148.4,148.4
148.4,148.4,148.4,148.4,148.4,148.4
69.5,69.5,69.5,69.5,69.5,69.5
69.5,69.5,69.5,69.5,69.5,69.5
69.5,69.5,69.5,69.5,69.5,69.5
69.5,69.5,69.5,69.5,69.5,69.5
0.0,0.0,0.0,0.0,0.0,0.0
0.0,0.0,0.0,0.0,0.0,0.0
0.0,0.0,0.0,0.0,0.0,0.0
0.0,0.0,0.0,0.0,0.0,0.0
0.0,0.0,0.0,0.0,0.0,0.0
0.0,0.0,0.0,0.0,0.0,0.0
0.0,0.0,0.0,0.0,0.0,0.0
0.0,0.0,0.0,0.0,0.0,0.0
0.0,0.0,0.0,0.0,0.0,0.0
0.0,0.0,0.0,0.0,0.0,0.0
0.0,0.0,0.0,0.0,0.0,0.0
0.0,0.0,0.0,0.0,0.0,0.0
0.0,0.0,0.0,0.0,0.0,0.0
0.0,0.0,0.0,0.0,0.0,0.0
0.0,0.0,0.0,0.0,0.0,0.0
0.0,0.0,0.0,0.0,0.0,0.0
0.0,0.0,0.0,0.0,0.0,0.0
0.0,0.0,0.0,0.0,0.0,0.0
0.0,0.0,0.0,0.0,0.0,0.0
0.0,0.0,0.0,0.0,0.0,0.0
0.0,0.0,0.0,0.0,0.0,0.0
0.0,0.0,0.0,0.0,0.0,0.0
0.0,0.0,0.0,0.0,0.0,0.0
0.0,0.0,0.0,0.0,0.0,0.0
0.0,0.0,0.0,0.0,0.0,0.0
0.0,0.0,0.0,0.0,0.0,0.0
0.0,0.0,0.0,0.0,0.0,0.0
0.0,0.0,0.0,0.0,0.0,0.0
0.0,0.0,0.0,0.0,0.0,0.0
0.0,0.0,0.0,0.0,0.0,0.0
0.0,0.0,0.0,0.0,0.0,0.0
0.0,0.0,0.0,0.0,0.0,0.0
0.0,0.0,0.0,0.0,0.0,0.0
0.0,0.0,0.0,0.0,0.0,0.0
0.0,0.0,0.0,0.0,0.0,0.0
0.0,0.0,0.0,0.0,0.0,0.0
0.0,0.0,0.0,0.0,0.0,0.0
0.0,0.0,0.0,0.0,0.0,0.0
0.0,0.0,0.0,0.0,0.0,0.0
0.0,0.0,0.0,0.0,0.0,0.0
0.0,0.0,0.0,0.0,0.0,0.0
0.0,0.0,0.0,0.0,0.0,0.0
0.0,0.0,0.0,0.0,0.0,0.0
0.0,0.0,0.0,0.0,0.0,0.0
0.0,0.0,0.0,0.0,0.0,0.0
0.0,0.0,0.0,0.0,0.0,0.0
0.0,0.0,0.0,0.0,0.0,0.0
0.0,0.0,0.0,0.0,0.0,0.0
0.0,0.0,0.0,0.0,0.0,0.0
0.0,0.0,0.0,0.0,0.0,0.0
0.0,0.0,0.0,0.0,0.0,0.0
0.0,0.0,0.0,0.0,0.0,0.0
0.0,0.0,0.0,0.0,0.0,0.0
0.0,0.0,0.0,0.0,0.0,0.0
0.0,0.0,0.0,0.0,0.0,0.0
0.0,0.0,0.0,0.0,0.0,0.0
0.0,0.0,0.0,0.0,0.0,0.0
0.0,0.0,0.0,0.0,0.0,0.0
0.0,0.0,0.0,0.0,0.0,0.0
0.0,0.0,0.0,0.0,0.0,0.0
108.9,0.0,135.6,176.6,0.0,0.0
75.3,77.4,96.2,84.2,3.4,84.5
70.2,70.2,70.2,70.2,70.2,70.2
70.2,70.2,70.2,70.2,70.2,70.2
159.9,159.9,159.9,159.9,159.9,159.9
159.9,159.9,159.9,159.9,159.9,159.9
159.9,159.9,159.9,159.9,159.9,159.9
159.9,159.9,159.9,159.9,159.9,159.9
249.2,249.2,249.2,249.2,249.2,249.2
249.2,249.2,249.2,249.2,249.2,249.2
249.2,249.2,249.2,249.2,249.2,249.2
249.2,249.2,249.2,249.2,249.2,249.2
3528.1,1405.3,1075.8,1405.2,0.0,1704.5
2055.2,863.8,1391.9,1378.9,0.0,1829.4
848.1,877.3,1365.9,785.9,4289.4,1468.7
730.2,1492.3,778.5,707.1,2319.4,1142.2
2150.2,1271.2,700.5,797.8,2410.0,1405.0
2037.3,1347.6,793.0,828.5,2812.9,1168.4
2042.1,1681.4,1990.1,2346.4,2633.2,2298.9
981.9,961.7,1664.9,2618.2,3746.4,3019.0
442.9,372.0,587.0,1442.1,2223.8,1777.0
305.3,419.6,1109.7,744.3,2491.8,1774.0
236.1,419.3,525.1,516.8,765.4,577.1
0.0,324.1,366.0,0.0,765.8,388.8
0.0,244.5,0.0,25.9,752.8,346.5
228.3,228.3,228.3,228.3,228.3,228.3
228.3,228.3,228.3,228.3,228.3,228.3
227.6,228.3,228.3,228.4,228.7,228.4
149.2,147.0,149.2,149.5,150.7,149.5
115.5,149.2,150.1,154.4,169.5,156.5
119.8,137.5,150.1,155.2,177.2,155.2
148.9,149.2,149.2,149.2,149.4,149.2
59.9,59.9,59.9,59.9,59.9,59.9
59.9,59.9,59.9,59.9,59.9,59.9
59.9,59.9,59.9,59.9,59.9,59.9
59.9,59.9,59.9,59.9,59.9,59.9
0.0,0.0,0.0,0.0,0.0,0.0
0.0,0.0,0.0,0.0,0.0,0.0
0.0,0.0,0.0,0.0,0.0,0.0
0.0,0.0,0.0,0.0,0.0,0.0
0.0,0.0,0.0,0.0,0.0,0.0
0.0,0.0,0.0,0.0,0.0,0.0
0.0,0.0,0.0,0.0,0.0,0.0
0.0,0.0,0.0,0.0,0.0,0.0
0.0,0.0,0.0,0.0,0.0,0.0
0.0,0.0,0.0,0.0,0.0,0.0
0.0,0.0,0.0,0.0,0.0,0.0
0.0,0.0,0.0,0.0,0.0,0.0
0.0,0.0,0.0,0.0,0.0,0.0
0.0,0.0,0.0,0.0,0.0,0.0
0.0,0.0,0.0,0.0,0.0,0.0
0.0,0.0,0.0,0.0,0.0,0.0
0.0,0.0,0.0,0.0,0.0,0.0
0.0,0.0,0.0,0.0,0.0,0.0
0.0,0.0,0.0,0.0,0.0,0.0
0.0,0.0,0.0,0.0,0.0,0.0
0.0,0.0,0.0,0.0,0.0,0.0
0.0,0.0,0.0,0.0,0.0,0.0
0.0,0.0,0.0,0.0,0.0,0.0
0.0,0.0,0.0,0.0,0.0,0.0
0.0,0.0,0.0,0.0,0.0,0.0
0.0,0.0,0.0,0.0,0.0,0.0
0.0,0.0,0.0,0.0,0.0,0.0
0.0,0.0,0.0,0.0,0.0,0.0
0.0,0.0,0.0,0.0,0.0,0.0
0.0,0.0,0.0,0.0,0.0,0.0
0.0,0.0,0.0,0.0,0.0,0.0
0.0,0.0,0.0,0.0,0.0,0.0
0.0,0.0,0.0,0.0,0.0,0.0
0.0,0.0,0.0,0.0,0.0,0.0
0.0,0.0,0.0,0.0,0.0,0.0
0.0,0.0,0.0,0.0,0.0,0.0
0.0,0.0,0.0,0.0,0.0,0.0
0.0,0.0,0.0,0.0,0.0,0.0
0.0,0.0,0.0,0.0,0.0,0.0
0.0,0.0,0.0,0.0,0.0,0.0
0.0,0.0,0.0,0.0,0.0,0.0
0.0,0.0,0.0,0.0,0.0,0.0
0.0,0.0,0.0,0.0,0.0,0.0
0.0,0.0,0.0,0.0,0.0,0.0
0.0,0.0,0.0,0.0,0.0,0.0
0.0,0.0,0.0,0.0,0.0,0.0
0.0,0.0,0.0,0.0,0.0,0.0
0.0,0.0,0.0,0.0,0.0,0.0
0.0,0.0,0.0,0.0,0.0,0.0
0.0,0.0,0.0,0.0,0.0,0.0
0.0,0.0,0.0,0.0,0.0,0.0
0.0,0.0,0.0,0.0,0.0,0.0
0.0,0.0,0.0,0.0,0.0,0.0
0.0,0.0,0.0,0.0,0.0,0.0
0.0,0.0,0.0,0.0,0.0,0.0
0.0,0.0,0.0,0.0,0.0,0.0
0.0,0.0,0.0,0.0,0.0,0.0
0.0,0.0,0.0,0.0,0.0,0.0
0.0,0.0,0.0,0.0,0.0,0.0
0.0,0.0,0.0,0.0,0.0,0.0
110.1,140.7,275.0,276.4,470.8,261.5
169.9,181.8,362.8,357.6,590.5,360.7
99.6,133.1,258.8,261.3,448.1,243.5
90.8,121.3,235.9,238.2,408.5,222.0
120.4,160.9,312.8,315.8,541.7,294.4
101.2,135.3,263.1,265.6,455.6,247.5
123.0,128.8,257.7,253.4,416.7,257.7
142.0,170.3,335.2,334.7,564.3,323.7
298.9,399.5,776.8,784.2,1345.1,730.9
260.8,348.6,677.9,684.3,1173.8,637.8
128.1,171.3,333.0,336.2,576.6,313.3
94.6,126.5,245.9,248.3,425.8,231.4
147.9,142.6,288.7,280.9,454.2,295.1
134.0,179.1,348.2,351.5,602.9,327.6
86.5,115.6,224.8,226.9,389.2,211.5
87.6,117.1,227.6,229.8,394.2,214.2
134.8,180.2,350.3,353.6,606.6,329.6
108.5,125.6,248.3,246.9,413.8,241.9
129.0,140.0,278.9,275.4,456.1,276.3
131.5,175.7,583.5,345.0,591.7,321.5
85.9,114.8,774.7,225.3,386.5,210.0
94.0,125.6,806.3,246.5,422.9,229.8
130.7,174.7,910.3,343.0,588.3,454.0
141.2,140.1,397.1,275.9,448.9,592.9
106.3,135.6,265.0,266.3,883.3,564.3
121.5,162.4,315.7,318.7,1527.1,614.0
83.3,111.4,216.6,514.2,1374.3,267.5
110.0,147.1,286.0,962.7,1509.5,269.1
126.9,163.1,318.4,1007.2,749.7,302.4
269.2,135.0,271.9,963.1,433.1,275.1
419.1,150.7,293.1,435.9,507.6,275.8
424.2,149.6,291.0,293.7,503.8,273.8
402.2,114.0,221.6,223.7,383.8,208.5
176.6,151.0,293.5,296.3,508.3,276.2
150.7,165.8,329.8,326.1,541.5,325.5
106.8,123.3,243.7,242.3,405.9,237.6
110.6,147.8,287.4,290.1,497.6,270.4
107.9,144.3,280.5,283.2,485.8,264.0
90.7,336.2,235.8,238.0,408.3,221.9
105.1,630.6,273.1,275.7,472.9,257.0
303.2,853.1,698.0,694.7,1165.6,678.8
139.0,692.9,361.2,364.6,625.4,339.8
106.0,243.4,275.4,278.0,476.9,259.1
105.2,140.6,273.4,276.0,473.4,257.2
102.5,137.1,266.5,269.1,461.5,250.8
123.3,145.3,286.6,285.6,480.2,278.0
140.2,151.9,302.6,298.7,494.4,299.9
96.2,128.6,250.1,252.5,433.0,235.3
100.3,134.0,260.7,263.1,451.3,245.3
104.0,139.0,270.4,272.9,468.2,254.4
96.6,129.1,251.1,253.5,434.8,236.2
154.1,160.7,321.9,316.3,519.7,322.2
120.2,150.9,295.5,296.5,503.6,282.2
92.7,123.9,240.9,243.2,417.2,226.7
102.9,127.5,131.7,131.8,138.0,131.2
0.0,0.0,0.0,0.0,0.0,0.0
0.0,0.0,0.0,0.0,0.0,0.0
0.0,0.0,0.0,0.0,0.0,0.0
0.0,0.0,0.0,0.0,0.0,0.0
0.0,0.0,0.0,0.0,0.0,0.0
0.0,0.0,0.0,0.0,0.0,0.0
0.0,0.0,0.0,0.0,0.0,0.0
0.0,0.0,0.0,0.0,0.0,0.0
0.0,0.0,0.0,0.0,0.0,0.0
0.0,0.0,0.0,0.0,0.0,0.0
0.0,0.0,0.0,0.0,0.0,0.0
0.0,0.0,0.0,0.0,0.0,0.0
0.0,0.0,0.0,0.0,0.0,0.0
0.0,0.0,0.0,0.0,0.0,0.0
0.0,0.0,0.0,0.0,0.0,0.0
0.0,0.0,0.0,0.0,0.0,0.0
0.0,0.0,0.0,0.0,0.0,0.0
0.0,0.0,0.0,0.0,0.0,0.0
0.0,0.0,0.0,0.0,0.0,0.0
0.0,0.0,0.0,0.0,0.0,0.0
0.0,0.0,0.0,0.0,0.0,0.0
0.0,0.0,0.0,0.0,0.0,0.0
0.0,0.0,0.0,0.0,0.0,0.0
0.0,0.0,0.0,0.0,0.0,0.0
0.0,0.0,0.0,0.0,0.0,0.0
0.0,0.0,0.0,0.0,0.0,0.0
0.0,0.0,0.0,0.0,0.0,0.0
0.0,0.0,0.0,0.0,0.0,0.0
0.0,0.0,0.0,0.0,0.0,0.0
0.0,0.0,0.0,0.0,0.0,0.0
0.0,0.0,0.0,0.0,0.0,0.0
0.0,0.0,0.0,0.0,0.0,0.0
0.0,0.0,0.0,0.0,0.0,0.0
0.0,0.0,0.0,0.0,0.0,0.0
0.0,0.0,0.0,0.0,0.0,0.0
0.0,0.0,0.0,0.0,0.0,0.0
0.0,0.0,0.0,0.0,0.0,0.0
0.0,0.0,0.0,0.0,0.0,0.0
0.0,0.0,0.0,0.0,0.0,0.0
0.0,0.0,0.0,0.0,0.0,0.0
0.0,0.0,0.0,0.0,0.0,0.0
61.1,61.1,61.1,61.1,61.1,61.1
61.1,61.1,61.1,61.1,61.1,61.1
61.1,61.1,61.1,61.1,61.1,61.1
61.1,61.1,61.1,61.1,61.1,61.1
101.5,101.5,101.5,101.5,101.5,101.5
96.4,101.6,102.0,104.3,102.6,101.9
101.5,101.5,101.5,101.5,101.5,101.5
101.5,101.5,101.5,101.5,101.5,101.5
95.6,185.5,166.2,166.3,175.6,181.4
102.4,181.9,166.3,166.4,174.7,178.9
101.6,182.4,166.2,166.4,174.7,179.2
100.3,179.2,167.3,167.4,178.0,178.3
161.0,163.4,326.6,320.3,511.0,329.1
105.1,137.3,267.6,269.5,460.7,253.2
99.6,133.2,258.9,261.4,448.4,243.6
102.7,137.3,266.9,269.5,462.2,251.2
107.8,144.1,280.1,282.8,485.0,263.6
96.8,129.3,251.5,253.9,435.5,236.7
160.1,162.2,326.1,319.3,521.6,328.9
115.0,153.8,299.0,301.8,517.7,281.3
88.0,117.7,228.8,230.9,396.1,215.3
102.4,136.8,266.1,268.6,460.8,250.4
119.7,159.9,311.0,313.9,538.5,292.6
106.8,123.4,243.9,242.5,406.1,237.7
142.6,155.0,308.8,304.9,505.1,305.7
123.6,165.2,321.1,324.2,556.1,302.2
87.9,117.4,228.3,230.5,395.4,214.9
105.8,141.4,274.9,277.6,476.1,258.7
123.8,165.5,321.8,324.9,557.3,302.8
130.6,135.7,272.0,267.1,438.7,272.5
121.4,146.1,287.4,287.0,484.2,277.3
123.6,165.2,321.3,324.3,556.3,302.3
85.4,114.1,221.9,224.0,384.3,208.8
101.2,135.3,263.1,265.6,455.6,247.5
126.0,168.5,327.6,330.7,567.2,308.2
147.0,141.5,286.5,278.7,450.5,293.1
104.0,139.0,270.4,272.9,468.2,254.4
121.6,162.5,316.0,319.0,547.2,297.3
83.4,111.5,216.8,218.8,375.3,204.0
178.2,238.2,463.1,467.5,801.9,435.8
138.1,181.4,444.6,356.1,609.2,333.9
138.2,132.9,827.0,261.8,423.0,275.3
111.8,149.5,852.7,293.4,503.3,273.5
108.8,145.4,849.1,285.5,489.7,266.1
82.9,110.8,491.2,217.5,373.1,202.7
111.3,148.8,289.4,292.1,501.1,272.3
134.5,241.4,315.8,315.1,530.7,305.4
122.4,627.0,261.8,258.1,426.4,260.1
106.0,641.2,275.4,278.0,476.9,259.1
109.9,650.2,285.5,288.2,494.4,319.3
94.4,371.3,245.4,359.2,424.9,540.8
97.7,130.6,253.9,938.1,439.7,551.2
208.7,169.1,337.5,1019.7,549.5,650.2
421.5,136.2,267.4,878.8,448.5,410.3
0.0,0.0,0.0,0.0,0.0,0.0
0.0,0.0,0.0,0.0,0.0,0.0
0.0,0.0,0.0,0.0,0.0,0.0
0.0,0.0,0.0,0.0,0.0,0.0
0.0,0.0,0.0,0.0,0.0,0.0
0.0,0.0,0.0,0.0,0.0,0.0
0.0,0.0,0.0,0.0,0.0,0.0
0.0,0.0,0.0,0.0,0.0,0.0
0.0,0.0,0.0,0.0,0.0,0.0
0.0,0.0,0.0,0.0,0.0,0.0
0.0,0.0,0.0,0.0,0.0,0.0
0.0,0.0,0.0,0.0,0.0,0.0
0.0,0.0,0.0,0.0,0.0,0.0
0.0,0.0,0.0,0.0,0.0,0.0
0.0,0.0,0.0,0.0,0.0,0.0
0.0,0.0,0.0,0.0,0.0,0.0
0.0,0.0,0.0,0.0,0.0,0.0
0.0,0.0,0.0,0.0,0.0,0.0
0.0,0.0,0.0,0.0,0.0,0.0
0.0,0.0,0.0,0.0,0.0,0.0
0.0,0.0,0.0,0.0,0.0,0.0
0.0,0.0,0.0,0.0,0.0,0.0
0.0,0.0,0.0,0.0,0.0,0.0
0.0,0.0,0.0,0.0,0.0,0.0
0.0,0.0,0.0,0.0,0.0,0.0
0.0,0.0,0.0,0.0,0.0,0.0
0.0,0.0,0.0,0.0,0.0,0.0
0.0,0.0,0.0,0.0,0.0,0.0
0.0,0.0,0.0,0.0,0.0,0.0
0.0,0.0,0.0,0.0,0.0,0.0
0.0,0.0,0.0,0.0,0.0,0.0
0.0,0.0,0.0,0.0,0.0,0.0
0.0,0.0,0.0,0.0,0.0,0.0
0.0,0.0,0.0,0.0,0.0,0.0
0.0,0.0,0.0,0.0,0.0,0.0
0.0,0.0,0.0,0.0,0.0,0.0
0.0,0.0,0.0,0.0,0.0,0.0
0.0,0.0,0.0,0.0,0.0,0.0
0.0,0.0,0.0,0.0,0.0,0.0
0.0,0.0,0.0,0.0,0.0,0.0
0.0,0.0,0.0,0.0,0.0,0.0
0.0,0.0,0.0,0.0,0.0,0.0
61.2,61.2,61.2,61.2,61.2,61.2
61.2,61.2,61.2,61.2,61.2,61.2
61.2,61.2,61.2,61.2,61.2,61.2
61.2,61.2,61.2,61.2,61.2,61.2
102.0,102.0,102.0,102.0,102.0,102.0
102.0,102.0,102.0,102.0,102.0,102.0
102.0,102.0,102.0,102.0,102.0,102.0
102.0,102.0,102.0,102.0,102.0,102.0
142.5,142.5,142.5,142.5,142.5,142.5
91.0,115.2,156.1,156.3,182.2,154.4
120.5,143.0,146.7,146.7,152.2,146.2
96.4,128.8,153.3,153.5,171.5,151.8
84.0,112.3,203.6,204.9,297.0,196.1
122.2,163.4,197.3,197.6,222.0,195.3
160.5,159.5,187.6,208.8,193.9,187.7
85.2,113.9,245.8,262.1,205.1,185.8
131.8,176.2,219.5,224.1,208.0,197.8
94.9,126.8,260.1,259.3,219.0,197.3
0.0,0.0,441.2,0.0,0.0,0.0
300.3,300.3,300.3,300.3,300.3,300.3
172.3,172.3,172.3,172.3,172.3,172.3
272.2,412.7,84.4,70.3,81.6,112.5
172.3,172.3,172.3,172.3,172.3,172.3
172.3,172.3,172.3,172.3,172.3,172.3
141.4,141.4,141.4,141.4,141.4,141.4
141.4,141.4,141.4,141.4,141.4,141.4
149.0,116.8,142.0,155.4,143.3,142.0
142.1,132.3,141.7,148.5,142.2,141.7
443.8,172.7,335.7,1036.3,581.3,315.9
403.0,121.3,1430.7,938.1,845.9,222.0
481.5,171.2,1660.6,1029.2,1549.7,347.4
446.6,396.6,1362.2,1036.3,1556.9,325.6
374.6,612.9,1311.8,909.3,1357.9,1331.4
99.5,611.8,2215.3,950.5,1454.4,1481.8
124.5,654.8,323.7,964.5,1574.9,1397.4
129.1,637.1,268.0,263.1,1446.0,1608.1
119.0,646.8,521.5,274.4,1954.6,1483.8
124.9,674.2,861.1,327.8,2401.3,610.7
84.7,622.3,758.9,222.3,2790.0,521.8
98.5,635.0,805.3,258.4,2645.1,557.8
135.6,671.2,858.7,337.0,2360.4,637.0
133.2,632.4,838.1,261.4,1353.2,589.2
94.5,627.8,816.2,248.0,425.4,545.8
122.1,395.7,444.6,320.4,381.3,392.7
0.0,0.0,0.0,0.0,0.0,0.0
0.0,0.0,0.0,0.0,0.0,0.0
0.0,0.0,0.0,0.0,0.0,0.0
0.0,0.0,0.0,0.0,0.0,0.0
0.0,0.0,0.0,0.0,0.0,0.0
0.0,0.0,0.0,0.0,0.0,0.0
0.0,0.0,0.0,0.0,0.0,0.0
0.0,0.0,0.0,0.0,0.0,0.0
0.0,0.0,0.0,0.0,0.0,0.0
0.0,0.0,0.0,0.0,0.0,0.0
0.0,0.0,0.0,0.0,0.0,0.0
0.0,0.0,0.0,0.0,0.0,0.0
0.0,0.0,0.0,0.0,0.0,0.0
0.0,0.0,0.0,0.0,0.0,0.0
0.0,0.0,0.0,0.0,0.0,0.0
0.0,0.0,0.0,0.0,0.0,0.0
0.0,0.0,0.0,0.0,0.0,0.0
0.0,0.0,0.0,0.0,0.0,0.0
0.0,0.0,0.0,0.0,0.0,0.0
0.0,0.0,0.0,0.0,0.0,0.0
0.0,0.0,0.0,0.0,0.0,0.0
0.0,0.0,0.0,0.0,0.0,0.0
0.0,0.0,0.0,0.0,0.0,0.0
0.0,0.0,0.0,0.0,0.0,0.0
0.0,0.0,0.0,0.0,0.0,0.0
0.0,0.0,0.0,0.0,0.0,0.0
0.0,0.0,0.0,0.0,0.0,0.0
0.0,0.0,0.0,0.0,0.0,0.0
0.0,0.0,0.0,0.0,0.0,0.0
0.0,0.0,0.0,0.0,0.0,0.0
0.0,0.0,0.0,0.0,0.0,0.0
0.0,0.0,0.0,0.0,0.0,0.0
0.0,0.0,0.0,0.0,0.0,0.0
0.0,0.0,0.0,0.0,0.0,0.0
0.0,0.0,0.0,0.0,0.0,0.0
0.0,0.0,0.0,0.0,0.0,0.0
0.0,0.0,0.0,0.0,0.0,0.0
0.0,0.0,0.0,0.0,0.0,0.0
0.0,0.0,0.0,0.0,0.0,0.0
0.0,0.0,0.0,0.0,0.0,0.0
0.0,0.0,0.0,0.0,0.0,0.0
0.0,0.0,0.0,0.0,0.0,0.0
0.0,0.0,0.0,0.0,0.0,0.0
0.0,0.0,0.0,0.0,0.0,0.0
0.0,0.0,0.0,0.0,0.0,0.0
0.0,0.0,0.0,0.0,0.0,0.0
0.0,0.0,0.0,0.0,0.0,0.0
0.0,0.0,0.0,0.0,0.0,0.0
0.0,0.0,0.0,0.0,0.0,0.0
0.0,0.0,0.0,0.0,0.0,0.0
0.0,0.0,0.0,0.0,0.0,0.0
0.0,0.0,0.0,0.0,0.0,0.0
60.9,60.9,60.9,60.9,60.9,60.9
60.9,60.9,60.9,60.9,60.9,60.9
60.9,60.9,60.9,60.9,60.9,60.9
60.9,60.9,60.9,60.9,60.9,60.9
91.0,91.0,91.0,91.0,91.0,91.0
85.9,91.0,91.4,93.9,92.0,91.4
91.0,91.0,91.0,91.0,91.0,91.0
91.0,91.0,91.0,91.0,91.0,91.0
98.3,115.6,224.8,226.9,389.2,211.5
416.6,141.0,274.2,276.8,474.9,258.0
430.4,162.6,337.3,319.1,547.4,297.5
401.8,124.3,801.7,244.1,418.7,227.5
261.6,139.5,831.7,274.3,459.1,269.3
155.3,175.2,903.0,344.4,574.5,340.6
92.9,124.1,493.8,243.6,455.6,238.9
133.7,162.5,319.3,319.2,1534.9,618.4
2871.8,1106.2,2654.9,2212.5,4530.4,4379.0
2352.4,838.1,2011.4,1676.2,4466.8,3824.5
1907.9,527.5,1265.9,1054.9,4561.8,3398.2
413.1,19.0,45.7,38.1,1697.8,959.5
2686.7,956.8,2296.3,1913.6,3977.1,4016.6
1899.9,612.5,1469.9,1224.9,3356.0,3011.4
965.6,221.2,531.0,442.5,2469.2,1770.8
1914.9,640.3,1536.7,1280.6,3187.6,3091.7
1092.0,348.7,836.9,697.4,1956.8,2038.9
184.8,182.3,367.7,358.8,583.0,675.3
168.1,153.6,313.3,302.6,483.3,629.1
262.3,221.3,456.9,436.5,683.6,788.0
330.6,177.7,367.5,350.6,547.7,702.5
405.0,421.4,257.8,258.4,438.3,557.8
434.5,626.9,334.0,336.0,573.0,627.0
406.3,988.3,254.5,255.7,435.4,554.5
453.2,640.3,864.4,862.7,477.8,619.7
470.7,706.2,1250.6,1256.9,606.7,667.5
408.9,699.0,1667.6,1680.5,415.3,548.3
416.1,716.3,1219.6,1230.0,452.9,567.6
452.1,847.7,1033.9,1136.6,884.9,644.8
438.9,864.8,980.1,1159.0,980.5,576.7
455.4,631.9,1072.7,1208.2,1015.6,616.2
627.6,835.8,895.5,901.6,896.4,843.1
833.3,833.3,833.3,833.3,833.3,833.3
833.5,802.2,839.0,840.0,847.8,837.6
496.5,687.5,885.5,961.4,1276.3,692.8
116.2,116.2,116.2,116.2,116.2,116.2
0.0,0.0,0.0,0.0,0.0,0.0
0.0,0.0,0.0,0.0,0.0,0.0
0.0,0.0,0.0,0.0,0.0,0.0
0.0,0.0,0.0,0.0,0.0,0.0
0.0,0.0,0.0,0.0,0.0,0.0
0.0,0.0,0.0,0.0,0.0,0.0
0.0,0.0,0.0,0.0,0.0,0.0
0.0,0.0,0.0,0.0,0.0,0.0
0.0,0.0,0.0,0.0,0.0,0.0
0.0,0.0,0.0,0.0,0.0,0.0
0.0,0.0,0.0,0.0,0.0,0.0
0.0,0.0,0.0,0.0,0.0,0.0
0.0,0.0,0.0,0.0,0.0,0.0
0.0,0.0,0.0,0.0,0.0,0.0
0.0,0.0,0.0,0.0,0.0,0.0
0.0,0.0,0.0,0.0,0.0,0.0
0.0,0.0,0.0,0.0,0.0,0.0
0.0,0.0,0.0,0.0,0.0,0.0
0.0,0.0,0.0,0.0,0.0,0.0
0.0,0.0,0.0,0.0,0.0,0.0
0.0,0.0,0.0,0.0,0.0,0.0
0.0,0.0,0.0,0.0,0.0,0.0
0.0,0.0,0.0,0.0,0.0,0.0
0.0,0.0,0.0,0.0,0.0,0.0
0.0,0.0,0.0,0.0,0.0,0.0
0.0,0.0,0.0,0.0,0.0,0.0
0.0,0.0,0.0,0.0,0.0,0.0
0.0,0.0,0.0,0.0,0.0,0.0
0.0,0.0,0.0,0.0,0.0,0.0
0.0,0.0,0.0,0.0,0.0,0.0
0.0,0.0,0.0,0.0,0.0,0.0
0.0,0.0,0.0,0.0,0.0,0.0
0.0,0.0,0.0,0.0,0.0,0.0
0.0,0.0,0.0,0.0,0.0,0.0
0.0,0.0,0.0,0.0,0.0,0.0
0.0,0.0,0.0,0.0,0.0,0.0
0.0,0.0,0.0,0.0,0.0,0.0
0.0,0.0,0.0,0.0,0.0,0.0
0.0,0.0,0.0,0.0,0.0,0.0
0.0,0.0,0.0,0.0,0.0,0.0
0.0,0.0,0.0,0.0,0.0,0.0
0.0,0.0,0.0,0.0,0.0,0.0
0.0,0.0,0.0,0.0,0.0,0.0
0.0,0.0,0.0,0.0,0.0,0.0
0.0,0.0,0.0,0.0,0.0,0.0
0.0,0.0,0.0,0.0,0.0,0.0
0.0,0.0,0.0,0.0,0.0,0.0
0.0,0.0,0.0,0.0,0.0,0.0
0.0,0.0,0.0,0.0,0.0,0.0
0.0,0.0,0.0,0.0,0.0,0.0
0.0,0.0,0.0,0.0,0.0,0.0
0.0,0.0,0.0,0.0,0.0,0.0
120.2,120.2,120.2,120.2,120.2,120.2
120.2,120.2,120.2,120.2,120.2,120.2
89.6,119.7,129.9,121.9,138.6,121.6
120.2,120.2,120.2,120.2,120.2,120.2
90.3,120.7,234.6,236.9,406.3,220.8
88.7,118.5,230.5,232.7,399.1,216.9
154.2,183.5,281.3,281.1,344.1,278.3
119.8,127.7,250.7,247.6,382.8,249.6
345.6,118.5,230.5,232.7,399.1,473.8
417.5,446.9,343.9,347.1,448.5,457.1
382.0,513.6,214.5,216.5,366.2,455.1
377.5,489.5,229.8,232.0,377.9,441.3
179.0,691.2,392.2,387.8,644.1,386.9
94.7,116.8,229.2,229.5,388.8,219.8
89.6,119.8,232.9,235.1,403.3,219.2
133.7,178.7,347.4,350.7,601.6,326.9
84.4,112.9,219.5,221.6,380.0,206.5
90.4,120.8,234.9,237.2,406.8,221.0
193.8,204.0,408.1,401.4,660.9,407.4
85.1,113.7,221.0,223.2,382.8,208.0
92.3,123.3,239.8,242.1,415.2,225.6
132.5,177.1,344.4,347.7,596.4,324.1
93.0,124.3,241.8,244.1,418.7,227.5
111.9,136.7,268.4,268.5,454.1,258.1
172.4,188.4,375.0,370.5,614.4,370.8
84.4,112.8,219.3,221.4,379.8,206.4
102.8,137.4,267.2,269.8,462.7,251.4
123.2,164.7,320.3,323.3,554.6,301.4
85.2,113.8,221.3,223.4,383.3,208.3
137.2,154.3,306.0,303.4,505.7,300.4
147.1,170.8,337.4,335.7,562.7,328.5
84.6,113.0,219.8,221.9,380.5,206.8
103.5,138.4,269.1,271.7,466.0,253.2
117.6,157.2,305.7,308.6,529.3,287.6
84.2,112.6,218.9,221.0,379.1,206.0
150.8,159.6,318.9,313.9,517.3,318.1
132.9,164.8,323.0,323.6,548.6,309.5
84.2,112.5,218.8,220.8,378.8,205.8
66.1,66.1,66.1,66.1,66.1,66.1
0.0,0.0,0.0,0.0,0.0,0.0
0.0,0.0,0.0,0.0,0.0,0.0
0.0,0.0,0.0,0.0,0.0,0.0
0.0,0.0,0.0,0.0,0.0,0.0
0.0,0.0,0.0,0.0,0.0,0.0
0.0,0.0,0.0,0.0,0.0,0.0
0.0,0.0,0.0,0.0,0.0,0.0
0.0,0.0,0.0,0.0,0.0,0.0
0.0,0.0,0.0,0.0,0.0,0.0
0.0,0.0,0.0,0.0,0.0,0.0
0.0,0.0,0.0,0.0,0.0,0.0
0.0,0.0,0.0,0.0,0.0,0.0
0.0,0.0,0.0,0.0,0.0,0.0
0.0,0.0,0.0,0.0,0.0,0.0
0.0,0.0,0.0,0.0,0.0,0.0
0.0,0.0,0.0,0.0,0.0,0.0
0.0,0.0,0.0,0.0,0.0,0.0
0.0,0.0,0.0,0.0,0.0,0.0
0.0,0.0,0.0,0.0,0.0,0.0
0.0,0.0,0.0,0.0,0.0,0.0
0.0,0.0,0.0,0.0,0.0,0.0
0.0,0.0,0.0,0.0,0.0,0.0
0.0,0.0,0.0,0.0,0.0,0.0
0.0,0.0,0.0,0.0,0.0,0.0
0.0,0.0,0.0,0.0,0.0,0.0
0.0,0.0,0.0,0.0,0.0,0.0
0.0,0.0,0.0,0.0,0.0,0.0
0.0,0.0,0.0,0.0,0.0,0.0
0.0,0.0,0.0,0.0,0.0,0.0
0.0,0.0,0.0,0.0,0.0,0.0
0.0,0.0,0.0,0.0,0.0,0.0
0.0,0.0,0.0,0.0,0.0,0.0
0.0,0.0,0.0,0.0,0.0,0.0
0.0,0.0,0.0,0.0,0.0,0.0
0.0,0.0,0.0,0.0,0.0,0.0
0.0,0.0,0.0,0.0,0.0,0.0
0.0,0.0,0.0,0.0,0.0,0.0
0.0,0.0,0.0,0.0,0.0,0.0
0.0,0.0,0.0,0.0,0.0,0.0
0.0,0.0,0.0,0.0,0.0,0.0
0.0,0.0,0.0,0.0,0.0,0.0
0.0,0.0,0.0,0.0,0.0,0.0
0.0,0.0,0.0,0.0,0.0,0.0
0.0,0.0,0.0,0.0,0.0,0.0
0.0,0.0,0.0,0.0,0.0,0.0
0.0,0.0,0.0,0.0,0.0,0.0
0.0,0.0,0.0,0.0,0.0,0.0
0.0,0.0,0.0,0.0,0.0,0.0
0.0,0.0,0.0,0.0,0.0,0.0
0.0,0.0,0.0,0.0,0.0,0.0
0.0,0.0,0.0,0.0,0.0,0.0
0.0,0.0,0.0,0.0,0.0,0.0
0.0,0.0,0.0,0.0,0.0,0.0
0.0,0.0,0.0,0.0,0.0,0.0
0.0,0.0,0.0,0.0,0.0,0.0
0.0,0.0,0.0,0.0,0.0,0.0
0.0,0.0,0.0,0.0,0.0,0.0
118.9,158.9,1587.0,311.9,535.0,290.7
98.0,131.0,254.8,257.2,441.2,239.7
138.6,140.0,281.6,275.6,449.9,284.3
131.8,166.5,325.7,326.9,555.9,310.6
97.6,130.5,253.8,256.2,439.5,238.8
87.1,889.8,226.5,228.6,392.2,213.1
118.8,491.1,308.7,311.6,534.5,290.5
95.8,446.8,248.9,251.3,431.0,234.2
144.9,170.8,286.7,279.6,453.5,291.9
121.4,191.1,315.6,318.6,546.4,296.9
91.0,920.4,236.6,238.9,409.8,222.7
168.0,185.8,369.2,365.3,607.0,364.0
604.3,488.4,1015.1,966.1,1492.3,3879.2
457.6,242.1,478.7,475.8,796.7,1663.6
308.2,234.2,462.8,460.4,771.7,1598.4
315.4,278.7,543.2,547.1,3440.7,617.7
861.5,508.3,1118.5,1008.4,2489.2,1425.3
1554.5,823.2,1856.9,1636.7,3215.5,5152.6
343.5,36.6,87.9,151.0,178.4,117.2
116.0,48.4,116.0,757.8,205.6,154.7
583.7,548.4,647.4,1152.7,3152.2,2671.4
1564.8,928.0,1928.2,1881.5,2075.2,2646.4
527.9,733.5,1399.9,1474.8,2162.0,3028.5
272.8,642.3,1207.1,1928.1,2224.3,1737.5
479.6,385.5,1340.6,1923.5,2143.1,863.9
140.1,138.7,1416.1,1591.2,444.2,284.0
128.0,221.2,1401.0,1598.3,551.2,305.2
334.5,616.3,1453.4,937.5,453.2,251.9
322.7,1655.1,1414.2,941.2,448.5,260.7
501.0,1864.6,988.2,3130.5,649.6,469.5
334.1,1769.2,818.3,3244.7,456.7,812.2
108.6,1220.2,823.3,3203.1,451.6,758.9
117.9,633.8,851.0,2165.7,505.9,876.1
105.5,628.4,824.9,951.1,562.9,805.4
173.4,657.8,2906.4,1004.4,1480.8,341.8
119.6,641.8,3137.4,985.7,1482.7,320.1
794.9,806.7,855.3,837.3,868.6,837.2
370.8,525.2,1079.8,737.8,1889.8,396.6
306.4,495.4,567.7,682.1,2642.0,306.3
962.4,521.6,608.5,733.5,1799.7,374.3
1028.7,631.7,814.0,885.8,1092.3,547.4
996.5,643.0,837.0,886.2,1073.4,564.0
847.0,632.7,834.1,902.5,1224.6,559.1
402.2,622.7,809.4,919.4,1401.3,537.4
130.6,130.6,130.6,130.6,130.6,130.6
0.0,0.0,0.0,0.0,0.0,0.0
0.0,0.0,0.0,0.0,0.0,0.0
0.0,0.0,0.0,0.0,0.0,0.0
0.0,0.0,0.0,0.0,0.0,0.0
0.0,0.0,0.0,0.0,0.0,0.0
0.0,0.0,0.0,0.0,0.0,0.0
0.0,0.0,0.0,0.0,0.0,0.0
0.0,0.0,0.0,0.0,0.0,0.0
0.0,0.0,0.0,0.0,0.0,0.0
0.0,0.0,0.0,0.0,0.0,0.0
0.0,0.0,0.0,0.0,0.0,0.0
0.0,0.0,0.0,0.0,0.0,0.0
0.0,0.0,0.0,0.0,0.0,0.0
0.0,0.0,0.0,0.0,0.0,0.0
0.0,0.0,0.0,0.0,0.0,0.0
0.0,0.0,0.0,0.0,0.0,0.0
0.0,0.0,0.0,0.0,0.0,0.0
0.0,0.0,0.0,0.0,0.0,0.0
0.0,0.0,0.0,0.0,0.0,0.0
0.0,0.0,0.0,0.0,0.0,0.0
0.0,0.0,0.0,0.0,0.0,0.0
0.0,0.0,0.0,0.0,0.0,0.0
0.0,0.0,0.0,0.0,0.0,0.0
0.0,0.0,0.0,0.0,0.0,0.0
0.0,0.0,0.0,0.0,0.0,0.0
0.0,0.0,0.0,0.0,0.0,0.0
0.0,0.0,0.0,0.0,0.0,0.0
0.0,0.0,0.0,0.0,0.0,0.0
0.0,0.0,0.0,0.0,0.0,0.0
0.0,0.0,0.0,0.0,0.0,0.0
0.0,0.0,0.0,0.0,0.0,0.0
0.0,0.0,0.0,0.0,0.0,0.0
0.0,0.0,0.0,0.0,0.0,0.0
0.0,0.0,0.0,0.0,0.0,0.0
0.0,0.0,0.0,0.0,0.0,0.0
0.0,0.0,0.0,0.0,0.0,0.0
0.0,0.0,0.0,0.0,0.0,0.0
0.0,0.0,0.0,0.0,0.0,0.0
0.0,0.0,0.0,0.0,0.0,0.0
0.0,0.0,0.0,0.0,0.0,0.0
0.0,0.0,0.0,0.0,0.0,0.0
0.0,0.0,0.0,0.0,0.0,0.0
0.0,0.0,0.0,0.0,0.0,0.0
0.0,0.0,0.0,0.0,0.0,0.0
0.0,0.0,0.0,0.0,0.0,0.0
0.0,0.0,0.0,0.0,0.0,0.0
0.0,0.0,0.0,0.0,0.0,0.0
0.0,0.0,0.0,0.0,0.0,0.0
0.0,0.0,0.0,0.0,0.0,0.0
0.0,0.0,0.0,0.0,0.0,0.0
0.0,0.0,0.0,0.0,0.0,0.0
226.3,168.6,327.9,331.0,567.7,308.5
91.5,122.4,237.9,240.2,412.0,223.9
94.7,307.6,246.2,248.6,426.3,344.8
156.3,691.5,366.8,365.9,616.3,670.6
118.5,621.8,251.6,247.8,408.8,560.5
87.7,613.1,227.9,230.1,394.7,524.4
128.0,331.4,536.3,335.9,576.1,413.2
81.9,109.4,781.2,214.8,368.4,200.2
90.8,121.3,793.7,487.0,408.5,222.0
182.7,195.7,948.3,1079.6,635.8,388.1
84.8,110.1,395.0,897.9,369.1,203.4
97.0,129.6,252.1,936.3,436.5,237.2
121.6,162.5,316.0,539.3,547.2,297.3
81.1,108.4,210.8,212.8,364.9,198.3
113.0,141.4,276.9,277.7,471.5,264.7
164.0,174.0,347.6,342.3,564.3,346.4
81.0,108.3,210.6,212.6,364.7,198.2
100.0,133.6,259.8,262.3,449.9,244.5
118.2,158.0,307.3,310.2,532.1,289.1
81.6,109.0,212.0,214.1,367.2,199.5
142.8,152.1,303.7,299.2,493.6,302.3
135.5,168.1,329.6,330.3,560.0,315.7
85.4,114.1,221.9,224.0,384.3,208.8
93.4,124.8,242.6,244.9,420.2,228.3
123.8,165.5,321.8,324.9,557.3,302.8
92.6,123.8,240.6,242.9,416.7,226.4
148.3,143.2,289.8,282.1,456.2,296.2
123.5,165.1,321.0,324.0,555.8,302.0
98.3,131.3,255.4,257.8,442.2,240.3
83.6,111.7,217.2,219.3,376.1,204.4
122.3,163.5,317.8,320.9,550.4,299.1
129.1,146.7,290.6,288.5,481.8,284.5
111.8,123.5,245.5,242.8,403.5,242.0
120.8,161.5,314.0,317.0,543.7,295.4
158.9,212.4,412.9,416.9,715.0,388.5
81.7,109.3,212.5,214.5,367.9,199.9
127.9,170.9,332.3,335.4,575.4,312.7
153.2,149.8,302.6,294.9,478.2,308.2
81.9,109.4,212.8,214.8,368.4,200.2
132.0,176.4,343.0,346.3,594.0,322.8
86.4,115.5,224.6,226.8,389.0,379.9
81.1,108.5,210.9,212.9,365.2,506.0
144.3,183.2,358.3,359.8,612.3,650.0
135.9,136.4,274.6,268.5,437.8,587.6
81.5,108.9,211.8,213.8,366.7,237.0
130.6,174.6,339.4,342.7,587.8,319.4
93.4,124.8,242.6,244.9,420.2,228.3
90.1,120.4,234.2,236.4,405.5,220.4
160.6,182.3,361.2,358.4,598.5,353.6
114.0,133.0,262.6,261.4,438.6,255.4
95.6,127.8,248.5,250.9,430.3,233.8
113.9,152.2,599.3,669.5,512.5,278.5
91.9,122.9,792.5,917.8,413.7,224.8
98.1,131.2,810.8,936.7,441.7,240.0
173.2,176.5,912.4,1029.2,568.3,357.1
94.1,125.8,312.5,329.9,423.6,230.2
96.7,129.3,251.4,253.8,435.3,236.5
112.9,151.0,293.5,296.3,508.3,276.2
135.6,135.6,135.6,135.6,135.6,135.6
0.0,0.0,0.0,0.0,0.0,0.0
0.0,0.0,0.0,0.0,0.0,0.0
0.0,0.0,0.0,0.0,0.0,0.0
0.0,0.0,0.0,0.0,0.0,0.0
0.0,0.0,0.0,0.0,0.0,0.0
0.0,0.0,0.0,0.0,0.0,0.0
0.0,0.0,0.0,0.0,0.0,0.0
0.0,0.0,0.0,0.0,0.0,0.0
0.0,0.0,0.0,0.0,0.0,0.0
0.0,0.0,0.0,0.0,0.0,0.0
0.0,0.0,0.0,0.0,0.0,0.0
0.0,0.0,0.0,0.0,0.0,0.0
0.0,0.0,0.0,0.0,0.0,0.0
0.0,0.0,0.0,0.0,0.0,0.0
0.0,0.0,0.0,0.0,0.0,0.0
0.0,0.0,0.0,0.0,0.0,0.0
0.0,0.0,0.0,0.0,0.0,0.0
0.0,0.0,0.0,0.0,0.0,0.0
0.0,0.0,0.0,0.0,0.0,0.0
0.0,0.0,0.0,0.0,0.0,0.0
0.0,0.0,0.0,0.0,0.0,0.0
0.0,0.0,0.0,0.0,0.0,0.0
0.0,0.0,0.0,0.0,0.0,0.0
0.0,0.0,0.0,0.0,0.0,0.0
0.0,0.0,0.0,0.0,0.0,0.0
0.0,0.0,0.0,0.0,0.0,0.0
0.0,0.0,0.0,0.0,0.0,0.0
0.0,0.0,0.0,0.0,0.0,0.0
0.0,0.0,0.0,0.0,0.0,0.0
0.0,0.0,0.0,0.0,0.0,0.0
0.0,0.0,0.0,0.0,0.0,0.0
0.0,0.0,0.0,0.0,0.0,0.0
0.0,0.0,0.0,0.0,0.0,0.0
0.0,0.0,0.0,0.0,0.0,0.0
0.0,0.0,0.0,0.0,0.0,0.0
0.0,0.0,0.0,0.0,0.0,0.0
0.0,0.0,0.0,0.0,0.0,0.0
105.9,141.5,275.2,277.9,476.6,259.0
124.1,165.9,322.6,325.6,558.6,303.5
113.7,126.1,250.6,248.0,412.4,246.8
141.9,160.6,318.3,315.8,527.0,311.9
118.8,158.8,308.8,975.4,534.8,290.6
83.3,111.3,216.5,905.5,374.8,203.7
120.2,160.7,312.4,1002.4,541.0,294.0
108.7,145.3,282.5,713.0,489.2,265.8
158.8,639.9,317.1,309.6,503.4,321.9
412.3,647.5,287.5,290.3,497.9,572.2
424.3,649.4,291.2,294.0,504.3,586.3
413.5,446.4,263.1,265.6,455.6,559.8
297.9,138.3,268.9,271.5,465.7,447.5
151.0,182.5,358.8,358.5,605.2,345.9
120.0,128.0,255.6,251.9,1381.1,254.3
109.6,146.6,285.0,287.7,1492.7,268.1
121.1,161.9,314.8,317.8,1544.4,296.3
104.1,126.5,246.1,269.2,1048.3,231.5
438.9,156.7,304.7,1015.3,527.6,286.7
494.3,182.0,365.3,1055.6,586.9,367.2
414.9,134.0,260.5,955.1,451.1,245.1
329.1,135.9,264.2,767.1,457.5,248.6
126.7,169.3,346.3,332.4,570.2,309.8
112.0,149.6,870.0,293.7,503.8,273.8
167.4,188.2,943.8,370.0,616.7,366.4
163.6,183.1,929.7,360.0,599.7,357.1
94.2,126.0,654.3,247.3,424.1,230.5
145.8,194.9,379.0,382.6,656.4,356.7
119.3,159.4,310.0,312.9,536.8,291.7
105.8,141.5,275.1,277.7,476.4,258.8
170.5,218.2,426.3,428.5,730.2,405.3
1195.6,711.7,1566.7,1411.9,1976.0,1852.3
671.0,460.2,984.9,910.6,1342.3,1113.0
126.6,67.8,126.6,105.5,152.5,168.8
0.0,514.7,0.0,0.0,1029.4,0.0
0.0,507.2,0.0,0.0,1014.3,9.4
0.0,0.0,0.0,0.0,0.0,0.0
63.3,26.4,63.3,52.7,61.2,84.4
10.5,4.4,10.5,8.8,10.2,14.1
0.0,0.0,0.0,0.0,0.0,0.0
855.0,719.4,855.0,848.0,853.6,869.0
847.6,770.7,844.7,841.3,844.0,851.7
861.1,719.4,853.6,847.1,852.3,866.6
891.8,496.7,868.1,912.9,864.2,966.3
694.9,23.4,56.3,915.0,54.4,884.1
874.4,4.4,10.5,651.7,10.2,613.3
866.9,684.2,848.3,869.9,847.3,883.3
1167.0,973.5,94.9,1355.5,91.8,1317.2
940.7,1049.7,294.8,1305.1,129.2,1280.5
944.3,821.5,583.1,1333.6,30.6,1287.0
955.8,985.5,540.9,1199.2,0.0,1318.7
946.2,941.7,532.4,1223.8,0.0,1355.9
893.0,998.4,534.5,1221.0,0.0,1353.1
834.9,1031.2,530.3,1227.3,0.0,1314.6
0.0,0.0,0.0,0.0,0.0,0.0
0.0,0.0,0.0,0.0,0.0,0.0
0.0,0.0,0.0,0.0,0.0,0.0
0.0,0.0,0.0,0.0,0.0,0.0
0.0,0.0,0.0,0.0,0.0,0.0
0.0,0.0,0.0,0.0,0.0,0.0
0.0,0.0,0.0,0.0,0.0,0.0
0.0,0.0,0.0,0.0,0.0,0.0
0.0,0.0,0.0,0.0,0.0,0.0
0.0,0.0,0.0,0.0,0.0,0.0
0.0,0.0,0.0,0.0,0.0,0.0
0.0,0.0,0.0,0.0,0.0,0.0
0.0,0.0,0.0,0.0,0.0,0.0
0.0,0.0,0.0,0.0,0.0,0.0
0.0,0.0,0.0,0.0,0.0,0.0
0.0,0.0,0.0,0.0,0.0,0.0
0.0,0.0,0.0,0.0,0.0,0.0
0.0,0.0,0.0,0.0,0.0,0.0
0.0,0.0,0.0,0.0,0.0,0.0
0.0,0.0,0.0,0.0,0.0,0.0
0.0,0.0,0.0,0.0,0.0,0.0
0.0,0.0,0.0,0.0,0.0,0.0
0.0,0.0,0.0,0.0,0.0,0.0
0.0,0.0,0.0,0.0,0.0,0.0
0.0,0.0,0.0,0.0,0.0,0.0
0.0,0.0,0.0,0.0,0.0,0.0
0.0,0.0,0.0,0.0,0.0,0.0
0.0,0.0,0.0,0.0,0.0,0.0
0.0,0.0,0.0,0.0,0.0,0.0
0.0,0.0,0.0,0.0,0.0,0.0
0.0,0.0,0.0,0.0,0.0,0.0
0.0,0.0,0.0,0.0,0.0,0.0
0.0,0.0,0.0,0.0,0.0,0.0
0.0,0.0,0.0,0.0,0.0,0.0
0.0,0.0,0.0,0.0,0.0,0.0
0.0,0.0,0.0,0.0,0.0,0.0
0.0,0.0,0.0,0.0,0.0,0.0
0.0,0.0,0.0,0.0,0.0,0.0
0.0,0.0,0.0,0.0,0.0,0.0
0.0,0.0,0.0,0.0,0.0,0.0
0.0,0.0,0.0,0.0,0.0,0.0
0.0,0.0,0.0,0.0,0.0,0.0
306.4,359.3,388.8,341.1,473.6,0.0
306.4,334.9,437.3,334.1,456.5,0.0
311.5,311.5,311.5,311.5,311.5,311.5
311.5,311.5,311.5,311.5,311.5,311.5
498.9,565.8,1789.0,1091.7,872.0,1443.2
529.7,238.7,2033.2,1092.4,774.4,1592.3
452.2,194.7,1534.3,1056.3,652.5,1631.8
439.1,169.5,355.0,1004.1,570.7,1773.3
617.3,207.7,403.8,1813.3,699.2,1707.4
767.7,189.8,369.0,2881.7,639.0,908.5
420.1,368.7,240.3,2713.2,416.2,226.2
191.7,1220.9,425.0,2474.8,701.0,417.9
128.4,1143.0,288.6,2538.1,493.4,287.3
99.5,628.8,258.5,1716.3,1450.6,556.7
147.5,691.2,383.5,989.3,1655.7,670.7
370.0,610.6,234.2,236.4,1872.3,530.3
822.8,646.9,304.7,307.6,2526.1,619.8
954.7,671.3,360.5,359.6,2588.8,2016.6
868.0,631.7,284.4,675.1,1435.2,2937.6
765.5,671.1,355.4,1040.6,1592.1,981.5
1015.7,1107.4,1203.7,1897.0,3064.8,1548.9
387.1,680.2,384.2,1002.2,1641.9,776.6
433.8,174.9,340.0,343.2,588.8,1699.7
627.7,174.6,340.9,342.9,584.9,2374.8
486.4,174.5,351.9,343.5,558.3,357.4
391.2,149.6,290.8,315.3,503.6,273.6
132.2,176.7,343.6,1557.0,1586.6,633.2
91.4,122.2,237.6,2323.7,456.7,237.7
145.7,194.7,378.6,686.1,655.6,356.3
102.4,136.9,266.2,366.4,461.0,250.5
164.1,164.3,330.9,421.2,527.2,334.8
151.2,189.2,370.5,1598.0,2184.4,354.2
102.3,924.8,265.8,2091.7,2417.3,250.1
110.6,1145.2,287.5,290.3,2488.8,270.6
134.1,1171.0,359.4,351.9,2500.3,328.0
116.1,624.7,1231.4,304.7,522.7,769.5
131.7,146.9,1891.3,288.8,502.7,898.3
180.7,209.4,1111.9,398.5,1889.2,1017.1
0.0,378.2,551.5,0.0,2109.9,592.7
0.0,651.2,48.8,0.0,307.7,0.0
0.0,95.0,613.2,0.0,98.9,774.4
0.0,30.5,911.7,0.0,98.9,1334.9
7.0,33.5,7.0,5.9,1248.6,2096.6
66.8,411.1,66.8,55.7,1910.7,2121.8
0.0,990.2,0.0,0.0,0.0,1920.7
0.0,820.1,0.0,0.0,0.0,1903.6
0.0,888.0,0.0,0.0,0.0,1865.9
262.8,0.0,0.0,0.0,0.0,1721.7
519.6,2.9,7.0,836.7,6.8,1462.1
381.7,27.8,66.8,608.5,64.6,630.0
0.0,0.0,0.0,0.0,0.0,0.0
0.0,0.0,0.0,0.0,0.0,0.0
0.0,0.0,0.0,0.0,0.0,0.0
0.0,0.0,0.0,0.0,0.0,0.0
0.0,0.0,0.0,0.0,0.0,0.0
0.0,0.0,0.0,0.0,0.0,0.0
0.0,0.0,0.0,0.0,0.0,0.0
0.0,0.0,0.0,0.0,0.0,0.0
0.0,0.0,0.0,0.0,0.0,0.0
0.0,0.0,0.0,0.0,0.0,0.0
0.0,0.0,0.0,0.0,0.0,0.0
0.0,0.0,0.0,0.0,0.0,0.0
0.0,0.0,0.0,0.0,0.0,0.0
0.0,0.0,0.0,0.0,0.0,0.0
0.0,0.0,0.0,0.0,0.0,0.0
0.0,0.0,0.0,0.0,0.0,0.0
0.0,0.0,0.0,0.0,0.0,0.0
0.0,0.0,0.0,0.0,0.0,0.0
0.0,0.0,0.0,0.0,0.0,0.0
0.0,0.0,0.0,0.0,0.0,0.0
0.0,0.0,0.0,0.0,0.0,0.0
0.0,0.0,0.0,0.0,0.0,0.0
0.0,0.0,0.0,0.0,0.0,0.0
0.0,0.0,0.0,0.0,0.0,0.0
0.0,0.0,0.0,0.0,0.0,0.0
0.0,0.0,0.0,0.0,0.0,0.0
0.0,0.0,0.0,0.0,0.0,0.0
0.0,0.0,0.0,0.0,0.0,0.0
0.0,0.0,0.0,0.0,0.0,0.0
0.0,0.0,0.0,0.0,0.0,0.0
0.0,0.0,0.0,0.0,0.0,0.0
0.0,0.0,0.0,0.0,0.0,0.0
0.0,0.0,0.0,0.0,0.0,0.0
0.0,0.0,0.0,0.0,0.0,0.0
0.0,0.0,0.0,0.0,0.0,0.0
0.0,0.0,0.0,0.0,0.0,0.0
0.0,0.0,0.0,0.0,0.0,0.0
0.0,0.0,0.0,0.0,0.0,0.0
0.0,0.0,0.0,0.0,0.0,0.0
0.0,0.0,0.0,0.0,0.0,0.0
0.0,0.0,0.0,0.0,0.0,0.0
0.0,0.0,0.0,0.0,0.0,0.0
0.0,0.0,0.0,0.0,0.0,0.0
0.0,0.0,0.0,0.0,0.0,0.0
0.0,0.0,0.0,0.0,0.0,0.0
0.0,0.0,0.0,0.0,0.0,0.0
0.0,5.1,0.0,0.0,0.0,946.1
442.9,562.4,1324.2,421.5,2120.3,3018.4
777.5,791.7,2355.7,1115.3,3124.3,4313.2
972.6,257.4,1624.9,1732.7,1803.5,1801.9
79.0,79.0,79.0,79.0,79.0,79.0
79.0,79.0,79.0,79.0,79.0,79.0
79.0,79.0,79.0,79.0,79.0,79.0
79.0,79.0,79.0,79.0,79.0,79.0
537.3,537.3,537.3,537.3,537.3,537.3
537.3,537.3,537.3,537.3,537.3,537.3
537.3,537.3,537.3,537.3,537.3,537.3
537.3,537.3,537.3,537.3,537.3,537.3
2672.5,1895.2,2966.9,2738.6,4077.7,3202.0
478.7,1189.7,1287.1,1833.8,3094.4,535.0
347.4,844.5,3613.9,2416.7,1124.6,355.6
2757.4,1799.9,6439.5,2822.0,3525.5,3577.9
1353.8,1353.8,1353.8,1353.8,1353.8,1353.8
340.4,942.7,2334.8,3139.6,1014.4,350.9
614.4,614.4,614.4,614.4,614.4,614.4
520.5,520.5,520.5,520.5,520.5,520.5
1903.3,1344.9,3838.2,2349.7,3225.7,2644.6
1776.5,1224.4,2911.8,2125.4,2889.9,2401.3
568.9,731.0,1071.0,1171.5,1791.0,819.8
478.0,703.2,975.6,1103.8,1673.0,697.4
460.9,683.3,931.4,1065.8,1636.5,662.4
490.4,699.4,966.8,1107.7,1687.2,714.7
598.6,758.9,1081.0,1212.5,1815.1,880.6
449.2,691.2,917.0,1052.5,1628.2,669.5
462.7,705.9,948.5,1074.6,1700.6,696.6
465.5,714.7,845.0,889.5,1142.3,564.6
438.4,676.5,843.7,920.6,1303.3,338.1
547.0,755.1,826.1,850.6,1003.4,538.3
234.4,234.4,234.4,234.4,234.4,234.4
234.4,234.4,234.4,234.4,234.4,234.4
234.4,234.4,234.4,234.4,234.4,234.4
234.4,234.4,234.4,234.4,234.4,234.4
0.0,0.0,0.0,0.0,0.0,0.0
0.0,0.0,0.0,0.0,0.0,0.0
0.0,0.0,0.0,0.0,0.0,0.0
0.0,0.0,0.0,0.0,0.0,0.0
0.0,0.0,0.0,0.0,0.0,0.0
0.0,0.0,0.0,0.0,0.0,0.0
0.0,0.0,0.0,0.0,0.0,0.0
0.0,0.0,0.0,0.0,0.0,0.0
0.0,0.0,0.0,0.0,0.0,0.0
0.0,0.0,0.0,0.0,0.0,0.0
0.0,0.0,0.0,0.0,0.0,0.0
0.0,0.0,0.0,0.0,0.0,0.0
0.0,0.0,0.0,0.0,0.0,0.0
0.0,0.0,0.0,0.0,0.0,0.0
0.0,0.0,0.0,0.0,0.0,0.0
0.0,0.0,0.0,0.0,0.0,0.0
0.0,0.0,0.0,0.0,0.0,0.0
0.0,0.0,0.0,0.0,0.0,0.0
0.0,0.0,0.0,0.0,0.0,0.0
0.0,0.0,0.0,0.0,0.0,0.0
0.0,0.0,0.0,0.0,0.0,0.0
0.0,0.0,0.0,0.0,0.0,0.0
0.0,0.0,0.0,0.0,0.0,0.0
0.0,0.0,0.0,0.0,0.0,0.0
0.0,0.0,0.0,0.0,0.0,0.0
0.0,0.0,0.0,0.0,0.0,0.0
0.0,0.0,0.0,0.0,0.0,0.0
0.0,0.0,0.0,0.0,0.0,0.0
0.0,0.0,0.0,0.0,0.0,0.0
0.0,0.0,0.0,0.0,0.0,0.0
0.0,0.0,0.0,0.0,0.0,0.0
0.0,0.0,0.0,0.0,0.0,0.0
0.0,0.0,0.0,0.0,0.0,0.0
0.0,0.0,0.0,0.0,0.0,0.0
0.0,0.0,0.0,0.0,0.0,0.0
0.0,0.0,0.0,0.0,0.0,0.0
0.0,0.0,0.0,0.0,0.0,0.0
0.0,0.0,0.0,0.0,0.0,0.0
0.0,0.0,0.0,0.0,0.0,0.0
0.0,0.0,0.0,0.0,0.0,0.0
0.0,0.0,0.0,0.0,0.0,0.0
0.0,0.0,0.0,0.0,0.0,0.0
0.0,0.0,0.0,0.0,0.0,0.0
0.0,0.0,0.0,0.0,0.0,0.0
0.0,0.0,0.0,0.0,0.0,0.0
0.0,0.0,0.0,0.0,0.0,0.0
0.0,0.0,0.0,0.0,0.0,0.0
0.0,0.0,0.0,0.0,0.0,0.0
0.0,0.0,0.0,0.0,0.0,0.0
0.0,0.0,0.0,0.0,0.0,0.0
0.0,0.0,0.0,0.0,0.0,0.0
0.0,0.0,0.0,0.0,0.0,0.0
0.0,0.0,0.0,0.0,0.0,0.0
0.0,0.0,0.0,0.0,0.0,0.0
0.0,0.0,0.0,0.0,0.0,0.0
0.0,0.0,0.0,0.0,0.0,0.0
0.0,0.0,0.0,0.0,0.0,0.0
0.0,0.0,0.0,0.0,0.0,0.0
0.0,0.0,0.0,0.0,0.0,0.0
0.0,0.0,0.0,0.0,0.0,0.0
0.0,0.0,95.4,106.5,0.0,97.7
49.9,49.9,49.9,49.9,49.9,49.9
49.9,49.9,49.9,49.9,49.9,49.9
49.9,49.9,49.9,49.9,49.9,49.9
89.3,89.3,89.3,89.3,89.3,89.3
89.3,89.3,89.3,89.3,89.3,89.3
89.3,89.3,89.3,89.3,89.3,89.3
89.3,89.3,89.3,89.3,89.3,89.3
128.4,128.4,128.4,128.4,128.4,128.4
128.4,128.4,128.4,128.4,128.4,128.4
128.4,128.4,128.4,128.4,128.4,128.4
128.4,128.4,128.4,128.4,128.4,128.4
334.1,334.1,334.1,334.1,334.1,334.1
334.1,334.1,334.1,334.1,334.1,334.1
334.1,334.1,334.1,334.1,334.1,334.1
335.0,343.3,300.4,343.8,345.5,336.6
167.1,167.1,167.1,167.1,167.1,167.1
167.1,167.1,167.1,167.1,167.1,167.1
167.1,167.1,167.1,167.1,167.1,167.1
167.1,167.1,167.1,167.1,167.1,167.1
147.6,147.6,147.6,147.6,147.6,147.6
147.6,147.6,147.6,147.6,147.6,147.6
147.6,147.6,147.6,147.6,147.6,147.6
147.6,147.6,147.6,147.6,147.6,147.6
118.3,118.3,118.3,118.3,118.3,118.3
118.3,118.3,118.3,118.3,118.3,118.3
118.3,118.3,118.3,118.3,118.3,118.3
118.3,118.3,118.3,118.3,118.3,118.3
79.0,79.0,79.0,79.0,79.0,79.0
79.0,79.0,79.0,79.0,79.0,79.0
79.0,79.0,79.0,79.0,79.0,79.0
79.0,79.0,79.0,79.0,79.0,79.0
49.5,49.5,49.5,49.5,49.5,49.5
49.5,49.5,49.5,49.5,49.5,49.5
49.5,49.5,49.5,49.5,49.5,49.5
190.5,0.0,0.0,0.0,0.0,0.0
17.1,0.0,0.0,0.0,0.0,78.6
0.0,0.0,0.0,0.0,0.0,0.0
0.0,0.0,0.0,0.0,0.0,0.0
0.0,0.0,0.0,0.0,0.0,0.0
0.0,0.0,0.0,0.0,0.0,0.0
0.0,0.0,0.0,0.0,0.0,0.0
0.0,0.0,0.0,0.0,0.0,0.0
0.0,0.0,0.0,0.0,0.0,0.0
0.0,0.0,0.0,0.0,0.0,0.0
0.0,0.0,0.0,0.0,0.0,0.0
0.0,0.0,0.0,0.0,0.0,0.0
0.0,0.0,0.0,0.0,0.0,0.0
0.0,0.0,0.0,0.0,0.0,0.0
0.0,0.0,0.0,0.0,0.0,0.0
0.0,0.0,0.0,0.0,0.0,0.0
0.0,0.0,0.0,0.0,0.0,0.0
0.0,0.0,0.0,0.0,0.0,0.0
0.0,0.0,0.0,0.0,0.0,0.0
0.0,0.0,0.0,0.0,0.0,0.0
0.0,0.0,0.0,0.0,0.0,0.0
0.0,0.0,0.0,0.0,0.0,0.0
0.0,0.0,0.0,0.0,0.0,0.0
0.0,0.0,0.0,0.0,0.0,0.0
0.0,0.0,0.0,0.0,0.0,0.0
0.0,0.0,0.0,0.0,0.0,0.0
0.0,0.0,0.0,0.0,0.0,0.0
0.0,0.0,0.0,0.0,0.0,0.0
0.0,0.0,0.0,0.0,0.0,0.0
0.0,0.0,0.0,0.0,0.0,0.0
0.0,0.0,0.0,0.0,0.0,0.0
0.0,0.0,0.0,0.0,0.0,0.0
0.0,0.0,0.0,0.0,0.0,0.0
0.0,0.0,0.0,0.0,0.0,0.0
0.0,0.0,0.0,0.0,0.0,0.0
0.0,0.0,0.0,0.0,0.0,0.0
0.0,0.0,0.0,0.0,0.0,0.0
0.0,0.0,0.0,0.0,0.0,0.0
0.0,0.0,0.0,0.0,0.0,0.0
0.0,0.0,0.0,0.0,0.0,0.0
0.0,0.0,0.0,0.0,0.0,0.0
0.0,0.0,0.0,0.0,0.0,0.0
0.0,0.0,0.0,0.0,0.0,0.0
0.0,0.0,0.0,0.0,0.0,0.0
0.0,0.0,0.0,0.0,0.0,0.0
0.0,0.0,0.0,0.0,0.0,0.0
0.0,0.0,0.0,0.0,0.0,0.0
0.0,0.0,0.0,0.0,0.0,0.0
0.0,0.0,0.0,0.0,0.0,0.0
0.0,0.0,0.0,0.0,0.0,0.0
0.0,0.0,0.0,0.0,0.0,0.0
0.0,0.0,0.0,0.0,0.0,0.0
0.0,0.0,0.0,0.0,0.0,0.0
0.0,0.0,0.0,0.0,0.0,0.0
0.0,0.0,0.0,0.0,0.0,0.0
0.0,0.0,0.0,0.0,0.0,0.0
0.0,0.0,0.0,0.0,0.0,0.0
0.0,0.0,0.0,0.0,0.0,0.0
0.0,0.0,0.0,0.0,0.0,0.0
0.0,0.0,0.0,0.0,0.0,0.0
0.0,0.0,0.0,0.0,0.0,0.0
361.5,1305.5,608.5,706.9,1035.1,1101.3
325.1,837.1,571.2,1212.0,993.6,867.0
305.2,1098.3,549.3,1217.1,987.9,309.9
308.7,1106.4,1822.8,774.8,987.9,307.5
308.7,884.9,1524.5,573.8,987.9,305.2
973.8,1016.1,1689.1,465.9,1787.1,738.3
912.5,773.1,2642.7,555.8,1932.0,840.1
819.3,790.0,1804.8,1068.7,1976.7,874.6
1071.0,724.9,2192.3,1136.2,1760.5,732.3
810.2,416.4,2410.7,1338.6,4302.4,923.4
1019.9,346.9,1989.3,1352.4,3826.1,942.3
964.9,260.2,1625.7,1189.9,3012.2,525.5
830.6,302.6,1137.0,1273.4,4648.5,557.8
810.0,322.7,1191.0,1313.6,3176.5,626.6
490.6,246.3,1030.3,1162.6,3867.0,450.6
307.5,0.0,553.6,681.8,158.4,0.0
49.5,0.0,89.1,676.6,0.0,0.0
0.0,0.0,0.0,671.4,0.0,0.0
192.8,257.7,501.1,1174.7,867.8,471.6
196.8,214.5,427.1,1095.9,699.2,422.5
126.8,153.3,301.4,970.0,508.5,290.5
144.4,192.9,375.2,1052.8,649.7,353.0
366.8,190.2,369.9,1047.4,640.5,348.0
586.2,145.7,283.4,1551.6,490.7,266.7
489.3,195.7,380.5,1745.0,658.8,358.0
178.0,208.8,412.0,1310.0,689.2,400.1
153.0,165.7,330.2,325.9,539.4,327.2
143.1,191.3,372.0,375.6,644.2,350.1
147.7,197.4,383.8,387.4,664.5,361.1
110.0,147.0,285.8,288.5,494.9,268.9
139.3,186.2,362.0,365.5,626.9,340.6
155.1,204.1,397.6,400.7,3783.5,375.5
177.2,175.4,353.8,345.4,4038.1,359.1
139.0,185.7,361.2,364.6,3152.8,339.8
151.5,202.5,393.8,397.5,681.9,370.5
111.1,148.5,288.8,291.6,500.1,820.7
141.4,189.0,950.8,371.0,636.3,1512.7
148.4,198.4,1626.0,389.4,668.0,1201.6
52.7,22.0,52.7,44.0,51.0,70.3
17.6,7.3,17.6,14.7,17.0,23.4
0.0,0.0,0.0,646.1,0.0,0.0
0.0,0.0,0.0,682.2,0.0,0.0
1.6,0.0,0.0,1449.8,0.0,0.0
112.9,0.0,0.0,3794.1,0.0,0.0
161.6,1210.6,28.1,3235.6,27.2,336.8
242.4,1331.9,42.2,2616.6,40.8,355.6
230.1,1236.1,1831.4,1398.4,0.0,304.0
242.6,919.1,1035.0,1920.8,0.0,882.5
0.0,836.1,985.0,1166.5,986.7,1025.7
0.0,489.9,1041.5,1309.8,878.1,1280.8
14.1,839.5,976.1,1245.4,861.2,1063.8
56.3,928.1,855.6,1119.2,870.6,1170.3
0.0,947.9,870.5,1082.0,862.3,1237.3
299.3,943.5,992.7,932.8,986.0,845.7
299.3,909.7,1016.9,903.1,940.9,930.2
304.0,853.6,983.5,921.5,1004.2,933.2
302.8,838.3,968.9,922.4,1036.4,931.1
374.4,835.0,936.3,943.7,992.8,917.8
308.7,834.8,924.6,1012.9,1009.2,909.8
318.5,897.1,993.3,852.6,1033.7,903.7
0.0,0.0,0.0,0.0,0.0,0.0
0.0,0.0,0.0,0.0,0.0,0.0
0.0,0.0,0.0,0.0,0.0,0.0
0.0,0.0,0.0,0.0,0.0,0.0
0.0,0.0,0.0,0.0,0.0,0.0
0.0,0.0,0.0,0.0,0.0,0.0
0.0,0.0,0.0,0.0,0.0,0.0
0.0,0.0,0.0,0.0,0.0,0.0
0.0,0.0,0.0,0.0,0.0,0.0
0.0,0.0,0.0,0.0,0.0,0.0
0.0,0.0,0.0,0.0,0.0,0.0
0.0,0.0,0.0,0.0,0.0,0.0
0.0,0.0,0.0,0.0,0.0,0.0
0.0,0.0,0.0,0.0,0.0,0.0
0.0,0.0,0.0,0.0,0.0,0.0
0.0,0.0,0.0,0.0,0.0,0.0
0.0,0.0,0.0,0.0,0.0,0.0
0.0,0.0,0.0,0.0,0.0,0.0
0.0,0.0,0.0,0.0,0.0,0.0
0.0,0.0,0.0,0.0,0.0,0.0
0.0,0.0,0.0,0.0,0.0,0.0
0.0,0.0,0.0,0.0,0.0,0.0
0.0,0.0,0.0,0.0,0.0,0.0
0.0,0.0,0.0,0.0,0.0,0.0
0.0,0.0,0.0,0.0,0.0,0.0
0.0,0.0,0.0,0.0,0.0,0.0
0.0,0.0,0.0,0.0,0.0,0.0
0.0,0.0,0.0,0.0,0.0,0.0
0.0,0.0,0.0,0.0,0.0,0.0
0.0,0.0,0.0,0.0,0.0,0.0
0.0,0.0,0.0,0.0,0.0,0.0
0.0,0.0,0.0,0.0,0.0,0.0
0.0,0.0,0.0,0.0,0.0,0.0
0.0,0.0,0.0,0.0,0.0,0.0
0.0,0.0,0.0,0.0,0.0,0.0
0.0,0.0,0.0,0.0,0.0,0.0
66.3,4.4,99.3,8.8,92.4,90.9
0.0,0.0,199.7,0.0,0.0,162.5
0.0,0.0,191.2,0.0,0.0,170.9
0.0,0.0,207.1,0.0,0.0,155.0
114.4,152.9,1435.5,300.1,514.7,891.4
135.4,155.0,1153.5,304.8,509.7,299.7
165.2,185.2,1232.3,1734.6,606.8,361.0
106.7,142.6,1091.6,1354.5,480.1,260.9
112.1,149.8,941.4,1255.0,504.3,274.1
144.7,891.5,376.0,1545.2,651.2,353.8
137.4,731.1,357.2,1509.7,618.5,336.1
138.0,674.0,358.6,1216.8,620.9,337.4
196.3,412.0,371.0,460.9,395.6,371.4
120.8,308.3,271.1,342.0,290.8,269.5
144.4,293.0,274.8,322.3,294.6,273.2
267.1,267.1,267.1,267.1,267.1,267.1
265.6,265.6,265.6,265.6,265.6,265.6
265.6,265.6,265.6,265.6,265.6,265.6
265.6,265.6,265.6,265.6,265.6,265.6
219.4,196.2,286.3,284.0,318.7,289.0
147.2,147.2,147.2,147.2,147.2,147.2
147.2,147.2,147.2,147.2,147.2,147.2
147.2,147.2,147.2,147.2,147.2,147.2
147.2,147.2,147.2,147.2,147.2,147.2
1944.6,821.6,2971.6,2294.5,2882.8,2898.0
1280.0,1033.0,2168.6,1738.1,2247.9,2020.1
604.8,742.2,1181.8,1193.6,1595.2,1122.2
197.2,745.4,501.2,1199.5,1857.9,790.1
231.7,804.7,590.8,1290.0,2009.4,869.8
305.2,835.6,658.3,1334.1,2059.5,962.5
233.7,775.7,534.4,1213.2,4037.1,828.3
314.7,844.3,687.1,1357.9,3071.0,982.9
525.1,773.9,541.9,965.8,1673.7,816.7
437.7,657.9,324.4,948.9,2314.8,613.4
910.0,710.8,429.0,946.3,1579.3,721.7
728.0,706.3,437.5,981.7,1710.7,732.8
869.1,722.2,460.5,1171.0,1035.8,741.5
851.9,724.7,468.3,1092.4,1115.4,747.4
247.4,247.4,247.4,247.4,247.4,247.4
0.0,0.0,0.0,0.0,0.0,0.0
0.0,0.0,0.0,0.0,0.0,0.0
0.0,0.0,0.0,0.0,0.0,0.0
0.0,0.0,0.0,0.0,0.0,0.0
0.0,0.0,0.0,0.0,0.0,0.0
0.0,0.0,0.0,0.0,0.0,0.0
0.0,0.0,0.0,0.0,0.0,0.0
0.0,0.0,0.0,0.0,0.0,0.0
0.0,0.0,0.0,0.0,0.0,0.0
0.0,0.0,0.0,0.0,0.0,0.0
0.0,0.0,0.0,0.0,0.0,0.0
0.0,0.0,0.0,0.0,0.0,0.0
0.0,0.0,0.0,0.0,0.0,0.0
0.0,0.0,0.0,0.0,0.0,0.0
0.0,0.0,0.0,0.0,0.0,0.0
0.0,0.0,0.0,0.0,0.0,0.0
0.0,0.0,0.0,0.0,0.0,0.0
0.0,0.0,0.0,0.0,0.0,0.0
0.0,0.0,0.0,0.0,0.0,0.0
0.0,0.0,0.0,0.0,0.0,0.0
0.0,0.0,0.0,0.0,0.0,0.0
0.0,0.0,0.0,0.0,0.0,0.0
0.0,0.0,0.0,0.0,0.0,0.0
0.0,0.0,0.0,0.0,0.0,0.0
0.0,0.0,0.0,0.0,0.0,0.0
0.0,0.0,0.0,0.0,0.0,0.0
0.0,0.0,0.0,0.0,0.0,0.0
0.0,0.0,0.0,0.0,0.0,0.0
0.0,0.0,0.0,0.0,0.0,0.0
0.0,0.0,0.0,0.0,0.0,0.0
0.0,0.0,0.0,0.0,0.0,0.0
0.0,0.0,0.0,0.0,0.0,0.0
0.0,0.0,0.0,0.0,0.0,0.0
0.0,0.0,0.0,0.0,0.0,0.0
0.0,0.0,0.0,0.0,0.0,0.0
0.0,0.0,0.0,0.0,0.0,0.0
0.0,0.0,0.0,0.0,0.0,0.0
0.0,0.0,0.0,0.0,0.0,0.0
0.0,0.0,0.0,0.0,0.0,0.0
0.0,0.0,0.0,0.0,0.0,0.0
0.0,0.0,0.0,0.0,0.0,0.0
0.0,0.0,0.0,0.0,0.0,0.0
0.0,0.0,0.0,0.0,0.0,0.0
0.0,0.0,0.0,0.0,0.0,0.0
0.0,0.0,0.0,0.0,0.0,0.0
0.0,0.0,0.0,0.0,0.0,0.0
0.0,0.0,0.0,0.0,0.0,0.0
0.0,0.0,0.0,0.0,0.0,0.0
0.0,0.0,0.0,0.0,0.0,0.0
0.0,0.0,0.0,0.0,0.0,0.0
0.0,0.0,0.0,0.0,0.0,0.0
0.0,0.0,0.0,0.0,0.0,0.0
0.0,0.0,0.0,0.0,0.0,0.0
0.0,0.0,0.0,0.0,0.0,0.0
0.0,0.0,0.0,0.0,0.0,0.0
0.0,0.0,0.0,0.0,0.0,0.0
0.0,0.0,0.0,0.0,0.0,0.0
17.6,55.2,87.9,14.7,17.0,45.7
39.7,39.7,39.7,39.7,39.7,39.7
0.0,52.4,65.2,75.3,0.0,45.0
0.0,55.3,71.0,66.1,0.0,45.7
0.0,100.2,132.5,102.9,0.0,79.8
0.0,82.1,95.7,159.0,0.0,78.6
74.6,77.6,0.0,98.6,91.2,73.3
70.8,69.6,59.8,71.8,73.6,69.7
98.6,98.6,98.6,98.6,98.6,98.6
98.6,98.6,98.6,98.6,98.6,98.6
98.6,98.6,98.6,98.6,98.6,98.6
98.6,98.6,98.6,98.6,98.6,98.6
127.6,127.6,127.6,127.6,127.6,127.6
127.6,127.6,127.6,127.6,127.6,127.6
127.6,127.6,127.6,127.6,127.6,127.6
127.6,127.6,127.6,127.6,127.6,127.6
137.3,137.3,137.3,137.3,137.3,137.3
137.3,137.3,137.3,137.3,137.3,137.3
137.3,137.3,137.3,137.3,137.3,137.3
137.3,137.3,137.3,137.3,137.3,137.3
147.3,147.3,147.3,147.3,147.3,147.3
147.3,147.3,147.3,147.3,147.3,147.3
147.3,147.3,147.3,147.3,147.3,147.3
147.3,147.3,147.3,147.3,147.3,147.3
167.4,167.4,167.4,167.4,167.4,167.4
167.4,167.4,167.4,167.4,167.4,167.4
174.6,180.0,183.5,187.7,199.1,79.7
178.1,192.1,196.8,207.3,230.3,0.0
107.0,114.1,116.5,121.5,133.6,0.0
108.1,115.8,118.4,112.7,137.8,0.0
120.0,138.5,144.7,0.0,189.5,0.0
120.2,138.9,145.1,0.0,188.4,0.0
84.0,86.4,87.9,49.8,88.7,79.3
122.7,154.1,166.2,8.8,10.2,14.1
128.0,167.5,180.6,0.0,0.0,0.0
105.3,178.0,192.7,0.0,0.0,0.0
0.0,0.0,0.0,0.0,0.0,0.0
0.0,0.0,0.0,0.0,0.0,0.0
0.0,0.0,0.0,0.0,0.0,0.0
0.0,0.0,0.0,0.0,0.0,0.0
0.0,0.0,0.0,0.0,0.0,0.0
0.0,0.0,0.0,0.0,0.0,0.0
0.0,0.0,0.0,0.0,0.0,0.0
0.0,0.0,0.0,0.0,0.0,0.0
0.0,0.0,0.0,0.0,0.0,0.0
0.0,0.0,0.0,0.0,0.0,0.0
0.0,0.0,0.0,0.0,0.0,0.0
0.0,0.0,0.0,0.0,0.0,0.0
0.0,0.0,0.0,0.0,0.0,0.0
0.0,0.0,0.0,0.0,0.0,0.0
0.0,0.0,0.0,0.0,0.0,0.0
0.0,0.0,0.0,0.0,0.0,0.0
0.0,0.0,0.0,0.0,0.0,0.0
0.0,0.0,0.0,0.0,0.0,0.0
0.0,0.0,0.0,0.0,0.0,0.0
0.0,0.0,0.0,0.0,0.0,0.0
0.0,0.0,0.0,0.0,0.0,0.0
0.0,0.0,0.0,0.0,0.0,0.0
0.0,0.0,0.0,0.0,0.0,0.0
0.0,0.0,0.0,0.0,0.0,0.0
0.0,0.0,0.0,0.0,0.0,0.0
0.0,0.0,0.0,0.0,0.0,0.0
0.0,0.0,0.0,0.0,0.0,0.0
0.0,0.0,0.0,0.0,0.0,0.0
0.0,0.0,0.0,0.0,0.0,0.0
0.0,0.0,0.0,0.0,0.0,0.0
0.0,0.0,0.0,0.0,0.0,0.0
0.0,0.0,0.0,0.0,0.0,0.0
0.0,0.0,0.0,0.0,0.0,0.0
0.0,0.0,0.0,0.0,0.0,0.0
0.0,0.0,0.0,0.0,0.0,0.0
0.0,0.0,0.0,0.0,0.0,0.0
0.0,0.0,0.0,0.0,0.0,0.0
0.0,0.0,0.0,0.0,0.0,0.0
0.0,0.0,0.0,0.0,0.0,0.0
0.0,0.0,0.0,0.0,0.0,0.0
0.0,0.0,0.0,0.0,0.0,0.0
0.0,0.0,0.0,0.0,0.0,0.0
0.0,0.0,0.0,0.0,0.0,0.0
0.0,0.0,0.0,0.0,0.0,0.0
0.0,0.0,0.0,0.0,0.0,0.0
0.0,0.0,0.0,0.0,0.0,0.0
0.0,0.0,0.0,0.0,0.0,0.0
0.0,0.0,0.0,0.0,0.0,0.0
0.0,0.0,0.0,0.0,0.0,0.0
0.0,0.0,0.0,0.0,0.0,0.0
0.0,0.0,0.0,0.0,0.0,0.0
0.0,0.0,0.0,0.0,0.0,0.0
0.0,0.0,0.0,0.0,0.0,0.0
0.0,0.0,0.0,0.0,0.0,0.0
0.0,0.0,0.0,0.0,0.0,0.0
0.0,0.0,0.0,0.0,0.0,0.0
0.0,0.0,0.0,0.0,0.0,0.0
0.0,0.0,0.0,0.0,0.0,0.0
0.0,0.0,0.0,0.0,0.0,0.0
0.0,0.0,0.0,0.0,0.0,0.0
828.7,854.2,515.3,895.8,1063.1,800.3
831.5,866.4,381.9,984.7,1226.0,666.9
709.7,853.5,481.4,952.7,1196.1,764.1
468.4,889.1,498.9,1011.7,1373.6,715.7
873.7,0.0,0.0,0.0,995.5,0.0
477.0,4.4,10.5,8.8,798.3,14.1
389.5,24.9,59.8,49.8,57.8,79.7
351.6,0.0,0.0,0.0,0.0,0.0
416.7,452.5,0.0,0.0,0.0,0.0
232.1,490.2,0.0,0.0,0.0,0.0
332.4,482.6,1227.5,0.0,0.0,676.0
381.5,492.1,2711.9,0.0,0.0,2066.5
697.2,522.6,1815.1,49.8,57.8,1220.4
711.4,1617.9,1421.0,631.0,10.2,820.3
600.0,764.2,689.0,878.4,0.0,621.6
137.9,137.9,137.9,137.9,137.9,137.9
157.3,157.3,157.3,157.3,157.3,157.3
157.3,157.3,157.3,157.3,157.3,157.3
157.3,157.3,157.3,157.3,157.3,157.3
157.3,157.3,157.3,157.3,157.3,157.3
137.7,137.7,137.7,137.7,137.7,137.7
0.0,145.1,154.0,152.3,222.1,152.6
137.7,137.7,137.7,137.7,137.7,137.7
137.7,137.7,137.7,137.7,137.7,137.7
108.3,108.3,108.3,108.3,108.3,108.3
108.3,108.3,108.3,108.3,108.3,108.3
108.3,108.3,108.3,108.3,108.3,108.3
108.3,108.3,108.3,108.3,108.3,108.3
78.9,78.9,78.9,78.9,78.9,78.9
78.9,78.9,78.9,78.9,78.9,78.9
78.9,78.9,78.9,78.9,78.9,78.9
78.9,78.9,78.9,78.9,78.9,78.9
3.5,1.5,3.5,220.6,3.4,4.7
0.0,0.0,14.8,18.1,0.0,0.0
0.0,132.5,288.6,0.0,0.0,0.0
0.0,73.4,77.1,86.8,0.0,0.0
0.0,0.0,0.0,0.0,0.0,0.0
0.0,0.0,0.0,0.0,0.0,0.0
0.0,0.0,0.0,0.0,0.0,0.0
0.0,0.0,0.0,0.0,0.0,0.0
0.0,0.0,0.0,0.0,0.0,0.0
0.0,0.0,0.0,0.0,0.0,0.0
0.0,0.0,0.0,0.0,0.0,0.0
0.0,0.0,0.0,0.0,0.0,0.0
0.0,0.0,0.0,0.0,0.0,0.0
0.0,0.0,0.0,0.0,0.0,0.0
0.0,0.0,0.0,0.0,0.0,0.0
0.0,0.0,0.0,0.0,0.0,0.0
0.0,0.0,0.0,0.0,0.0,0.0
0.0,0.0,0.0,0.0,0.0,0.0
0.0,0.0,0.0,0.0,0.0,0.0
0.0,0.0,0.0,0.0,0.0,0.0
0.0,0.0,0.0,0.0,0.0,0.0
0.0,0.0,0.0,0.0,0.0,0.0
0.0,0.0,0.0,0.0,0.0,0.0
0.0,0.0,0.0,0.0,0.0,0.0
0.0,0.0,0.0,0.0,0.0,0.0
0.0,0.0,0.0,0.0,0.0,0.0
0.0,0.0,0.0,0.0,0.0,0.0
0.0,0.0,0.0,0.0,0.0,0.0
0.0,0.0,0.0,0.0,0.0,0.0
0.0,0.0,0.0,0.0,0.0,0.0
0.0,0.0,0.0,0.0,0.0,0.0
0.0,0.0,0.0,0.0,0.0,0.0
0.0,0.0,0.0,0.0,0.0,0.0
0.0,0.0,0.0,0.0,0.0,0.0
0.0,0.0,0.0,0.0,0.0,0.0
0.0,0.0,0.0,0.0,0.0,0.0
0.0,0.0,0.0,0.0,0.0,0.0
0.0,0.0,0.0,0.0,0.0,0.0
0.0,0.0,0.0,0.0,0.0,0.0
0.0,0.0,0.0,0.0,0.0,0.0
0.0,0.0,0.0,0.0,0.0,0.0
0.0,0.0,0.0,0.0,0.0,0.0
0.0,0.0,0.0,0.0,0.0,0.0
0.0,0.0,0.0,0.0,0.0,0.0
0.0,0.0,0.0,0.0,0.0,0.0
0.0,0.0,0.0,0.0,0.0,0.0
0.0,0.0,0.0,0.0,0.0,0.0
0.0,0.0,0.0,0.0,0.0,0.0
0.0,0.0,0.0,0.0,0.0,0.0
0.0,0.0,0.0,0.0,0.0,0.0
0.0,0.0,0.0,0.0,0.0,0.0
0.0,0.0,0.0,0.0,0.0,0.0
0.0,0.0,0.0,0.0,0.0,0.0
0.0,0.0,0.0,0.0,0.0,0.0
0.0,0.0,0.0,0.0,0.0,0.0
0.0,0.0,0.0,0.0,0.0,0.0
0.0,0.0,0.0,0.0,0.0,0.0
0.0,0.0,0.0,0.0,0.0,0.0
0.0,0.0,0.0,0.0,0.0,0.0
0.0,0.0,0.0,0.0,0.0,0.0
0.0,0.0,0.0,0.0,0.0,0.0
0.0,0.0,0.0,0.0,0.0,0.0
0.0,0.0,0.0,0.0,0.0,0.0
0.0,0.0,0.0,0.0,0.0,0.0
65.3,0.0,0.0,0.0,81.3,92.0
116.7,0.0,0.0,0.0,0.0,121.9
238.6,0.0,0.0,0.0,0.0,0.0
0.0,0.0,0.0,0.0,0.0,0.0
135.1,135.1,135.1,135.1,135.1,135.1
99.3,99.3,99.3,99.3,99.3,99.3
99.3,99.3,99.3,99.3,99.3,99.3
99.3,99.3,99.3,99.3,99.3,99.3
112.8,181.0,169.5,183.9,193.0,170.6
147.3,170.5,171.3,174.9,170.1,176.6
104.8,186.1,185.1,193.2,171.5,170.1
168.5,168.5,168.5,168.5,168.5,168.5
130.2,221.7,240.2,243.3,221.5,249.9
93.6,125.1,338.8,304.5,226.6,218.3
140.1,187.2,271.4,253.5,232.4,222.2
119.0,159.1,344.9,228.8,233.7,221.5
97.1,129.8,372.9,342.2,246.0,237.5
194.1,214.1,273.7,247.1,252.9,243.6
126.3,152.6,274.1,289.6,327.9,255.0
106.4,142.2,309.3,379.1,249.8,238.7
130.6,138.9,140.2,140.2,142.0,140.0
107.6,138.9,144.4,144.5,152.8,143.8
112.6,139.0,143.5,143.6,150.3,143.0
138.7,138.7,138.7,138.7,138.7,138.7
163.7,170.2,341.0,334.9,550.1,341.6
108.0,144.4,280.8,283.5,486.3,264.2
128.6,171.9,334.3,337.5,578.9,461.8
120.9,161.6,314.3,317.3,544.2,610.3
97.9,130.8,324.5,244.3,300.4,335.1
89.3,89.3,89.3,89.3,89.3,89.3
89.3,89.3,89.3,89.3,89.3,89.3
89.3,89.3,89.3,89.3,89.3,89.3
119.6,119.6,119.6,119.6,119.6,119.6
116.5,119.6,120.8,119.9,120.2,120.4
119.6,119.6,119.6,119.6,119.6,119.6
119.6,119.6,119.6,119.6,119.6,119.6
0.0,0.0,0.0,0.0,0.0,0.0
0.0,0.0,0.0,0.0,0.0,0.0
0.0,0.0,0.0,0.0,0.0,0.0
0.0,0.0,0.0,0.0,0.0,0.0
0.0,0.0,0.0,0.0,0.0,0.0
0.0,0.0,0.0,0.0,0.0,0.0
0.0,0.0,0.0,0.0,0.0,0.0
0.0,0.0,0.0,0.0,0.0,0.0
0.0,0.0,0.0,0.0,0.0,0.0
0.0,0.0,0.0,0.0,0.0,0.0
0.0,0.0,0.0,0.0,0.0,0.0
0.0,0.0,0.0,0.0,0.0,0.0
0.0,0.0,0.0,0.0,0.0,0.0
0.0,0.0,0.0,0.0,0.0,0.0
0.0,0.0,0.0,0.0,0.0,0.0
0.0,0.0,0.0,0.0,0.0,0.0
0.0,0.0,0.0,0.0,0.0,0.0
0.0,0.0,0.0,0.0,0.0,0.0
0.0,0.0,0.0,0.0,0.0,0.0
0.0,0.0,0.0,0.0,0.0,0.0
0.0,0.0,0.0,0.0,0.0,0.0
0.0,0.0,0.0,0.0,0.0,0.0
0.0,0.0,0.0,0.0,0.0,0.0
0.0,0.0,0.0,0.0,0.0,0.0
0.0,0.0,0.0,0.0,0.0,0.0
0.0,0.0,0.0,0.0,0.0,0.0
0.0,0.0,0.0,0.0,0.0,0.0
0.0,0.0,0.0,0.0,0.0,0.0
0.0,0.0,0.0,0.0,0.0,0.0
0.0,0.0,0.0,0.0,0.0,0.0
0.0,0.0,0.0,0.0,0.0,0.0
0.0,0.0,0.0,0.0,0.0,0.0
0.0,0.0,0.0,0.0,0.0,0.0
0.0,0.0,0.0,0.0,0.0,0.0
0.0,0.0,0.0,0.0,0.0,0.0
0.0,0.0,0.0,0.0,0.0,0.0
0.0,0.0,0.0,0.0,0.0,0.0
0.0,0.0,0.0,0.0,0.0,0.0
0.0,0.0,0.0,0.0,0.0,0.0
0.0,0.0,0.0,0.0,0.0,0.0
0.0,0.0,0.0,0.0,0.0,0.0
0.0,0.0,0.0,0.0,0.0,0.0
0.0,0.0,0.0,0.0,0.0,0.0
0.0,0.0,0.0,0.0,0.0,0.0
0.0,0.0,0.0,0.0,0.0,0.0
0.0,0.0,0.0,0.0,0.0,0.0
0.0,0.0,0.0,0.0,0.0,0.0
0.0,0.0,0.0,0.0,0.0,0.0
0.0,0.0,0.0,0.0,0.0,0.0
0.0,0.0,0.0,0.0,0.0,0.0
0.0,0.0,0.0,0.0,0.0,0.0
0.0,0.0,0.0,0.0,0.0,0.0
0.0,0.0,0.0,0.0,0.0,0.0
0.0,0.0,0.0,0.0,0.0,0.0
0.0,0.0,0.0,0.0,0.0,0.0
0.0,0.0,0.0,0.0,0.0,0.0
0.0,0.0,0.0,0.0,0.0,0.0
0.0,0.0,0.0,0.0,0.0,0.0
0.0,0.0,0.0,0.0,0.0,0.0
0.0,0.0,0.0,0.0,0.0,0.0
60.2,70.1,75.9,74.6,79.8,0.0
61.1,73.0,78.3,80.1,68.0,0.0
60.1,60.1,60.1,60.1,60.1,60.1
60.1,60.1,60.1,60.1,60.1,60.1
179.8,179.8,179.8,179.8,179.8,179.8
179.8,179.8,179.8,179.8,179.8,179.8
179.8,179.8,179.8,179.8,179.8,179.8
179.8,179.8,179.8,179.8,179.8,179.8
415.6,149.2,290.1,292.9,502.4,273.0
451.5,200.3,389.5,393.2,674.4,383.0
443.6,405.2,363.8,366.0,2431.2,657.3
483.7,743.5,359.7,352.0,4757.2,680.3
786.3,233.1,393.9,397.7,3512.3,673.5
1062.6,405.3,346.3,349.6,3826.2,1611.6
744.8,770.5,301.3,304.1,4814.8,2858.0
867.4,201.1,391.0,394.8,3121.1,2205.2
1087.2,178.2,346.4,349.7,2927.5,2385.6
672.8,163.7,320.4,321.6,1973.6,2871.8
730.7,227.2,453.8,446.9,737.3,1779.8
450.3,178.1,346.3,349.6,599.7,1590.6
123.2,164.6,320.1,323.2,554.3,1076.6
147.3,196.8,669.1,386.4,662.8,360.2
1875.0,892.8,2604.0,1775.9,2341.7,2502.8
2473.8,1344.7,2575.7,2388.1,2518.2,2627.2
708.5,162.6,954.5,325.3,377.3,520.4
401.4,36.6,652.1,73.3,85.0,117.2
394.3,288.2,630.2,67.4,78.2,107.8
315.7,519.1,566.3,8.8,10.2,14.1
396.6,545.7,641.5,73.3,85.0,117.2
3532.2,1845.1,3793.0,2687.2,3117.1,4458.6
2200.6,1286.9,2446.9,1570.7,1822.0,2834.8
1803.2,1109.6,2061.5,1242.5,1441.3,2306.1
1266.4,889.6,1522.1,791.2,1426.8,1579.4
1858.4,1133.8,2100.2,1283.5,2518.3,2367.1
662.7,651.8,915.8,293.0,1358.0,774.1
390.8,531.9,639.4,414.4,1077.8,411.9
833.3,833.3,833.3,833.3,833.3,833.3
374.4,534.0,626.1,749.8,1034.4,395.5
314.6,497.7,564.2,689.6,987.9,312.3
313.4,501.5,566.3,689.6,984.2,317.0
335.7,508.4,576.8,689.0,1030.9,346.3
361.5,525.4,608.5,723.2,1050.2,381.4
308.7,503.4,557.8,676.6,1014.3,313.4
309.9,501.5,568.4,694.8,1018.1,991.5
315.8,503.4,562.1,1415.8,995.5,960.4
590.0,494.0,559.9,1187.3,941.2,1227.6
610.3,508.6,597.2,1265.1,910.5,1108.2
816.6,512.0,602.9,1161.3,893.2,1014.0
797.9,505.3,559.9,1256.4,903.9,976.5
762.0,499.6,555.7,1066.2,883.1,1233.4
667.1,497.7,878.6,1025.3,851.0,1080.3
851.8,499.6,864.3,1059.0,844.9,880.3
873.2,513.2,889.8,899.1,920.0,863.2
0.0,0.0,0.0,0.0,0.0,0.0
0.0,0.0,0.0,0.0,0.0,0.0
0.0,0.0,0.0,0.0,0.0,0.0
0.0,0.0,0.0,0.0,0.0,0.0
0.0,0.0,0.0,0.0,0.0,0.0
0.0,0.0,0.0,0.0,0.0,0.0
0.0,0.0,0.0,0.0,0.0,0.0
0.0,0.0,0.0,0.0,0.0,0.0
0.0,0.0,0.0,0.0,0.0,0.0
0.0,0.0,0.0,0.0,0.0,0.0
0.0,0.0,0.0,0.0,0.0,0.0
0.0,0.0,0.0,0.0,0.0,0.0
0.0,0.0,0.0,0.0,0.0,0.0
0.0,0.0,0.0,0.0,0.0,0.0
0.0,0.0,0.0,0.0,0.0,0.0
0.0,0.0,0.0,0.0,0.0,0.0
0.0,0.0,0.0,0.0,0.0,0.0
0.0,0.0,0.0,0.0,0.0,0.0
0.0,0.0,0.0,0.0,0.0,0.0
0.0,0.0,0.0,0.0,0.0,0.0
0.0,0.0,0.0,0.0,0.0,0.0
0.0,0.0,0.0,0.0,0.0,0.0
0.0,0.0,0.0,0.0,0.0,0.0
0.0,0.0,0.0,0.0,0.0,0.0
0.0,0.0,0.0,0.0,0.0,0.0
0.0,0.0,0.0,0.0,0.0,0.0
0.0,0.0,0.0,0.0,0.0,0.0
0.0,0.0,0.0,0.0,0.0,0.0
0.0,0.0,0.0,0.0,0.0,0.0
0.0,0.0,0.0,0.0,0.0,0.0
0.0,0.0,0.0,0.0,0.0,0.0
0.0,0.0,0.0,0.0,0.0,0.0
0.0,0.0,0.0,0.0,0.0,0.0
0.0,0.0,0.0,0.0,0.0,0.0
0.0,0.0,0.0,0.0,0.0,0.0
0.0,0.0,0.0,0.0,0.0,0.0
0.0,0.0,0.0,0.0,0.0,0.0
0.0,0.0,0.0,0.0,0.0,0.0
0.0,0.0,0.0,0.0,0.0,0.0
0.0,0.0,0.0,0.0,0.0,0.0
0.0,0.0,0.0,0.0,0.0,0.0
0.0,0.0,0.0,0.0,0.0,0.0
0.0,0.0,0.0,0.0,0.0,0.0
178.2,0.0,208.9,155.8,0.0,0.0
113.1,20.5,149.5,146.6,47.6,65.6
131.0,8.8,145.2,209.5,20.4,28.1
128.3,0.0,154.7,260.0,0.0,0.0
397.5,0.0,842.1,682.4,0.0,0.0
322.5,176.5,402.8,369.6,330.2,320.4
121.4,162.3,461.1,528.9,351.4,296.9
154.6,342.0,385.3,381.5,336.1,322.5
186.8,696.0,1900.7,1040.0,641.7,394.1
125.6,509.9,1557.3,329.5,565.2,307.1
203.5,746.2,1173.4,533.9,2896.0,497.7
170.3,925.2,442.5,446.7,2443.7,416.4
467.0,1787.9,1213.6,1225.2,3253.3,1142.0
270.0,890.3,701.7,708.4,2811.8,660.3
241.5,953.0,537.8,533.0,3237.1,528.1
136.5,943.6,332.2,332.9,4482.8,1394.1
139.8,820.0,363.5,366.9,2412.0,1253.5
95.8,459.6,249.1,251.4,2727.2,860.2
128.8,172.1,348.3,337.9,3186.2,1182.6
136.5,463.4,1003.4,358.3,2746.0,1610.3
139.1,678.2,1387.5,366.8,1692.2,2453.6
202.7,714.4,1059.6,1734.3,725.7,1405.6
188.9,757.8,1598.1,1960.9,850.2,1709.6
99.7,634.7,1693.1,359.2,448.6,1660.2
152.6,705.5,960.8,1507.4,686.8,1531.4
103.0,633.5,831.8,2001.3,463.5,858.3
102.3,625.2,816.6,261.3,448.1,243.5
334.4,1136.5,1012.5,841.5,759.7,449.8
328.9,1221.7,1458.4,1135.5,746.3,422.6
221.7,1148.7,1672.9,1232.8,954.0,548.9
337.6,793.4,1563.2,1290.0,1021.0,2013.9
364.4,745.9,1048.7,1191.6,1422.9,2116.3
178.6,725.1,1015.6,1158.1,1814.2,546.6
169.3,719.9,981.7,1360.6,1383.6,1342.4
334.3,1009.5,860.6,1207.9,1152.6,1392.7
437.0,1110.1,862.3,1508.0,1548.7,296.5
442.9,709.2,871.3,939.6,1705.8,331.1
409.3,910.1,803.0,882.8,1766.0,228.7
498.8,793.0,764.5,778.2,1087.5,453.4
0.0,0.0,0.0,0.0,0.0,0.0
0.0,0.0,0.0,0.0,0.0,0.0
0.0,0.0,0.0,0.0,0.0,0.0
0.0,0.0,0.0,0.0,0.0,0.0
0.0,0.0,0.0,0.0,0.0,0.0
0.0,0.0,0.0,0.0,0.0,0.0
0.0,0.0,0.0,0.0,0.0,0.0
0.0,0.0,0.0,0.0,0.0,0.0
0.0,0.0,0.0,0.0,0.0,0.0
0.0,0.0,0.0,0.0,0.0,0.0
0.0,0.0,0.0,0.0,0.0,0.0
0.0,0.0,0.0,0.0,0.0,0.0
0.0,0.0,0.0,0.0,0.0,0.0
0.0,0.0,0.0,0.0,0.0,0.0
0.0,0.0,0.0,0.0,0.0,0.0
0.0,0.0,0.0,0.0,0.0,0.0
0.0,0.0,0.0,0.0,0.0,0.0
0.0,0.0,0.0,0.0,0.0,0.0
0.0,0.0,0.0,0.0,0.0,0.0
0.0,0.0,0.0,0.0,0.0,0.0
0.0,0.0,0.0,0.0,0.0,0.0
0.0,0.0,0.0,0.0,0.0,0.0
0.0,0.0,0.0,0.0,0.0,0.0
0.0,0.0,0.0,0.0,0.0,0.0
0.0,0.0,0.0,0.0,0.0,0.0
0.0,0.0,0.0,0.0,0.0,0.0
0.0,0.0,0.0,0.0,0.0,0.0
0.0,0.0,0.0,0.0,0.0,0.0
0.0,0.0,0.0,0.0,0.0,0.0
0.0,0.0,0.0,0.0,0.0,0.0
0.0,0.0,0.0,0.0,0.0,0.0
0.0,0.0,0.0,0.0,0.0,0.0
0.0,0.0,0.0,0.0,0.0,0.0
0.0,0.0,0.0,0.0,0.0,0.0
0.0,0.0,0.0,0.0,0.0,0.0
0.0,0.0,0.0,0.0,0.0,0.0
0.0,0.0,0.0,0.0,0.0,0.0
0.0,0.0,0.0,0.0,0.0,0.0
0.0,0.0,0.0,0.0,0.0,0.0
0.0,0.0,0.0,0.0,0.0,0.0
0.0,0.0,0.0,0.0,0.0,0.0
0.0,0.0,0.0,0.0,0.0,0.0
0.0,0.0,0.0,0.0,0.0,0.0
0.0,0.0,0.0,0.0,0.0,0.0
0.0,0.0,0.0,0.0,0.0,0.0
0.0,0.0,0.0,0.0,0.0,0.0
0.0,0.0,0.0,0.0,0.0,0.0
0.0,0.0,0.0,0.0,0.0,0.0
0.0,0.0,0.0,0.0,0.0,0.0
0.0,0.0,0.0,0.0,0.0,0.0
0.0,0.0,0.0,0.0,0.0,0.0
0.0,0.0,0.0,0.0,0.0,0.0
0.0,0.0,0.0,0.0,0.0,0.0
0.0,0.0,0.0,0.0,0.0,0.0
0.0,0.0,0.0,0.0,0.0,0.0
0.0,0.0,0.0,0.0,0.0,0.0
0.0,0.0,0.0,0.0,0.0,0.0
0.0,1074.5,1198.3,0.0,0.0,0.0
0.0,1112.1,1167.3,0.0,0.0,0.0
0.0,1101.8,1385.9,0.0,0.0,1646.5
782.2,1344.8,2161.6,285.9,490.5,1566.7
623.4,1672.2,2982.0,2202.0,1482.9,1864.6
599.7,1953.4,1268.3,1450.4,1515.2,1713.3
544.7,1107.2,931.5,1460.6,1425.8,1843.1
680.2,1037.9,382.0,1564.1,1638.2,2434.4
822.9,620.4,682.6,1662.1,1435.3,2949.8
1322.4,635.4,846.6,2181.3,1480.7,1481.1
815.1,667.8,905.2,2917.9,1600.9,1271.6
718.5,643.9,846.5,1259.0,1449.7,601.8
440.3,654.7,876.7,1012.6,4545.1,616.1
436.1,663.9,892.0,853.2,3516.4,618.4
413.6,406.3,833.7,961.6,3514.6,560.0
419.3,141.5,822.3,962.1,3478.0,562.9
426.5,163.8,863.5,992.9,3924.1,606.0
414.0,148.5,838.2,968.2,4733.0,578.1
475.5,169.4,888.6,1015.3,5930.2,656.0
430.2,165.4,873.8,1014.4,3207.0,611.1
411.5,140.5,820.5,944.7,2636.2,564.6
415.1,148.5,840.1,957.7,1484.0,439.0
434.8,171.6,885.2,1008.3,1113.3,314.0
399.5,124.4,799.7,913.1,418.9,227.6
509.5,263.6,1064.7,1191.5,886.0,484.3
573.3,298.6,1146.2,1255.9,977.8,582.5
488.9,242.4,772.6,1149.9,816.3,443.6
403.9,316.2,614.8,1294.7,1064.6,578.5
200.9,268.5,522.0,1208.8,903.9,491.2
170.5,227.9,443.1,1121.3,767.3,416.9
225.2,301.0,585.2,1267.4,1013.4,550.7
202.4,254.3,497.9,867.6,848.6,475.4
234.5,264.9,525.2,520.9,869.0,514.8
234.4,313.2,609.1,614.9,1054.7,573.1
116.2,155.3,302.0,304.8,522.9,284.1
107.7,144.0,280.0,282.6,484.8,263.4
147.4,197.0,383.0,386.7,663.3,360.4
92.8,124.0,241.1,243.4,417.4,226.8
141.5,169.7,333.9,333.4,562.1,322.5
172.0,187.8,373.9,369.4,612.4,369.7
477.6,544.5,881.8,1196.4,1022.6,877.1
841.9,595.1,853.6,978.7,866.3,864.4
242.7,550.0,479.0,2483.5,756.8,488.0
168.8,700.8,438.8,2263.5,996.8,431.2
0.0,478.9,0.0,2406.3,1045.9,515.2
42.2,241.9,42.2,1262.0,1269.3,2142.3
28.1,11.7,28.1,1060.2,1604.6,865.6
0.0,0.0,0.0,0.0,0.0,0.0
0.0,0.0,0.0,0.0,0.0,0.0
0.0,0.0,0.0,0.0,0.0,0.0
0.0,0.0,0.0,0.0,0.0,0.0
0.0,0.0,0.0,0.0,0.0,0.0
0.0,0.0,0.0,0.0,0.0,0.0
0.0,0.0,0.0,0.0,0.0,0.0
0.0,0.0,0.0,0.0,0.0,0.0
0.0,0.0,0.0,0.0,0.0,0.0
0.0,0.0,0.0,0.0,0.0,0.0
0.0,0.0,0.0,0.0,0.0,0.0
0.0,0.0,0.0,0.0,0.0,0.0
0.0,0.0,0.0,0.0,0.0,0.0
0.0,0.0,0.0,0.0,0.0,0.0
0.0,0.0,0.0,0.0,0.0,0.0
0.0,0.0,0.0,0.0,0.0,0.0
0.0,0.0,0.0,0.0,0.0,0.0
0.0,0.0,0.0,0.0,0.0,0.0
0.0,0.0,0.0,0.0,0.0,0.0
0.0,0.0,0.0,0.0,0.0,0.0
0.0,0.0,0.0,0.0,0.0,0.0
0.0,0.0,0.0,0.0,0.0,0.0
0.0,0.0,0.0,0.0,0.0,0.0
0.0,0.0,0.0,0.0,0.0,0.0
0.0,0.0,0.0,0.0,0.0,0.0
0.0,0.0,0.0,0.0,0.0,0.0
0.0,0.0,0.0,0.0,0.0,0.0
0.0,0.0,0.0,0.0,0.0,0.0
0.0,0.0,0.0,0.0,0.0,0.0
0.0,0.0,0.0,0.0,0.0,0.0
0.0,0.0,0.0,0.0,0.0,0.0
0.0,0.0,0.0,0.0,0.0,0.0
0.0,0.0,0.0,0.0,0.0,0.0
0.0,0.0,0.0,0.0,0.0,0.0
0.0,0.0,0.0,0.0,0.0,0.0
0.0,0.0,0.0,0.0,0.0,0.0
0.0,0.0,0.0,0.0,0.0,0.0
0.0,0.0,0.0,0.0,0.0,0.0
0.0,0.0,0.0,0.0,0.0,0.0
0.0,0.0,0.0,0.0,0.0,0.0
0.0,0.0,0.0,0.0,0.0,0.0
0.0,0.0,0.0,0.0,0.0,0.0
0.0,0.0,0.0,0.0,0.0,0.0
0.0,0.0,0.0,0.0,0.0,0.0
0.0,0.0,0.0,0.0,0.0,0.0
0.0,0.0,0.0,0.0,0.0,0.0
0.0,0.0,0.0,0.0,0.0,0.0
0.0,0.0,0.0,0.0,0.0,0.0
0.0,0.0,0.0,0.0,0.0,0.0
600.8,8.8,1134.9,17.6,3469.3,28.1
461.6,0.0,1117.5,0.0,2609.1,0.0
392.8,1391.2,0.0,0.0,2077.2,1802.5
391.7,1053.6,0.0,0.0,1767.8,1783.4
428.6,912.9,0.0,0.0,1762.8,1901.1
595.4,1034.5,429.8,433.9,2672.9,2278.5
141.2,185.5,361.4,364.2,2558.2,1759.2
186.0,190.4,382.1,374.6,613.3,1513.2
117.4,156.9,305.1,308.0,528.3,1247.7
209.9,1265.8,545.6,550.8,944.8,1471.3
126.0,1143.2,327.6,330.7,567.2,1356.3
138.7,1224.5,360.5,363.9,624.2,1390.7
0.0,0.0,0.0,0.0,0.0,671.2
0.0,0.0,0.0,0.0,0.0,510.0
38.7,16.1,752.0,32.2,37.4,593.1
31.6,13.2,573.7,26.4,30.6,569.9
104.8,663.6,847.9,2285.6,471.7,256.3
123.4,737.8,881.5,1844.8,555.3,301.8
158.5,786.6,412.1,1627.0,713.5,387.7
268.2,219.7,365.6,516.8,389.4,369.0
208.9,208.9,208.9,208.9,208.9,208.9
209.8,29.3,81.2,732.6,68.0,93.8
219.6,146.5,239.8,239.8,219.6,223.2
208.9,208.9,208.9,208.9,208.9,208.9
159.1,159.1,159.1,159.1,159.1,159.1
159.1,159.1,159.1,159.1,159.1,159.1
159.1,159.1,159.1,159.1,159.1,159.1
159.1,159.1,159.1,159.1,159.1,159.1
384.9,1911.8,1435.8,1556.8,1471.2,1191.1
735.0,1772.5,1600.1,1665.0,1394.2,2895.9
2080.1,1512.5,2848.8,3886.1,2476.9,4799.0
1763.2,1653.1,2546.9,3793.9,2194.1,2927.2
1710.1,1960.2,2487.6,2448.4,2129.2,3804.5
1833.5,1202.3,2168.9,3025.4,1798.2,4583.9
1010.5,766.3,1104.8,3219.8,881.6,855.5
313.4,500.7,562.7,687.6,6.8,318.1
318.1,498.4,568.4,688.0,10.2,324.0
314.6,498.8,567.0,682.5,576.2,320.5
417.7,543.2,666.8,775.2,1104.6,455.3
387.3,528.1,639.4,746.3,1055.2,415.4
319.3,502.5,564.9,692.8,990.9,319.3
319.3,498.8,562.7,695.4,990.9,318.1
319.3,498.4,564.1,766.1,998.1,321.6
318.1,515.4,567.0,1246.0,719.1,320.5
0.0,0.0,0.0,0.0,0.0,0.0
0.0,0.0,0.0,0.0,0.0,0.0
0.0,0.0,0.0,0.0,0.0,0.0
0.0,0.0,0.0,0.0,0.0,0.0
0.0,0.0,0.0,0.0,0.0,0.0
0.0,0.0,0.0,0.0,0.0,0.0
0.0,0.0,0.0,0.0,0.0,0.0
0.0,0.0,0.0,0.0,0.0,0.0
0.0,0.0,0.0,0.0,0.0,0.0
0.0,0.0,0.0,0.0,0.0,0.0
0.0,0.0,0.0,0.0,0.0,0.0
0.0,0.0,0.0,0.0,0.0,0.0
0.0,0.0,0.0,0.0,0.0,0.0
0.0,0.0,0.0,0.0,0.0,0.0
0.0,0.0,0.0,0.0,0.0,0.0
0.0,0.0,0.0,0.0,0.0,0.0
0.0,0.0,0.0,0.0,0.0,0.0
0.0,0.0,0.0,0.0,0.0,0.0
0.0,0.0,0.0,0.0,0.0,0.0
0.0,0.0,0.0,0.0,0.0,0.0
0.0,0.0,0.0,0.0,0.0,0.0
0.0,0.0,0.0,0.0,0.0,0.0
0.0,0.0,0.0,0.0,0.0,0.0
0.0,0.0,0.0,0.0,0.0,0.0
0.0,0.0,0.0,0.0,0.0,0.0
0.0,0.0,0.0,0.0,0.0,0.0
0.0,0.0,0.0,0.0,0.0,0.0
0.0,0.0,0.0,0.0,0.0,0.0
0.0,0.0,0.0,0.0,0.0,0.0
0.0,0.0,0.0,0.0,0.0,0.0
0.0,0.0,0.0,0.0,0.0,0.0
0.0,0.0,0.0,0.0,0.0,0.0
0.0,0.0,0.0,0.0,0.0,0.0
0.0,0.0,0.0,0.0,0.0,0.0
0.0,0.0,0.0,0.0,0.0,0.0
0.0,0.0,0.0,0.0,0.0,0.0
0.0,0.0,0.0,0.0,0.0,0.0
0.0,0.0,0.0,0.0,0.0,0.0
0.0,0.0,0.0,0.0,0.0,0.0
0.0,0.0,0.0,0.0,0.0,0.0
0.0,0.0,0.0,0.0,0.0,0.0
0.0,0.0,0.0,0.0,0.0,0.0
0.0,0.0,0.0,0.0,0.0,0.0
0.0,0.0,0.0,0.0,0.0,0.0
0.0,0.0,0.0,0.0,0.0,0.0
0.0,0.0,0.0,0.0,0.0,0.0
0.0,0.0,0.0,0.0,0.0,0.0
0.0,0.0,0.0,0.0,0.0,0.0
0.0,0.0,0.0,0.0,0.0,0.0
0.0,0.0,0.0,0.0,0.0,0.0
0.0,0.0,0.0,0.0,0.0,0.0
0.0,0.0,0.0,0.0,0.0,0.0
0.0,0.0,0.0,0.0,1707.1,0.0
0.0,0.0,0.0,0.0,1478.3,0.0
0.0,0.0,0.0,0.0,1207.0,0.0
166.6,222.7,432.9,437.1,4011.1,407.4
209.6,244.6,482.9,480.7,806.6,469.6
206.4,250.0,491.5,491.3,829.6,473.5
127.0,169.7,330.0,333.1,571.4,310.5
104.4,139.5,1257.1,273.8,469.7,255.2
120.6,161.2,1167.1,316.4,542.7,294.9
123.6,165.2,1018.3,324.3,556.3,1229.9
97.0,129.6,2135.5,254.5,436.5,1040.5
21.1,8.8,21.1,17.6,20.4,28.1
45.7,19.0,45.7,38.1,44.2,61.0
0.0,0.0,0.0,0.0,0.0,0.0
0.0,0.0,0.0,0.0,0.0,0.0
0.0,0.0,0.0,0.0,0.0,0.0
261.9,0.0,0.0,0.0,0.0,0.0
299.2,0.0,0.0,0.0,0.0,0.0
265.7,1.5,3.5,2.9,3.4,4.7
356.3,27.8,66.8,55.7,64.6,89.1
405.8,96.2,0.0,132.2,0.0,0.0
276.1,534.7,0.0,702.5,0.0,0.0
322.7,1060.2,0.0,699.9,0.0,0.0
490.9,1089.7,573.7,1151.8,806.1,438.1
0.0,1034.4,574.8,694.8,0.0,0.0
0.0,533.7,572.7,689.6,192.3,0.0
63.3,552.7,621.1,734.5,1083.0,84.4
1543.7,1166.0,2112.2,1965.6,2510.4,2058.3
218.0,1148.2,782.2,866.1,1202.4,290.7
94.9,897.9,652.8,755.7,1102.3,126.6
0.0,486.4,555.7,668.8,1079.9,0.0
0.0,488.3,559.9,671.4,2777.4,85.5
60.1,494.0,553.6,679.2,2136.3,1984.1
379.1,520.8,607.0,731.6,2767.5,1355.7
328.7,498.4,597.9,688.0,1098.7,1918.8
309.9,497.7,1437.5,684.4,1071.7,116.0
315.8,494.0,1124.9,679.2,1070.0,109.9
321.0,494.0,1209.1,679.2,2132.9,163.9
486.3,497.7,611.5,684.4,1331.3,1388.8
446.8,509.9,629.2,783.5,1002.8,1627.9
833.3,833.3,833.3,833.3,833.3,833.3
833.3,833.3,833.3,833.3,833.3,833.3
833.3,833.3,833.3,833.3,833.3,833.3
349.6,523.7,599.4,832.3,999.0,1696.0
498.4,513.4,836.8,806.4,881.1,1463.9
348.6,521.4,1301.8,727.0,1000.9,1100.3
258.0,258.0,258.0,258.0,258.0,258.0
0.0,0.0,0.0,0.0,0.0,0.0
0.0,0.0,0.0,0.0,0.0,0.0
0.0,0.0,0.0,0.0,0.0,0.0
0.0,0.0,0.0,0.0,0.0,0.0
0.0,0.0,0.0,0.0,0.0,0.0
0.0,0.0,0.0,0.0,0.0,0.0
0.0,0.0,0.0,0.0,0.0,0.0
0.0,0.0,0.0,0.0,0.0,0.0
0.0,0.0,0.0,0.0,0.0,0.0
0.0,0.0,0.0,0.0,0.0,0.0
0.0,0.0,0.0,0.0,0.0,0.0
0.0,0.0,0.0,0.0,0.0,0.0
0.0,0.0,0.0,0.0,0.0,0.0
0.0,0.0,0.0,0.0,0.0,0.0
0.0,0.0,0.0,0.0,0.0,0.0
0.0,0.0,0.0,0.0,0.0,0.0
0.0,0.0,0.0,0.0,0.0,0.0
0.0,0.0,0.0,0.0,0.0,0.0
0.0,0.0,0.0,0.0,0.0,0.0
0.0,0.0,0.0,0.0,0.0,0.0
0.0,0.0,0.0,0.0,0.0,0.0
0.0,0.0,0.0,0.0,0.0,0.0
0.0,0.0,0.0,0.0,0.0,0.0
0.0,0.0,0.0,0.0,0.0,0.0
0.0,0.0,0.0,0.0,0.0,0.0
0.0,0.0,0.0,0.0,0.0,0.0
0.0,0.0,0.0,0.0,0.0,0.0
0.0,0.0,0.0,0.0,0.0,0.0
0.0,0.0,0.0,0.0,0.0,0.0
0.0,0.0,0.0,0.0,0.0,0.0
0.0,0.0,0.0,0.0,0.0,0.0
0.0,0.0,0.0,0.0,0.0,0.0
0.0,0.0,0.0,0.0,0.0,0.0
0.0,0.0,0.0,0.0,0.0,0.0
0.0,0.0,0.0,0.0,0.0,0.0
0.0,0.0,0.0,0.0,0.0,0.0
0.0,0.0,0.0,0.0,0.0,0.0
0.0,0.0,0.0,0.0,0.0,0.0
0.0,0.0,0.0,0.0,0.0,0.0
0.0,0.0,0.0,0.0,0.0,0.0
0.0,0.0,0.0,0.0,0.0,0.0
0.0,0.0,0.0,0.0,0.0,0.0
0.0,0.0,0.0,0.0,0.0,0.0
0.0,0.0,0.0,0.0,0.0,0.0
0.0,0.0,0.0,0.0,0.0,0.0
0.0,0.0,0.0,0.0,0.0,0.0
0.0,0.0,0.0,0.0,0.0,0.0
0.0,0.0,0.0,0.0,0.0,0.0
0.0,0.0,0.0,0.0,0.0,0.0
1014.7,164.1,1452.2,1305.4,1738.1,300.2
1015.3,681.4,1168.1,1153.0,1280.2,676.6
1043.7,592.5,1228.4,1196.7,1376.6,536.8
1003.6,873.2,1024.4,1028.5,1043.6,1001.2
1320.2,346.6,1641.5,3842.8,3543.0,660.3
1068.3,495.3,399.5,3104.2,1706.1,375.9
1019.3,653.0,472.1,2876.3,1835.6,444.2
0.0,524.5,0.0,0.0,1003.0,0.0
0.0,522.4,0.0,0.0,297.9,0.0
0.0,357.8,0.0,0.0,976.0,0.0
968.5,411.6,0.0,0.0,1381.3,530.3
681.7,479.8,70.3,58.6,1834.0,844.4
392.4,342.0,0.0,0.0,1759.1,959.7
390.9,416.0,0.0,2766.9,1204.8,955.9
921.8,615.9,1217.7,3322.3,2018.0,1526.7
1449.7,1039.3,1919.4,2807.2,2601.1,2268.7
791.1,1253.9,1153.5,1842.0,1280.7,1322.9
255.9,1022.1,1015.9,702.4,1400.8,625.7
367.5,1060.7,752.0,854.8,1210.6,836.2
271.0,959.4,814.3,896.0,1939.1,647.0
520.9,394.2,875.9,876.1,1664.8,1139.4
595.1,338.5,665.0,816.7,1009.2,3438.2
455.4,343.9,809.0,674.1,1374.1,3149.1
506.7,331.8,667.7,3374.6,1246.3,3011.6
463.6,0.0,1112.0,3282.3,996.0,2777.4
415.5,185.2,1328.1,2965.7,1748.0,1254.2
453.9,232.6,1042.4,3125.0,1924.2,1067.1
1054.8,206.0,1760.5,1445.8,693.7,1006.2
718.5,1191.9,1632.2,910.8,2846.4,307.7
170.0,1194.4,1129.4,1110.6,4112.5,415.7
172.9,331.0,1481.0,1128.7,3857.3,422.9
126.2,168.7,2708.1,331.1,2657.9,308.6
325.2,4.4,1669.1,1162.4,328.9,538.4
385.0,24.9,1066.4,1465.2,57.8,723.1
2380.2,747.3,2726.8,2798.5,2397.3,2983.9
1902.4,792.7,2059.8,1585.3,2879.7,2851.2
766.6,319.4,766.6,638.8,1346.2,1162.3
3.5,1.5,3.5,695.1,3.4,67.1
38.7,16.1,38.7,747.7,37.4,51.6
35.2,14.7,35.2,166.7,34.0,46.9
0.0,0.0,0.0,383.7,0.0,0.0
0.0,0.0,0.0,661.0,0.0,0.0
0.0,548.6,0.0,674.0,0.0,67.2
0.0,1003.0,0.0,676.6,0.0,1044.0
0.0,525.8,0.0,666.2,0.0,3666.5
59.8,446.9,59.8,726.4,615.9,3091.3
353.5,552.4,77.0,734.4,968.3,2214.4
756.7,30.5,572.7,1116.0,887.0,1637.0
890.0,30.5,570.6,1227.3,897.6,1384.0
398.6,32.2,148.5,97.7,746.7,1957.5
0.0,0.0,0.0,0.0,0.0,0.0
0.0,0.0,0.0,0.0,0.0,0.0
0.0,0.0,0.0,0.0,0.0,0.0
0.0,0.0,0.0,0.0,0.0,0.0
0.0,0.0,0.0,0.0,0.0,0.0
0.0,0.0,0.0,0.0,0.0,0.0
0.0,0.0,0.0,0.0,0.0,0.0
0.0,0.0,0.0,0.0,0.0,0.0
0.0,0.0,0.0,0.0,0.0,0.0
0.0,0.0,0.0,0.0,0.0,0.0
0.0,0.0,0.0,0.0,0.0,0.0
0.0,0.0,0.0,0.0,0.0,0.0
0.0,0.0,0.0,0.0,0.0,0.0
0.0,0.0,0.0,0.0,0.0,0.0
0.0,0.0,0.0,0.0,0.0,0.0
0.0,0.0,0.0,0.0,0.0,0.0
0.0,0.0,0.0,0.0,0.0,0.0
0.0,0.0,0.0,0.0,0.0,0.0
0.0,0.0,0.0,0.0,0.0,0.0
0.0,0.0,0.0,0.0,0.0,0.0
0.0,0.0,0.0,0.0,0.0,0.0
0.0,0.0,0.0,0.0,0.0,0.0
0.0,0.0,0.0,0.0,0.0,0.0
0.0,0.0,0.0,0.0,0.0,0.0
0.0,0.0,0.0,0.0,0.0,0.0
0.0,0.0,0.0,0.0,0.0,0.0
0.0,0.0,0.0,0.0,0.0,0.0
0.0,0.0,0.0,0.0,0.0,0.0
0.0,0.0,0.0,0.0,0.0,0.0
0.0,0.0,0.0,0.0,0.0,0.0
0.0,0.0,0.0,0.0,0.0,0.0
0.0,0.0,0.0,0.0,0.0,0.0
0.0,0.0,0.0,0.0,0.0,0.0
0.0,0.0,0.0,0.0,0.0,0.0
0.0,0.0,0.0,0.0,0.0,0.0
0.0,0.0,0.0,0.0,0.0,0.0
0.0,0.0,0.0,0.0,0.0,0.0
0.0,0.0,0.0,0.0,0.0,0.0
0.0,0.0,0.0,0.0,0.0,0.0
0.0,0.0,0.0,0.0,0.0,0.0
0.0,0.0,0.0,0.0,0.0,0.0
0.0,0.0,0.0,0.0,0.0,0.0
0.0,0.0,0.0,0.0,0.0,0.0
0.0,0.0,0.0,0.0,0.0,0.0
0.0,0.0,0.0,0.0,0.0,0.0
0.0,0.0,0.0,0.0,0.0,0.0
31.8,16.1,30.5,33.1,34.3,36.9
30.4,30.4,30.4,30.4,30.4,30.4
30.4,30.4,30.4,30.4,30.4,30.4
30.4,30.4,30.4,30.4,30.4,30.4
91.1,91.1,91.1,91.1,91.1,91.1
91.1,91.1,91.1,91.1,91.1,91.1
91.1,91.1,91.1,91.1,91.1,91.1
91.1,91.1,91.1,91.1,91.1,91.1
151.4,151.4,151.4,151.4,151.4,151.4
151.4,151.4,151.4,151.4,151.4,151.4
151.4,151.4,151.4,151.4,151.4,151.4
151.4,151.4,151.4,151.4,151.4,151.4
201.2,201.2,201.2,201.2,201.2,201.2
201.2,201.2,201.2,201.2,201.2,201.2
201.2,201.2,201.2,201.2,201.2,201.2
201.2,201.2,201.2,201.2,201.2,201.2
442.3,613.3,620.7,668.7,710.6,611.8
409.2,612.1,626.1,722.4,758.9,538.7
423.0,614.0,634.8,717.2,698.2,580.2
437.8,615.7,639.4,653.7,708.3,612.7
200.8,200.8,200.8,200.8,200.8,200.8
200.8,200.8,200.8,200.8,200.8,200.8
200.8,200.8,200.8,200.8,200.8,200.8
200.8,200.8,200.8,200.8,200.8,200.8
150.7,150.7,150.7,150.7,150.7,150.7
150.7,150.7,150.7,150.7,150.7,150.7
150.7,150.7,150.7,150.7,150.7,150.7
150.7,150.7,150.7,150.7,150.7,150.7
80.6,80.6,80.6,80.6,80.6,80.6
80.6,80.6,80.6,80.6,80.6,80.6
80.6,80.6,80.6,80.6,80.6,80.6
80.6,80.6,80.6,80.6,80.6,80.6
20.2,20.2,20.2,20.2,20.2,20.2
20.2,20.2,20.2,20.2,20.2,20.2
20.2,20.2,20.2,20.2,20.2,20.2
20.2,20.2,20.2,20.2,20.2,20.2
0.0,0.0,0.0,0.0,0.0,0.0
0.0,0.0,0.0,0.0,0.0,0.0
0.0,0.0,0.0,0.0,0.0,0.0
0.0,0.0,0.0,0.0,0.0,0.0
0.0,0.0,0.0,0.0,0.0,0.0
0.0,0.0,0.0,0.0,0.0,0.0
0.0,0.0,0.0,0.0,0.0,0.0
0.0,0.0,0.0,0.0,0.0,0.0
0.0,0.0,0.0,0.0,0.0,0.0
0.0,0.0,0.0,0.0,0.0,0.0
0.0,0.0,0.0,0.0,0.0,0.0
0.0,0.0,0.0,0.0,0.0,0.0
0.0,0.0,0.0,0.0,0.0,0.0
0.0,0.0,0.0,0.0,0.0,0.0
0.0,0.0,0.0,0.0,0.0,0.0
0.0,0.0,0.0,0.0,0.0,0.0
0.0,0.0,0.0,0.0,0.0,0.0
0.0,0.0,0.0,0.0,0.0,0.0
0.0,0.0,0.0,0.0,0.0,0.0
0.0,0.0,0.0,0.0,0.0,0.0
0.0,0.0,0.0,0.0,0.0,0.0
0.0,0.0,0.0,0.0,0.0,0.0
0.0,0.0,0.0,0.0,0.0,0.0
0.0,0.0,0.0,0.0,0.0,0.0
0.0,0.0,0.0,0.0,0.0,0.0
0.0,0.0,0.0,0.0,0.0,0.0
0.0,0.0,0.0,0.0,0.0,0.0
0.0,0.0,0.0,0.0,0.0,0.0
0.0,0.0,0.0,0.0,0.0,0.0
0.0,0.0,0.0,0.0,0.0,0.0
0.0,0.0,0.0,0.0,0.0,0.0
0.0,0.0,0.0,0.0,0.0,0.0
0.0,0.0,0.0,0.0,0.0,0.0
0.0,0.0,0.0,0.0,0.0,0.0
0.0,0.0,0.0,0.0,0.0,0.0
0.0,0.0,0.0,0.0,0.0,0.0
0.0,0.0,0.0,0.0,0.0,0.0
0.0,0.0,0.0,0.0,0.0,0.0
0.0,0.0,0.0,0.0,0.0,0.0
0.0,0.0,0.0,0.0,0.0,0.0
0.0,0.0,0.0,0.0,0.0,0.0
0.0,0.0,0.0,0.0,0.0,0.0
0.0,0.0,0.0,0.0,0.0,0.0
0.0,0.0,0.0,0.0,0.0,0.0
0.0,0.0,0.0,0.0,0.0,0.0
0.0,0.0,0.0,0.0,0.0,0.0
0.0,0.0,0.0,0.0,0.0,0.0
0.0,0.0,0.0,0.0,0.0,0.0
0.0,0.0,0.0,0.0,0.0,0.0
0.0,0.0,0.0,0.0,0.0,0.0
0.0,0.0,0.0,0.0,0.0,0.0
0.0,0.0,0.0,0.0,0.0,0.0
0.0,0.0,0.0,0.0,0.0,0.0
0.0,0.0,0.0,0.0,0.0,0.0
0.0,0.0,0.0,0.0,0.0,0.0
0.0,0.0,0.0,0.0,0.0,0.0
0.0,0.0,0.0,0.0,0.0,0.0
0.0,0.0,0.0,0.0,0.0,0.0
0.0,0.0,0.0,0.0,0.0,0.0
0.0,0.0,0.0,0.0,0.0,0.0
45.3,0.0,69.8,69.1,0.0,0.0
44.3,0.0,67.0,73.0,0.0,0.0
47.1,0.0,74.6,62.5,0.0,0.0
39.8,0.0,55.2,47.4,0.0,41.9
81.6,81.6,81.6,81.6,81.6,81.6
81.6,81.6,81.6,81.6,81.6,81.6
81.6,81.6,81.6,81.6,81.6,81.6
81.6,81.6,81.6,81.6,81.6,81.6
152.4,152.4,152.4,152.4,152.4,152.4
152.4,152.4,152.4,152.4,152.4,152.4
152.4,152.4,152.4,152.4,152.4,152.4
152.4,152.4,152.4,152.4,152.4,152.4
208.1,209.3,137.1,228.8,223.5,208.4
202.5,202.5,202.5,202.5,202.5,202.5
202.5,202.5,202.5,202.5,202.5,202.5
202.5,202.5,202.5,202.5,202.5,202.5
212.2,212.2,212.2,212.2,212.2,212.2
212.2,212.2,212.2,212.2,212.2,212.2
212.2,212.2,212.2,212.2,212.2,212.2
212.2,212.2,212.2,212.2,212.2,212.2
201.9,201.9,201.9,201.9,201.9,201.9
201.9,201.9,201.9,201.9,201.9,201.9
201.9,201.9,201.9,201.9,201.9,201.9
201.9,201.9,201.9,201.9,201.9,201.9
141.4,141.4,141.4,141.4,141.4,141.4
141.4,141.4,141.4,141.4,141.4,141.4
141.4,141.4,141.4,141.4,141.4,141.4
141.4,141.4,141.4,141.4,141.4,141.4
80.9,80.9,80.9,80.9,80.9,80.9
80.9,80.9,80.9,80.9,80.9,80.9
80.9,80.9,80.9,80.9,80.9,80.9
80.9,80.9,80.9,80.9,80.9,80.9
20.3,20.3,20.3,20.3,20.3,20.3
20.3,20.3,20.3,20.3,20.3,20.3
20.3,20.3,20.3,20.3,20.3,20.3
20.3,20.3,20.3,20.3,20.3,20.3
0.0,0.0,0.0,0.0,0.0,0.0
0.0,0.0,0.0,0.0,0.0,0.0
0.0,0.0,0.0,0.0,0.0,0.0
0.0,0.0,0.0,0.0,0.0,0.0
0.0,0.0,0.0,0.0,0.0,0.0
0.0,0.0,0.0,0.0,0.0,0.0
0.0,0.0,0.0,0.0,0.0,0.0
0.0,0.0,0.0,0.0,0.0,0.0
0.0,0.0,0.0,0.0,0.0,0.0
0.0,0.0,0.0,0.0,0.0,0.0
0.0,0.0,0.0,0.0,0.0,0.0
0.0,0.0,0.0,0.0,0.0,0.0
0.0,0.0,0.0,0.0,0.0,0.0
0.0,0.0,0.0,0.0,0.0,0.0
0.0,0.0,0.0,0.0,0.0,0.0
0.0,0.0,0.0,0.0,0.0,0.0
0.0,0.0,0.0,0.0,0.0,0.0
0.0,0.0,0.0,0.0,0.0,0.0
0.0,0.0,0.0,0.0,0.0,0.0
0.0,0.0,0.0,0.0,0.0,0.0
0.0,0.0,0.0,0.0,0.0,0.0
0.0,0.0,0.0,0.0,0.0,0.0
0.0,0.0,0.0,0.0,0.0,0.0
0.0,0.0,0.0,0.0,0.0,0.0
0.0,0.0,0.0,0.0,0.0,0.0
0.0,0.0,0.0,0.0,0.0,0.0
0.0,0.0,0.0,0.0,0.0,0.0
0.0,0.0,0.0,0.0,0.0,0.0
0.0,0.0,0.0,0.0,0.0,0.0
0.0,0.0,0.0,0.0,0.0,0.0
0.0,0.0,0.0,0.0,0.0,0.0
0.0,0.0,0.0,0.0,0.0,0.0
0.0,0.0,0.0,0.0,0.0,0.0
0.0,0.0,0.0,0.0,0.0,0.0
0.0,0.0,0.0,0.0,0.0,0.0
0.0,0.0,0.0,0.0,0.0,0.0
0.0,0.0,0.0,0.0,0.0,0.0
0.0,0.0,0.0,0.0,0.0,0.0
0.0,0.0,0.0,0.0,0.0,0.0
0.0,0.0,0.0,0.0,0.0,0.0
0.0,0.0,0.0,0.0,0.0,0.0
0.0,0.0,0.0,0.0,0.0,0.0
0.0,0.0,0.0,0.0,0.0,0.0
0.0,0.0,0.0,0.0,0.0,0.0
0.0,0.0,0.0,0.0,0.0,0.0
0.0,0.0,0.0,0.0,0.0,0.0
0.0,0.0,0.0,0.0,0.0,0.0
0.0,0.0,0.0,0.0,0.0,0.0
0.0,0.0,0.0,0.0,0.0,0.0
0.0,0.0,0.0,0.0,0.0,0.0
0.0,0.0,0.0,0.0,0.0,0.0
0.0,0.0,0.0,0.0,0.0,0.0
0.0,0.0,0.0,0.0,0.0,0.0
0.0,0.0,0.0,0.0,0.0,0.0
0.0,0.0,0.0,0.0,0.0,0.0
0.0,0.0,0.0,0.0,0.0,0.0
0.0,0.0,0.0,0.0,0.0,0.0
0.0,0.0,0.0,0.0,0.0,0.0
0.0,0.0,0.0,0.0,0.0,0.0
0.0,0.0,0.0,0.0,0.0,0.0
247.5,492.4,515.7,0.0,1672.2,0.0
311.1,489.3,494.5,665.8,719.6,247.5
187.4,489.3,501.3,514.4,924.3,311.1
229.8,645.4,497.8,529.2,838.2,187.4
342.7,509.5,488.2,547.7,710.4,272.0
350.9,506.6,486.0,532.5,631.8,362.7
308.7,536.3,485.3,535.1,692.7,312.3
305.2,498.7,480.7,494.7,558.8,532.3
301.7,1008.5,475.1,998.8,2148.7,869.7
304.0,985.8,0.0,1056.6,2462.7,993.4
306.4,992.7,0.0,972.0,2307.0,1224.4
357.9,985.7,52.7,1023.8,2118.6,1263.7
1082.1,504.3,17.6,1743.8,2611.4,1333.1
712.7,759.0,456.1,2309.8,3118.5,1655.7
776.0,847.0,473.4,2126.4,1664.4,1703.4
945.8,905.1,2579.4,2429.9,1049.3,1897.0
634.1,851.0,1030.0,1656.8,744.7,1313.9
521.6,813.6,1029.5,1225.5,1776.0,1226.7
594.2,855.2,1630.1,1243.3,1780.6,1565.6
580.7,607.9,1468.0,252.3,1432.0,1321.0
885.6,766.5,1482.3,418.7,1702.4,1542.6
846.9,716.3,1411.5,1105.3,778.9,1630.3
846.6,690.0,1392.5,1058.8,660.1,1498.2
695.1,638.1,1368.5,958.1,491.7,1144.2
624.5,427.0,1384.7,1088.2,700.3,1138.8
601.2,138.3,1295.9,946.0,448.6,275.0
613.6,151.5,1396.9,943.3,510.0,277.1
150.6,150.6,150.6,150.6,150.6,150.6
80.7,80.7,80.7,80.7,80.7,80.7
80.7,80.7,80.7,80.7,80.7,80.7
80.7,80.7,80.7,80.7,80.7,80.7
80.7,80.7,80.7,80.7,80.7,80.7
20.3,20.3,20.3,20.3,20.3,20.3
20.3,20.3,20.3,20.3,20.3,20.3
20.3,20.3,20.3,20.3,20.3,20.3
20.3,20.3,20.3,20.3,20.3,20.3
0.0,0.0,0.0,0.0,0.0,0.0
0.0,0.0,0.0,0.0,0.0,0.0
0.0,0.0,0.0,0.0,0.0,0.0
0.0,0.0,0.0,0.0,0.0,0.0
0.0,0.0,0.0,0.0,0.0,0.0
0.0,0.0,0.0,0.0,0.0,0.0
0.0,0.0,0.0,0.0,0.0,0.0
0.0,0.0,0.0,0.0,0.0,0.0
0.0,0.0,0.0,0.0,0.0,0.0
0.0,0.0,0.0,0.0,0.0,0.0
0.0,0.0,0.0,0.0,0.0,0.0
0.0,0.0,0.0,0.0,0.0,0.0
0.0,0.0,0.0,0.0,0.0,0.0
0.0,0.0,0.0,0.0,0.0,0.0
0.0,0.0,0.0,0.0,0.0,0.0
0.0,0.0,0.0,0.0,0.0,0.0
0.0,0.0,0.0,0.0,0.0,0.0
0.0,0.0,0.0,0.0,0.0,0.0
0.0,0.0,0.0,0.0,0.0,0.0
0.0,0.0,0.0,0.0,0.0,0.0
0.0,0.0,0.0,0.0,0.0,0.0
0.0,0.0,0.0,0.0,0.0,0.0
0.0,0.0,0.0,0.0,0.0,0.0
0.0,0.0,0.0,0.0,0.0,0.0
0.0,0.0,0.0,0.0,0.0,0.0
0.0,0.0,0.0,0.0,0.0,0.0
0.0,0.0,0.0,0.0,0.0,0.0
0.0,0.0,0.0,0.0,0.0,0.0
0.0,0.0,0.0,0.0,0.0,0.0
0.0,0.0,0.0,0.0,0.0,0.0
0.0,0.0,0.0,0.0,0.0,0.0
0.0,0.0,0.0,0.0,0.0,0.0
0.0,0.0,0.0,0.0,0.0,0.0
0.0,0.0,0.0,0.0,0.0,0.0
0.0,0.0,0.0,0.0,0.0,0.0
0.0,0.0,0.0,0.0,0.0,0.0
0.0,0.0,0.0,0.0,0.0,0.0
0.0,0.0,0.0,0.0,0.0,0.0
0.0,0.0,0.0,0.0,0.0,0.0
0.0,0.0,0.0,0.0,0.0,0.0
0.0,0.0,0.0,0.0,0.0,0.0
0.0,0.0,0.0,0.0,0.0,0.0
0.0,0.0,0.0,0.0,0.0,0.0
0.0,0.0,0.0,0.0,0.0,0.0
0.0,0.0,0.0,0.0,0.0,0.0
0.0,0.0,0.0,0.0,0.0,0.0
0.0,0.0,0.0,0.0,0.0,0.0
0.0,0.0,0.0,0.0,0.0,0.0
0.0,0.0,0.0,0.0,0.0,0.0
0.0,0.0,0.0,0.0,0.0,0.0
0.0,0.0,0.0,0.0,0.0,0.0
0.0,0.0,0.0,0.0,0.0,0.0
0.0,0.0,0.0,0.0,0.0,0.0
0.0,0.0,0.0,0.0,0.0,0.0
0.0,0.0,0.0,0.0,0.0,0.0
0.0,0.0,0.0,0.0,0.0,0.0
0.0,0.0,0.0,0.0,0.0,0.0
0.0,0.0,0.0,0.0,0.0,0.0
0.0,0.0,0.0,0.0,0.0,0.0
0.0,0.0,0.0,0.0,0.0,0.0
532.3,249.0,512.5,524.3,493.5,455.5
319.3,0.0,579.0,699.9,0.0,0.0
381.5,24.9,632.5,397.2,57.8,79.7
328.7,4.4,294.8,8.8,10.2,14.1
157.9,0.0,0.0,0.0,1268.1,0.0
150.2,200.8,1564.2,394.2,1870.8,367.4
129.6,1222.7,1545.6,339.9,1682.8,316.8
1326.6,1396.5,1410.6,482.0,1967.6,449.2
867.4,804.6,390.8,394.5,4210.5,367.7
875.2,781.7,323.7,1054.4,4385.0,330.8
745.0,656.9,344.2,1043.9,2628.4,323.8
109.7,146.6,285.1,929.0,2587.0,2188.5
98.0,131.0,254.6,922.2,2056.9,2345.5
130.4,174.3,339.0,342.2,587.0,1423.4
108.0,144.4,280.8,283.5,486.3,1401.7
112.0,140.0,274.2,275.0,466.7,1140.3
190.4,199.5,399.4,392.6,645.8,399.2
103.6,138.5,269.4,271.9,466.5,253.5
103.5,138.4,269.1,271.7,466.0,253.2
129.1,172.5,335.4,338.6,580.8,315.6
156.8,209.6,407.6,411.5,705.9,383.6
149.4,199.6,388.2,391.9,672.2,365.3
169.6,204.0,401.4,400.9,676.2,387.3
158.5,169.9,339.0,334.1,552.0,336.9
179.5,239.9,466.4,470.8,807.6,438.9
295.8,702.6,768.7,776.0,1331.0,723.3
503.1,917.3,808.4,1238.7,1399.9,760.7
513.0,762.6,518.7,1213.2,898.2,488.1
534.8,798.3,584.5,1271.9,1012.1,550.0
559.1,792.4,577.2,1259.7,967.3,559.7
336.9,504.2,24.6,707.5,23.8,32.8
308.7,497.7,0.0,679.2,0.0,0.0
311.1,659.9,0.0,684.4,0.0,0.0
309.9,999.2,0.0,681.8,0.0,0.0
313.4,991.7,0.0,689.6,0.0,0.0
308.7,1004.9,0.0,679.2,614.6,0.0
376.7,1034.6,66.8,737.5,1067.6,89.1
313.4,1012.0,3.5,684.7,995.1,4.7
309.9,1004.9,0.0,681.8,995.5,294.6
309.9,752.3,345.7,681.8,999.2,624.5
312.3,497.7,564.2,1276.8,1316.0,621.0
311.1,494.0,557.8,1231.8,1776.1,629.2
319.3,502.1,570.5,1165.9,1796.6,645.7
380.6,526.4,621.8,1141.2,1619.8,710.1
498.5,56.6,1033.2,1182.1,1600.4,629.2
69.0,0.0,651.3,503.8,847.6,430.7
0.0,0.0,0.0,0.0,0.0,0.0
0.0,0.0,0.0,0.0,0.0,0.0
0.0,0.0,0.0,0.0,0.0,0.0
0.0,0.0,0.0,0.0,0.0,0.0
0.0,0.0,0.0,0.0,0.0,0.0
0.0,0.0,0.0,0.0,0.0,0.0
0.0,0.0,0.0,0.0,0.0,0.0
0.0,0.0,0.0,0.0,0.0,0.0
0.0,0.0,0.0,0.0,0.0,0.0
0.0,0.0,0.0,0.0,0.0,0.0
0.0,0.0,0.0,0.0,0.0,0.0
0.0,0.0,0.0,0.0,0.0,0.0
0.0,0.0,0.0,0.0,0.0,0.0
0.0,0.0,0.0,0.0,0.0,0.0
0.0,0.0,0.0,0.0,0.0,0.0
0.0,0.0,0.0,0.0,0.0,0.0
0.0,0.0,0.0,0.0,0.0,0.0
0.0,0.0,0.0,0.0,0.0,0.0
0.0,0.0,0.0,0.0,0.0,0.0
0.0,0.0,0.0,0.0,0.0,0.0
0.0,0.0,0.0,0.0,0.0,0.0
0.0,0.0,0.0,0.0,0.0,0.0
0.0,0.0,0.0,0.0,0.0,0.0
0.0,0.0,0.0,0.0,0.0,0.0
0.0,0.0,0.0,0.0,0.0,0.0
0.0,0.0,0.0,0.0,0.0,0.0
0.0,0.0,0.0,0.0,0.0,0.0
0.0,0.0,0.0,0.0,0.0,0.0
0.0,0.0,0.0,0.0,0.0,0.0
0.0,0.0,0.0,0.0,0.0,0.0
0.0,0.0,0.0,0.0,0.0,0.0
0.0,0.0,0.0,0.0,0.0,0.0
0.0,0.0,0.0,0.0,0.0,0.0
0.0,0.0,0.0,0.0,0.0,0.0
0.0,0.0,0.0,0.0,0.0,0.0
0.0,0.0,0.0,0.0,0.0,0.0
0.0,0.0,0.0,0.0,0.0,0.0
0.0,0.0,0.0,0.0,0.0,0.0
0.0,0.0,0.0,0.0,0.0,0.0
0.0,0.0,0.0,0.0,0.0,0.0
0.0,0.0,0.0,0.0,0.0,0.0
0.0,0.0,0.0,0.0,0.0,0.0
0.0,0.0,0.0,0.0,0.0,0.0
0.0,0.0,0.0,0.0,0.0,0.0
0.0,0.0,0.0,0.0,0.0,0.0
0.0,0.0,0.0,0.0,0.0,0.0
0.0,0.0,0.0,0.0,0.0,0.0
0.0,0.0,0.0,0.0,0.0,0.0
0.0,0.0,0.0,0.0,0.0,0.0
0.0,0.0,0.0,0.0,0.0,0.0
20.8,13.2,23.1,21.3,23.7,20.4
20.4,20.4,20.4,20.4,20.4,20.4
20.4,20.4,20.4,20.4,20.4,20.4
20.4,20.4,20.4,20.4,20.4,20.4
81.2,81.2,81.2,81.2,81.2,81.2
81.2,81.2,81.2,81.2,81.2,81.2
81.2,81.2,81.2,81.2,81.2,81.2
81.2,81.2,81.2,81.2,81.2,81.2
141.3,141.3,141.3,141.3,141.3,141.3
110.1,144.0,145.2,157.9,148.7,142.0
107.3,147.1,145.6,156.3,149.6,142.1
141.3,141.3,141.3,141.3,141.3,141.3
430.0,1452.5,837.1,2505.5,1482.7,264.8
434.2,1433.9,857.4,2731.0,1529.2,283.9
499.6,1455.8,923.8,2533.2,1582.1,1569.5
1350.8,927.7,1598.7,1546.6,2009.2,1709.5
987.4,780.5,1232.3,1244.8,1644.0,1223.1
687.2,536.5,657.7,772.0,1079.0,455.3
3608.9,1700.9,3454.7,3099.4,3792.3,4178.0
2635.7,1218.1,2207.0,2059.8,2592.4,2521.8
1092.8,1281.0,1048.0,1098.2,1485.3,981.6
792.1,702.8,559.9,685.4,1001.9,322.8
1965.5,1011.1,1697.1,1627.1,2095.7,1840.7
2688.3,1405.3,2648.6,2424.5,3027.5,4589.4
3782.8,1989.6,3670.6,3338.1,4269.6,7378.4
1099.8,1339.3,1319.5,1366.4,1959.5,4313.4
488.2,656.3,889.4,978.4,1478.7,2745.4
531.3,722.7,992.2,1102.9,1692.6,3332.9
438.3,651.4,856.6,920.9,1043.1,1510.0
506.6,661.2,904.1,931.8,1050.4,1366.3
497.1,1005.4,911.6,920.4,976.8,1109.0
660.6,1024.0,911.0,915.2,973.5,936.1
471.8,2031.5,2444.3,930.2,1412.9,651.1
477.5,1069.6,2342.5,1114.3,1677.2,2745.3
422.8,1249.3,2631.2,1074.0,1436.7,1267.3
466.9,1296.0,1626.8,2795.4,1460.0,677.6
642.4,844.6,919.9,881.8,885.0,826.3
449.5,869.1,974.7,850.0,999.8,856.8
415.0,843.2,909.4,861.3,974.1,997.0
315.7,500.2,581.1,1232.3,1138.5,318.1
316.9,485.6,577.6,2193.5,1117.7,308.7
310.0,310.0,310.0,310.0,310.0,310.0
0.0,0.0,0.0,0.0,0.0,0.0
0.0,0.0,0.0,0.0,0.0,0.0
0.0,0.0,0.0,0.0,0.0,0.0
0.0,0.0,0.0,0.0,0.0,0.0
0.0,0.0,0.0,0.0,0.0,0.0
0.0,0.0,0.0,0.0,0.0,0.0
0.0,0.0,0.0,0.0,0.0,0.0
0.0,0.0,0.0,0.0,0.0,0.0
0.0,0.0,0.0,0.0,0.0,0.0
0.0,0.0,0.0,0.0,0.0,0.0
0.0,0.0,0.0,0.0,0.0,0.0
0.0,0.0,0.0,0.0,0.0,0.0
0.0,0.0,0.0,0.0,0.0,0.0
0.0,0.0,0.0,0.0,0.0,0.0
0.0,0.0,0.0,0.0,0.0,0.0
0.0,0.0,0.0,0.0,0.0,0.0
0.0,0.0,0.0,0.0,0.0,0.0
0.0,0.0,0.0,0.0,0.0,0.0
0.0,0.0,0.0,0.0,0.0,0.0
0.0,0.0,0.0,0.0,0.0,0.0
0.0,0.0,0.0,0.0,0.0,0.0
0.0,0.0,0.0,0.0,0.0,0.0
0.0,0.0,0.0,0.0,0.0,0.0
0.0,0.0,0.0,0.0,0.0,0.0
0.0,0.0,0.0,0.0,0.0,0.0
0.0,0.0,0.0,0.0,0.0,0.0
0.0,0.0,0.0,0.0,0.0,0.0
0.0,0.0,0.0,0.0,0.0,0.0
0.0,0.0,0.0,0.0,0.0,0.0
0.0,0.0,0.0,0.0,0.0,0.0
0.0,0.0,0.0,0.0,0.0,0.0
0.0,0.0,0.0,0.0,0.0,0.0
0.0,0.0,0.0,0.0,0.0,0.0
0.0,0.0,0.0,0.0,0.0,0.0
0.0,0.0,0.0,0.0,0.0,0.0
0.0,0.0,0.0,0.0,0.0,0.0
0.0,0.0,0.0,0.0,0.0,0.0
0.0,0.0,0.0,0.0,0.0,0.0
0.0,0.0,0.0,0.0,0.0,0.0
0.0,0.0,0.0,0.0,0.0,0.0
0.0,0.0,0.0,0.0,0.0,0.0
0.0,0.0,0.0,0.0,0.0,0.0
0.0,0.0,0.0,0.0,0.0,0.0
0.0,0.0,0.0,0.0,0.0,0.0
0.0,0.0,0.0,0.0,0.0,0.0
0.0,0.0,0.0,0.0,0.0,0.0
0.0,0.0,0.0,0.0,0.0,0.0
0.0,0.0,0.0,0.0,0.0,0.0
0.0,0.0,0.0,0.0,0.0,0.0
0.0,0.0,0.0,0.0,0.0,0.0
0.0,0.0,0.0,0.0,0.0,0.0
0.0,0.0,0.0,0.0,0.0,0.0
0.0,0.0,0.0,0.0,0.0,0.0
0.0,0.0,0.0,0.0,0.0,0.0
20.4,20.4,20.4,20.4,20.4,20.4
20.4,20.4,20.4,20.4,20.4,20.4
20.4,20.4,20.4,20.4,20.4,20.4
20.4,20.4,20.4,20.4,20.4,20.4
71.3,71.3,71.3,71.3,71.3,71.3
71.3,71.3,71.3,71.3,71.3,71.3
71.3,71.3,71.3,71.3,71.3,71.3
71.3,71.3,71.3,71.3,71.3,71.3
101.5,101.5,101.5,101.5,101.5,101.5
101.5,101.5,101.5,101.5,101.5,101.5
101.5,101.5,101.5,101.5,101.5,101.5
101.5,101.5,101.5,101.5,101.5,101.5
202.7,202.7,202.7,202.7,202.7,202.7
202.7,202.7,202.7,202.7,202.7,202.7
202.7,202.7,202.7,202.7,202.7,202.7
202.7,202.7,202.7,202.7,202.7,202.7
45.7,19.0,45.7,38.1,44.2,61.0
7.0,2.9,7.0,5.9,6.8,39.9
518.1,518.1,518.1,518.1,518.1,518.1
202.3,202.3,202.3,202.3,202.3,202.3
181.9,181.9,181.9,181.9,181.9,181.9
181.9,181.9,181.9,181.9,181.9,181.9
181.9,181.9,181.9,181.9,181.9,181.9
109.1,176.4,186.7,186.8,242.6,190.1
91.0,91.0,91.0,91.0,91.0,91.0
91.0,91.0,91.0,91.0,91.0,91.0
91.0,91.0,91.0,91.0,91.0,91.0
91.0,91.0,91.0,91.0,91.0,91.0
70.9,70.9,70.9,70.9,70.9,70.9
70.9,70.9,70.9,70.9,70.9,70.9
70.9,70.9,70.9,70.9,70.9,70.9
70.9,70.9,70.9,70.9,70.9,70.9
20.3,20.3,20.3,20.3,20.3,20.3
20.3,20.3,20.3,20.3,20.3,20.3
20.3,20.3,20.3,20.3,20.3,20.3
20.3,20.3,20.3,20.3,20.3,20.3
0.0,0.0,0.0,0.0,0.0,0.0
0.0,0.0,0.0,0.0,0.0,0.0
0.0,0.0,0.0,0.0,0.0,0.0
0.0,0.0,0.0,0.0,0.0,0.0
0.0,0.0,0.0,0.0,0.0,0.0
0.0,0.0,0.0,0.0,0.0,0.0
0.0,0.0,0.0,0.0,0.0,0.0
0.0,0.0,0.0,0.0,0.0,0.0
0.0,0.0,0.0,0.0,0.0,0.0
0.0,0.0,0.0,0.0,0.0,0.0
0.0,0.0,0.0,0.0,0.0,0.0
0.0,0.0,0.0,0.0,0.0,0.0
0.0,0.0,0.0,0.0,0.0,0.0
0.0,0.0,0.0,0.0,0.0,0.0
0.0,0.0,0.0,0.0,0.0,0.0
0.0,0.0,0.0,0.0,0.0,0.0
0.0,0.0,0.0,0.0,0.0,0.0
0.0,0.0,0.0,0.0,0.0,0.0
0.0,0.0,0.0,0.0,0.0,0.0
0.0,0.0,0.0,0.0,0.0,0.0
0.0,0.0,0.0,0.0,0.0,0.0
0.0,0.0,0.0,0.0,0.0,0.0
0.0,0.0,0.0,0.0,0.0,0.0
0.0,0.0,0.0,0.0,0.0,0.0
0.0,0.0,0.0,0.0,0.0,0.0
0.0,0.0,0.0,0.0,0.0,0.0
0.0,0.0,0.0,0.0,0.0,0.0
0.0,0.0,0.0,0.0,0.0,0.0
0.0,0.0,0.0,0.0,0.0,0.0
0.0,0.0,0.0,0.0,0.0,0.0
0.0,0.0,0.0,0.0,0.0,0.0
0.0,0.0,0.0,0.0,0.0,0.0
0.0,0.0,0.0,0.0,0.0,0.0
0.0,0.0,0.0,0.0,0.0,0.0
0.0,0.0,0.0,0.0,0.0,0.0
0.0,0.0,0.0,0.0,0.0,0.0
0.0,0.0,0.0,0.0,0.0,0.0
0.0,0.0,0.0,0.0,0.0,0.0
0.0,0.0,0.0,0.0,0.0,0.0
0.0,0.0,0.0,0.0,0.0,0.0
0.0,0.0,0.0,0.0,0.0,0.0
0.0,0.0,0.0,0.0,0.0,0.0
0.0,0.0,0.0,0.0,0.0,0.0
0.0,0.0,0.0,0.0,0.0,0.0
0.0,0.0,0.0,0.0,0.0,0.0
0.0,0.0,0.0,0.0,0.0,0.0
0.0,0.0,0.0,0.0,0.0,0.0
0.0,0.0,0.0,0.0,0.0,0.0
0.0,0.0,0.0,0.0,0.0,0.0
0.0,0.0,0.0,0.0,0.0,0.0
0.0,0.0,0.0,0.0,0.0,0.0
0.0,0.0,0.0,0.0,0.0,0.0
0.0,0.0,0.0,0.0,0.0,0.0
0.0,0.0,0.0,0.0,0.0,0.0
0.0,0.0,0.0,0.0,0.0,0.0
0.0,0.0,0.0,0.0,0.0,0.0
0.0,0.0,0.0,0.0,0.0,0.0
0.0,0.0,0.0,0.0,0.0,0.0
0.0,0.0,0.0,0.0,0.0,0.0
0.0,0.0,0.0,0.0,0.0,0.0
20.3,20.3,20.3,20.3,20.3,20.3
20.3,20.3,20.3,20.3,20.3,20.3
20.3,20.3,20.3,20.3,20.3,20.3
20.3,20.3,20.3,20.3,20.3,20.3
60.9,60.9,60.9,60.9,60.9,60.9
72.6,0.0,0.0,97.1,102.1,93.5
65.4,24.9,71.2,73.7,57.8,72.3
10.5,4.4,171.5,154.6,10.2,14.1
0.0,216.5,330.8,0.0,0.0,0.0
0.0,279.0,268.4,0.0,0.0,0.0
91.2,91.2,91.2,91.2,91.2,91.2
91.2,91.2,91.2,91.2,91.2,91.2
121.5,121.5,121.5,121.5,121.5,121.5
121.5,121.5,121.5,121.5,121.5,121.5
121.5,121.5,121.5,121.5,121.5,121.5
121.5,121.5,121.5,121.5,121.5,121.5
131.5,131.5,131.5,131.5,131.5,131.5
0.0,0.0,784.2,0.0,0.0,0.0
0.0,0.0,793.2,0.0,0.0,0.0
38.7,16.1,320.8,32.2,329.5,51.6
31.6,13.2,158.3,26.4,247.7,251.0
121.4,121.4,121.4,121.4,121.4,121.4
121.4,121.4,121.4,121.4,121.4,121.4
121.4,121.4,121.4,121.4,121.4,121.4
91.1,91.1,91.1,91.1,91.1,91.1
91.1,91.1,91.1,91.1,91.1,91.1
91.1,91.1,91.1,91.1,91.1,91.1
91.1,91.1,91.1,91.1,91.1,91.1
60.8,60.8,60.8,60.8,60.8,60.8
60.8,60.8,60.8,60.8,60.8,60.8
60.8,60.8,60.8,60.8,60.8,60.8
60.8,60.8,60.8,60.8,60.8,60.8
20.3,20.3,20.3,20.3,20.3,20.3
20.3,20.3,20.3,20.3,20.3,20.3
20.3,20.3,20.3,20.3,20.3,20.3
20.3,20.3,20.3,20.3,20.3,20.3
0.0,0.0,0.0,0.0,0.0,0.0
0.0,0.0,0.0,0.0,0.0,0.0
0.0,0.0,0.0,0.0,0.0,0.0
0.0,0.0,0.0,0.0,0.0,0.0
0.0,0.0,0.0,0.0,0.0,0.0
0.0,0.0,0.0,0.0,0.0,0.0
0.0,0.0,0.0,0.0,0.0,0.0
0.0,0.0,0.0,0.0,0.0,0.0
0.0,0.0,0.0,0.0,0.0,0.0
0.0,0.0,0.0,0.0,0.0,0.0
0.0,0.0,0.0,0.0,0.0,0.0
0.0,0.0,0.0,0.0,0.0,0.0
0.0,0.0,0.0,0.0,0.0,0.0
0.0,0.0,0.0,0.0,0.0,0.0
0.0,0.0,0.0,0.0,0.0,0.0
0.0,0.0,0.0,0.0,0.0,0.0
0.0,0.0,0.0,0.0,0.0,0.0
0.0,0.0,0.0,0.0,0.0,0.0
0.0,0.0,0.0,0.0,0.0,0.0
0.0,0.0,0.0,0.0,0.0,0.0
0.0,0.0,0.0,0.0,0.0,0.0
0.0,0.0,0.0,0.0,0.0,0.0
0.0,0.0,0.0,0.0,0.0,0.0
0.0,0.0,0.0,0.0,0.0,0.0
0.0,0.0,0.0,0.0,0.0,0.0
0.0,0.0,0.0,0.0,0.0,0.0
0.0,0.0,0.0,0.0,0.0,0.0
0.0,0.0,0.0,0.0,0.0,0.0
0.0,0.0,0.0,0.0,0.0,0.0
0.0,0.0,0.0,0.0,0.0,0.0
0.0,0.0,0.0,0.0,0.0,0.0
0.0,0.0,0.0,0.0,0.0,0.0
0.0,0.0,0.0,0.0,0.0,0.0
0.0,0.0,0.0,0.0,0.0,0.0
0.0,0.0,0.0,0.0,0.0,0.0
0.0,0.0,0.0,0.0,0.0,0.0
0.0,0.0,0.0,0.0,0.0,0.0
0.0,0.0,0.0,0.0,0.0,0.0
0.0,0.0,0.0,0.0,0.0,0.0
0.0,0.0,0.0,0.0,0.0,0.0
0.0,0.0,0.0,0.0,0.0,0.0
0.0,0.0,0.0,0.0,0.0,0.0
0.0,0.0,0.0,0.0,0.0,0.0
0.0,0.0,0.0,0.0,0.0,0.0
0.0,0.0,0.0,0.0,0.0,0.0
0.0,0.0,0.0,0.0,0.0,0.0
0.0,0.0,0.0,0.0,0.0,0.0
0.0,0.0,0.0,0.0,0.0,0.0
0.0,0.0,0.0,0.0,0.0,0.0
0.0,0.0,0.0,0.0,0.0,0.0
0.0,0.0,0.0,0.0,0.0,0.0
0.0,0.0,0.0,0.0,0.0,0.0
0.0,0.0,0.0,0.0,0.0,0.0
0.0,0.0,0.0,0.0,0.0,0.0
0.0,0.0,0.0,0.0,0.0,0.0
0.0,0.0,0.0,0.0,0.0,0.0
0.0,0.0,0.0,0.0,0.0,0.0
0.0,0.0,0.0,0.0,0.0,0.0
0.0,0.0,0.0,0.0,0.0,0.0
0.0,0.0,0.0,0.0,0.0,0.0
28.3,0.0,0.0,31.4,36.9,25.3
20.3,20.3,20.3,20.3,20.3,20.3
20.3,20.3,20.3,20.3,20.3,20.3
20.3,20.3,20.3,20.3,20.3,20.3
60.9,60.9,60.9,60.9,60.9,60.9
60.9,60.9,60.9,60.9,60.9,60.9
60.9,60.9,60.9,60.9,60.9,60.9
60.9,60.9,60.9,60.9,60.9,60.9
91.3,91.3,91.3,91.3,91.3,91.3
91.3,91.3,91.3,91.3,91.3,91.3
91.3,91.3,91.3,91.3,91.3,91.3
91.3,91.3,91.3,91.3,91.3,91.3
121.5,121.5,121.5,121.5,121.5,121.5
121.5,121.5,121.5,121.5,121.5,121.5
121.5,121.5,121.5,121.5,121.5,121.5
121.5,121.5,121.5,121.5,121.5,121.5
111.2,111.2,111.2,111.2,111.2,111.2
161.9,27.8,66.8,55.7,265.9,89.1
187.9,0.0,0.0,0.0,479.3,0.0
167.7,0.0,0.0,0.0,499.5,0.0
0.0,0.0,0.0,0.0,727.1,0.0
121.2,121.2,121.2,121.2,121.2,121.2
121.2,121.2,121.2,121.2,121.2,121.2
121.2,121.2,121.2,121.2,121.2,121.2
90.9,90.9,90.9,90.9,90.9,90.9
90.9,90.9,90.9,90.9,90.9,90.9
90.9,90.9,90.9,90.9,90.9,90.9
90.9,90.9,90.9,90.9,90.9,90.9
60.7,60.7,60.7,60.7,60.7,60.7
60.7,60.7,60.7,60.7,60.7,60.7
60.7,60.7,60.7,60.7,60.7,60.7
60.7,60.7,60.7,60.7,60.7,60.7
708.8,126.8,795.5,248.8,426.8,231.9
728.0,147.7,1200.9,290.0,497.4,270.3
763.6,192.1,1139.1,377.2,646.9,351.5
712.1,123.4,858.9,242.2,415.4,225.8
745.7,161.8,1417.3,981.3,540.0,302.0
49.1,49.1,49.1,49.1,49.1,49.1
0.0,0.0,0.0,0.0,0.0,0.0
0.0,0.0,0.0,0.0,0.0,0.0
0.0,0.0,0.0,0.0,0.0,0.0
0.0,0.0,0.0,0.0,0.0,0.0
0.0,0.0,0.0,0.0,0.0,0.0
0.0,0.0,0.0,0.0,0.0,0.0
0.0,0.0,0.0,0.0,0.0,0.0
0.0,0.0,0.0,0.0,0.0,0.0
0.0,0.0,0.0,0.0,0.0,0.0
0.0,0.0,0.0,0.0,0.0,0.0
0.0,0.0,0.0,0.0,0.0,0.0
0.0,0.0,0.0,0.0,0.0,0.0
0.0,0.0,0.0,0.0,0.0,0.0
0.0,0.0,0.0,0.0,0.0,0.0
0.0,0.0,0.0,0.0,0.0,0.0
0.0,0.0,0.0,0.0,0.0,0.0
0.0,0.0,0.0,0.0,0.0,0.0
0.0,0.0,0.0,0.0,0.0,0.0
0.0,0.0,0.0,0.0,0.0,0.0
0.0,0.0,0.0,0.0,0.0,0.0
0.0,0.0,0.0,0.0,0.0,0.0
0.0,0.0,0.0,0.0,0.0,0.0
0.0,0.0,0.0,0.0,0.0,0.0
0.0,0.0,0.0,0.0,0.0,0.0
0.0,0.0,0.0,0.0,0.0,0.0
0.0,0.0,0.0,0.0,0.0,0.0
0.0,0.0,0.0,0.0,0.0,0.0
0.0,0.0,0.0,0.0,0.0,0.0
0.0,0.0,0.0,0.0,0.0,0.0
0.0,0.0,0.0,0.0,0.0,0.0
0.0,0.0,0.0,0.0,0.0,0.0
0.0,0.0,0.0,0.0,0.0,0.0
0.0,0.0,0.0,0.0,0.0,0.0
0.0,0.0,0.0,0.0,0.0,0.0
0.0,0.0,0.0,0.0,0.0,0.0
0.0,0.0,0.0,0.0,0.0,0.0
0.0,0.0,0.0,0.0,0.0,0.0
0.0,0.0,0.0,0.0,0.0,0.0
0.0,0.0,0.0,0.0,0.0,0.0
0.0,0.0,0.0,0.0,0.0,0.0
0.0,0.0,0.0,0.0,0.0,0.0
0.0,0.0,0.0,0.0,0.0,0.0
0.0,0.0,0.0,0.0,0.0,0.0
0.0,0.0,0.0,0.0,0.0,0.0
0.0,0.0,0.0,0.0,0.0,0.0
0.0,0.0,0.0,0.0,0.0,0.0
0.0,0.0,0.0,0.0,0.0,0.0
0.0,0.0,0.0,0.0,0.0,0.0
0.0,0.0,0.0,0.0,0.0,0.0
0.0,0.0,0.0,0.0,0.0,0.0
0.0,0.0,0.0,0.0,0.0,0.0
0.0,0.0,0.0,0.0,0.0,0.0
0.0,0.0,0.0,0.0,0.0,0.0
0.0,0.0,0.0,0.0,0.0,0.0
0.0,0.0,0.0,0.0,0.0,0.0
0.0,0.0,0.0,0.0,0.0,0.0
0.0,0.0,0.0,0.0,0.0,0.0
0.0,0.0,0.0,0.0,0.0,0.0
156.9,161.1,173.5,171.2,109.1,161.0
155.5,155.5,155.5,155.5,155.5,155.5
155.5,155.5,155.5,155.5,155.5,155.5
155.5,155.5,155.5,155.5,155.5,155.5
307.6,1090.7,2949.2,1175.5,5278.0,2375.0
296.1,1743.0,3742.8,840.8,3409.2,2597.0
289.8,1521.1,2294.7,731.3,3153.7,2496.3
516.0,2317.3,1777.1,1062.7,4405.8,1793.4
458.4,872.4,857.1,820.8,1025.1,843.7
131.9,131.9,131.9,131.9,131.9,131.9
145.4,161.8,164.1,175.0,0.0,145.3
145.5,162.1,164.2,174.5,0.0,145.4
193.7,258.6,217.7,229.1,0.0,194.4
182.2,182.2,182.2,182.2,182.2,182.2
182.2,182.2,182.2,182.2,182.2,182.2
182.2,182.2,182.2,182.2,182.2,182.2
191.9,191.9,191.9,191.9,191.9,191.9
191.9,191.9,191.9,191.9,191.9,191.9
191.9,191.9,191.9,191.9,191.9,191.9
191.9,191.9,191.9,191.9,191.9,191.9
181.4,181.4,181.4,181.4,181.4,181.4
181.4,181.4,181.4,181.4,181.4,181.4
181.4,181.4,181.4,181.4,181.4,181.4
181.4,181.4,181.4,181.4,181.4,181.4
2175.4,1649.7,899.1,1039.6,4088.9,635.1
1713.4,1356.5,842.2,953.3,3748.8,577.5
772.6,1472.3,3779.7,1160.9,3460.5,847.6
926.3,1233.9,3389.9,1059.4,3313.2,4313.2
2327.5,728.2,2539.7,973.6,2768.9,3852.2
2406.3,893.7,2594.1,1108.2,1924.9,2964.3
2316.8,1484.4,3529.3,1050.9,1982.3,2853.5
2164.4,1464.4,3210.6,977.1,3327.4,4051.0
1573.9,1499.9,1622.5,1144.4,1683.9,1702.4
1574.4,1405.2,1702.8,1008.5,1791.3,1744.9
440.6,1325.0,1867.4,1012.0,2350.1,2231.9
469.5,1274.8,1197.4,1105.5,2885.4,2294.4
422.1,659.7,939.4,863.3,1275.6,839.9
448.4,693.9,1150.8,863.4,949.9,893.6
367.4,532.9,1048.5,1098.8,859.4,1093.0
360.4,524.7,1046.7,1089.8,861.2,1117.2
328.7,508.2,1088.3,1051.8,860.7,1162.3
329.9,506.3,1073.4,1058.2,862.9,1169.2
333.4,487.0,1019.8,1192.1,860.5,1107.1
332.2,553.4,553.5,1437.2,885.3,1238.3
380.3,926.6,56.3,2178.4,1053.6,75.0
154.5,154.5,154.5,154.5,154.5,154.5
0.0,0.0,0.0,0.0,0.0,0.0
0.0,0.0,0.0,0.0,0.0,0.0
0.0,0.0,0.0,0.0,0.0,0.0
0.0,0.0,0.0,0.0,0.0,0.0
0.0,0.0,0.0,0.0,0.0,0.0
0.0,0.0,0.0,0.0,0.0,0.0
0.0,0.0,0.0,0.0,0.0,0.0
0.0,0.0,0.0,0.0,0.0,0.0
0.0,0.0,0.0,0.0,0.0,0.0
0.0,0.0,0.0,0.0,0.0,0.0
0.0,0.0,0.0,0.0,0.0,0.0
0.0,0.0,0.0,0.0,0.0,0.0
0.0,0.0,0.0,0.0,0.0,0.0
0.0,0.0,0.0,0.0,0.0,0.0
0.0,0.0,0.0,0.0,0.0,0.0
0.0,0.0,0.0,0.0,0.0,0.0
0.0,0.0,0.0,0.0,0.0,0.0
0.0,0.0,0.0,0.0,0.0,0.0
0.0,0.0,0.0,0.0,0.0,0.0
0.0,0.0,0.0,0.0,0.0,0.0
0.0,0.0,0.0,0.0,0.0,0.0
0.0,0.0,0.0,0.0,0.0,0.0
0.0,0.0,0.0,0.0,0.0,0.0
0.0,0.0,0.0,0.0,0.0,0.0
0.0,0.0,0.0,0.0,0.0,0.0
0.0,0.0,0.0,0.0,0.0,0.0
0.0,0.0,0.0,0.0,0.0,0.0
0.0,0.0,0.0,0.0,0.0,0.0
0.0,0.0,0.0,0.0,0.0,0.0
0.0,0.0,0.0,0.0,0.0,0.0
0.0,0.0,0.0,0.0,0.0,0.0
0.0,0.0,0.0,0.0,0.0,0.0
0.0,0.0,0.0,0.0,0.0,0.0
0.0,0.0,0.0,0.0,0.0,0.0
0.0,0.0,0.0,0.0,0.0,0.0
0.0,0.0,0.0,0.0,0.0,0.0
0.0,0.0,0.0,0.0,0.0,0.0
0.0,0.0,0.0,0.0,0.0,0.0
0.0,0.0,0.0,0.0,0.0,0.0
0.0,0.0,0.0,0.0,0.0,0.0
0.0,0.0,0.0,0.0,0.0,0.0
0.0,0.0,0.0,0.0,0.0,0.0
0.0,0.0,0.0,0.0,0.0,0.0
0.0,0.0,0.0,0.0,0.0,0.0
0.0,0.0,0.0,0.0,0.0,0.0
0.0,0.0,0.0,0.0,0.0,0.0
0.0,0.0,0.0,0.0,0.0,0.0
0.0,0.0,0.0,0.0,0.0,0.0
0.0,0.0,0.0,0.0,0.0,0.0
0.0,0.0,0.0,0.0,0.0,0.0
10.6,0.0,11.4,12.6,15.3,10.7
10.1,10.1,10.1,10.1,10.1,10.1
10.1,10.1,10.1,10.1,10.1,10.1
10.1,10.1,10.1,10.1,10.1,10.1
60.6,60.6,60.6,60.6,60.6,60.6
60.6,60.6,60.6,60.6,60.6,60.6
60.6,60.6,60.6,60.6,60.6,60.6
60.6,60.6,60.6,60.6,60.6,60.6
90.6,90.6,90.6,90.6,90.6,90.6
90.6,90.6,90.6,90.6,90.6,90.6
90.6,90.6,90.6,90.6,90.6,90.6
90.6,90.6,90.6,90.6,90.6,90.6
100.4,100.4,100.4,100.4,100.4,100.4
100.4,100.4,100.4,100.4,100.4,100.4
100.4,100.4,100.4,100.4,100.4,100.4
100.4,100.4,100.4,100.4,100.4,100.4
100.2,100.2,100.2,100.2,100.2,100.2
100.2,100.2,100.2,100.2,100.2,100.2
100.2,100.2,100.2,100.2,100.2,100.2
100.2,100.2,100.2,100.2,100.2,100.2
100.0,100.0,100.0,100.0,100.0,100.0
100.0,100.0,100.0,100.0,100.0,100.0
100.0,100.0,100.0,100.0,100.0,100.0
100.0,100.0,100.0,100.0,100.0,100.0
90.0,90.0,90.0,90.0,90.0,90.0
90.0,90.0,90.0,90.0,90.0,90.0
90.0,90.0,90.0,90.0,90.0,90.0
90.0,90.0,90.0,90.0,90.0,90.0
60.0,60.0,60.0,60.0,60.0,60.0
60.0,60.0,60.0,60.0,60.0,60.0
60.0,60.0,60.0,60.0,60.0,60.0
60.0,60.0,60.0,60.0,60.0,60.0
124.1,165.9,623.2,671.8,883.7,303.5
157.9,211.1,596.1,629.9,790.9,386.3
152.8,204.3,616.1,655.8,769.4,373.7
134.8,180.2,748.0,828.8,550.6,329.8
0.0,0.0,0.0,0.0,0.0,0.0
0.0,0.0,0.0,0.0,0.0,0.0
0.0,0.0,0.0,0.0,0.0,0.0
0.0,0.0,0.0,0.0,0.0,0.0
0.0,0.0,0.0,0.0,0.0,0.0
0.0,0.0,0.0,0.0,0.0,0.0
0.0,0.0,0.0,0.0,0.0,0.0
0.0,0.0,0.0,0.0,0.0,0.0
0.0,0.0,0.0,0.0,0.0,0.0
0.0,0.0,0.0,0.0,0.0,0.0
0.0,0.0,0.0,0.0,0.0,0.0
0.0,0.0,0.0,0.0,0.0,0.0
0.0,0.0,0.0,0.0,0.0,0.0
0.0,0.0,0.0,0.0,0.0,0.0
0.0,0.0,0.0,0.0,0.0,0.0
0.0,0.0,0.0,0.0,0.0,0.0
0.0,0.0,0.0,0.0,0.0,0.0
0.0,0.0,0.0,0.0,0.0,0.0
0.0,0.0,0.0,0.0,0.0,0.0
0.0,0.0,0.0,0.0,0.0,0.0
0.0,0.0,0.0,0.0,0.0,0.0
0.0,0.0,0.0,0.0,0.0,0.0
0.0,0.0,0.0,0.0,0.0,0.0
0.0,0.0,0.0,0.0,0.0,0.0
0.0,0.0,0.0,0.0,0.0,0.0
0.0,0.0,0.0,0.0,0.0,0.0
0.0,0.0,0.0,0.0,0.0,0.0
0.0,0.0,0.0,0.0,0.0,0.0
0.0,0.0,0.0,0.0,0.0,0.0
0.0,0.0,0.0,0.0,0.0,0.0
0.0,0.0,0.0,0.0,0.0,0.0
0.0,0.0,0.0,0.0,0.0,0.0
0.0,0.0,0.0,0.0,0.0,0.0
0.0,0.0,0.0,0.0,0.0,0.0
0.0,0.0,0.0,0.0,0.0,0.0
0.0,0.0,0.0,0.0,0.0,0.0
0.0,0.0,0.0,0.0,0.0,0.0
0.0,0.0,0.0,0.0,0.0,0.0
0.0,0.0,0.0,0.0,0.0,0.0
0.0,0.0,0.0,0.0,0.0,0.0
0.0,0.0,0.0,0.0,0.0,0.0
0.0,0.0,0.0,0.0,0.0,0.0
0.0,0.0,0.0,0.0,0.0,0.0
0.0,0.0,0.0,0.0,0.0,0.0
0.0,0.0,0.0,0.0,0.0,0.0
0.0,0.0,0.0,0.0,0.0,0.0
0.0,0.0,0.0,0.0,0.0,0.0
0.0,0.0,0.0,0.0,0.0,0.0
0.0,0.0,0.0,0.0,0.0,0.0
0.0,0.0,0.0,0.0,0.0,0.0
0.0,0.0,0.0,0.0,0.0,0.0
0.0,0.0,0.0,0.0,0.0,0.0
0.0,0.0,0.0,0.0,0.0,0.0
0.0,0.0,0.0,0.0,0.0,0.0
0.0,0.0,0.0,0.0,0.0,0.0
0.0,0.0,0.0,0.0,0.0,0.0
0.0,0.0,0.0,0.0,0.0,0.0
0.0,0.0,0.0,0.0,0.0,0.0
0.0,0.0,0.0,0.0,0.0,0.0
0.0,0.0,0.0,0.0,0.0,0.0
0.0,0.0,0.0,0.0,0.0,0.0
0.0,0.0,0.0,0.0,0.0,0.0
0.0,0.0,0.0,0.0,0.0,0.0
0.0,0.0,0.0,0.0,0.0,0.0
60.0,60.4,61.5,55.7,61.6,60.9
60.0,60.0,60.0,60.0,60.0,60.0
0.0,360.1,0.0,0.0,0.0,0.0
0.0,360.1,0.0,0.0,0.0,0.0
146.6,322.6,0.0,70.5,0.0,0.0
106.3,120.0,0.0,313.4,0.0,0.0
89.9,89.9,89.9,89.9,89.9,89.9
89.9,89.9,89.9,89.9,89.9,89.9
109.8,109.8,109.8,109.8,109.8,109.8
109.8,109.8,109.8,109.8,109.8,109.8
109.8,109.8,109.8,109.8,109.8,109.8
109.8,109.8,109.8,109.8,109.8,109.8
119.5,119.5,119.5,119.5,119.5,119.5
119.5,119.5,119.5,119.5,119.5,119.5
119.5,119.5,119.5,119.5,119.5,119.5
119.5,119.5,119.5,119.5,119.5,119.5
99.4,99.4,99.4,99.4,99.4,99.4
99.4,99.4,99.4,99.4,99.4,99.4
99.4,99.4,99.4,99.4,99.4,99.4
99.4,99.4,99.4,99.4,99.4,99.4
661.1,464.7,1469.8,1599.1,2571.3,1163.6
503.2,203.6,968.0,1090.0,1661.8,714.9
465.8,189.0,935.1,1063.5,1631.8,668.1
446.0,175.7,1408.4,1031.8,2488.1,634.8
426.4,147.8,1266.8,958.5,2032.7,585.0
431.1,157.3,1182.2,997.8,2048.8,600.0
436.9,163.4,884.0,1010.3,1556.9,613.6
429.7,153.8,811.6,904.9,1272.1,597.2
487.4,185.7,936.2,1057.5,1612.2,679.4
454.5,157.9,880.8,1007.7,1529.9,619.6
432.4,152.7,861.0,997.0,1517.0,593.9
387.3,169.6,896.2,1032.9,1578.0,627.4
99.2,132.7,824.2,833.3,1453.4,559.7
0.0,0.0,570.6,0.0,1014.3,318.2
0.0,0.0,446.0,0.0,724.0,251.6
0.0,0.0,0.0,0.0,0.0,0.0
0.0,0.0,0.0,0.0,0.0,0.0
0.0,0.0,0.0,0.0,0.0,0.0
0.0,0.0,0.0,0.0,0.0,0.0
0.0,0.0,0.0,0.0,0.0,0.0
0.0,0.0,0.0,0.0,0.0,0.0
0.0,0.0,0.0,0.0,0.0,0.0
0.0,0.0,0.0,0.0,0.0,0.0
0.0,0.0,0.0,0.0,0.0,0.0
0.0,0.0,0.0,0.0,0.0,0.0
0.0,0.0,0.0,0.0,0.0,0.0
0.0,0.0,0.0,0.0,0.0,0.0
0.0,0.0,0.0,0.0,0.0,0.0
0.0,0.0,0.0,0.0,0.0,0.0
0.0,0.0,0.0,0.0,0.0,0.0
0.0,0.0,0.0,0.0,0.0,0.0
0.0,0.0,0.0,0.0,0.0,0.0
0.0,0.0,0.0,0.0,0.0,0.0
0.0,0.0,0.0,0.0,0.0,0.0
0.0,0.0,0.0,0.0,0.0,0.0
0.0,0.0,0.0,0.0,0.0,0.0
0.0,0.0,0.0,0.0,0.0,0.0
0.0,0.0,0.0,0.0,0.0,0.0
0.0,0.0,0.0,0.0,0.0,0.0
0.0,0.0,0.0,0.0,0.0,0.0
0.0,0.0,0.0,0.0,0.0,0.0
0.0,0.0,0.0,0.0,0.0,0.0
0.0,0.0,0.0,0.0,0.0,0.0
0.0,0.0,0.0,0.0,0.0,0.0
0.0,0.0,0.0,0.0,0.0,0.0
0.0,0.0,0.0,0.0,0.0,0.0
0.0,0.0,0.0,0.0,0.0,0.0
0.0,0.0,0.0,0.0,0.0,0.0
0.0,0.0,0.0,0.0,0.0,0.0
0.0,0.0,0.0,0.0,0.0,0.0
0.0,0.0,0.0,0.0,0.0,0.0
0.0,0.0,0.0,0.0,0.0,0.0
0.0,0.0,0.0,0.0,0.0,0.0
0.0,0.0,0.0,0.0,0.0,0.0
0.0,0.0,0.0,0.0,0.0,0.0
0.0,0.0,0.0,0.0,0.0,0.0
0.0,0.0,0.0,0.0,0.0,0.0
0.0,0.0,0.0,0.0,0.0,0.0
0.0,0.0,0.0,0.0,0.0,0.0
0.0,0.0,0.0,0.0,0.0,0.0
0.0,0.0,0.0,0.0,0.0,0.0
0.0,0.0,0.0,0.0,0.0,0.0
0.0,0.0,0.0,0.0,0.0,0.0
0.0,0.0,0.0,0.0,0.0,0.0
0.0,0.0,0.0,0.0,0.0,0.0
0.0,0.0,0.0,0.0,0.0,0.0
0.0,0.0,0.0,0.0,0.0,0.0
0.0,0.0,0.0,0.0,0.0,0.0
0.0,0.0,0.0,0.0,0.0,0.0
0.0,0.0,0.0,0.0,0.0,0.0
0.0,0.0,0.0,0.0,0.0,0.0
0.0,0.0,0.0,0.0,0.0,0.0
0.0,0.0,0.0,0.0,0.0,0.0
0.0,0.0,0.0,0.0,0.0,0.0
0.0,0.0,0.0,0.0,0.0,0.0
0.0,0.0,0.0,0.0,0.0,0.0
532.5,689.1,590.9,1660.6,23.8,1458.3
673.9,973.8,577.6,1893.9,6.8,1789.6
812.2,1126.4,612.0,1761.6,1172.5,1484.5
961.0,1058.1,609.9,1230.4,1060.1,1063.7
987.1,1311.7,656.3,1845.9,3885.0,1539.5
721.0,1039.8,581.8,1880.4,2292.5,1316.1
942.0,1331.0,1048.7,2234.5,3410.5,1663.6
913.8,1299.1,1725.3,2146.0,3873.9,1590.0
928.9,1005.4,1011.9,1014.5,1041.5,1010.4
880.2,1005.5,1038.1,1020.4,1056.4,1012.2
900.2,1006.5,1026.0,1020.5,1047.3,1012.2
900.4,1006.6,1020.7,1021.4,1052.1,1011.5
799.8,1036.7,1156.7,1118.6,1322.4,695.1
703.5,1017.3,1329.1,987.8,1498.2,585.6
188.2,188.2,188.2,188.2,188.2,188.2
188.2,188.2,188.2,188.2,188.2,188.2
168.1,168.1,168.1,168.1,168.1,168.1
168.1,168.1,168.1,168.1,168.1,168.1
168.1,168.1,168.1,168.1,168.1,168.1
168.1,168.1,168.1,168.1,168.1,168.1
118.8,118.8,118.8,118.8,118.8,118.8
118.8,118.8,118.8,118.8,118.8,118.8
118.8,118.8,118.8,118.8,118.8,118.8
118.8,118.8,118.8,118.8,118.8,118.8
2265.9,675.3,857.5,995.1,1540.9,6266.7
2643.4,1177.6,914.5,1066.1,1628.4,2767.9
2160.8,1122.9,850.9,991.6,1499.9,1725.6
2331.0,1444.8,848.3,1007.4,4698.1,5646.0
833.3,833.3,833.3,833.3,833.3,833.3
833.3,833.3,833.3,833.3,833.3,833.3
453.0,883.3,971.5,933.2,921.0,838.0
606.4,843.9,905.3,881.3,889.7,873.3
450.9,840.2,946.7,997.4,857.2,907.6
459.3,871.0,1000.9,930.8,853.9,884.1
493.7,866.2,981.7,877.9,900.0,880.4
329.9,850.8,921.4,841.0,1140.7,916.3
348.7,621.0,835.6,1193.0,1715.6,286.0
833.3,833.3,833.3,833.3,833.3,833.3
833.3,833.3,833.3,833.3,833.3,833.3
833.3,833.3,833.3,833.3,833.3,833.3
365.1,870.6,986.6,1137.6,1593.3,46.9
338.1,851.2,887.4,971.3,1114.4,837.5
408.5,636.9,270.8,1064.4,1729.8,889.7
374.5,5.9,14.1,1150.4,2481.0,974.2
526.0,44.0,105.5,1165.5,1991.6,1167.5
489.9,2.9,7.0,1161.6,1996.8,1341.7
788.3,537.9,10.5,1032.4,1582.4,1048.5
905.2,517.8,21.1,1290.2,1117.9,1147.8
343.1,324.5,70.3,341.5,369.4,410.8
0.0,0.0,0.0,0.0,0.0,0.0
0.0,0.0,0.0,0.0,0.0,0.0
0.0,0.0,0.0,0.0,0.0,0.0
0.0,0.0,0.0,0.0,0.0,0.0
0.0,0.0,0.0,0.0,0.0,0.0
0.0,0.0,0.0,0.0,0.0,0.0
0.0,0.0,0.0,0.0,0.0,0.0
0.0,0.0,0.0,0.0,0.0,0.0
0.0,0.0,0.0,0.0,0.0,0.0
0.0,0.0,0.0,0.0,0.0,0.0
0.0,0.0,0.0,0.0,0.0,0.0
0.0,0.0,0.0,0.0,0.0,0.0
0.0,0.0,0.0,0.0,0.0,0.0
0.0,0.0,0.0,0.0,0.0,0.0
0.0,0.0,0.0,0.0,0.0,0.0
0.0,0.0,0.0,0.0,0.0,0.0
0.0,0.0,0.0,0.0,0.0,0.0
0.0,0.0,0.0,0.0,0.0,0.0
0.0,0.0,0.0,0.0,0.0,0.0
0.0,0.0,0.0,0.0,0.0,0.0
0.0,0.0,0.0,0.0,0.0,0.0
0.0,0.0,0.0,0.0,0.0,0.0
0.0,0.0,0.0,0.0,0.0,0.0
0.0,0.0,0.0,0.0,0.0,0.0
0.0,0.0,0.0,0.0,0.0,0.0
0.0,0.0,0.0,0.0,0.0,0.0
0.0,0.0,0.0,0.0,0.0,0.0
0.0,0.0,0.0,0.0,0.0,0.0
0.0,0.0,0.0,0.0,0.0,0.0
0.0,0.0,0.0,0.0,0.0,0.0
0.0,0.0,0.0,0.0,0.0,0.0
0.0,0.0,0.0,0.0,0.0,0.0
0.0,0.0,0.0,0.0,0.0,0.0
0.0,0.0,0.0,0.0,0.0,0.0
0.0,0.0,0.0,0.0,0.0,0.0
0.0,0.0,0.0,0.0,0.0,0.0
0.0,0.0,0.0,0.0,0.0,0.0
0.0,0.0,0.0,0.0,0.0,0.0
0.0,0.0,0.0,0.0,0.0,0.0
0.0,0.0,0.0,0.0,0.0,0.0
0.0,0.0,0.0,0.0,0.0,0.0
0.0,0.0,0.0,0.0,0.0,0.0
0.0,0.0,0.0,0.0,0.0,0.0
0.0,0.0,0.0,0.0,0.0,0.0
0.0,0.0,0.0,0.0,0.0,0.0
0.0,0.0,0.0,0.0,0.0,0.0
0.0,0.0,0.0,0.0,0.0,0.0
60.4,60.4,60.4,60.4,60.4,60.4
60.4,60.4,60.4,60.4,60.4,60.4
60.4,60.4,60.4,60.4,60.4,60.4
60.4,60.4,60.4,60.4,60.4,60.4
38.7,16.1,142.0,122.2,353.3,51.6
0.5,1.7,429.3,176.3,109.9,6.1
0.0,0.0,0.0,0.0,0.0,0.0
10.5,4.4,10.5,8.8,10.2,14.1
70.3,29.3,70.3,58.6,68.0,93.8
0.0,0.0,0.0,0.0,0.0,0.0
0.0,0.0,0.0,0.0,0.0,0.0
0.0,0.0,0.0,0.0,0.0,0.0
24.6,10.3,24.6,342.0,23.8,32.8
52.7,22.0,52.7,707.6,105.9,70.3
146.1,0.0,0.0,663.6,2076.9,0.0
299.1,0.0,27.1,429.8,98.9,931.0
120.8,0.0,136.6,126.1,98.9,177.7
122.1,11.7,119.8,116.8,159.2,130.3
114.3,36.0,117.7,126.7,146.8,118.5
110.0,110.0,110.0,110.0,110.0,110.0
90.0,90.0,90.0,90.0,90.0,90.0
99.5,95.3,0.0,123.7,108.0,113.4
99.5,101.2,14.1,96.5,109.3,119.3
93.7,92.3,63.3,93.1,102.2,95.2
78.7,0.0,0.0,75.0,113.6,92.7
60.0,60.0,60.0,60.0,60.0,60.0
60.0,60.0,60.0,60.0,60.0,60.0
60.0,60.0,60.0,60.0,60.0,60.0
0.0,0.0,0.0,0.0,0.0,0.0
0.0,0.0,0.0,0.0,0.0,0.0
0.0,0.0,0.0,0.0,0.0,0.0
0.0,0.0,0.0,0.0,0.0,0.0
0.0,0.0,0.0,0.0,0.0,0.0
0.0,0.0,0.0,0.0,0.0,0.0
0.0,0.0,0.0,0.0,0.0,0.0
0.0,0.0,0.0,0.0,0.0,0.0
0.0,0.0,0.0,0.0,0.0,0.0
0.0,0.0,0.0,0.0,0.0,0.0
0.0,0.0,0.0,0.0,0.0,0.0
0.0,0.0,0.0,0.0,0.0,0.0
0.0,0.0,0.0,0.0,0.0,0.0
0.0,0.0,0.0,0.0,0.0,0.0
0.0,0.0,0.0,0.0,0.0,0.0
0.0,0.0,0.0,0.0,0.0,0.0
0.0,0.0,0.0,0.0,0.0,0.0
0.0,0.0,0.0,0.0,0.0,0.0
0.0,0.0,0.0,0.0,0.0,0.0
0.0,0.0,0.0,0.0,0.0,0.0
0.0,0.0,0.0,0.0,0.0,0.0
0.0,0.0,0.0,0.0,0.0,0.0
0.0,0.0,0.0,0.0,0.0,0.0
0.0,0.0,0.0,0.0,0.0,0.0
0.0,0.0,0.0,0.0,0.0,0.0
0.0,0.0,0.0,0.0,0.0,0.0
0.0,0.0,0.0,0.0,0.0,0.0
0.0,0.0,0.0,0.0,0.0,0.0
0.0,0.0,0.0,0.0,0.0,0.0
0.0,0.0,0.0,0.0,0.0,0.0
0.0,0.0,0.0,0.0,0.0,0.0
0.0,0.0,0.0,0.0,0.0,0.0
0.0,0.0,0.0,0.0,0.0,0.0
0.0,0.0,0.0,0.0,0.0,0.0
0.0,0.0,0.0,0.0,0.0,0.0
0.0,0.0,0.0,0.0,0.0,0.0
0.0,0.0,0.0,0.0,0.0,0.0
0.0,0.0,0.0,0.0,0.0,0.0
0.0,0.0,0.0,0.0,0.0,0.0
0.0,0.0,0.0,0.0,0.0,0.0
0.0,0.0,0.0,0.0,0.0,0.0
0.0,0.0,0.0,0.0,0.0,0.0
0.0,0.0,0.0,0.0,0.0,0.0
0.0,0.0,0.0,0.0,0.0,0.0
0.0,0.0,0.0,0.0,0.0,0.0
0.0,0.0,0.0,0.0,0.0,0.0
0.0,0.0,0.0,0.0,0.0,0.0
0.0,0.0,0.0,0.0,0.0,0.0
0.0,0.0,0.0,0.0,0.0,0.0
0.0,0.0,0.0,0.0,0.0,0.0
0.0,0.0,0.0,0.0,0.0,0.0
0.0,0.0,0.0,0.0,0.0,0.0
0.0,0.0,0.0,0.0,0.0,0.0
0.0,0.0,0.0,0.0,0.0,0.0
0.0,0.0,0.0,0.0,0.0,0.0
0.0,0.0,0.0,0.0,0.0,0.0
0.0,0.0,0.0,0.0,0.0,0.0
0.0,0.0,0.0,0.0,0.0,0.0
0.0,0.0,0.0,0.0,0.0,0.0
0.0,0.0,0.0,0.0,0.0,0.0
0.0,0.0,0.0,0.0,0.0,0.0
0.0,0.0,0.0,0.0,0.0,0.0
0.0,0.0,0.0,0.0,0.0,0.0
0.0,0.0,0.0,0.0,0.0,0.0
0.0,0.0,0.0,0.0,0.0,0.0
0.0,0.0,0.0,0.0,0.0,0.0
0.0,0.0,0.0,0.0,0.0,0.0
0.0,0.0,0.0,0.0,0.0,0.0
66.1,0.0,142.1,147.5,0.0,0.0
66.7,0.0,147.5,141.5,0.0,0.0
62.8,0.0,111.9,103.0,78.1,0.0
59.3,59.3,59.3,59.3,59.3,59.3
108.2,108.2,108.2,108.2,108.2,108.2
108.2,108.2,108.2,108.2,108.2,108.2
108.2,108.2,108.2,108.2,108.2,108.2
115.3,148.2,191.7,194.1,0.0,0.0
180.9,226.1,291.7,301.3,0.0,0.0
189.8,209.3,302.8,298.0,0.0,0.0
45.7,194.5,212.2,214.0,272.6,61.0
166.7,166.7,166.7,166.7,166.7,166.7
176.1,176.1,176.1,176.1,176.1,176.1
151.2,186.0,191.4,126.0,225.4,176.6
56.3,215.6,358.3,46.9,304.5,75.0
191.4,219.6,381.3,61.5,104.4,98.5
175.6,174.2,214.8,253.4,51.0,70.3
171.9,216.0,172.8,265.4,47.6,65.6
161.1,167.8,161.3,182.3,112.2,154.7
156.6,156.6,156.6,156.6,156.6,156.6
2290.7,1869.0,3124.1,4430.3,1638.4,4687.0
2172.0,1691.9,3537.0,3599.9,1565.8,2580.6
2327.8,1430.7,3962.2,5564.0,1458.3,3239.9
1475.0,1751.3,4169.8,4767.3,1425.6,3958.2
879.2,1407.6,3180.0,4514.0,8063.4,809.6
309.9,1068.7,564.2,3801.6,4995.4,315.8
315.8,543.1,572.7,1831.6,4781.6,314.6
315.8,772.5,574.8,2113.5,3818.5,314.6
1091.6,867.0,579.0,1178.1,969.6,314.6
1124.7,874.9,576.9,950.7,1154.6,318.2
889.3,854.7,581.2,702.5,988.3,984.1
858.8,834.3,851.3,707.7,861.0,887.0
876.9,513.6,1058.4,705.1,894.4,951.7
848.5,524.3,925.5,748.4,946.2,1007.1
921.0,500.7,956.1,687.6,845.0,1089.6
855.1,504.0,955.8,915.3,843.6,926.1
841.9,495.0,890.4,984.7,843.7,944.2
856.1,449.7,902.1,978.7,872.1,941.2
806.2,24.9,1980.6,766.8,1030.7,390.8
148.4,4.4,151.2,142.8,155.4,129.5
0.0,0.0,0.0,0.0,0.0,0.0
0.0,0.0,0.0,0.0,0.0,0.0
0.0,0.0,0.0,0.0,0.0,0.0
0.0,0.0,0.0,0.0,0.0,0.0
0.0,0.0,0.0,0.0,0.0,0.0
0.0,0.0,0.0,0.0,0.0,0.0
0.0,0.0,0.0,0.0,0.0,0.0
0.0,0.0,0.0,0.0,0.0,0.0
0.0,0.0,0.0,0.0,0.0,0.0
0.0,0.0,0.0,0.0,0.0,0.0
0.0,0.0,0.0,0.0,0.0,0.0
0.0,0.0,0.0,0.0,0.0,0.0
0.0,0.0,0.0,0.0,0.0,0.0
0.0,0.0,0.0,0.0,0.0,0.0
0.0,0.0,0.0,0.0,0.0,0.0
0.0,0.0,0.0,0.0,0.0,0.0
0.0,0.0,0.0,0.0,0.0,0.0
0.0,0.0,0.0,0.0,0.0,0.0
0.0,0.0,0.0,0.0,0.0,0.0
0.0,0.0,0.0,0.0,0.0,0.0
0.0,0.0,0.0,0.0,0.0,0.0
0.0,0.0,0.0,0.0,0.0,0.0
0.0,0.0,0.0,0.0,0.0,0.0
0.0,0.0,0.0,0.0,0.0,0.0
0.0,0.0,0.0,0.0,0.0,0.0
0.0,0.0,0.0,0.0,0.0,0.0
0.0,0.0,0.0,0.0,0.0,0.0
0.0,0.0,0.0,0.0,0.0,0.0
0.0,0.0,0.0,0.0,0.0,0.0
0.0,0.0,0.0,0.0,0.0,0.0
0.0,0.0,0.0,0.0,0.0,0.0
0.0,0.0,0.0,0.0,0.0,0.0
0.0,0.0,0.0,0.0,0.0,0.0
0.0,0.0,0.0,0.0,0.0,0.0
0.0,0.0,0.0,0.0,0.0,0.0
0.0,0.0,0.0,0.0,0.0,0.0
0.0,0.0,0.0,0.0,0.0,0.0
0.0,0.0,0.0,0.0,0.0,0.0
0.0,0.0,0.0,0.0,0.0,0.0
0.0,0.0,0.0,0.0,0.0,0.0
0.0,0.0,0.0,0.0,0.0,0.0
0.0,0.0,0.0,0.0,0.0,0.0
0.0,0.0,0.0,0.0,0.0,0.0
0.0,0.0,0.0,0.0,0.0,0.0
0.0,0.0,0.0,0.0,0.0,0.0
0.0,0.0,0.0,0.0,0.0,0.0
0.0,0.0,0.0,0.0,0.0,0.0
0.0,0.0,0.0,0.0,0.0,0.0
0.0,0.0,0.0,0.0,0.0,0.0
0.0,0.0,0.0,0.0,0.0,0.0
0.0,0.0,0.0,0.0,0.0,0.0
0.0,0.0,0.0,0.0,0.0,0.0
0.0,0.0,0.0,0.0,0.0,0.0
0.0,0.0,0.0,0.0,0.0,0.0
0.0,0.0,0.0,0.0,0.0,0.0
0.0,0.0,0.0,0.0,0.0,0.0
49.4,49.4,49.4,49.4,49.4,49.4
49.4,49.4,49.4,49.4,49.4,49.4
49.4,49.4,49.4,49.4,49.4,49.4
49.4,49.4,49.4,49.4,49.4,49.4
108.5,108.5,108.5,108.5,108.5,108.5
108.5,108.5,108.5,108.5,108.5,108.5
108.5,108.5,108.5,108.5,108.5,108.5
108.5,108.5,108.5,108.5,108.5,108.5
157.4,157.4,157.4,157.4,157.4,157.4
157.4,157.4,157.4,157.4,157.4,157.4
157.4,157.4,157.4,157.4,157.4,157.4
157.4,157.4,157.4,157.4,157.4,157.4
176.7,176.7,176.7,176.7,176.7,176.7
176.7,176.7,176.7,176.7,176.7,176.7
176.7,176.7,176.7,176.7,176.7,176.7
176.7,176.7,176.7,176.7,176.7,176.7
88.4,88.4,88.4,88.4,88.4,88.4
88.4,88.4,88.4,88.4,88.4,88.4
88.4,88.4,88.4,88.4,88.4,88.4
88.4,88.4,88.4,88.4,88.4,88.4
78.6,78.6,78.6,78.6,78.6,78.6
78.6,78.6,78.6,78.6,78.6,78.6
78.6,78.6,78.6,78.6,78.6,78.6
78.6,78.6,78.6,78.6,78.6,78.6
49.3,49.3,49.3,49.3,49.3,49.3
49.3,49.3,49.3,49.3,49.3,49.3
49.3,49.3,49.3,49.3,49.3,49.3
49.3,49.3,49.3,49.3,49.3,49.3
0.0,0.0,0.0,0.0,0.0,0.0
0.0,0.0,0.0,0.0,0.0,0.0
0.0,0.0,0.0,0.0,0.0,0.0
0.0,0.0,0.0,0.0,0.0,0.0
0.0,0.0,0.0,0.0,0.0,0.0
0.0,0.0,0.0,0.0,0.0,0.0
0.0,0.0,0.0,0.0,0.0,0.0
0.0,0.0,0.0,0.0,0.0,0.0
0.0,0.0,0.0,0.0,0.0,0.0
0.0,0.0,0.0,0.0,0.0,0.0
0.0,0.0,0.0,0.0,0.0,0.0
0.0,0.0,0.0,0.0,0.0,0.0
0.0,0.0,0.0,0.0,0.0,0.0
0.0,0.0,0.0,0.0,0.0,0.0
0.0,0.0,0.0,0.0,0.0,0.0
0.0,0.0,0.0,0.0,0.0,0.0
0.0,0.0,0.0,0.0,0.0,0.0
0.0,0.0,0.0,0.0,0.0,0.0
0.0,0.0,0.0,0.0,0.0,0.0
0.0,0.0,0.0,0.0,0.0,0.0
0.0,0.0,0.0,0.0,0.0,0.0
0.0,0.0,0.0,0.0,0.0,0.0
0.0,0.0,0.0,0.0,0.0,0.0
0.0,0.0,0.0,0.0,0.0,0.0
0.0,0.0,0.0,0.0,0.0,0.0
0.0,0.0,0.0,0.0,0.0,0.0
0.0,0.0,0.0,0.0,0.0,0.0
0.0,0.0,0.0,0.0,0.0,0.0
0.0,0.0,0.0,0.0,0.0,0.0
0.0,0.0,0.0,0.0,0.0,0.0
0.0,0.0,0.0,0.0,0.0,0.0
0.0,0.0,0.0,0.0,0.0,0.0
0.0,0.0,0.0,0.0,0.0,0.0
0.0,0.0,0.0,0.0,0.0,0.0
0.0,0.0,0.0,0.0,0.0,0.0
0.0,0.0,0.0,0.0,0.0,0.0
0.0,0.0,0.0,0.0,0.0,0.0
0.0,0.0,0.0,0.0,0.0,0.0
0.0,0.0,0.0,0.0,0.0,0.0
0.0,0.0,0.0,0.0,0.0,0.0
0.0,0.0,0.0,0.0,0.0,0.0
0.0,0.0,0.0,0.0,0.0,0.0
0.0,0.0,0.0,0.0,0.0,0.0
0.0,0.0,0.0,0.0,0.0,0.0
0.0,0.0,0.0,0.0,0.0,0.0
0.0,0.0,0.0,0.0,0.0,0.0
0.0,0.0,0.0,0.0,0.0,0.0
0.0,0.0,0.0,0.0,0.0,0.0
0.0,0.0,0.0,0.0,0.0,0.0
0.0,0.0,0.0,0.0,0.0,0.0
0.0,0.0,0.0,0.0,0.0,0.0
0.0,0.0,0.0,0.0,0.0,0.0
0.0,0.0,0.0,0.0,0.0,0.0
0.0,0.0,0.0,0.0,0.0,0.0
0.0,0.0,0.0,0.0,0.0,0.0
0.0,0.0,0.0,0.0,0.0,0.0
0.0,0.0,0.0,0.0,0.0,0.0
0.0,0.0,0.0,0.0,0.0,0.0
0.0,0.0,0.0,0.0,0.0,0.0
0.0,0.0,0.0,0.0,0.0,0.0
0.0,0.0,0.0,0.0,0.0,0.0
0.0,0.0,0.0,0.0,0.0,0.0
0.0,0.0,0.0,0.0,0.0,0.0
0.0,0.0,0.0,0.0,0.0,0.0
0.0,0.0,0.0,0.0,0.0,0.0
0.0,0.0,0.0,0.0,0.0,0.0
0.0,0.0,0.0,0.0,0.0,0.0
0.0,0.0,0.0,0.0,0.0,0.0
60.4,60.4,60.4,60.4,60.4,60.4
60.4,60.4,60.4,60.4,60.4,60.4
60.4,60.4,60.4,60.4,60.4,60.4
60.4,60.4,60.4,60.4,60.4,60.4
428.5,150.7,2021.6,295.8,507.3,275.7
451.4,1632.5,1620.6,362.0,620.9,2986.9
1529.7,750.9,839.3,279.5,461.5,1396.0
924.6,1553.2,905.1,941.9,579.8,2064.4
1006.2,1526.2,895.4,1024.9,1433.5,1867.9
756.5,1287.6,872.2,982.3,1543.8,1462.4
1885.9,1334.7,1653.5,1448.7,1905.6,3156.7
45.7,19.0,45.7,38.1,44.2,61.0
844.0,351.6,844.0,773.8,815.8,1125.3
1022.5,1022.5,1022.5,1022.5,1022.5,1022.5
1028.5,973.9,1030.4,1029.1,1032.7,1040.4
499.3,208.1,499.3,513.8,3021.2,1346.5
1022.8,652.0,1022.8,1144.5,1089.0,1084.3
1005.0,984.6,1005.0,1005.8,1007.2,1007.8
576.7,240.3,576.7,1222.6,2278.8,1120.2
158.7,27.8,66.8,883.5,1605.4,2909.6
496.0,187.1,377.8,966.8,1624.2,494.4
1408.8,154.2,299.8,302.7,519.2,392.0
1118.3,159.9,1694.0,313.9,538.5,3579.8
899.3,171.6,1908.7,337.2,565.4,1085.3
485.6,186.5,1638.5,366.8,607.9,980.0
421.5,149.1,290.0,292.7,502.1,2665.7
420.0,684.7,295.3,298.1,511.3,2328.8
443.3,572.4,346.7,350.0,600.4,2142.0
418.9,1573.2,270.9,1147.1,469.2,874.8
0.0,0.0,0.0,0.0,0.0,0.0
0.0,0.0,0.0,0.0,0.0,0.0
0.0,0.0,0.0,0.0,0.0,0.0
0.0,0.0,0.0,0.0,0.0,0.0
0.0,0.0,0.0,0.0,0.0,0.0
0.0,0.0,0.0,0.0,0.0,0.0
0.0,0.0,0.0,0.0,0.0,0.0
0.0,0.0,0.0,0.0,0.0,0.0
0.0,0.0,0.0,0.0,0.0,0.0
0.0,0.0,0.0,0.0,0.0,0.0
0.0,0.0,0.0,0.0,0.0,0.0
0.0,0.0,0.0,0.0,0.0,0.0
0.0,0.0,0.0,0.0,0.0,0.0
0.0,0.0,0.0,0.0,0.0,0.0
0.0,0.0,0.0,0.0,0.0,0.0
0.0,0.0,0.0,0.0,0.0,0.0
0.0,0.0,0.0,0.0,0.0,0.0
0.0,0.0,0.0,0.0,0.0,0.0
0.0,0.0,0.0,0.0,0.0,0.0
0.0,0.0,0.0,0.0,0.0,0.0
0.0,0.0,0.0,0.0,0.0,0.0
0.0,0.0,0.0,0.0,0.0,0.0
0.0,0.0,0.0,0.0,0.0,0.0
0.0,0.0,0.0,0.0,0.0,0.0
0.0,0.0,0.0,0.0,0.0,0.0
0.0,0.0,0.0,0.0,0.0,0.0
0.0,0.0,0.0,0.0,0.0,0.0
0.0,0.0,0.0,0.0,0.0,0.0
0.0,0.0,0.0,0.0,0.0,0.0
0.0,0.0,0.0,0.0,0.0,0.0
0.0,0.0,0.0,0.0,0.0,0.0
0.0,0.0,0.0,0.0,0.0,0.0
0.0,0.0,0.0,0.0,0.0,0.0
0.0,0.0,0.0,0.0,0.0,0.0
0.0,0.0,0.0,0.0,0.0,0.0
0.0,0.0,0.0,0.0,0.0,0.0
0.0,0.0,0.0,0.0,0.0,0.0
0.0,0.0,0.0,0.0,0.0,0.0
0.0,0.0,0.0,0.0,0.0,0.0
0.0,0.0,0.0,0.0,0.0,0.0
0.0,0.0,0.0,0.0,0.0,0.0
0.0,0.0,0.0,0.0,0.0,0.0
0.0,0.0,0.0,0.0,0.0,0.0
0.0,0.0,0.0,0.0,0.0,0.0
0.0,0.0,0.0,0.0,0.0,0.0
0.0,0.0,0.0,0.0,0.0,0.0
0.0,0.0,0.0,0.0,0.0,0.0
0.0,0.0,0.0,0.0,0.0,0.0
0.0,0.0,0.0,0.0,0.0,0.0
0.0,0.0,0.0,0.0,0.0,0.0
0.0,0.0,0.0,0.0,0.0,0.0
0.0,0.0,0.0,0.0,0.0,0.0
0.0,0.0,0.0,0.0,0.0,0.0
0.0,0.0,0.0,0.0,0.0,0.0
0.0,0.0,0.0,0.0,0.0,0.0
0.0,0.0,0.0,0.0,0.0,0.0
0.0,0.0,0.0,0.0,0.0,0.0
0.0,0.0,0.0,0.0,0.0,0.0
0.0,0.0,0.0,0.0,0.0,0.0
0.0,0.0,0.0,0.0,0.0,0.0
0.0,0.0,0.0,0.0,0.0,0.0
0.0,0.0,0.0,0.0,0.0,0.0
0.0,0.0,0.0,0.0,0.0,0.0
0.0,0.0,0.0,0.0,0.0,0.0
0.0,0.0,0.0,0.0,0.0,0.0
0.0,0.0,0.0,0.0,0.0,0.0
0.0,0.0,0.0,0.0,0.0,0.0
60.6,60.6,60.6,60.6,60.6,60.6
60.6,60.6,60.6,60.6,60.6,60.6
60.6,60.6,60.6,60.6,60.6,60.6
60.6,60.6,60.6,60.6,60.6,60.6
90.6,90.6,90.6,90.6,90.6,90.6
90.6,90.6,90.6,90.6,90.6,90.6
90.6,90.6,90.6,90.6,90.6,90.6
90.6,90.6,90.6,90.6,90.6,90.6
110.5,110.5,110.5,110.5,110.5,110.5
0.0,151.1,125.0,129.5,140.2,116.9
50.7,115.2,116.0,117.6,150.5,112.9
110.5,110.5,110.5,110.5,110.5,110.5
120.3,120.3,120.3,120.3,120.3,120.3
120.3,120.3,120.3,120.3,120.3,120.3
120.3,120.3,120.3,120.3,120.3,120.3
120.3,120.3,120.3,120.3,120.3,120.3
110.0,110.0,110.0,110.0,110.0,110.0
110.0,110.0,110.0,110.0,110.0,110.0
110.0,110.0,110.0,110.0,110.0,110.0
110.0,110.0,110.0,110.0,110.0,110.0
89.9,89.9,89.9,89.9,89.9,89.9
89.9,89.9,89.9,89.9,89.9,89.9
89.9,89.9,89.9,89.9,89.9,89.9
89.9,89.9,89.9,89.9,89.9,89.9
60.0,60.0,60.0,60.0,60.0,60.0
60.0,60.0,60.0,60.0,60.0,60.0
60.0,60.0,60.0,60.0,60.0,60.0
60.0,60.0,60.0,60.0,60.0,60.0
0.0,0.0,0.0,0.0,0.0,0.0
0.0,0.0,0.0,0.0,0.0,0.0
0.0,0.0,0.0,0.0,0.0,0.0
0.0,0.0,0.0,0.0,0.0,0.0
0.0,0.0,0.0,0.0,0.0,0.0
0.0,0.0,0.0,0.0,0.0,0.0
0.0,0.0,0.0,0.0,0.0,0.0
0.0,0.0,0.0,0.0,0.0,0.0
0.0,0.0,0.0,0.0,0.0,0.0
0.0,0.0,0.0,0.0,0.0,0.0
0.0,0.0,0.0,0.0,0.0,0.0
0.0,0.0,0.0,0.0,0.0,0.0
0.0,0.0,0.0,0.0,0.0,0.0
0.0,0.0,0.0,0.0,0.0,0.0
0.0,0.0,0.0,0.0,0.0,0.0
0.0,0.0,0.0,0.0,0.0,0.0
0.0,0.0,0.0,0.0,0.0,0.0
0.0,0.0,0.0,0.0,0.0,0.0
0.0,0.0,0.0,0.0,0.0,0.0
0.0,0.0,0.0,0.0,0.0,0.0
0.0,0.0,0.0,0.0,0.0,0.0
0.0,0.0,0.0,0.0,0.0,0.0
0.0,0.0,0.0,0.0,0.0,0.0
0.0,0.0,0.0,0.0,0.0,0.0
0.0,0.0,0.0,0.0,0.0,0.0
0.0,0.0,0.0,0.0,0.0,0.0
0.0,0.0,0.0,0.0,0.0,0.0
0.0,0.0,0.0,0.0,0.0,0.0
0.0,0.0,0.0,0.0,0.0,0.0
0.0,0.0,0.0,0.0,0.0,0.0
0.0,0.0,0.0,0.0,0.0,0.0
0.0,0.0,0.0,0.0,0.0,0.0
0.0,0.0,0.0,0.0,0.0,0.0
0.0,0.0,0.0,0.0,0.0,0.0
0.0,0.0,0.0,0.0,0.0,0.0
0.0,0.0,0.0,0.0,0.0,0.0
0.0,0.0,0.0,0.0,0.0,0.0
0.0,0.0,0.0,0.0,0.0,0.0
0.0,0.0,0.0,0.0,0.0,0.0
0.0,0.0,0.0,0.0,0.0,0.0
0.0,0.0,0.0,0.0,0.0,0.0
0.0,0.0,0.0,0.0,0.0,0.0
0.0,0.0,0.0,0.0,0.0,0.0
0.0,0.0,0.0,0.0,0.0,0.0
0.0,0.0,0.0,0.0,0.0,0.0
0.0,0.0,0.0,0.0,0.0,0.0
0.0,0.0,0.0,0.0,0.0,0.0
0.0,0.0,0.0,0.0,0.0,0.0
0.0,0.0,0.0,0.0,0.0,0.0
0.0,0.0,0.0,0.0,0.0,0.0
0.0,0.0,0.0,0.0,0.0,0.0
0.0,0.0,0.0,0.0,0.0,0.0
0.0,0.0,0.0,0.0,0.0,0.0
0.0,0.0,0.0,0.0,0.0,0.0
0.0,0.0,0.0,0.0,0.0,0.0
0.0,0.0,0.0,0.0,0.0,0.0
0.0,0.0,0.0,0.0,0.0,0.0
0.0,0.0,0.0,0.0,0.0,0.0
0.0,0.0,0.0,0.0,0.0,0.0
0.0,0.0,0.0,0.0,0.0,0.0
0.0,0.0,0.0,0.0,0.0,0.0
0.0,0.0,0.0,0.0,0.0,0.0
0.0,0.0,0.0,0.0,0.0,0.0
0.0,0.0,0.0,0.0,0.0,0.0
0.0,0.0,0.0,0.0,0.0,0.0
0.0,0.0,0.0,0.0,0.0,0.0
0.0,0.0,0.0,0.0,0.0,0.0
0.0,0.0,0.0,0.0,0.0,0.0
71.3,69.8,0.0,0.0,128.4,87.8
67.5,65.8,0.0,0.0,85.6,138.5
81.0,67.5,0.0,0.0,115.8,92.9
63.6,61.5,62.2,32.2,73.0,64.7
95.1,93.1,96.2,26.4,121.5,102.9
95.3,92.7,109.9,0.0,136.1,101.2
89.2,89.2,89.2,89.2,89.2,89.2
89.2,89.2,89.2,89.2,89.2,89.2
108.8,108.8,108.8,108.8,108.8,108.8
108.8,108.8,108.8,108.8,108.8,108.8
108.8,108.8,108.8,108.8,108.8,108.8
108.8,108.8,108.8,108.8,108.8,108.8
118.5,118.5,118.5,118.5,118.5,118.5
118.5,118.5,118.5,118.5,118.5,118.5
118.5,118.5,118.5,118.5,118.5,118.5
118.5,118.5,118.5,118.5,118.5,118.5
108.5,108.5,108.5,108.5,108.5,108.5
108.5,108.5,108.5,108.5,108.5,108.5
108.5,108.5,108.5,108.5,108.5,108.5
108.5,108.5,108.5,108.5,108.5,108.5
78.9,78.9,78.9,78.9,78.9,78.9
78.9,78.9,78.9,78.9,78.9,78.9
78.9,78.9,78.9,78.9,78.9,78.9
78.9,78.9,78.9,78.9,78.9,78.9
59.2,59.2,59.2,59.2,59.2,59.2
59.2,59.2,59.2,59.2,59.2,59.2
59.2,59.2,59.2,59.2,59.2,59.2
59.2,59.2,59.2,59.2,59.2,59.2
0.0,0.0,0.0,0.0,0.0,0.0
0.0,0.0,0.0,0.0,0.0,0.0
0.0,0.0,0.0,0.0,0.0,0.0
0.0,0.0,0.0,0.0,0.0,0.0
0.0,0.0,0.0,0.0,0.0,0.0
0.0,0.0,0.0,0.0,0.0,0.0
0.0,0.0,0.0,0.0,0.0,0.0
0.0,0.0,0.0,0.0,0.0,0.0
0.0,0.0,0.0,0.0,0.0,0.0
0.0,0.0,0.0,0.0,0.0,0.0
0.0,0.0,0.0,0.0,0.0,0.0
0.0,0.0,0.0,0.0,0.0,0.0
0.0,0.0,0.0,0.0,0.0,0.0
0.0,0.0,0.0,0.0,0.0,0.0
0.0,0.0,0.0,0.0,0.0,0.0
0.0,0.0,0.0,0.0,0.0,0.0
0.0,0.0,0.0,0.0,0.0,0.0
0.0,0.0,0.0,0.0,0.0,0.0
0.0,0.0,0.0,0.0,0.0,0.0
0.0,0.0,0.0,0.0,0.0,0.0
0.0,0.0,0.0,0.0,0.0,0.0
0.0,0.0,0.0,0.0,0.0,0.0
0.0,0.0,0.0,0.0,0.0,0.0
0.0,0.0,0.0,0.0,0.0,0.0
0.0,0.0,0.0,0.0,0.0,0.0
0.0,0.0,0.0,0.0,0.0,0.0
0.0,0.0,0.0,0.0,0.0,0.0
0.0,0.0,0.0,0.0,0.0,0.0
0.0,0.0,0.0,0.0,0.0,0.0
0.0,0.0,0.0,0.0,0.0,0.0
0.0,0.0,0.0,0.0,0.0,0.0
0.0,0.0,0.0,0.0,0.0,0.0
0.0,0.0,0.0,0.0,0.0,0.0
0.0,0.0,0.0,0.0,0.0,0.0
0.0,0.0,0.0,0.0,0.0,0.0
0.0,0.0,0.0,0.0,0.0,0.0
0.0,0.0,0.0,0.0,0.0,0.0
0.0,0.0,0.0,0.0,0.0,0.0
0.0,0.0,0.0,0.0,0.0,0.0
0.0,0.0,0.0,0.0,0.0,0.0
0.0,0.0,0.0,0.0,0.0,0.0
0.0,0.0,0.0,0.0,0.0,0.0
0.0,0.0,0.0,0.0,0.0,0.0
0.0,0.0,0.0,0.0,0.0,0.0
0.0,0.0,0.0,0.0,0.0,0.0
0.0,0.0,0.0,0.0,0.0,0.0
0.0,0.0,0.0,0.0,0.0,0.0
0.0,0.0,0.0,0.0,0.0,0.0
0.0,0.0,0.0,0.0,0.0,0.0
0.0,0.0,0.0,0.0,0.0,0.0
0.0,0.0,0.0,0.0,0.0,0.0
0.0,0.0,0.0,0.0,0.0,0.0
0.0,0.0,0.0,0.0,0.0,0.0
0.0,0.0,0.0,0.0,0.0,0.0
0.0,0.0,0.0,0.0,0.0,0.0
0.0,0.0,0.0,0.0,0.0,0.0
0.0,0.0,0.0,0.0,0.0,0.0
0.0,0.0,0.0,0.0,0.0,0.0
0.0,0.0,0.0,0.0,0.0,0.0
0.0,0.0,0.0,0.0,0.0,0.0
0.0,0.0,0.0,0.0,0.0,0.0
0.0,0.0,0.0,0.0,0.0,0.0
0.0,0.0,0.0,0.0,0.0,0.0
0.0,0.0,0.0,0.0,0.0,0.0
0.0,0.0,0.0,0.0,0.0,0.0
0.0,0.0,0.0,0.0,0.0,0.0
0.0,0.0,0.0,0.0,0.0,0.0
0.0,0.0,0.0,0.0,0.0,0.0
49.7,49.7,49.7,49.7,49.7,49.7
49.7,49.7,49.7,49.7,49.7,49.7
49.7,49.7,49.7,49.7,49.7,49.7
49.7,49.7,49.7,49.7,49.7,49.7
109.1,109.1,109.1,109.1,109.1,109.1
109.1,109.1,109.1,109.1,109.1,109.1
109.1,109.1,109.1,109.1,109.1,109.1
109.1,109.1,109.1,109.1,109.1,109.1
148.6,148.6,148.6,148.6,148.6,148.6
148.6,148.6,148.6,148.6,148.6,148.6
148.6,148.6,148.6,148.6,148.6,148.6
148.6,148.6,148.6,148.6,148.6,148.6
99.0,99.0,99.0,99.0,99.0,99.0
99.0,99.0,99.0,99.0,99.0,99.0
99.0,99.0,99.0,99.0,99.0,99.0
99.0,99.0,99.0,99.0,99.0,99.0
148.4,148.4,148.4,148.4,148.4,148.4
148.4,148.4,148.4,148.4,148.4,148.4
148.4,148.4,148.4,148.4,148.4,148.4
148.4,148.4,148.4,148.4,148.4,148.4
69.3,69.3,69.3,69.3,69.3,69.3
69.3,69.3,69.3,69.3,69.3,69.3
69.3,69.3,69.3,69.3,69.3,69.3
69.3,69.3,69.3,69.3,69.3,69.3
59.5,59.5,59.5,59.5,59.5,59.5
59.5,59.5,59.5,59.5,59.5,59.5
59.5,59.5,59.5,59.5,59.5,59.5
59.5,59.5,59.5,59.5,59.5,59.5
0.0,0.0,0.0,0.0,0.0,0.0
0.0,0.0,0.0,0.0,0.0,0.0
0.0,0.0,0.0,0.0,0.0,0.0
0.0,0.0,0.0,0.0,0.0,0.0
0.0,0.0,0.0,0.0,0.0,0.0
0.0,0.0,0.0,0.0,0.0,0.0
0.0,0.0,0.0,0.0,0.0,0.0
0.0,0.0,0.0,0.0,0.0,0.0
0.0,0.0,0.0,0.0,0.0,0.0
0.0,0.0,0.0,0.0,0.0,0.0
0.0,0.0,0.0,0.0,0.0,0.0
0.0,0.0,0.0,0.0,0.0,0.0
0.0,0.0,0.0,0.0,0.0,0.0
0.0,0.0,0.0,0.0,0.0,0.0
0.0,0.0,0.0,0.0,0.0,0.0
0.0,0.0,0.0,0.0,0.0,0.0
0.0,0.0,0.0,0.0,0.0,0.0
0.0,0.0,0.0,0.0,0.0,0.0
0.0,0.0,0.0,0.0,0.0,0.0
0.0,0.0,0.0,0.0,0.0,0.0
0.0,0.0,0.0,0.0,0.0,0.0
0.0,0.0,0.0,0.0,0.0,0.0
0.0,0.0,0.0,0.0,0.0,0.0
0.0,0.0,0.0,0.0,0.0,0.0
0.0,0.0,0.0,0.0,0.0,0.0
0.0,0.0,0.0,0.0,0.0,0.0
0.0,0.0,0.0,0.0,0.0,0.0
0.0,0.0,0.0,0.0,0.0,0.0
0.0,0.0,0.0,0.0,0.0,0.0
0.0,0.0,0.0,0.0,0.0,0.0
0.0,0.0,0.0,0.0,0.0,0.0
0.0,0.0,0.0,0.0,0.0,0.0
0.0,0.0,0.0,0.0,0.0,0.0
0.0,0.0,0.0,0.0,0.0,0.0
0.0,0.0,0.0,0.0,0.0,0.0
0.0,0.0,0.0,0.0,0.0,0.0
0.0,0.0,0.0,0.0,0.0,0.0
0.0,0.0,0.0,0.0,0.0,0.0
0.0,0.0,0.0,0.0,0.0,0.0
0.0,0.0,0.0,0.0,0.0,0.0
0.0,0.0,0.0,0.0,0.0,0.0
0.0,0.0,0.0,0.0,0.0,0.0
0.0,0.0,0.0,0.0,0.0,0.0
0.0,0.0,0.0,0.0,0.0,0.0
0.0,0.0,0.0,0.0,0.0,0.0
0.0,0.0,0.0,0.0,0.0,0.0
0.0,0.0,0.0,0.0,0.0,0.0
0.0,0.0,0.0,0.0,0.0,0.0
0.0,0.0,0.0,0.0,0.0,0.0
0.0,0.0,0.0,0.0,0.0,0.0
0.0,0.0,0.0,0.0,0.0,0.0
0.0,0.0,0.0,0.0,0.0,0.0
0.0,0.0,0.0,0.0,0.0,0.0
0.0,0.0,0.0,0.0,0.0,0.0
0.0,0.0,0.0,0.0,0.0,0.0
0.0,0.0,0.0,0.0,0.0,0.0
0.0,0.0,0.0,0.0,0.0,0.0
0.0,0.0,0.0,0.0,0.0,0.0
0.0,0.0,0.0,0.0,0.0,0.0
0.0,0.0,0.0,0.0,0.0,0.0
0.0,0.0,0.0,0.0,0.0,0.0
0.0,0.0,0.0,0.0,0.0,0.0
0.0,0.0,0.0,0.0,0.0,0.0
0.0,0.0,0.0,0.0,0.0,0.0
0.0,0.0,0.0,0.0,0.0,0.0
0.0,0.0,0.0,0.0,0.0,0.0
0.0,0.0,0.0,0.0,0.0,0.0
0.0,0.0,0.0,0.0,0.0,0.0
61.6,0.0,48.8,60.4,67.8,60.9
49.9,49.9,49.9,49.9,49.9,49.9
49.9,49.9,49.9,49.9,49.9,49.9
49.9,49.9,49.9,49.9,49.9,49.9
109.5,109.5,109.5,109.5,109.5,109.5
109.5,109.5,109.5,109.5,109.5,109.5
109.5,109.5,109.5,109.5,109.5,109.5
109.5,109.5,109.5,109.5,109.5,109.5
158.8,158.8,158.8,158.8,158.8,158.8
158.8,158.8,158.8,158.8,158.8,158.8
158.8,158.8,158.8,158.8,158.8,158.8
158.8,158.8,158.8,158.8,158.8,158.8
178.3,178.3,178.3,178.3,178.3,178.3
178.3,178.3,178.3,178.3,178.3,178.3
178.3,178.3,178.3,178.3,178.3,178.3
178.3,178.3,178.3,178.3,178.3,178.3
82.5,187.2,235.5,176.4,0.0,268.9
0.0,176.3,219.4,168.5,176.7,209.5
158.4,158.4,158.4,158.4,158.4,158.4
158.4,158.4,158.4,158.4,158.4,158.4
109.0,109.0,109.0,109.0,109.0,109.0
0.0,152.5,159.5,0.0,211.2,130.6
116.0,187.4,201.0,0.0,0.0,149.4
163.3,211.0,119.3,0.0,0.0,160.2
62.9,64.3,59.6,49.8,57.8,63.0
293.4,5.9,14.1,11.7,13.6,18.8
59.6,59.6,59.6,59.6,59.6,59.6
59.6,59.6,59.6,59.6,59.6,59.6
0.0,0.0,0.0,0.0,0.0,0.0
0.0,0.0,0.0,0.0,0.0,0.0
0.0,0.0,0.0,0.0,0.0,0.0
0.0,0.0,0.0,0.0,0.0,0.0
0.0,0.0,0.0,0.0,0.0,0.0
0.0,0.0,0.0,0.0,0.0,0.0
0.0,0.0,0.0,0.0,0.0,0.0
0.0,0.0,0.0,0.0,0.0,0.0
0.0,0.0,0.0,0.0,0.0,0.0
0.0,0.0,0.0,0.0,0.0,0.0
0.0,0.0,0.0,0.0,0.0,0.0
0.0,0.0,0.0,0.0,0.0,0.0
0.0,0.0,0.0,0.0,0.0,0.0
0.0,0.0,0.0,0.0,0.0,0.0
0.0,0.0,0.0,0.0,0.0,0.0
0.0,0.0,0.0,0.0,0.0,0.0
0.0,0.0,0.0,0.0,0.0,0.0
0.0,0.0,0.0,0.0,0.0,0.0
0.0,0.0,0.0,0.0,0.0,0.0
0.0,0.0,0.0,0.0,0.0,0.0
0.0,0.0,0.0,0.0,0.0,0.0
0.0,0.0,0.0,0.0,0.0,0.0
0.0,0.0,0.0,0.0,0.0,0.0
0.0,0.0,0.0,0.0,0.0,0.0
0.0,0.0,0.0,0.0,0.0,0.0
0.0,0.0,0.0,0.0,0.0,0.0
0.0,0.0,0.0,0.0,0.0,0.0
0.0,0.0,0.0,0.0,0.0,0.0
0.0,0.0,0.0,0.0,0.0,0.0
0.0,0.0,0.0,0.0,0.0,0.0
0.0,0.0,0.0,0.0,0.0,0.0
0.0,0.0,0.0,0.0,0.0,0.0
0.0,0.0,0.0,0.0,0.0,0.0
0.0,0.0,0.0,0.0,0.0,0.0
0.0,0.0,0.0,0.0,0.0,0.0
0.0,0.0,0.0,0.0,0.0,0.0
0.0,0.0,0.0,0.0,0.0,0.0
0.0,0.0,0.0,0.0,0.0,0.0
0.0,0.0,0.0,0.0,0.0,0.0
0.0,0.0,0.0,0.0,0.0,0.0
0.0,0.0,0.0,0.0,0.0,0.0
0.0,0.0,0.0,0.0,0.0,0.0
0.0,0.0,0.0,0.0,0.0,0.0
0.0,0.0,0.0,0.0,0.0,0.0
0.0,0.0,0.0,0.0,0.0,0.0
0.0,0.0,0.0,0.0,0.0,0.0
0.0,0.0,0.0,0.0,0.0,0.0
0.0,0.0,0.0,0.0,0.0,0.0
0.0,0.0,0.0,0.0,0.0,0.0
0.0,0.0,0.0,0.0,0.0,0.0
0.0,0.0,0.0,0.0,0.0,0.0
0.0,0.0,0.0,0.0,0.0,0.0
0.0,0.0,0.0,0.0,0.0,0.0
0.0,0.0,0.0,0.0,0.0,0.0
0.0,0.0,0.0,0.0,0.0,0.0
0.0,0.0,0.0,0.0,0.0,0.0
0.0,0.0,0.0,0.0,0.0,0.0
0.0,0.0,0.0,0.0,0.0,0.0
0.0,0.0,0.0,0.0,0.0,0.0
0.0,0.0,0.0,0.0,0.0,0.0
0.0,0.0,0.0,0.0,0.0,0.0
0.0,0.0,0.0,0.0,0.0,0.0
0.0,0.0,0.0,0.0,0.0,0.0
0.0,0.0,0.0,0.0,0.0,0.0
0.0,0.0,0.0,0.0,0.0,0.0
0.0,0.0,0.0,0.0,0.0,0.0
0.0,0.0,0.0,0.0,0.0,0.0
0.0,0.0,0.0,0.0,0.0,0.0
49.9,49.9,49.9,49.9,49.9,49.9
49.9,49.9,49.9,49.9,49.9,49.9
49.9,49.9,49.9,49.9,49.9,49.9
49.9,49.9,49.9,49.9,49.9,49.9
79.8,79.8,79.8,79.8,79.8,79.8
79.8,79.8,79.8,79.8,79.8,79.8
79.8,79.8,79.8,79.8,79.8,79.8
79.8,79.8,79.8,79.8,79.8,79.8
99.6,99.6,99.6,99.6,99.6,99.6
109.2,0.0,0.0,132.2,160.3,196.2
133.9,22.0,52.7,228.1,51.0,110.2
116.4,24.3,44.7,291.6,17.0,103.8
0.5,109.5,122.4,258.1,5.5,101.5
0.0,149.7,185.5,170.8,0.0,91.6
99.6,99.6,99.6,99.6,99.6,99.6
99.6,99.6,99.6,99.6,99.6,99.6
17.6,37.9,66.4,496.8,17.0,23.4
52.7,47.4,93.4,736.1,51.0,70.3
0.0,332.5,448.5,296.3,0.0,0.0
169.2,169.2,169.2,169.2,169.2,169.2
187.8,0.0,0.0,529.8,0.0,0.0
239.9,0.0,0.0,477.7,0.0,0.0
241.2,0.0,0.0,476.5,0.0,0.0
204.9,27.5,45.7,334.4,44.2,61.0
75.4,40.8,24.6,91.6,94.8,32.8
81.9,140.6,0.0,0.0,137.5,0.0
104.6,103.9,0.0,0.0,151.4,0.0
75.0,86.8,78.7,0.0,119.5,0.0
0.0,0.0,0.0,0.0,0.0,0.0
0.0,0.0,0.0,0.0,0.0,0.0
0.0,0.0,0.0,0.0,0.0,0.0
0.0,0.0,0.0,0.0,0.0,0.0
0.0,0.0,0.0,0.0,0.0,0.0
0.0,0.0,0.0,0.0,0.0,0.0
0.0,0.0,0.0,0.0,0.0,0.0
0.0,0.0,0.0,0.0,0.0,0.0
0.0,0.0,0.0,0.0,0.0,0.0
0.0,0.0,0.0,0.0,0.0,0.0
0.0,0.0,0.0,0.0,0.0,0.0
0.0,0.0,0.0,0.0,0.0,0.0
0.0,0.0,0.0,0.0,0.0,0.0
0.0,0.0,0.0,0.0,0.0,0.0
0.0,0.0,0.0,0.0,0.0,0.0
0.0,0.0,0.0,0.0,0.0,0.0
0.0,0.0,0.0,0.0,0.0,0.0
0.0,0.0,0.0,0.0,0.0,0.0
0.0,0.0,0.0,0.0,0.0,0.0
0.0,0.0,0.0,0.0,0.0,0.0
0.0,0.0,0.0,0.0,0.0,0.0
0.0,0.0,0.0,0.0,0.0,0.0
0.0,0.0,0.0,0.0,0.0,0.0
0.0,0.0,0.0,0.0,0.0,0.0
0.0,0.0,0.0,0.0,0.0,0.0
0.0,0.0,0.0,0.0,0.0,0.0
0.0,0.0,0.0,0.0,0.0,0.0
0.0,0.0,0.0,0.0,0.0,0.0
0.0,0.0,0.0,0.0,0.0,0.0
0.0,0.0,0.0,0.0,0.0,0.0
0.0,0.0,0.0,0.0,0.0,0.0
0.0,0.0,0.0,0.0,0.0,0.0
0.0,0.0,0.0,0.0,0.0,0.0
0.0,0.0,0.0,0.0,0.0,0.0
0.0,0.0,0.0,0.0,0.0,0.0
0.0,0.0,0.0,0.0,0.0,0.0
0.0,0.0,0.0,0.0,0.0,0.0
0.0,0.0,0.0,0.0,0.0,0.0
0.0,0.0,0.0,0.0,0.0,0.0
0.0,0.0,0.0,0.0,0.0,0.0
0.0,0.0,0.0,0.0,0.0,0.0
0.0,0.0,0.0,0.0,0.0,0.0
0.0,0.0,0.0,0.0,0.0,0.0
0.0,0.0,0.0,0.0,0.0,0.0
0.0,0.0,0.0,0.0,0.0,0.0
0.0,0.0,0.0,0.0,0.0,0.0
0.0,0.0,0.0,0.0,0.0,0.0
0.0,0.0,0.0,0.0,0.0,0.0
0.0,0.0,0.0,0.0,0.0,0.0
0.0,0.0,0.0,0.0,0.0,0.0
0.0,0.0,0.0,0.0,0.0,0.0
0.0,0.0,0.0,0.0,0.0,0.0
0.0,0.0,0.0,0.0,0.0,0.0
0.0,0.0,0.0,0.0,0.0,0.0
0.0,0.0,0.0,0.0,0.0,0.0
0.0,0.0,0.0,0.0,0.0,0.0
0.0,0.0,0.0,0.0,0.0,0.0
0.0,0.0,0.0,0.0,0.0,0.0
0.0,0.0,0.0,0.0,0.0,0.0
0.0,0.0,0.0,0.0,0.0,0.0
0.0,0.0,0.0,0.0,0.0,0.0
0.0,0.0,0.0,0.0,0.0,0.0
0.0,0.0,0.0,0.0,0.0,0.0
0.0,0.0,0.0,0.0,0.0,0.0
0.0,0.0,0.0,0.0,0.0,0.0
0.0,0.0,0.0,0.0,0.0,0.0
0.0,0.0,0.0,0.0,0.0,0.0
0.0,0.0,0.0,0.0,0.0,0.0
999.0,276.2,1178.2,4750.2,929.9,3217.7
1151.2,262.4,510.3,3946.6,883.6,1674.0
888.6,248.5,483.3,4059.8,836.8,1058.0
977.4,283.0,550.3,5159.7,953.0,517.8
1304.6,1320.5,508.1,3460.1,879.9,478.1
849.8,1550.8,541.1,1850.3,907.4,524.3
792.5,1429.8,556.0,1220.0,1356.1,534.2
499.1,1774.8,482.4,1155.8,1842.1,583.5
511.2,1578.7,517.2,1081.1,1413.5,801.2
495.8,1323.8,492.3,1130.6,1683.8,776.7
500.2,1071.1,488.4,1161.9,1826.1,771.8
511.9,768.1,755.3,1194.5,1875.6,797.6
541.2,758.5,1082.7,1197.0,1851.9,817.4
512.1,748.9,1052.8,1171.4,1829.2,779.2
554.0,824.0,1196.5,1327.4,2094.0,909.2
571.9,850.7,1093.9,1146.3,1436.5,960.4
160.1,160.1,160.1,160.1,160.1,160.1
160.1,160.1,160.1,160.1,160.1,160.1
160.1,160.1,160.1,160.1,160.1,160.1
160.1,160.1,160.1,160.1,160.1,160.1
505.8,746.5,1065.5,510.7,1843.9,785.9
486.6,730.5,1026.0,479.1,1794.6,750.5
491.5,733.9,1024.2,485.9,1806.2,756.9
496.6,738.2,1025.3,486.9,1815.5,757.8
494.6,744.6,1027.2,484.6,1826.6,758.0
505.1,753.7,1048.5,506.1,1859.7,782.8
559.9,767.5,1080.9,527.0,1872.2,838.3
445.9,751.0,1032.4,489.8,1843.1,768.7
196.9,677.9,1063.2,516.6,1715.7,794.9
168.6,225.3,998.0,442.3,758.6,671.5
184.5,246.6,1037.2,484.0,830.2,451.1
201.6,269.5,1086.1,529.0,907.4,493.1
171.0,218.8,991.7,429.7,732.2,406.4
59.8,24.9,526.4,49.8,57.8,79.7
0.0,0.0,0.0,0.0,0.0,0.0
0.0,0.0,0.0,0.0,0.0,0.0
0.0,0.0,0.0,0.0,0.0,0.0
0.0,0.0,0.0,0.0,0.0,609.2
0.0,0.0,0.0,0.0,0.0,608.0
24.6,10.3,1405.7,20.5,23.8,360.4
46.3,421.5,1721.4,701.1,37.4,350.9
286.0,488.3,2960.3,676.6,0.0,222.7
11.4,480.8,3831.2,676.6,0.0,0.0
8.7,32.1,604.2,285.7,0.0,362.1
0.0,0.0,0.0,0.0,0.0,0.0
0.0,0.0,0.0,0.0,0.0,0.0
0.0,0.0,0.0,0.0,0.0,0.0
0.0,0.0,0.0,0.0,0.0,0.0
0.0,0.0,0.0,0.0,0.0,0.0
0.0,0.0,0.0,0.0,0.0,0.0
0.0,0.0,0.0,0.0,0.0,0.0
0.0,0.0,0.0,0.0,0.0,0.0
0.0,0.0,0.0,0.0,0.0,0.0
0.0,0.0,0.0,0.0,0.0,0.0
0.0,0.0,0.0,0.0,0.0,0.0
0.0,0.0,0.0,0.0,0.0,0.0
0.0,0.0,0.0,0.0,0.0,0.0
0.0,0.0,0.0,0.0,0.0,0.0
0.0,0.0,0.0,0.0,0.0,0.0
0.0,0.0,0.0,0.0,0.0,0.0
0.0,0.0,0.0,0.0,0.0,0.0
0.0,0.0,0.0,0.0,0.0,0.0
0.0,0.0,0.0,0.0,0.0,0.0
0.0,0.0,0.0,0.0,0.0,0.0
0.0,0.0,0.0,0.0,0.0,0.0
0.0,0.0,0.0,0.0,0.0,0.0
0.0,0.0,0.0,0.0,0.0,0.0
0.0,0.0,0.0,0.0,0.0,0.0
0.0,0.0,0.0,0.0,0.0,0.0
0.0,0.0,0.0,0.0,0.0,0.0
0.0,0.0,0.0,0.0,0.0,0.0
0.0,0.0,0.0,0.0,0.0,0.0
0.0,0.0,0.0,0.0,0.0,0.0
0.0,0.0,0.0,0.0,0.0,0.0
0.0,0.0,0.0,0.0,0.0,0.0
0.0,0.0,0.0,0.0,0.0,0.0
0.0,0.0,0.0,0.0,0.0,0.0
0.0,0.0,0.0,0.0,0.0,0.0
0.0,0.0,0.0,0.0,0.0,0.0
0.0,0.0,0.0,0.0,0.0,0.0
0.0,0.0,0.0,0.0,0.0,0.0
0.0,0.0,0.0,0.0,0.0,0.0
0.0,0.0,0.0,0.0,0.0,0.0
0.0,0.0,0.0,0.0,0.0,0.0
0.0,0.0,0.0,0.0,0.0,0.0
0.0,0.0,0.0,0.0,0.0,0.0
0.0,0.0,0.0,0.0,0.0,0.0
0.0,0.0,0.0,0.0,0.0,0.0
0.0,0.0,0.0,0.0,0.0,0.0
0.0,0.0,0.0,0.0,0.0,0.0
0.0,0.0,0.0,0.0,0.0,0.0
0.0,0.0,0.0,0.0,0.0,0.0
0.0,0.0,0.0,0.0,0.0,0.0
0.0,0.0,0.0,0.0,0.0,0.0
0.0,0.0,0.0,0.0,0.0,0.0
0.0,0.0,0.0,0.0,0.0,0.0
243.4,243.4,243.4,243.4,243.4,243.4
248.2,215.6,247.6,247.7,254.7,247.0
201.2,244.2,251.3,251.5,262.1,250.4
183.6,243.5,254.5,254.7,271.1,253.2
158.7,212.1,412.5,416.4,714.3,388.1
267.9,303.1,600.7,595.9,961.0,1976.6
185.2,241.0,470.0,473.2,808.5,1048.3
158.4,211.8,411.8,415.7,713.0,1041.5
215.4,287.9,559.8,565.1,969.3,1490.7
167.8,224.3,436.1,440.2,755.1,2562.7
158.7,212.1,412.4,2147.2,714.0,2196.0
217.7,291.0,565.9,1218.5,979.9,1225.6
223.9,241.0,480.7,1175.7,783.9,477.1
176.0,228.8,446.3,1483.5,767.4,422.7
208.0,278.0,540.6,2854.9,936.1,508.7
162.5,217.2,422.4,2366.2,731.4,397.4
346.7,330.7,670.5,1395.1,1050.7,687.5
1420.8,1169.2,1420.8,1408.4,1434.7,1445.4
1463.4,775.1,1463.4,1411.3,1618.4,1567.7
1125.3,468.9,1125.3,937.7,2079.5,1694.8
256.7,107.0,256.7,213.9,1236.1,649.8
762.6,762.6,762.6,762.6,762.6,762.6
401.0,401.0,401.0,401.0,401.0,401.0
401.0,401.0,401.0,401.0,401.0,401.0
931.5,291.1,580.7,572.6,1945.5,890.2
902.7,293.8,922.6,1004.6,1996.8,853.9
525.6,273.8,1088.0,1214.3,1912.8,819.3
343.9,13.2,589.5,708.2,1022.3,358.0
389.6,32.2,633.1,743.7,1085.3,414.2
322.8,314.0,575.5,700.6,1017.3,319.3
377.9,519.9,631.0,745.2,1041.2,404.9
309.9,495.8,562.1,687.0,1003.0,315.8
315.8,494.0,562.1,687.0,984.2,305.2
168.4,168.4,168.4,168.4,168.4,168.4
0.0,0.0,0.0,0.0,0.0,0.0
0.0,0.0,0.0,0.0,0.0,0.0
0.0,0.0,0.0,0.0,0.0,0.0
0.0,0.0,0.0,0.0,0.0,0.0
0.0,0.0,0.0,0.0,0.0,0.0
0.0,0.0,0.0,0.0,0.0,0.0
0.0,0.0,0.0,0.0,0.0,0.0
0.0,0.0,0.0,0.0,0.0,0.0
0.0,0.0,0.0,0.0,0.0,0.0
0.0,0.0,0.0,0.0,0.0,0.0
0.0,0.0,0.0,0.0,0.0,0.0
0.0,0.0,0.0,0.0,0.0,0.0
0.0,0.0,0.0,0.0,0.0,0.0
0.0,0.0,0.0,0.0,0.0,0.0
0.0,0.0,0.0,0.0,0.0,0.0
0.0,0.0,0.0,0.0,0.0,0.0
0.0,0.0,0.0,0.0,0.0,0.0
0.0,0.0,0.0,0.0,0.0,0.0
0.0,0.0,0.0,0.0,0.0,0.0
0.0,0.0,0.0,0.0,0.0,0.0
0.0,0.0,0.0,0.0,0.0,0.0
0.0,0.0,0.0,0.0,0.0,0.0
0.0,0.0,0.0,0.0,0.0,0.0
0.0,0.0,0.0,0.0,0.0,0.0
0.0,0.0,0.0,0.0,0.0,0.0
0.0,0.0,0.0,0.0,0.0,0.0
0.0,0.0,0.0,0.0,0.0,0.0
0.0,0.0,0.0,0.0,0.0,0.0
0.0,0.0,0.0,0.0,0.0,0.0
0.0,0.0,0.0,0.0,0.0,0.0
0.0,0.0,0.0,0.0,0.0,0.0
0.0,0.0,0.0,0.0,0.0,0.0
0.0,0.0,0.0,0.0,0.0,0.0
0.0,0.0,0.0,0.0,0.0,0.0
0.0,0.0,0.0,0.0,0.0,0.0
0.0,0.0,0.0,0.0,0.0,0.0
0.0,0.0,0.0,0.0,0.0,0.0
0.0,0.0,0.0,0.0,0.0,0.0
0.0,0.0,0.0,0.0,0.0,0.0
0.0,0.0,0.0,0.0,0.0,0.0
0.0,0.0,0.0,0.0,0.0,0.0
0.0,0.0,0.0,0.0,0.0,0.0
0.0,0.0,0.0,0.0,0.0,0.0
0.0,0.0,0.0,0.0,0.0,0.0
0.0,0.0,0.0,0.0,0.0,0.0
0.0,0.0,0.0,0.0,0.0,0.0
0.0,0.0,0.0,0.0,0.0,0.0
0.0,0.0,0.0,0.0,0.0,0.0
0.0,0.0,0.0,0.0,0.0,0.0
0.0,0.0,0.0,0.0,0.0,0.0
0.0,0.0,0.0,0.0,0.0,0.0
0.0,0.0,0.0,0.0,0.0,0.0
0.0,0.0,0.0,0.0,0.0,0.0
0.0,0.0,0.0,0.0,0.0,0.0
0.0,0.0,0.0,0.0,0.0,0.0
0.0,0.0,0.0,0.0,0.0,0.0
0.0,0.0,0.0,0.0,0.0,0.0
0.0,0.0,0.0,0.0,0.0,0.0
0.0,0.0,0.0,0.0,0.0,0.0
0.0,0.0,0.0,0.0,0.0,0.0
0.0,0.0,0.0,0.0,0.0,0.0
0.0,0.0,0.0,0.0,0.0,0.0
585.0,1137.8,1172.8,612.3,2877.4,879.4
618.3,1460.4,1120.2,580.3,3736.1,831.4
829.9,758.9,1083.5,1215.6,4868.3,808.5
1424.4,624.0,1175.2,3130.2,2691.8,882.7
893.5,591.9,1125.1,2178.7,2025.3,839.2
754.6,773.6,1099.1,2297.8,1890.8,817.1
836.5,846.5,1249.3,2987.5,1138.9,900.3
516.6,778.0,1089.7,3548.7,924.7,502.5
523.8,780.2,1096.7,2192.9,959.7,503.0
314.6,497.7,568.4,692.2,999.2,0.0
314.6,509.0,568.4,687.0,999.2,0.0
312.3,503.4,564.2,679.2,1006.8,0.0
308.7,503.4,1180.2,687.0,1010.5,0.0
379.1,527.5,1058.0,750.4,1060.0,89.1
315.8,494.0,545.8,694.8,1018.1,0.0
315.8,499.6,574.9,689.6,1006.8,0.0
313.4,505.3,627.8,711.0,1006.8,0.0
315.8,505.3,1763.1,598.0,999.2,0.0
227.4,501.5,770.3,2404.0,987.9,0.0
0.0,505.3,1028.7,407.0,999.2,0.0
258.7,648.2,1188.0,934.4,1938.7,558.3
174.1,430.7,1152.2,1280.6,2853.6,425.8
184.6,770.8,1897.6,2536.9,2841.1,451.4
199.2,790.4,1158.1,4137.1,2852.1,610.9
175.3,758.5,455.7,2652.0,2498.2,756.3
188.3,511.6,485.1,1061.9,1842.5,784.1
195.2,253.0,482.0,1071.0,1806.1,781.1
416.9,205.0,351.9,909.9,1539.7,521.1
378.5,883.3,839.4,917.8,1154.8,826.2
142.4,303.7,343.3,1333.0,1583.1,323.0
107.7,162.4,253.2,832.0,1565.5,238.3
133.5,32.2,0.0,0.0,395.9,0.0
501.8,30.5,0.0,0.0,1048.3,0.0
455.6,544.4,222.7,0.0,1048.3,0.0
394.4,428.1,656.5,55.7,1129.3,107.4
163.8,0.0,589.6,0.0,623.0,109.9
0.0,0.0,589.6,152.9,2545.7,1711.7
0.0,0.0,294.8,661.0,2043.9,767.8
0.0,111.2,0.0,666.2,1647.6,425.9
69.5,480.8,0.0,674.0,2002.3,392.9
328.6,496.3,28.1,697.5,2675.4,147.4
1.1,1.1,1.1,1.1,1.1,1.1
0.0,0.0,0.0,0.0,0.0,0.0
0.0,0.0,0.0,0.0,0.0,0.0
0.0,0.0,0.0,0.0,0.0,0.0
0.0,0.0,0.0,0.0,0.0,0.0
0.0,0.0,0.0,0.0,0.0,0.0
0.0,0.0,0.0,0.0,0.0,0.0
0.0,0.0,0.0,0.0,0.0,0.0
0.0,0.0,0.0,0.0,0.0,0.0
0.0,0.0,0.0,0.0,0.0,0.0
0.0,0.0,0.0,0.0,0.0,0.0
0.0,0.0,0.0,0.0,0.0,0.0
0.0,0.0,0.0,0.0,0.0,0.0
0.0,0.0,0.0,0.0,0.0,0.0
0.0,0.0,0.0,0.0,0.0,0.0
0.0,0.0,0.0,0.0,0.0,0.0
0.0,0.0,0.0,0.0,0.0,0.0
0.0,0.0,0.0,0.0,0.0,0.0
0.0,0.0,0.0,0.0,0.0,0.0
0.0,0.0,0.0,0.0,0.0,0.0
0.0,0.0,0.0,0.0,0.0,0.0
0.0,0.0,0.0,0.0,0.0,0.0
0.0,0.0,0.0,0.0,0.0,0.0
0.0,0.0,0.0,0.0,0.0,0.0
0.0,0.0,0.0,0.0,0.0,0.0
0.0,0.0,0.0,0.0,0.0,0.0
0.0,0.0,0.0,0.0,0.0,0.0
0.0,0.0,0.0,0.0,0.0,0.0
0.0,0.0,0.0,0.0,0.0,0.0
0.0,0.0,0.0,0.0,0.0,0.0
0.0,0.0,0.0,0.0,0.0,0.0
0.0,0.0,0.0,0.0,0.0,0.0
0.0,0.0,0.0,0.0,0.0,0.0
0.0,0.0,0.0,0.0,0.0,0.0
0.0,0.0,0.0,0.0,0.0,0.0
0.0,0.0,0.0,0.0,0.0,0.0
0.0,0.0,0.0,0.0,0.0,0.0
0.0,0.0,0.0,0.0,0.0,0.0
0.0,0.0,0.0,0.0,0.0,0.0
0.0,0.0,0.0,0.0,0.0,0.0
0.0,0.0,0.0,0.0,0.0,0.0
0.0,0.0,0.0,0.0,0.0,0.0
0.0,0.0,0.0,0.0,0.0,0.0
0.0,0.0,0.0,0.0,0.0,0.0
0.0,0.0,0.0,0.0,0.0,0.0
0.0,0.0,0.0,0.0,0.0,0.0
0.0,0.0,0.0,0.0,0.0,0.0
0.0,0.0,0.0,0.0,0.0,0.0
0.0,0.0,0.0,0.0,0.0,0.0
0.0,0.0,0.0,0.0,0.0,0.0
0.0,0.0,0.0,0.0,0.0,0.0
0.0,0.0,0.0,0.0,0.0,0.0
0.0,0.0,0.0,0.0,0.0,0.0
0.0,0.0,0.0,0.0,0.0,0.0
0.0,0.0,0.0,0.0,0.0,0.0
164.0,726.4,426.2,1125.0,1842.0,401.1
114.6,654.7,297.8,990.2,3207.6,280.2
218.8,678.6,346.0,1039.1,2802.1,336.6
459.8,663.3,1670.1,1009.4,1523.1,495.0
424.4,656.1,3299.2,990.5,1535.0,3182.5
443.2,665.0,2248.6,1010.6,1553.6,1078.0
726.3,737.0,2478.6,1170.6,4073.6,856.0
538.9,745.1,2910.2,1269.1,4820.3,880.9
517.3,756.6,1953.8,4812.2,3880.0,887.4
505.5,735.6,2634.4,3322.2,4248.4,2622.7
555.3,1435.3,2536.4,2473.7,5011.7,2190.4
695.7,1690.6,2195.8,2743.4,3351.4,817.5
616.6,2058.6,1026.2,3081.3,3142.6,750.1
492.1,1600.6,1028.6,3663.9,3249.4,754.0
512.3,1735.1,1084.4,3196.9,3796.3,797.0
494.7,1209.9,1032.2,2001.6,1817.1,755.0
498.4,689.1,1047.2,2284.7,1839.4,767.1
529.4,1239.2,1127.5,1258.7,1986.1,841.5
575.5,1230.5,1136.3,1256.7,1944.8,880.8
504.6,257.1,1064.0,1202.0,1876.1,780.2
528.6,289.1,1120.0,1262.3,1003.7,841.3
496.5,249.3,1046.9,1184.2,839.6,768.5
496.9,245.2,1038.9,502.1,825.7,758.6
522.2,277.4,1097.3,544.6,934.1,821.0
643.9,440.2,1420.1,864.0,1482.1,1120.0
523.6,260.1,1075.3,510.8,868.0,800.5
577.0,297.4,1155.3,584.7,976.9,893.3
505.2,253.1,1062.7,496.8,852.2,778.9
196.4,249.9,1054.4,490.6,841.5,773.1
250.3,334.5,1218.8,656.6,1126.3,621.4
221.2,295.6,591.7,580.3,995.3,540.8
157.3,210.3,408.9,412.8,708.1,384.8
167.2,223.5,434.7,438.8,752.7,409.0
38.7,16.1,38.7,32.2,37.4,51.6
35.2,14.7,35.2,29.3,34.0,46.9
0.0,0.0,0.0,0.0,0.0,0.0
0.0,49.0,0.0,747.1,0.0,0.0
0.0,497.7,55.1,2022.5,0.0,0.0
358.7,645.3,918.6,1939.5,346.7,478.2
601.3,746.4,951.8,1317.5,581.3,801.8
91.4,79.6,1389.3,1820.6,186.4,121.9
66.8,254.1,1842.6,1735.9,1011.6,89.1
14.1,442.5,769.8,763.5,562.9,18.8
0.0,0.0,0.0,0.0,0.0,0.0
0.0,0.0,0.0,0.0,0.0,0.0
0.0,0.0,0.0,0.0,0.0,0.0
0.0,0.0,0.0,0.0,0.0,0.0
0.0,0.0,0.0,0.0,0.0,0.0
0.0,0.0,0.0,0.0,0.0,0.0
0.0,0.0,0.0,0.0,0.0,0.0
0.0,0.0,0.0,0.0,0.0,0.0
0.0,0.0,0.0,0.0,0.0,0.0
0.0,0.0,0.0,0.0,0.0,0.0
0.0,0.0,0.0,0.0,0.0,0.0
0.0,0.0,0.0,0.0,0.0,0.0
0.0,0.0,0.0,0.0,0.0,0.0
0.0,0.0,0.0,0.0,0.0,0.0
0.0,0.0,0.0,0.0,0.0,0.0
0.0,0.0,0.0,0.0,0.0,0.0
0.0,0.0,0.0,0.0,0.0,0.0
0.0,0.0,0.0,0.0,0.0,0.0
0.0,0.0,0.0,0.0,0.0,0.0
0.0,0.0,0.0,0.0,0.0,0.0
0.0,0.0,0.0,0.0,0.0,0.0
0.0,0.0,0.0,0.0,0.0,0.0
0.0,0.0,0.0,0.0,0.0,0.0
0.0,0.0,0.0,0.0,0.0,0.0
0.0,0.0,0.0,0.0,0.0,0.0
0.0,0.0,0.0,0.0,0.0,0.0
0.0,0.0,0.0,0.0,0.0,0.0
0.0,0.0,0.0,0.0,0.0,0.0
0.0,0.0,0.0,0.0,0.0,0.0
0.0,0.0,0.0,0.0,0.0,0.0
0.0,0.0,0.0,0.0,0.0,0.0
0.0,0.0,0.0,0.0,0.0,0.0
0.0,0.0,0.0,0.0,0.0,0.0
0.0,0.0,0.0,0.0,0.0,0.0
0.0,0.0,0.0,0.0,0.0,0.0
0.0,0.0,0.0,0.0,0.0,0.0
0.0,0.0,0.0,0.0,0.0,0.0
0.0,0.0,0.0,0.0,0.0,0.0
0.0,0.0,0.0,0.0,0.0,0.0
0.0,0.0,0.0,0.0,0.0,0.0
0.0,0.0,0.0,0.0,0.0,0.0
0.0,0.0,0.0,0.0,0.0,0.0
0.0,0.0,0.0,0.0,0.0,0.0
0.0,0.0,0.0,0.0,0.0,0.0
0.0,0.0,0.0,0.0,0.0,0.0
0.0,0.0,0.0,0.0,0.0,0.0
0.0,0.0,0.0,0.0,0.0,0.0
0.0,0.0,0.0,0.0,0.0,0.0
0.0,0.0,0.0,0.0,0.0,0.0
0.0,0.0,0.0,0.0,0.0,0.0
0.0,0.0,0.0,0.0,0.0,0.0
0.0,0.0,0.0,0.0,0.0,0.0
0.0,0.0,0.0,0.0,0.0,0.0
51.5,51.5,51.5,51.5,51.5,51.5
51.5,51.5,51.5,51.5,51.5,51.5
51.5,51.5,51.5,51.5,51.5,51.5
51.5,51.5,51.5,51.5,51.5,51.5
102.5,102.5,102.5,102.5,102.5,102.5
102.5,102.5,102.5,102.5,102.5,102.5
102.5,102.5,102.5,102.5,102.5,102.5
102.5,102.5,102.5,102.5,102.5,102.5
165.1,121.8,166.4,154.3,156.8,154.1
153.1,153.1,153.1,153.1,153.1,153.1
153.1,153.1,153.1,153.1,153.1,153.1
154.8,127.7,153.7,164.2,154.8,163.4
173.0,173.0,173.0,173.0,173.0,173.0
173.0,173.0,173.0,173.0,173.0,173.0
173.0,173.0,173.0,173.0,173.0,173.0
173.0,173.0,173.0,173.0,173.0,173.0
162.8,162.8,162.8,162.8,162.8,162.8
162.8,162.8,162.8,162.8,162.8,162.8
162.8,162.8,162.8,162.8,162.8,162.8
162.8,162.8,162.8,162.8,162.8,162.8
112.2,112.2,112.2,112.2,112.2,112.2
112.2,112.2,112.2,112.2,112.2,112.2
112.2,112.2,112.2,112.2,112.2,112.2
112.2,112.2,112.2,112.2,112.2,112.2
61.6,61.6,61.6,61.6,61.6,61.6
72.9,0.0,68.8,79.2,75.1,73.4
64.6,0.0,67.7,76.3,73.1,87.6
66.4,0.0,71.3,85.4,79.8,66.4
0.0,0.0,0.0,0.0,0.0,0.0
0.0,0.0,0.0,0.0,0.0,0.0
0.0,0.0,0.0,0.0,0.0,0.0
0.0,0.0,0.0,0.0,0.0,0.0
0.0,0.0,0.0,0.0,0.0,0.0
0.0,0.0,0.0,0.0,0.0,0.0
0.0,0.0,0.0,0.0,0.0,0.0
0.0,0.0,0.0,0.0,0.0,0.0
0.0,0.0,0.0,0.0,0.0,0.0
0.0,0.0,0.0,0.0,0.0,0.0
0.0,0.0,0.0,0.0,0.0,0.0
0.0,0.0,0.0,0.0,0.0,0.0
0.0,0.0,0.0,0.0,0.0,0.0
0.0,0.0,0.0,0.0,0.0,0.0
0.0,0.0,0.0,0.0,0.0,0.0
0.0,0.0,0.0,0.0,0.0,0.0
0.0,0.0,0.0,0.0,0.0,0.0
0.0,0.0,0.0,0.0,0.0,0.0
0.0,0.0,0.0,0.0,0.0,0.0
0.0,0.0,0.0,0.0,0.0,0.0
0.0,0.0,0.0,0.0,0.0,0.0
0.0,0.0,0.0,0.0,0.0,0.0
0.0,0.0,0.0,0.0,0.0,0.0
0.0,0.0,0.0,0.0,0.0,0.0
0.0,0.0,0.0,0.0,0.0,0.0
0.0,0.0,0.0,0.0,0.0,0.0
0.0,0.0,0.0,0.0,0.0,0.0
0.0,0.0,0.0,0.0,0.0,0.0
0.0,0.0,0.0,0.0,0.0,0.0
0.0,0.0,0.0,0.0,0.0,0.0
0.0,0.0,0.0,0.0,0.0,0.0
0.0,0.0,0.0,0.0,0.0,0.0
0.0,0.0,0.0,0.0,0.0,0.0
0.0,0.0,0.0,0.0,0.0,0.0
0.0,0.0,0.0,0.0,0.0,0.0
0.0,0.0,0.0,0.0,0.0,0.0
0.0,0.0,0.0,0.0,0.0,0.0
0.0,0.0,0.0,0.0,0.0,0.0
0.0,0.0,0.0,0.0,0.0,0.0
0.0,0.0,0.0,0.0,0.0,0.0
0.0,0.0,0.0,0.0,0.0,0.0
0.0,0.0,0.0,0.0,0.0,0.0
0.0,0.0,0.0,0.0,0.0,0.0
0.0,0.0,0.0,0.0,0.0,0.0
0.0,0.0,0.0,0.0,0.0,0.0
0.0,0.0,0.0,0.0,0.0,0.0
0.0,0.0,0.0,0.0,0.0,0.0
0.0,0.0,0.0,0.0,0.0,0.0
0.0,0.0,0.0,0.0,0.0,0.0
0.0,0.0,0.0,0.0,0.0,0.0
0.0,0.0,0.0,0.0,0.0,0.0
0.0,0.0,0.0,0.0,0.0,0.0
0.0,0.0,0.0,0.0,0.0,0.0
0.0,0.0,0.0,0.0,0.0,0.0
0.0,0.0,0.0,0.0,0.0,0.0
0.0,0.0,0.0,0.0,0.0,0.0
0.0,0.0,0.0,0.0,0.0,0.0
0.0,0.0,0.0,0.0,0.0,0.0
0.0,0.0,0.0,0.0,0.0,0.0
0.0,0.0,0.0,0.0,0.0,0.0
0.0,0.0,0.0,0.0,0.0,0.0
0.0,0.0,0.0,0.0,0.0,0.0
0.0,0.0,0.0,0.0,0.0,0.0
0.0,0.0,0.0,0.0,0.0,0.0
0.0,0.0,0.0,0.0,0.0,0.0
0.0,0.0,0.0,0.0,0.0,0.0
0.0,0.0,0.0,0.0,0.0,0.0
0.0,0.0,0.0,0.0,0.0,0.0
103.0,103.0,103.0,103.0,103.0,103.0
103.0,103.0,103.0,103.0,103.0,103.0
103.0,103.0,103.0,103.0,103.0,103.0
103.0,103.0,103.0,103.0,103.0,103.0
205.0,205.0,205.0,205.0,205.0,205.0
205.0,205.0,205.0,205.0,205.0,205.0
205.0,205.0,205.0,205.0,205.0,205.0
205.0,205.0,205.0,205.0,205.0,205.0
184.0,184.0,184.0,184.0,184.0,184.0
184.0,184.0,184.0,184.0,184.0,184.0
184.0,184.0,184.0,184.0,184.0,184.0
184.0,184.0,184.0,184.0,184.0,184.0
204.3,204.3,204.3,204.3,204.3,204.3
204.3,204.3,204.3,204.3,204.3,204.3
204.3,204.3,204.3,204.3,204.3,204.3
204.3,204.3,204.3,204.3,204.3,204.3
194.1,194.1,194.1,194.1,194.1,194.1
7.0,2.9,7.0,5.9,6.8,9.4
7.0,2.9,7.0,5.9,6.8,9.4
10.5,4.4,10.5,8.8,10.2,14.1
369.2,153.8,369.2,307.7,356.9,492.3
468.8,468.8,468.8,468.8,468.8,468.8
153.4,153.4,153.4,153.4,153.4,153.4
153.4,153.4,153.4,153.4,153.4,153.4
112.9,112.9,112.9,112.9,112.9,112.9
112.9,112.9,112.9,112.9,112.9,112.9
112.9,112.9,112.9,112.9,112.9,112.9
112.9,112.9,112.9,112.9,112.9,112.9
0.0,0.0,0.0,0.0,0.0,0.0
0.0,0.0,0.0,0.0,0.0,0.0
0.0,0.0,0.0,0.0,0.0,0.0
0.0,0.0,0.0,0.0,0.0,0.0
0.0,0.0,0.0,0.0,0.0,0.0
0.0,0.0,0.0,0.0,0.0,0.0
0.0,0.0,0.0,0.0,0.0,0.0
0.0,0.0,0.0,0.0,0.0,0.0
0.0,0.0,0.0,0.0,0.0,0.0
0.0,0.0,0.0,0.0,0.0,0.0
0.0,0.0,0.0,0.0,0.0,0.0
0.0,0.0,0.0,0.0,0.0,0.0
0.0,0.0,0.0,0.0,0.0,0.0
0.0,0.0,0.0,0.0,0.0,0.0
0.0,0.0,0.0,0.0,0.0,0.0
0.0,0.0,0.0,0.0,0.0,0.0
0.0,0.0,0.0,0.0,0.0,0.0
0.0,0.0,0.0,0.0,0.0,0.0
0.0,0.0,0.0,0.0,0.0,0.0
0.0,0.0,0.0,0.0,0.0,0.0
0.0,0.0,0.0,0.0,0.0,0.0
0.0,0.0,0.0,0.0,0.0,0.0
0.0,0.0,0.0,0.0,0.0,0.0
0.0,0.0,0.0,0.0,0.0,0.0
0.0,0.0,0.0,0.0,0.0,0.0
0.0,0.0,0.0,0.0,0.0,0.0
0.0,0.0,0.0,0.0,0.0,0.0
0.0,0.0,0.0,0.0,0.0,0.0
0.0,0.0,0.0,0.0,0.0,0.0
0.0,0.0,0.0,0.0,0.0,0.0
0.0,0.0,0.0,0.0,0.0,0.0
0.0,0.0,0.0,0.0,0.0,0.0
0.0,0.0,0.0,0.0,0.0,0.0
0.0,0.0,0.0,0.0,0.0,0.0
0.0,0.0,0.0,0.0,0.0,0.0
0.0,0.0,0.0,0.0,0.0,0.0
0.0,0.0,0.0,0.0,0.0,0.0
0.0,0.0,0.0,0.0,0.0,0.0
0.0,0.0,0.0,0.0,0.0,0.0
0.0,0.0,0.0,0.0,0.0,0.0
0.0,0.0,0.0,0.0,0.0,0.0
0.0,0.0,0.0,0.0,0.0,0.0
0.0,0.0,0.0,0.0,0.0,0.0
0.0,0.0,0.0,0.0,0.0,0.0
0.0,0.0,0.0,0.0,0.0,0.0
0.0,0.0,0.0,0.0,0.0,0.0
0.0,0.0,0.0,0.0,0.0,0.0
0.0,0.0,0.0,0.0,0.0,0.0
0.0,0.0,0.0,0.0,0.0,0.0
0.0,0.0,0.0,0.0,0.0,0.0
0.0,0.0,0.0,0.0,0.0,0.0
0.0,0.0,0.0,0.0,0.0,0.0
0.0,0.0,0.0,0.0,0.0,0.0
0.0,0.0,0.0,0.0,0.0,0.0
0.0,0.0,0.0,0.0,0.0,0.0
0.0,0.0,0.0,0.0,0.0,0.0
0.0,0.0,0.0,0.0,0.0,0.0
0.0,0.0,0.0,0.0,0.0,0.0
0.0,0.0,0.0,0.0,0.0,0.0
0.0,0.0,0.0,0.0,0.0,0.0
0.0,0.0,0.0,0.0,0.0,0.0
0.0,0.0,0.0,0.0,0.0,0.0
0.0,0.0,0.0,0.0,0.0,0.0
0.0,0.0,0.0,0.0,0.0,0.0
0.0,0.0,0.0,0.0,0.0,0.0
0.0,0.0,0.0,0.0,0.0,0.0
0.0,0.0,0.0,0.0,0.0,0.0
0.0,0.0,0.0,0.0,0.0,0.0
0.0,0.0,0.0,0.0,0.0,3285.7
0.0,0.0,0.0,2311.8,0.0,2061.4
0.0,0.0,0.0,1872.2,2340.7,2920.1
0.0,0.0,0.0,651.2,1895.6,1853.2
0.0,0.0,0.0,0.0,659.3,4342.6
0.0,0.0,0.0,0.0,0.0,5299.9
771.9,14.7,35.2,29.3,3315.8,2487.1
1065.9,20.5,49.2,41.0,3009.9,2036.2
444.1,0.0,511.2,0.0,737.6,753.3
435.1,458.5,436.6,0.0,641.3,474.8
436.8,440.3,514.6,0.0,551.7,502.9
407.7,407.7,407.7,407.7,407.7,407.7
468.3,468.3,468.3,468.3,468.3,468.3
468.3,468.3,468.3,468.3,468.3,468.3
468.3,468.3,468.3,468.3,468.3,468.3
468.3,468.3,468.3,468.3,468.3,468.3
437.5,437.5,437.5,437.5,437.5,437.5
437.5,437.5,437.5,437.5,437.5,437.5
358.0,442.5,448.0,456.2,463.5,456.8
437.5,437.5,437.5,437.5,437.5,437.5
997.8,1426.1,4083.7,3774.8,4041.5,2501.6
823.6,1054.9,4329.0,3973.5,3252.0,1151.6
1162.3,1548.4,3291.3,3900.5,4461.6,1386.2
878.6,1311.2,2526.6,2936.7,3380.6,1381.0
762.9,1464.1,3378.6,3073.9,2804.7,894.2
1198.6,2298.1,3410.0,3900.5,4106.7,272.8
963.7,1410.8,2951.9,4200.0,5343.5,416.3
1141.7,1249.9,2371.3,3899.6,6642.0,458.2
833.3,833.3,833.3,833.3,833.3,833.3
833.3,833.3,833.3,833.3,833.3,833.3
844.8,859.2,866.3,986.4,987.2,456.0
315.8,480.8,568.4,2326.9,1002.9,305.2
427.0,501.9,636.7,1051.5,1094.7,386.1
522.0,511.3,611.4,697.5,1060.4,340.3
471.4,636.0,576.9,684.4,1524.6,307.5
321.7,773.2,579.0,670.5,1305.2,308.7
0.0,0.0,0.0,0.0,0.0,0.0
0.0,0.0,0.0,0.0,0.0,0.0
0.0,0.0,0.0,0.0,0.0,0.0
0.0,0.0,0.0,0.0,0.0,0.0
0.0,0.0,0.0,0.0,0.0,0.0
0.0,0.0,0.0,0.0,0.0,0.0
0.0,0.0,0.0,0.0,0.0,0.0
0.0,0.0,0.0,0.0,0.0,0.0
0.0,0.0,0.0,0.0,0.0,0.0
0.0,0.0,0.0,0.0,0.0,0.0
0.0,0.0,0.0,0.0,0.0,0.0
0.0,0.0,0.0,0.0,0.0,0.0
0.0,0.0,0.0,0.0,0.0,0.0
0.0,0.0,0.0,0.0,0.0,0.0
0.0,0.0,0.0,0.0,0.0,0.0
0.0,0.0,0.0,0.0,0.0,0.0
0.0,0.0,0.0,0.0,0.0,0.0
0.0,0.0,0.0,0.0,0.0,0.0
0.0,0.0,0.0,0.0,0.0,0.0
0.0,0.0,0.0,0.0,0.0,0.0
0.0,0.0,0.0,0.0,0.0,0.0
0.0,0.0,0.0,0.0,0.0,0.0
0.0,0.0,0.0,0.0,0.0,0.0
0.0,0.0,0.0,0.0,0.0,0.0
0.0,0.0,0.0,0.0,0.0,0.0
0.0,0.0,0.0,0.0,0.0,0.0
0.0,0.0,0.0,0.0,0.0,0.0
0.0,0.0,0.0,0.0,0.0,0.0
0.0,0.0,0.0,0.0,0.0,0.0
0.0,0.0,0.0,0.0,0.0,0.0
0.0,0.0,0.0,0.0,0.0,0.0
0.0,0.0,0.0,0.0,0.0,0.0
0.0,0.0,0.0,0.0,0.0,0.0
0.0,0.0,0.0,0.0,0.0,0.0
0.0,0.0,0.0,0.0,0.0,0.0
0.0,0.0,0.0,0.0,0.0,0.0
0.0,0.0,0.0,0.0,0.0,0.0
0.0,0.0,0.0,0.0,0.0,0.0
0.0,0.0,0.0,0.0,0.0,0.0
0.0,0.0,0.0,0.0,0.0,0.0
0.0,0.0,0.0,0.0,0.0,0.0
0.0,0.0,0.0,0.0,0.0,0.0
0.0,0.0,0.0,0.0,0.0,0.0
0.0,0.0,0.0,0.0,0.0,0.0
0.0,0.0,0.0,0.0,0.0,0.0
0.0,0.0,0.0,0.0,0.0,0.0
0.0,0.0,0.0,0.0,0.0,0.0
0.0,0.0,0.0,0.0,0.0,0.0
0.0,0.0,0.0,0.0,0.0,0.0
0.0,0.0,0.0,0.0,0.0,0.0
0.0,0.0,0.0,0.0,0.0,0.0
0.0,0.0,0.0,0.0,0.0,0.0
0.0,0.0,0.0,0.0,0.0,0.0
0.0,0.0,0.0,0.0,0.0,0.0
0.0,0.0,0.0,0.0,0.0,0.0
0.0,0.0,0.0,0.0,0.0,0.0
0.0,0.0,0.0,0.0,0.0,0.0
0.0,0.0,0.0,0.0,0.0,0.0
0.0,0.0,0.0,0.0,0.0,0.0
0.0,0.0,0.0,0.0,0.0,0.0
257.8,650.8,308.7,983.1,534.5,290.5
240.2,618.5,256.8,935.8,444.7,441.9
416.3,635.5,282.5,954.0,489.2,592.2
431.7,663.6,323.2,999.7,557.0,628.4
477.3,656.7,323.2,997.7,503.2,472.1
418.8,642.8,647.7,2316.7,491.8,414.3
941.2,659.8,906.4,3920.5,552.1,607.6
1516.8,629.0,825.4,2274.5,422.9,535.0
932.9,648.8,533.0,2517.6,489.5,1825.9
1020.5,663.0,1906.8,3523.6,556.3,3325.0
1358.1,617.9,3683.8,3693.2,1058.2,1787.8
1472.3,638.2,2152.1,1495.7,1510.9,2000.1
652.8,668.6,1404.5,1029.8,1213.1,1536.2
405.1,619.6,1871.5,925.9,868.1,1814.9
481.0,668.9,2251.3,1005.3,979.2,1119.3
464.8,690.6,1473.4,1067.2,1620.9,672.0
398.4,615.7,793.0,922.2,1380.2,533.9
408.7,629.5,817.8,944.2,1434.3,555.7
457.2,692.0,928.3,1055.8,1614.3,657.3
401.1,624.0,797.1,922.5,1380.0,529.4
405.3,634.7,814.2,945.0,1424.8,542.0
457.6,704.6,943.8,1084.9,1660.2,670.0
402.9,628.6,788.2,932.0,1394.3,533.4
414.2,640.5,817.7,958.0,1434.4,552.8
536.0,737.1,1012.5,1148.7,1744.0,767.3
421.4,635.7,804.7,948.8,1427.2,549.7
418.6,579.1,827.2,963.4,1447.3,559.0
462.8,193.3,938.0,991.3,1638.8,669.5
411.1,124.2,799.3,243.8,1417.4,544.2
421.5,138.1,826.3,271.1,1452.9,569.6
412.8,180.1,914.3,353.5,1594.3,647.6
97.2,129.9,821.1,255.1,1444.3,555.9
101.2,135.2,833.5,265.4,1454.5,565.6
122.8,164.1,889.7,322.2,1544.3,618.4
243.6,270.6,1110.1,532.1,1876.7,807.3
28.1,11.7,600.8,23.4,1030.2,37.5
187.2,0.0,572.7,0.0,1010.5,0.0
261.6,0.0,1508.8,0.0,1014.3,0.0
200.2,0.0,1808.4,0.0,1014.3,0.0
98.8,198.0,1001.2,1872.2,0.0,0.0
137.8,243.1,243.9,389.0,339.8,0.0
0.0,0.0,0.0,0.0,0.0,0.0
0.0,0.0,0.0,0.0,0.0,0.0
0.0,0.0,0.0,0.0,0.0,0.0
0.0,0.0,0.0,0.0,0.0,0.0
0.0,0.0,0.0,0.0,0.0,0.0
0.0,0.0,0.0,0.0,0.0,0.0
0.0,0.0,0.0,0.0,0.0,0.0
0.0,0.0,0.0,0.0,0.0,0.0
0.0,0.0,0.0,0.0,0.0,0.0
0.0,0.0,0.0,0.0,0.0,0.0
0.0,0.0,0.0,0.0,0.0,0.0
0.0,0.0,0.0,0.0,0.0,0.0
0.0,0.0,0.0,0.0,0.0,0.0
0.0,0.0,0.0,0.0,0.0,0.0
0.0,0.0,0.0,0.0,0.0,0.0
0.0,0.0,0.0,0.0,0.0,0.0
0.0,0.0,0.0,0.0,0.0,0.0
0.0,0.0,0.0,0.0,0.0,0.0
0.0,0.0,0.0,0.0,0.0,0.0
0.0,0.0,0.0,0.0,0.0,0.0
0.0,0.0,0.0,0.0,0.0,0.0
0.0,0.0,0.0,0.0,0.0,0.0
0.0,0.0,0.0,0.0,0.0,0.0
0.0,0.0,0.0,0.0,0.0,0.0
0.0,0.0,0.0,0.0,0.0,0.0
0.0,0.0,0.0,0.0,0.0,0.0
0.0,0.0,0.0,0.0,0.0,0.0
0.0,0.0,0.0,0.0,0.0,0.0
0.0,0.0,0.0,0.0,0.0,0.0
0.0,0.0,0.0,0.0,0.0,0.0
0.0,0.0,0.0,0.0,0.0,0.0
0.0,0.0,0.0,0.0,0.0,0.0
0.0,0.0,0.0,0.0,0.0,0.0
0.0,0.0,0.0,0.0,0.0,0.0
0.0,0.0,0.0,0.0,0.0,0.0
0.0,0.0,0.0,0.0,0.0,0.0
0.0,0.0,0.0,0.0,0.0,0.0
0.0,0.0,0.0,0.0,0.0,0.0
0.0,0.0,0.0,0.0,0.0,0.0
0.0,0.0,0.0,0.0,0.0,0.0
0.0,0.0,0.0,0.0,0.0,0.0
0.0,0.0,0.0,0.0,0.0,0.0
0.0,0.0,0.0,0.0,0.0,0.0
0.0,0.0,0.0,0.0,0.0,0.0
0.0,0.0,0.0,0.0,0.0,0.0
0.0,0.0,0.0,0.0,0.0,0.0
0.0,0.0,0.0,0.0,0.0,0.0
0.0,0.0,0.0,0.0,0.0,0.0
0.0,0.0,0.0,0.0,0.0,0.0
0.0,0.0,0.0,0.0,0.0,0.0
0.0,0.0,0.0,0.0,0.0,0.0
0.0,0.0,0.0,0.0,0.0,0.0
0.0,0.0,0.0,0.0,0.0,0.0
0.0,0.0,0.0,0.0,0.0,0.0
0.0,0.0,0.0,0.0,0.0,0.0
50.7,50.7,50.7,50.7,50.7,50.7
50.7,50.7,50.7,50.7,50.7,50.7
50.7,50.7,50.7,50.7,50.7,50.7
50.7,50.7,50.7,50.7,50.7,50.7
131.4,131.4,131.4,131.4,131.4,131.4
131.4,131.4,131.4,131.4,131.4,131.4
131.4,131.4,131.4,131.4,131.4,131.4
131.4,131.4,131.4,131.4,131.4,131.4
171.2,171.2,171.2,171.2,171.2,171.2
171.2,171.2,171.2,171.2,171.2,171.2
171.2,171.2,171.2,171.2,171.2,171.2
171.2,171.2,171.2,171.2,171.2,171.2
534.9,531.8,535.7,537.9,545.1,504.5
599.2,488.3,541.5,577.3,671.4,312.3
606.3,488.3,536.5,641.6,601.4,315.8
595.1,495.8,534.6,669.2,579.4,315.8
961.0,492.1,562.1,1584.1,890.4,313.4
954.3,497.7,564.2,1605.7,867.8,313.4
801.5,702.9,801.9,826.9,865.3,804.7
703.8,801.9,809.5,832.0,847.5,808.5
603.2,603.9,566.3,611.4,618.5,607.7
305.2,635.0,557.8,671.9,773.6,667.5
309.9,639.2,557.8,667.1,769.6,667.3
381.4,628.4,602.6,605.0,743.7,649.8
312.5,312.5,312.5,312.5,312.5,312.5
312.5,312.5,312.5,312.5,312.5,312.5
312.5,312.5,312.5,312.5,312.5,312.5
312.5,312.5,312.5,312.5,312.5,312.5
0.0,0.0,0.0,0.0,0.0,0.0
0.0,0.0,0.0,0.0,0.0,0.0
0.0,0.0,0.0,0.0,0.0,0.0
0.0,0.0,0.0,0.0,0.0,0.0
0.0,0.0,0.0,0.0,0.0,0.0
0.0,0.0,0.0,0.0,0.0,0.0
0.0,0.0,0.0,0.0,0.0,0.0
0.0,0.0,0.0,0.0,0.0,0.0
0.0,0.0,0.0,0.0,0.0,0.0
0.0,0.0,0.0,0.0,0.0,0.0
0.0,0.0,0.0,0.0,0.0,0.0
0.0,0.0,0.0,0.0,0.0,0.0
0.0,0.0,0.0,0.0,0.0,0.0
0.0,0.0,0.0,0.0,0.0,0.0
0.0,0.0,0.0,0.0,0.0,0.0
0.0,0.0,0.0,0.0,0.0,0.0
0.0,0.0,0.0,0.0,0.0,0.0
0.0,0.0,0.0,0.0,0.0,0.0
0.0,0.0,0.0,0.0,0.0,0.0
0.0,0.0,0.0,0.0,0.0,0.0
0.0,0.0,0.0,0.0,0.0,0.0
0.0,0.0,0.0,0.0,0.0,0.0
0.0,0.0,0.0,0.0,0.0,0.0
0.0,0.0,0.0,0.0,0.0,0.0
0.0,0.0,0.0,0.0,0.0,0.0
0.0,0.0,0.0,0.0,0.0,0.0
0.0,0.0,0.0,0.0,0.0,0.0
0.0,0.0,0.0,0.0,0.0,0.0
0.0,0.0,0.0,0.0,0.0,0.0
0.0,0.0,0.0,0.0,0.0,0.0
0.0,0.0,0.0,0.0,0.0,0.0
0.0,0.0,0.0,0.0,0.0,0.0
0.0,0.0,0.0,0.0,0.0,0.0
0.0,0.0,0.0,0.0,0.0,0.0
0.0,0.0,0.0,0.0,0.0,0.0
0.0,0.0,0.0,0.0,0.0,0.0
0.0,0.0,0.0,0.0,0.0,0.0
0.0,0.0,0.0,0.0,0.0,0.0
0.0,0.0,0.0,0.0,0.0,0.0
0.0,0.0,0.0,0.0,0.0,0.0
0.0,0.0,0.0,0.0,0.0,0.0
0.0,0.0,0.0,0.0,0.0,0.0
0.0,0.0,0.0,0.0,0.0,0.0
0.0,0.0,0.0,0.0,0.0,0.0
0.0,0.0,0.0,0.0,0.0,0.0
0.0,0.0,0.0,0.0,0.0,0.0
0.0,0.0,0.0,0.0,0.0,0.0
0.0,0.0,0.0,0.0,0.0,0.0
0.0,0.0,0.0,0.0,0.0,0.0
0.0,0.0,0.0,0.0,0.0,0.0
0.0,0.0,0.0,0.0,0.0,0.0
0.0,0.0,0.0,0.0,0.0,0.0
0.0,0.0,0.0,0.0,0.0,0.0
0.0,0.0,0.0,0.0,0.0,0.0
0.0,0.0,0.0,0.0,0.0,0.0
0.0,0.0,0.0,0.0,0.0,0.0
0.0,0.0,0.0,0.0,0.0,0.0
0.0,0.0,0.0,0.0,0.0,0.0
0.0,0.0,0.0,0.0,0.0,0.0
0.0,0.0,0.0,0.0,0.0,0.0
0.0,0.0,0.0,0.0,0.0,0.0
0.0,0.0,0.0,0.0,0.0,0.0
0.0,0.0,0.0,0.0,0.0,0.0
0.0,0.0,0.0,0.0,0.0,0.0
0.0,0.0,0.0,0.0,0.0,0.0
0.0,0.0,0.0,0.0,0.0,0.0
0.0,0.0,0.0,0.0,0.0,0.0
0.0,0.0,0.0,0.0,0.0,0.0
322.9,0.0,3066.4,2532.5,0.0,866.9
401.2,118.8,1746.2,1201.8,400.1,529.7
480.7,170.1,1711.2,1155.4,545.0,657.2
463.2,190.3,2078.0,1529.4,633.2,667.0
400.4,122.6,1391.4,824.3,412.7,533.0
962.3,141.3,847.5,277.4,475.9,569.7
1173.5,180.8,920.0,354.9,608.8,650.2
1107.2,120.2,799.9,235.9,2800.2,538.0
817.9,140.6,750.9,716.7,1361.9,573.0
149.8,149.8,149.8,149.8,149.8,149.8
149.8,149.8,149.8,149.8,149.8,149.8
149.8,149.8,149.8,149.8,149.8,149.8
159.5,159.5,159.5,159.5,159.5,159.5
159.5,159.5,159.5,159.5,159.5,159.5
159.5,159.5,159.5,159.5,159.5,159.5
159.5,159.5,159.5,159.5,159.5,159.5
1720.7,1127.0,804.8,1821.7,2409.7,541.4
1137.7,1132.5,961.4,3731.0,1713.4,688.0
1213.8,1324.2,1012.0,3406.1,1793.5,833.7
1140.5,924.4,800.4,1899.8,1514.9,2278.5
946.5,674.7,895.2,1003.7,1099.0,1038.9
679.3,685.2,859.7,1003.8,1726.9,703.1
402.2,1120.1,800.1,1017.1,1523.5,642.1
514.1,619.0,615.9,666.6,629.0,613.4
449.8,703.0,893.0,1189.5,1645.7,703.2
432.0,687.1,868.0,986.9,1599.2,3986.0
487.3,1938.5,983.8,1095.6,4773.9,905.2
590.4,2039.7,922.2,988.3,6565.8,598.9
570.8,976.0,883.8,840.8,1161.3,567.4
464.6,910.2,884.3,845.1,1254.9,640.8
446.2,981.7,844.5,849.9,1285.7,592.0
340.9,497.7,644.8,687.0,1003.0,331.1
336.4,499.6,640.6,692.2,995.5,328.8
155.9,155.9,155.9,155.9,155.9,155.9
0.0,0.0,0.0,0.0,0.0,0.0
0.0,0.0,0.0,0.0,0.0,0.0
0.0,0.0,0.0,0.0,0.0,0.0
0.0,0.0,0.0,0.0,0.0,0.0
0.0,0.0,0.0,0.0,0.0,0.0
0.0,0.0,0.0,0.0,0.0,0.0
0.0,0.0,0.0,0.0,0.0,0.0
0.0,0.0,0.0,0.0,0.0,0.0
0.0,0.0,0.0,0.0,0.0,0.0
0.0,0.0,0.0,0.0,0.0,0.0
0.0,0.0,0.0,0.0,0.0,0.0
0.0,0.0,0.0,0.0,0.0,0.0
0.0,0.0,0.0,0.0,0.0,0.0
0.0,0.0,0.0,0.0,0.0,0.0
0.0,0.0,0.0,0.0,0.0,0.0
0.0,0.0,0.0,0.0,0.0,0.0
0.0,0.0,0.0,0.0,0.0,0.0
0.0,0.0,0.0,0.0,0.0,0.0
0.0,0.0,0.0,0.0,0.0,0.0
0.0,0.0,0.0,0.0,0.0,0.0
0.0,0.0,0.0,0.0,0.0,0.0
0.0,0.0,0.0,0.0,0.0,0.0
0.0,0.0,0.0,0.0,0.0,0.0
0.0,0.0,0.0,0.0,0.0,0.0
0.0,0.0,0.0,0.0,0.0,0.0
0.0,0.0,0.0,0.0,0.0,0.0
0.0,0.0,0.0,0.0,0.0,0.0
0.0,0.0,0.0,0.0,0.0,0.0
0.0,0.0,0.0,0.0,0.0,0.0
0.0,0.0,0.0,0.0,0.0,0.0
0.0,0.0,0.0,0.0,0.0,0.0
0.0,0.0,0.0,0.0,0.0,0.0
0.0,0.0,0.0,0.0,0.0,0.0
0.0,0.0,0.0,0.0,0.0,0.0
0.0,0.0,0.0,0.0,0.0,0.0
0.0,0.0,0.0,0.0,0.0,0.0
0.0,0.0,0.0,0.0,0.0,0.0
0.0,0.0,0.0,0.0,0.0,0.0
0.0,0.0,0.0,0.0,0.0,0.0
0.0,0.0,0.0,0.0,0.0,0.0
0.0,0.0,0.0,0.0,0.0,0.0
0.0,0.0,0.0,0.0,0.0,0.0
0.0,0.0,0.0,0.0,0.0,0.0
0.0,0.0,0.0,0.0,0.0,0.0
0.0,0.0,0.0,0.0,0.0,0.0
0.0,0.0,0.0,0.0,0.0,0.0
0.0,0.0,0.0,0.0,0.0,0.0
0.0,0.0,0.0,0.0,0.0,0.0
0.0,0.0,0.0,0.0,0.0,0.0
0.0,0.0,0.0,0.0,0.0,0.0
0.0,0.0,0.0,0.0,0.0,0.0
0.0,0.0,0.0,0.0,0.0,0.0
0.0,0.0,0.0,0.0,0.0,0.0
0.0,0.0,0.0,0.0,0.0,0.0
0.0,0.0,0.0,0.0,0.0,0.0
0.0,0.0,0.0,0.0,0.0,0.0
0.0,0.0,0.0,0.0,0.0,0.0
0.0,0.0,0.0,0.0,0.0,0.0
0.0,0.0,0.0,0.0,0.0,0.0
0.0,0.0,0.0,0.0,0.0,0.0
0.0,0.0,0.0,0.0,0.0,0.0
0.0,0.0,0.0,0.0,0.0,0.0
50.4,50.4,50.4,50.4,50.4,50.4
50.4,50.4,50.4,50.4,50.4,50.4
50.4,50.4,50.4,50.4,50.4,50.4
50.4,50.4,50.4,50.4,50.4,50.4
80.4,80.4,80.4,80.4,80.4,80.4
80.4,80.4,80.4,80.4,80.4,80.4
80.4,80.4,80.4,80.4,80.4,80.4
80.4,80.4,80.4,80.4,80.4,80.4
100.3,100.3,100.3,100.3,100.3,100.3
100.3,100.3,100.3,100.3,100.3,100.3
100.3,100.3,100.3,100.3,100.3,100.3
100.3,100.3,100.3,100.3,100.3,100.3
110.1,110.1,110.1,110.1,110.1,110.1
110.1,110.1,110.1,110.1,110.1,110.1
110.1,110.1,110.1,110.1,110.1,110.1
110.1,110.1,110.1,110.1,110.1,110.1
150.1,150.1,150.1,150.1,150.1,150.1
150.1,150.1,150.1,150.1,150.1,150.1
197.8,152.5,440.2,0.0,0.0,109.9
168.4,190.0,263.2,0.0,168.9,109.9
99.3,107.1,113.5,0.0,127.9,92.6
90.1,90.1,90.1,90.1,90.1,90.1
90.1,90.1,90.1,90.1,90.1,90.1
90.1,90.1,90.1,90.1,90.1,90.1
60.1,60.1,60.1,60.1,60.1,60.1
60.1,60.1,60.1,60.1,60.1,60.1
60.1,60.1,60.1,60.1,60.1,60.1
60.1,60.1,60.1,60.1,60.1,60.1
0.0,0.0,0.0,0.0,0.0,0.0
0.0,0.0,0.0,0.0,0.0,0.0
0.0,0.0,0.0,0.0,0.0,0.0
0.0,0.0,0.0,0.0,0.0,0.0
0.0,0.0,0.0,0.0,0.0,0.0
0.0,0.0,0.0,0.0,0.0,0.0
0.0,0.0,0.0,0.0,0.0,0.0
0.0,0.0,0.0,0.0,0.0,0.0
0.0,0.0,0.0,0.0,0.0,0.0
0.0,0.0,0.0,0.0,0.0,0.0
0.0,0.0,0.0,0.0,0.0,0.0
0.0,0.0,0.0,0.0,0.0,0.0
0.0,0.0,0.0,0.0,0.0,0.0
0.0,0.0,0.0,0.0,0.0,0.0
0.0,0.0,0.0,0.0,0.0,0.0
0.0,0.0,0.0,0.0,0.0,0.0
0.0,0.0,0.0,0.0,0.0,0.0
0.0,0.0,0.0,0.0,0.0,0.0
0.0,0.0,0.0,0.0,0.0,0.0
0.0,0.0,0.0,0.0,0.0,0.0
0.0,0.0,0.0,0.0,0.0,0.0
0.0,0.0,0.0,0.0,0.0,0.0
0.0,0.0,0.0,0.0,0.0,0.0
0.0,0.0,0.0,0.0,0.0,0.0
0.0,0.0,0.0,0.0,0.0,0.0
0.0,0.0,0.0,0.0,0.0,0.0
0.0,0.0,0.0,0.0,0.0,0.0
0.0,0.0,0.0,0.0,0.0,0.0
0.0,0.0,0.0,0.0,0.0,0.0
0.0,0.0,0.0,0.0,0.0,0.0
0.0,0.0,0.0,0.0,0.0,0.0
0.0,0.0,0.0,0.0,0.0,0.0
0.0,0.0,0.0,0.0,0.0,0.0
0.0,0.0,0.0,0.0,0.0,0.0
0.0,0.0,0.0,0.0,0.0,0.0
0.0,0.0,0.0,0.0,0.0,0.0
0.0,0.0,0.0,0.0,0.0,0.0
0.0,0.0,0.0,0.0,0.0,0.0
0.0,0.0,0.0,0.0,0.0,0.0
0.0,0.0,0.0,0.0,0.0,0.0
0.0,0.0,0.0,0.0,0.0,0.0
0.0,0.0,0.0,0.0,0.0,0.0
0.0,0.0,0.0,0.0,0.0,0.0
0.0,0.0,0.0,0.0,0.0,0.0
0.0,0.0,0.0,0.0,0.0,0.0
0.0,0.0,0.0,0.0,0.0,0.0
0.0,0.0,0.0,0.0,0.0,0.0
0.0,0.0,0.0,0.0,0.0,0.0
0.0,0.0,0.0,0.0,0.0,0.0
0.0,0.0,0.0,0.0,0.0,0.0
0.0,0.0,0.0,0.0,0.0,0.0
0.0,0.0,0.0,0.0,0.0,0.0
0.0,0.0,0.0,0.0,0.0,0.0
0.0,0.0,0.0,0.0,0.0,0.0
0.0,0.0,0.0,0.0,0.0,0.0
0.0,0.0,0.0,0.0,0.0,0.0
0.0,0.0,0.0,0.0,0.0,0.0
0.0,0.0,0.0,0.0,0.0,0.0
0.0,0.0,0.0,0.0,0.0,0.0
0.0,0.0,0.0,0.0,0.0,0.0
0.0,0.0,0.0,0.0,0.0,0.0
0.0,0.0,0.0,0.0,0.0,0.0
0.0,0.0,0.0,0.0,0.0,0.0
0.0,0.0,0.0,0.0,0.0,0.0
0.0,0.0,0.0,0.0,0.0,0.0
0.0,0.0,0.0,0.0,0.0,0.0
0.0,0.0,0.0,0.0,0.0,0.0
0.0,0.0,0.0,0.0,0.0,0.0
123.7,1324.6,940.6,2909.4,556.6,302.4
122.3,1351.8,1534.8,2282.0,550.4,299.1
132.1,1120.6,1765.8,2382.6,1627.6,323.0
91.5,614.4,857.2,1831.6,1422.3,546.6
118.7,660.2,914.6,998.5,1548.6,606.1
119.5,684.0,907.9,1001.9,1555.1,613.9
138.7,1049.7,1007.4,1056.6,6272.2,609.4
169.5,1223.6,5076.9,2363.5,4456.6,3287.7
111.0,686.0,2497.3,2689.9,2792.2,2134.9
97.1,663.9,1572.4,1049.8,2753.7,1257.0
1204.1,710.9,1683.5,1129.7,3873.7,1351.2
1197.2,751.9,2174.0,1078.2,4821.9,1823.1
880.9,924.8,930.8,923.7,942.2,928.9
755.8,683.4,969.0,1065.7,1100.7,956.8
922.7,641.7,985.3,980.7,1032.9,968.0
946.5,646.5,1008.2,967.4,988.6,974.1
963.4,631.9,988.7,1002.4,1107.4,956.2
1123.1,637.3,831.3,962.0,1533.4,562.9
869.8,752.2,947.9,955.1,1144.6,980.4
338.0,524.1,602.2,728.9,1026.1,1398.9
312.3,342.3,343.1,345.0,348.8,349.2
88.8,88.8,88.8,88.8,88.8,88.8
88.8,88.8,88.8,88.8,88.8,88.8
88.8,88.8,88.8,88.8,88.8,88.8
59.3,59.3,59.3,59.3,59.3,59.3
59.3,59.3,59.3,59.3,59.3,59.3
59.3,59.3,59.3,59.3,59.3,59.3
59.3,59.3,59.3,59.3,59.3,59.3
0.0,0.0,0.0,0.0,0.0,0.0
0.0,0.0,0.0,0.0,0.0,0.0
0.0,0.0,0.0,0.0,0.0,0.0
0.0,0.0,0.0,0.0,0.0,0.0
0.0,0.0,0.0,0.0,0.0,0.0
0.0,0.0,0.0,0.0,0.0,0.0
0.0,0.0,0.0,0.0,0.0,0.0
0.0,0.0,0.0,0.0,0.0,0.0
0.0,0.0,0.0,0.0,0.0,0.0
0.0,0.0,0.0,0.0,0.0,0.0
0.0,0.0,0.0,0.0,0.0,0.0
0.0,0.0,0.0,0.0,0.0,0.0
0.0,0.0,0.0,0.0,0.0,0.0
0.0,0.0,0.0,0.0,0.0,0.0
0.0,0.0,0.0,0.0,0.0,0.0
0.0,0.0,0.0,0.0,0.0,0.0
0.0,0.0,0.0,0.0,0.0,0.0
0.0,0.0,0.0,0.0,0.0,0.0
0.0,0.0,0.0,0.0,0.0,0.0
0.0,0.0,0.0,0.0,0.0,0.0
0.0,0.0,0.0,0.0,0.0,0.0
0.0,0.0,0.0,0.0,0.0,0.0
0.0,0.0,0.0,0.0,0.0,0.0
0.0,0.0,0.0,0.0,0.0,0.0
0.0,0.0,0.0,0.0,0.0,0.0
0.0,0.0,0.0,0.0,0.0,0.0
0.0,0.0,0.0,0.0,0.0,0.0
0.0,0.0,0.0,0.0,0.0,0.0
0.0,0.0,0.0,0.0,0.0,0.0
0.0,0.0,0.0,0.0,0.0,0.0
0.0,0.0,0.0,0.0,0.0,0.0
0.0,0.0,0.0,0.0,0.0,0.0
0.0,0.0,0.0,0.0,0.0,0.0
0.0,0.0,0.0,0.0,0.0,0.0
0.0,0.0,0.0,0.0,0.0,0.0
0.0,0.0,0.0,0.0,0.0,0.0
0.0,0.0,0.0,0.0,0.0,0.0
0.0,0.0,0.0,0.0,0.0,0.0
0.0,0.0,0.0,0.0,0.0,0.0
0.0,0.0,0.0,0.0,0.0,0.0
0.0,0.0,0.0,0.0,0.0,0.0
0.0,0.0,0.0,0.0,0.0,0.0
0.0,0.0,0.0,0.0,0.0,0.0
0.0,0.0,0.0,0.0,0.0,0.0
0.0,0.0,0.0,0.0,0.0,0.0
0.0,0.0,0.0,0.0,0.0,0.0
0.0,0.0,0.0,0.0,0.0,0.0
0.0,0.0,0.0,0.0,0.0,0.0
0.0,0.0,0.0,0.0,0.0,0.0
0.0,0.0,0.0,0.0,0.0,0.0
0.0,0.0,0.0,0.0,0.0,0.0
0.0,0.0,0.0,0.0,0.0,0.0
0.0,0.0,0.0,0.0,0.0,0.0
0.0,0.0,0.0,0.0,0.0,0.0
0.0,0.0,0.0,0.0,0.0,0.0
0.0,0.0,0.0,0.0,0.0,0.0
0.0,0.0,0.0,0.0,0.0,0.0
0.0,0.0,0.0,0.0,0.0,0.0
0.0,0.0,0.0,0.0,0.0,0.0
0.0,0.0,0.0,0.0,0.0,0.0
0.0,0.0,0.0,0.0,0.0,0.0
0.0,0.0,0.0,0.0,0.0,0.0
0.0,0.0,0.0,0.0,0.0,0.0
0.0,0.0,0.0,0.0,0.0,0.0
0.0,0.0,0.0,0.0,0.0,0.0
0.0,0.0,0.0,0.0,0.0,0.0
0.0,0.0,0.0,0.0,0.0,0.0
0.0,0.0,0.0,0.0,0.0,0.0
39.9,39.9,39.9,39.9,39.9,39.9
39.9,39.9,39.9,39.9,39.9,39.9
0.0,0.0,0.0,95.1,144.2,0.0
0.0,0.0,0.0,239.3,0.0,0.0
0.0,0.0,0.0,799.9,0.0,0.0
0.0,0.0,0.0,0.0,0.0,0.0
56.3,23.4,56.3,46.9,54.4,75.0
38.7,16.1,38.7,32.2,37.4,51.6
411.7,191.0,979.3,374.9,643.0,1708.4
131.9,2085.2,996.3,346.1,593.7,1111.9
1035.6,1135.5,1093.1,1178.4,545.7,844.3
1069.5,1185.1,1666.3,1070.5,544.9,296.1
1434.4,230.2,1194.2,1027.4,863.1,518.9
27.7,86.5,138.4,318.2,737.1,467.6
0.0,0.0,0.0,211.4,490.1,307.9
0.0,27.1,0.0,262.1,610.4,109.9
109.2,96.2,0.0,101.1,138.8,89.5
105.8,98.2,0.0,102.2,139.1,89.6
89.1,89.1,89.1,89.1,89.1,89.1
89.1,89.1,89.1,89.1,89.1,89.1
119.0,119.0,119.0,119.0,119.0,119.0
119.0,119.0,119.0,119.0,119.0,119.0
119.0,119.0,119.0,119.0,119.0,119.0
119.0,119.0,119.0,119.0,119.0,119.0
366.6,241.9,1377.9,1966.1,1730.7,665.9
468.4,197.9,1155.1,1959.4,1627.4,713.3
116.4,149.1,291.3,1856.2,1498.2,590.3
123.1,155.8,304.4,1756.6,1515.2,1927.7
335.6,217.8,442.2,1064.4,1540.2,1399.8
430.0,142.8,469.7,959.7,1461.0,1413.6
455.5,347.9,873.8,939.7,1227.1,1156.0
448.5,502.9,506.9,508.8,518.3,514.6
0.0,0.0,0.0,0.0,0.0,0.0
0.0,0.0,0.0,0.0,0.0,0.0
0.0,0.0,0.0,0.0,0.0,0.0
0.0,0.0,0.0,0.0,0.0,0.0
0.0,0.0,0.0,0.0,0.0,0.0
0.0,0.0,0.0,0.0,0.0,0.0
0.0,0.0,0.0,0.0,0.0,0.0
0.0,0.0,0.0,0.0,0.0,0.0
0.0,0.0,0.0,0.0,0.0,0.0
0.0,0.0,0.0,0.0,0.0,0.0
0.0,0.0,0.0,0.0,0.0,0.0
0.0,0.0,0.0,0.0,0.0,0.0
0.0,0.0,0.0,0.0,0.0,0.0
0.0,0.0,0.0,0.0,0.0,0.0
0.0,0.0,0.0,0.0,0.0,0.0
0.0,0.0,0.0,0.0,0.0,0.0
0.0,0.0,0.0,0.0,0.0,0.0
0.0,0.0,0.0,0.0,0.0,0.0
0.0,0.0,0.0,0.0,0.0,0.0
0.0,0.0,0.0,0.0,0.0,0.0
0.0,0.0,0.0,0.0,0.0,0.0
0.0,0.0,0.0,0.0,0.0,0.0
0.0,0.0,0.0,0.0,0.0,0.0
0.0,0.0,0.0,0.0,0.0,0.0
0.0,0.0,0.0,0.0,0.0,0.0
0.0,0.0,0.0,0.0,0.0,0.0
0.0,0.0,0.0,0.0,0.0,0.0
0.0,0.0,0.0,0.0,0.0,0.0
0.0,0.0,0.0,0.0,0.0,0.0
0.0,0.0,0.0,0.0,0.0,0.0
0.0,0.0,0.0,0.0,0.0,0.0
0.0,0.0,0.0,0.0,0.0,0.0
0.0,0.0,0.0,0.0,0.0,0.0
0.0,0.0,0.0,0.0,0.0,0.0
0.0,0.0,0.0,0.0,0.0,0.0
0.0,0.0,0.0,0.0,0.0,0.0
0.0,0.0,0.0,0.0,0.0,0.0
0.0,0.0,0.0,0.0,0.0,0.0
0.0,0.0,0.0,0.0,0.0,0.0
0.0,0.0,0.0,0.0,0.0,0.0
0.0,0.0,0.0,0.0,0.0,0.0
0.0,0.0,0.0,0.0,0.0,0.0
0.0,0.0,0.0,0.0,0.0,0.0
0.0,0.0,0.0,0.0,0.0,0.0
0.0,0.0,0.0,0.0,0.0,0.0
0.0,0.0,0.0,0.0,0.0,0.0
0.0,0.0,0.0,0.0,0.0,0.0
0.0,0.0,0.0,0.0,0.0,0.0
0.0,0.0,0.0,0.0,0.0,0.0
0.0,0.0,0.0,0.0,0.0,0.0
0.0,0.0,0.0,0.0,0.0,0.0
0.0,0.0,0.0,0.0,0.0,0.0
0.0,0.0,0.0,0.0,0.0,0.0
0.0,0.0,0.0,0.0,0.0,0.0
0.0,0.0,0.0,0.0,0.0,0.0
0.0,0.0,0.0,0.0,0.0,0.0
0.0,0.0,0.0,0.0,0.0,0.0
0.0,0.0,0.0,0.0,0.0,0.0
0.0,0.0,0.0,0.0,0.0,0.0
0.0,0.0,0.0,0.0,0.0,0.0
0.0,0.0,0.0,0.0,0.0,0.0
0.0,0.0,0.0,0.0,0.0,0.0
0.0,0.0,0.0,0.0,0.0,0.0
0.0,0.0,0.0,0.0,0.0,0.0
40.1,40.1,40.1,40.1,40.1,40.1
40.1,40.1,40.1,40.1,40.1,40.1
40.1,40.1,40.1,40.1,40.1,40.1
40.1,40.1,40.1,40.1,40.1,40.1
60.1,60.1,60.1,60.1,60.1,60.1
60.1,60.1,60.1,60.1,60.1,60.1
60.1,60.1,60.1,60.1,60.1,60.1
60.1,60.1,60.1,60.1,60.1,60.1
80.1,80.1,80.1,80.1,80.1,80.1
80.1,80.1,80.1,80.1,80.1,80.1
80.1,80.1,80.1,80.1,80.1,80.1
80.1,80.1,80.1,80.1,80.1,80.1
110.1,110.1,110.1,110.1,110.1,110.1
110.1,110.1,110.1,110.1,110.1,110.1
150.5,186.7,40.3,0.0,283.0,0.0
136.7,154.2,162.1,0.0,207.7,0.0
110.4,133.9,141.2,0.0,99.3,54.9
9.8,176.9,190.5,0.0,0.0,162.5
9.8,99.2,100.3,0.0,187.7,142.8
32.7,108.4,106.5,0.0,201.5,90.6
69.7,69.7,69.7,69.7,69.7,69.7
75.7,30.5,72.8,75.4,87.9,76.2
69.7,69.7,69.7,69.7,69.7,69.7
69.7,69.7,69.7,69.7,69.7,69.7
49.6,49.6,49.6,49.6,49.6,49.6
49.6,49.6,49.6,49.6,49.6,49.6
49.6,49.6,49.6,49.6,49.6,49.6
49.6,49.6,49.6,49.6,49.6,49.6
0.0,0.0,0.0,0.0,0.0,0.0
0.0,0.0,0.0,0.0,0.0,0.0
0.0,0.0,0.0,0.0,0.0,0.0
0.0,0.0,0.0,0.0,0.0,0.0
0.0,0.0,0.0,0.0,0.0,0.0
0.0,0.0,0.0,0.0,0.0,0.0
0.0,0.0,0.0,0.0,0.0,0.0
0.0,0.0,0.0,0.0,0.0,0.0
0.0,0.0,0.0,0.0,0.0,0.0
0.0,0.0,0.0,0.0,0.0,0.0
0.0,0.0,0.0,0.0,0.0,0.0
0.0,0.0,0.0,0.0,0.0,0.0
0.0,0.0,0.0,0.0,0.0,0.0
0.0,0.0,0.0,0.0,0.0,0.0
0.0,0.0,0.0,0.0,0.0,0.0
0.0,0.0,0.0,0.0,0.0,0.0
0.0,0.0,0.0,0.0,0.0,0.0
0.0,0.0,0.0,0.0,0.0,0.0
0.0,0.0,0.0,0.0,0.0,0.0
0.0,0.0,0.0,0.0,0.0,0.0
0.0,0.0,0.0,0.0,0.0,0.0
0.0,0.0,0.0,0.0,0.0,0.0
0.0,0.0,0.0,0.0,0.0,0.0
0.0,0.0,0.0,0.0,0.0,0.0
0.0,0.0,0.0,0.0,0.0,0.0
0.0,0.0,0.0,0.0,0.0,0.0
0.0,0.0,0.0,0.0,0.0,0.0
0.0,0.0,0.0,0.0,0.0,0.0
0.0,0.0,0.0,0.0,0.0,0.0
0.0,0.0,0.0,0.0,0.0,0.0
0.0,0.0,0.0,0.0,0.0,0.0
0.0,0.0,0.0,0.0,0.0,0.0
0.0,0.0,0.0,0.0,0.0,0.0
0.0,0.0,0.0,0.0,0.0,0.0
0.0,0.0,0.0,0.0,0.0,0.0
0.0,0.0,0.0,0.0,0.0,0.0
0.0,0.0,0.0,0.0,0.0,0.0
0.0,0.0,0.0,0.0,0.0,0.0
0.0,0.0,0.0,0.0,0.0,0.0
0.0,0.0,0.0,0.0,0.0,0.0
0.0,0.0,0.0,0.0,0.0,0.0
0.0,0.0,0.0,0.0,0.0,0.0
0.0,0.0,0.0,0.0,0.0,0.0
0.0,0.0,0.0,0.0,0.0,0.0
0.0,0.0,0.0,0.0,0.0,0.0
0.0,0.0,0.0,0.0,0.0,0.0
0.0,0.0,0.0,0.0,0.0,0.0
0.0,0.0,0.0,0.0,0.0,0.0
0.0,0.0,0.0,0.0,0.0,0.0
0.0,0.0,0.0,0.0,0.0,0.0
0.0,0.0,0.0,0.0,0.0,0.0
0.0,0.0,0.0,0.0,0.0,0.0
0.0,0.0,0.0,0.0,0.0,0.0
0.0,0.0,0.0,0.0,0.0,0.0
0.0,0.0,0.0,0.0,0.0,0.0
0.0,0.0,0.0,0.0,0.0,0.0
0.0,0.0,0.0,0.0,0.0,0.0
0.0,0.0,0.0,0.0,0.0,0.0
0.0,0.0,0.0,0.0,0.0,0.0
0.0,0.0,0.0,0.0,0.0,0.0
0.0,0.0,0.0,0.0,0.0,0.0
0.0,0.0,0.0,0.0,0.0,0.0
0.0,0.0,0.0,0.0,0.0,0.0
0.0,0.0,0.0,0.0,0.0,0.0
0.0,0.0,0.0,0.0,0.0,0.0
0.0,0.0,0.0,0.0,0.0,0.0
0.0,0.0,0.0,0.0,0.0,0.0
0.0,0.0,0.0,0.0,0.0,0.0
40.2,40.2,40.2,40.2,40.2,40.2
40.2,40.2,40.2,40.2,40.2,40.2
40.2,40.2,40.2,40.2,40.2,40.2
40.2,40.2,40.2,40.2,40.2,40.2
91.2,92.3,59.8,93.1,101.8,103.3
90.2,90.2,90.2,90.2,90.2,90.2
3.5,237.6,3.5,288.7,3.4,4.7
0.0,224.8,0.0,316.6,0.0,0.0
173.5,0.0,0.0,667.2,0.0,0.0
0.0,0.0,0.0,0.0,0.0,0.0
0.0,0.0,0.0,0.0,0.0,0.0
0.0,0.0,0.0,0.0,0.0,0.0
0.0,0.0,0.0,0.0,0.0,0.0
59.8,24.9,59.8,49.8,57.8,152.8
296.5,770.2,803.9,895.5,892.6,932.9
155.7,160.1,160.3,161.6,160.7,161.0
141.6,28.8,5.4,496.7,11.0,215.6
104.2,405.0,0.0,103.1,0.0,286.8
198.3,267.6,0.0,97.7,82.4,253.2
204.4,32.2,0.0,92.3,390.6,179.7
562.8,30.5,131.5,1085.3,1054.9,313.4
640.8,28.8,551.5,1769.1,104.4,315.8
771.9,339.2,867.5,0.0,98.9,315.8
1026.8,571.9,1172.0,594.0,137.6,376.7
1271.5,19.0,1159.2,1162.2,1143.1,376.7
1301.6,0.0,1096.6,2918.4,1791.2,322.9
1111.6,0.0,1111.4,2604.7,0.0,320.5
896.4,283.2,835.7,2913.6,0.0,317.0
761.1,572.7,568.4,1786.2,0.0,1311.7
601.6,739.9,568.4,1851.1,0.0,1239.0
283.0,711.4,0.0,1971.5,0.0,2034.0
413.4,795.3,40.7,1571.3,0.0,2179.3
344.9,790.0,702.8,1320.9,0.0,1841.4
391.9,820.2,545.6,1381.6,23.8,1836.8
428.3,906.2,114.9,1451.4,61.2,2038.2
330.1,658.9,599.5,954.7,865.1,1591.8
306.6,588.6,867.6,859.7,1212.6,1164.8
468.8,834.2,912.2,859.9,1013.8,911.1
534.0,670.6,953.1,874.3,1055.5,912.5
492.6,636.3,924.0,880.4,1206.8,860.0
524.1,800.9,885.3,856.1,1086.5,847.1
647.1,738.6,877.9,851.3,1028.0,857.2
644.0,738.2,889.1,849.3,1028.1,851.3
817.2,733.0,852.6,843.8,909.0,844.4
839.8,736.1,847.8,841.9,890.9,843.5
857.5,647.2,857.6,848.8,943.4,845.5
854.0,615.5,853.5,874.5,951.2,851.3
856.9,710.5,847.4,862.6,877.2,845.4
836.0,637.1,866.0,890.7,918.3,851.9
171.1,680.9,924.3,1225.9,1101.6,889.9
0.0,0.0,0.0,0.0,0.0,0.0
0.0,0.0,0.0,0.0,0.0,0.0
0.0,0.0,0.0,0.0,0.0,0.0
0.0,0.0,0.0,0.0,0.0,0.0
0.0,0.0,0.0,0.0,0.0,0.0
0.0,0.0,0.0,0.0,0.0,0.0
0.0,0.0,0.0,0.0,0.0,0.0
0.0,0.0,0.0,0.0,0.0,0.0
0.0,0.0,0.0,0.0,0.0,0.0
0.0,0.0,0.0,0.0,0.0,0.0
0.0,0.0,0.0,0.0,0.0,0.0
0.0,0.0,0.0,0.0,0.0,0.0
0.0,0.0,0.0,0.0,0.0,0.0
0.0,0.0,0.0,0.0,0.0,0.0
0.0,0.0,0.0,0.0,0.0,0.0
0.0,0.0,0.0,0.0,0.0,0.0
0.0,0.0,0.0,0.0,0.0,0.0
0.0,0.0,0.0,0.0,0.0,0.0
0.0,0.0,0.0,0.0,0.0,0.0
0.0,0.0,0.0,0.0,0.0,0.0
0.0,0.0,0.0,0.0,0.0,0.0
0.0,0.0,0.0,0.0,0.0,0.0
0.0,0.0,0.0,0.0,0.0,0.0
0.0,0.0,0.0,0.0,0.0,0.0
0.0,0.0,0.0,0.0,0.0,0.0
0.0,0.0,0.0,0.0,0.0,0.0
0.0,0.0,0.0,0.0,0.0,0.0
0.0,0.0,0.0,0.0,0.0,0.0
0.0,0.0,0.0,0.0,0.0,0.0
0.0,0.0,0.0,0.0,0.0,0.0
0.0,0.0,0.0,0.0,0.0,0.0
0.0,0.0,0.0,0.0,0.0,0.0
0.0,0.0,0.0,0.0,0.0,0.0
0.0,0.0,0.0,0.0,0.0,0.0
0.0,0.0,0.0,0.0,0.0,0.0
0.0,0.0,0.0,0.0,0.0,0.0
0.0,0.0,0.0,0.0,0.0,0.0
0.0,0.0,0.0,0.0,0.0,0.0
0.0,0.0,0.0,0.0,0.0,0.0
0.0,0.0,0.0,0.0,0.0,0.0
0.0,0.0,0.0,0.0,0.0,0.0
0.0,0.0,0.0,0.0,0.0,0.0
0.0,0.0,0.0,0.0,0.0,0.0
0.0,0.0,0.0,0.0,0.0,0.0
0.0,0.0,0.0,0.0,0.0,0.0
0.0,0.0,0.0,0.0,0.0,0.0
224.3,0.0,763.6,233.3,1809.9,1224.0
508.9,7.3,586.0,14.7,17.0,1211.9
686.3,30.8,521.4,61.5,71.4,1406.0
812.5,2.9,2956.8,5.9,6.8,820.0
858.6,0.0,1888.6,0.0,0.0,548.5
760.2,0.0,1300.8,2517.5,0.0,978.4
0.0,0.0,1263.1,2246.2,0.0,1036.3
0.0,1282.5,1389.6,2015.7,0.0,1509.9
165.6,1192.6,1291.8,2409.5,5063.4,2048.1
0.0,247.0,0.0,694.8,339.4,248.6
1807.5,1264.0,1807.5,2053.2,1747.2,2410.0
471.2,705.4,471.2,392.7,455.5,628.3
239.1,604.9,239.1,608.9,231.2,318.8
181.7,54.2,130.1,831.7,125.8,383.2
326.1,2.9,31.5,729.1,6.8,326.4
467.3,101.1,1366.0,1435.8,756.5,644.0
2045.1,1102.7,3283.3,5520.2,5101.2,2892.7
2082.6,1352.8,2807.3,5081.3,4196.1,2965.4
1915.2,1271.8,2366.8,4114.3,2950.0,2756.1
1635.2,1203.6,2203.6,2772.9,1580.7,4913.9
851.0,874.9,1423.7,2114.2,1493.8,3332.5
21.1,529.1,587.4,1422.6,1034.7,602.0
7.0,527.1,7.0,897.6,6.8,9.4
10.5,1952.7,10.5,8.8,10.2,14.1
21.1,1409.0,21.1,17.6,20.4,28.1
35.2,1369.3,35.2,1130.9,34.0,46.9
0.0,1042.2,0.0,3500.2,0.0,0.0
0.0,327.3,0.0,3000.9,1621.4,0.0
116.7,2.9,7.0,516.0,2069.4,9.4
298.5,30.8,331.6,61.5,2141.5,284.6
212.9,7.3,2319.3,14.7,2068.3,352.2
51.0,0.0,1715.1,0.0,1700.6,328.8
0.0,0.0,1194.1,0.0,1040.7,906.4
0.0,509.0,953.9,453.7,925.7,2157.7
0.0,503.4,1037.4,0.0,1537.9,1921.3
186.2,345.2,944.8,0.0,2347.0,1176.8
328.8,702.1,589.6,0.0,2251.4,1128.1
463.8,510.9,471.6,0.0,518.0,705.2
0.0,0.0,0.0,0.0,0.0,0.0
0.0,0.0,0.0,0.0,0.0,0.0
0.0,0.0,0.0,0.0,0.0,0.0
0.0,0.0,0.0,0.0,0.0,0.0
0.0,0.0,0.0,0.0,0.0,0.0
0.0,0.0,0.0,0.0,0.0,0.0
0.0,0.0,0.0,0.0,0.0,0.0
0.0,0.0,0.0,0.0,0.0,0.0
0.0,0.0,0.0,0.0,0.0,0.0
0.0,0.0,0.0,0.0,0.0,0.0
0.0,0.0,0.0,0.0,0.0,0.0
0.0,0.0,0.0,0.0,0.0,0.0
0.0,0.0,0.0,0.0,0.0,0.0
0.0,0.0,0.0,0.0,0.0,0.0
0.0,0.0,0.0,0.0,0.0,0.0
0.0,0.0,0.0,0.0,0.0,0.0
0.0,0.0,0.0,0.0,0.0,0.0
0.0,0.0,0.0,0.0,0.0,0.0
0.0,0.0,0.0,0.0,0.0,0.0
0.0,0.0,0.0,0.0,0.0,0.0
0.0,0.0,0.0,0.0,0.0,0.0
0.0,0.0,0.0,0.0,0.0,0.0
0.0,0.0,0.0,0.0,0.0,0.0
0.0,0.0,0.0,0.0,0.0,0.0
0.0,0.0,0.0,0.0,0.0,0.0
0.0,0.0,0.0,0.0,0.0,0.0
0.0,0.0,0.0,0.0,0.0,0.0
0.0,0.0,0.0,0.0,0.0,0.0
0.0,0.0,0.0,0.0,0.0,0.0
0.0,0.0,0.0,0.0,0.0,0.0
0.0,0.0,0.0,0.0,0.0,0.0
0.0,0.0,0.0,0.0,0.0,0.0
0.0,0.0,0.0,0.0,0.0,0.0
0.0,0.0,0.0,0.0,0.0,0.0
0.0,0.0,0.0,0.0,0.0,0.0
0.0,0.0,0.0,0.0,0.0,0.0
0.0,0.0,0.0,0.0,0.0,0.0
0.0,0.0,0.0,0.0,0.0,0.0
0.0,0.0,0.0,0.0,0.0,0.0
0.0,0.0,0.0,0.0,0.0,0.0
0.0,0.0,0.0,0.0,0.0,0.0
0.0,0.0,0.0,0.0,0.0,0.0
0.0,0.0,0.0,0.0,0.0,0.0
0.0,0.0,0.0,0.0,0.0,0.0
0.0,0.0,0.0,0.0,0.0,0.0
0.0,0.0,0.0,0.0,0.0,0.0
0.0,0.0,0.0,0.0,0.0,0.0
0.0,0.0,0.0,0.0,0.0,0.0
0.0,0.0,0.0,0.0,0.0,0.0
0.0,0.0,0.0,0.0,0.0,0.0
0.0,0.0,0.0,0.0,0.0,0.0
0.0,0.0,0.0,0.0,0.0,0.0
0.0,0.0,0.0,0.0,0.0,0.0
0.0,0.0,0.0,0.0,0.0,0.0
0.0,0.0,0.0,0.0,0.0,0.0
0.0,0.0,0.0,0.0,0.0,0.0
0.0,0.0,0.0,0.0,0.0,0.0
0.0,0.0,0.0,0.0,0.0,0.0
41.2,41.2,41.2,41.2,41.2,41.2
41.2,41.2,41.2,41.2,41.2,41.2
41.2,41.2,41.2,41.2,41.2,41.2
41.2,41.2,41.2,41.2,41.2,41.2
92.2,92.2,92.2,92.2,92.2,92.2
92.2,92.2,92.2,92.2,92.2,92.2
92.2,92.2,92.2,92.2,92.2,92.2
92.2,92.2,92.2,92.2,92.2,92.2
142.6,142.6,142.6,142.6,142.6,142.6
142.6,142.6,142.6,142.6,142.6,142.6
142.6,142.6,142.6,142.6,142.6,142.6
142.6,142.6,142.6,142.6,142.6,142.6
838.7,838.7,838.7,838.7,838.7,838.7
838.7,838.7,838.7,838.7,838.7,838.7
838.7,838.7,838.7,838.7,838.7,838.7
838.7,838.7,838.7,838.7,838.7,838.7
475.1,475.1,475.1,475.1,475.1,475.1
475.1,475.1,475.1,475.1,475.1,475.1
358.8,475.6,482.9,497.3,540.0,496.0
475.1,475.1,475.1,475.1,475.1,475.1
111.7,111.7,111.7,111.7,111.7,111.7
111.7,111.7,111.7,111.7,111.7,111.7
111.7,111.7,111.7,111.7,111.7,111.7
111.7,111.7,111.7,111.7,111.7,111.7
61.2,61.2,61.2,61.2,61.2,61.2
61.2,61.2,61.2,61.2,61.2,61.2
61.2,61.2,61.2,61.2,61.2,61.2
61.2,61.2,61.2,61.2,61.2,61.2
1265.6,1265.6,1265.6,1265.6,1265.6,1265.6
955.6,1268.0,1299.0,1377.0,1403.6,1290.5
961.5,1266.4,1304.4,1333.7,1438.8,1288.9
1265.6,1265.6,1265.6,1265.6,1265.6,1265.6
0.0,0.0,0.0,0.0,0.0,0.0
0.0,0.0,0.0,0.0,0.0,0.0
0.0,0.0,0.0,0.0,0.0,0.0
0.0,0.0,0.0,0.0,0.0,0.0
0.0,0.0,0.0,0.0,0.0,0.0
0.0,0.0,0.0,0.0,0.0,0.0
0.0,0.0,0.0,0.0,0.0,0.0
0.0,0.0,0.0,0.0,0.0,0.0
0.0,0.0,0.0,0.0,0.0,0.0
0.0,0.0,0.0,0.0,0.0,0.0
0.0,0.0,0.0,0.0,0.0,0.0
0.0,0.0,0.0,0.0,0.0,0.0
0.0,0.0,0.0,0.0,0.0,0.0
0.0,0.0,0.0,0.0,0.0,0.0
0.0,0.0,0.0,0.0,0.0,0.0
0.0,0.0,0.0,0.0,0.0,0.0
0.0,0.0,0.0,0.0,0.0,0.0
0.0,0.0,0.0,0.0,0.0,0.0
0.0,0.0,0.0,0.0,0.0,0.0
0.0,0.0,0.0,0.0,0.0,0.0
0.0,0.0,0.0,0.0,0.0,0.0
0.0,0.0,0.0,0.0,0.0,0.0
0.0,0.0,0.0,0.0,0.0,0.0
0.0,0.0,0.0,0.0,0.0,0.0
0.0,0.0,0.0,0.0,0.0,0.0
0.0,0.0,0.0,0.0,0.0,0.0
0.0,0.0,0.0,0.0,0.0,0.0
0.0,0.0,0.0,0.0,0.0,0.0
0.0,0.0,0.0,0.0,0.0,0.0
0.0,0.0,0.0,0.0,0.0,0.0
0.0,0.0,0.0,0.0,0.0,0.0
0.0,0.0,0.0,0.0,0.0,0.0
0.0,0.0,0.0,0.0,0.0,0.0
0.0,0.0,0.0,0.0,0.0,0.0
0.0,0.0,0.0,0.0,0.0,0.0
0.0,0.0,0.0,0.0,0.0,0.0
0.0,0.0,0.0,0.0,0.0,0.0
0.0,0.0,0.0,0.0,0.0,0.0
0.0,0.0,0.0,0.0,0.0,0.0
0.0,0.0,0.0,0.0,0.0,0.0
0.0,0.0,0.0,0.0,0.0,0.0
0.0,0.0,0.0,0.0,0.0,0.0
0.0,0.0,0.0,0.0,0.0,0.0
0.0,0.0,0.0,0.0,0.0,0.0
0.0,0.0,0.0,0.0,0.0,0.0
0.0,0.0,0.0,0.0,0.0,0.0
0.0,0.0,0.0,0.0,0.0,0.0
0.0,0.0,0.0,0.0,0.0,0.0
0.0,0.0,0.0,0.0,0.0,0.0
0.0,0.0,0.0,0.0,0.0,0.0
0.0,0.0,0.0,0.0,0.0,0.0
0.0,0.0,0.0,0.0,0.0,0.0
0.0,0.0,0.0,0.0,0.0,0.0
0.0,0.0,0.0,0.0,0.0,0.0
0.0,0.0,0.0,0.0,0.0,0.0
0.0,0.0,0.0,0.0,0.0,0.0
0.0,0.0,0.0,0.0,0.0,0.0
0.0,0.0,0.0,0.0,0.0,0.0
0.0,0.0,0.0,0.0,0.0,0.0
0.0,0.0,0.0,0.0,0.0,0.0
0.0,0.0,0.0,0.0,0.0,0.0
0.0,0.0,0.0,0.0,0.0,0.0
0.0,0.0,0.0,0.0,0.0,0.0
0.0,0.0,0.0,0.0,0.0,0.0
0.0,108.9,0.0,137.8,0.0,0.0
41.1,41.1,41.1,41.1,41.1,41.1
41.1,41.1,41.1,41.1,41.1,41.1
0.0,120.7,0.0,0.0,0.0,0.0
0.0,0.0,0.0,0.0,0.0,0.0
0.0,0.0,0.0,0.0,0.0,0.0
0.0,0.0,0.0,0.0,0.0,0.0
0.0,0.0,0.0,0.0,923.8,288.7
0.0,0.0,0.0,0.0,984.2,307.5
0.0,0.0,0.0,0.0,557.8,219.3
0.0,0.0,0.0,0.0,479.0,195.1
0.0,0.0,0.0,0.0,241.3,75.4
70.3,29.3,70.3,58.6,68.0,93.8
34.0,17.0,35.9,739.3,38.1,44.6
0.0,779.5,0.0,588.1,0.0,0.0
274.6,249.3,0.0,271.3,0.0,0.0
453.0,680.5,0.0,692.2,0.0,0.0
509.1,591.1,0.0,697.3,0.0,0.0
442.3,739.1,0.0,699.9,6299.2,0.0
553.0,724.7,0.0,692.7,2115.9,0.0
542.1,601.0,0.0,574.3,1400.7,0.0
540.8,731.2,0.0,567.2,1278.9,0.0
563.6,785.0,28.1,585.4,1118.4,37.5
576.3,673.2,70.3,588.6,1115.8,93.8
307.5,391.0,0.0,353.1,666.8,0.0
289.3,319.7,0.0,310.5,431.4,367.5
286.4,286.4,286.4,286.4,286.4,286.4
296.9,310.3,319.1,132.2,345.0,314.8
945.8,1429.4,1893.8,0.0,2537.5,1398.5
996.1,1326.7,1717.8,0.0,2263.8,1668.2
923.1,1345.8,2003.5,0.0,3006.0,1779.3
935.7,1202.5,1819.6,1987.0,2377.3,1711.9
0.0,0.0,0.0,0.0,0.0,0.0
0.0,0.0,0.0,0.0,0.0,0.0
0.0,0.0,0.0,0.0,0.0,0.0
0.0,0.0,0.0,0.0,0.0,0.0
0.0,0.0,0.0,0.0,0.0,0.0
0.0,0.0,0.0,0.0,0.0,0.0
0.0,0.0,0.0,0.0,0.0,0.0
0.0,0.0,0.0,0.0,0.0,0.0
0.0,0.0,0.0,0.0,0.0,0.0
0.0,0.0,0.0,0.0,0.0,0.0
0.0,0.0,0.0,0.0,0.0,0.0
0.0,0.0,0.0,0.0,0.0,0.0
0.0,0.0,0.0,0.0,0.0,0.0
0.0,0.0,0.0,0.0,0.0,0.0
0.0,0.0,0.0,0.0,0.0,0.0
0.0,0.0,0.0,0.0,0.0,0.0
0.0,0.0,0.0,0.0,0.0,0.0
0.0,0.0,0.0,0.0,0.0,0.0
0.0,0.0,0.0,0.0,0.0,0.0
0.0,0.0,0.0,0.0,0.0,0.0
0.0,0.0,0.0,0.0,0.0,0.0
0.0,0.0,0.0,0.0,0.0,0.0
0.0,0.0,0.0,0.0,0.0,0.0
0.0,0.0,0.0,0.0,0.0,0.0
0.0,0.0,0.0,0.0,0.0,0.0
0.0,0.0,0.0,0.0,0.0,0.0
0.0,0.0,0.0,0.0,0.0,0.0
0.0,0.0,0.0,0.0,0.0,0.0
0.0,0.0,0.0,0.0,0.0,0.0
0.0,0.0,0.0,0.0,0.0,0.0
0.0,0.0,0.0,0.0,0.0,0.0
0.0,0.0,0.0,0.0,0.0,0.0
0.0,0.0,0.0,0.0,0.0,0.0
0.0,0.0,0.0,0.0,0.0,0.0
0.0,0.0,0.0,0.0,0.0,0.0
0.0,0.0,0.0,0.0,0.0,0.0
0.0,0.0,0.0,0.0,0.0,0.0
0.0,0.0,0.0,0.0,0.0,0.0
0.0,0.0,0.0,0.0,0.0,0.0
0.0,0.0,0.0,0.0,0.0,0.0
0.0,0.0,0.0,0.0,0.0,0.0
0.0,0.0,0.0,0.0,0.0,0.0
0.0,0.0,0.0,0.0,0.0,0.0
0.0,0.0,0.0,0.0,0.0,0.0
0.0,0.0,0.0,0.0,0.0,0.0
0.0,0.0,0.0,0.0,0.0,0.0
0.0,0.0,0.0,0.0,0.0,0.0
0.0,0.0,0.0,0.0,0.0,0.0
0.0,0.0,0.0,0.0,0.0,0.0
0.0,0.0,0.0,0.0,0.0,0.0
0.0,0.0,0.0,0.0,0.0,0.0
0.0,0.0,0.0,0.0,0.0,0.0
0.0,0.0,0.0,0.0,0.0,0.0
0.0,0.0,0.0,0.0,0.0,0.0
0.0,0.0,0.0,0.0,0.0,0.0
0.0,0.0,0.0,0.0,0.0,0.0
0.0,0.0,0.0,0.0,0.0,0.0
0.0,0.0,0.0,0.0,0.0,0.0
0.0,0.0,0.0,0.0,0.0,0.0
0.0,0.0,0.0,0.0,0.0,0.0
0.0,0.0,0.0,0.0,0.0,0.0
0.0,0.0,0.0,0.0,0.0,0.0
0.0,0.0,0.0,0.0,0.0,0.0
0.0,0.0,0.0,0.0,0.0,0.0
589.0,384.6,0.0,528.8,3007.9,240.4
488.2,518.5,0.0,712.9,2044.6,324.0
411.3,0.0,1737.1,0.0,2545.2,0.0
366.3,0.0,1180.7,0.0,2364.4,0.0
406.0,0.0,1469.8,0.0,2197.1,0.0
384.7,2.9,1372.5,5.9,1858.0,9.4
556.8,29.3,1339.1,1812.2,1716.4,1728.3
423.7,8.8,1090.2,1209.6,1847.6,1139.1
247.4,893.3,952.0,1235.5,1345.7,1184.0
338.3,607.2,1016.0,1178.6,1586.3,1131.5
190.4,983.5,1082.1,1146.5,1334.5,1120.9
193.0,960.2,1193.5,1143.9,1253.0,1114.3
172.1,882.5,1180.4,1150.4,1477.8,1114.9
21.1,8.8,21.1,17.6,20.4,28.1
73.8,30.8,73.8,61.5,71.4,98.5
7.0,2.9,7.0,5.9,6.8,9.4
0.0,0.0,0.0,0.0,0.0,0.0
0.0,0.0,0.0,0.0,0.0,0.0
1357.4,0.0,1357.4,0.0,27.5,0.0
2213.3,0.0,2213.3,0.0,104.4,1385.6
2201.3,0.0,2201.3,0.0,2670.3,4688.6
1832.1,4.4,1832.1,8.8,114.6,2949.2
3407.5,487.6,3407.5,958.2,1210.5,3961.9
4460.4,620.6,4752.0,1168.2,1712.8,4574.6
1876.9,1057.2,2140.6,486.6,808.8,5078.8
2345.5,905.5,3664.2,1849.6,3564.4,4941.8
3972.8,1684.7,4021.7,7076.9,5491.6,5626.4
1983.1,854.2,2021.6,4677.5,1907.0,2630.3
1564.2,572.0,1363.2,2687.6,1267.9,1698.6
615.1,726.8,645.5,2125.1,584.7,837.0
80.1,539.8,830.1,2021.3,68.0,209.8
10.3,565.6,816.7,4379.5,0.0,2967.0
8.1,1294.8,0.0,2398.0,1183.0,116.0
151.9,917.2,0.0,208.1,3399.3,109.9
163.3,759.0,0.0,0.0,2127.9,116.0
0.0,940.7,0.0,0.0,1760.8,91.6
0.0,1362.0,0.0,0.0,2028.5,1609.5
0.0,671.1,0.0,0.0,2729.2,1599.7
0.0,104.0,0.0,404.4,1556.9,0.0
66.8,27.8,66.8,592.9,273.3,89.1
0.0,0.0,0.0,0.0,0.0,0.0
0.0,0.0,0.0,0.0,0.0,0.0
0.0,0.0,0.0,0.0,0.0,0.0
0.0,0.0,0.0,0.0,0.0,0.0
0.0,0.0,0.0,0.0,0.0,0.0
0.0,0.0,0.0,0.0,0.0,0.0
0.0,0.0,0.0,0.0,0.0,0.0
0.0,0.0,0.0,0.0,0.0,0.0
0.0,0.0,0.0,0.0,0.0,0.0
0.0,0.0,0.0,0.0,0.0,0.0
0.0,0.0,0.0,0.0,0.0,0.0
0.0,0.0,0.0,0.0,0.0,0.0
0.0,0.0,0.0,0.0,0.0,0.0
0.0,0.0,0.0,0.0,0.0,0.0
0.0,0.0,0.0,0.0,0.0,0.0
0.0,0.0,0.0,0.0,0.0,0.0
0.0,0.0,0.0,0.0,0.0,0.0
0.0,0.0,0.0,0.0,0.0,0.0
0.0,0.0,0.0,0.0,0.0,0.0
0.0,0.0,0.0,0.0,0.0,0.0
0.0,0.0,0.0,0.0,0.0,0.0
0.0,0.0,0.0,0.0,0.0,0.0
0.0,0.0,0.0,0.0,0.0,0.0
0.0,0.0,0.0,0.0,0.0,0.0
0.0,0.0,0.0,0.0,0.0,0.0
0.0,0.0,0.0,0.0,0.0,0.0
0.0,0.0,0.0,0.0,0.0,0.0
0.0,0.0,0.0,0.0,0.0,0.0
0.0,0.0,0.0,0.0,0.0,0.0
0.0,0.0,0.0,0.0,0.0,0.0
0.0,0.0,0.0,0.0,0.0,0.0
0.0,0.0,0.0,0.0,0.0,0.0
0.0,0.0,0.0,0.0,0.0,0.0
0.0,0.0,0.0,0.0,0.0,0.0
0.0,0.0,0.0,0.0,0.0,0.0
0.0,0.0,0.0,0.0,0.0,0.0
0.0,0.0,0.0,0.0,0.0,0.0
0.0,0.0,0.0,0.0,0.0,0.0
0.0,0.0,0.0,0.0,0.0,0.0
0.0,0.0,0.0,0.0,0.0,0.0
0.0,0.0,0.0,0.0,0.0,0.0
0.0,0.0,0.0,0.0,0.0,0.0
0.0,0.0,0.0,0.0,0.0,0.0
0.0,0.0,0.0,0.0,0.0,0.0
0.0,0.0,0.0,0.0,0.0,0.0
0.0,0.0,0.0,0.0,0.0,0.0
0.0,0.0,0.0,0.0,0.0,0.0
0.0,0.0,0.0,0.0,0.0,0.0
0.0,0.0,0.0,0.0,0.0,0.0
0.0,0.0,0.0,0.0,0.0,0.0
0.0,0.0,0.0,0.0,0.0,0.0
0.0,0.0,0.0,0.0,0.0,0.0
0.0,0.0,0.0,0.0,0.0,0.0
0.0,0.0,0.0,0.0,0.0,0.0
0.0,0.0,0.0,0.0,0.0,0.0
0.0,0.0,0.0,0.0,0.0,0.0
40.6,40.6,40.6,40.6,40.6,40.6
40.6,40.6,40.6,40.6,40.6,40.6
40.6,40.6,40.6,40.6,40.6,40.6
40.6,40.6,40.6,40.6,40.6,40.6
71.0,71.0,71.0,71.0,71.0,71.0
71.0,71.0,71.0,71.0,71.0,71.0
71.0,71.0,71.0,71.0,71.0,71.0
71.0,71.0,71.0,71.0,71.0,71.0
91.1,91.1,91.1,91.1,91.1,91.1
91.1,91.1,91.1,91.1,91.1,91.1
91.1,91.1,91.1,91.1,91.1,91.1
91.1,91.1,91.1,91.1,91.1,91.1
90.9,90.9,90.9,90.9,90.9,90.9
90.9,90.9,90.9,90.9,90.9,90.9
90.9,90.9,90.9,90.9,90.9,90.9
90.9,90.9,90.9,90.9,90.9,90.9
90.9,90.9,90.9,90.9,90.9,90.9
90.9,90.9,90.9,90.9,90.9,90.9
90.9,90.9,90.9,90.9,90.9,90.9
90.9,90.9,90.9,90.9,90.9,90.9
70.6,70.6,70.6,70.6,70.6,70.6
70.6,70.6,70.6,70.6,70.6,70.6
70.6,70.6,70.6,70.6,70.6,70.6
70.6,70.6,70.6,70.6,70.6,70.6
60.4,60.4,60.4,60.4,60.4,60.4
60.4,60.4,60.4,60.4,60.4,60.4
60.4,60.4,60.4,60.4,60.4,60.4
60.4,60.4,60.4,60.4,60.4,60.4
662.3,662.3,662.3,662.3,662.3,662.3
662.3,662.3,662.3,662.3,662.3,662.3
662.3,662.3,662.3,662.3,662.3,662.3
662.3,662.3,662.3,662.3,662.3,662.3
0.0,0.0,0.0,0.0,0.0,0.0
0.0,0.0,0.0,0.0,0.0,0.0
0.0,0.0,0.0,0.0,0.0,0.0
0.0,0.0,0.0,0.0,0.0,0.0
0.0,0.0,0.0,0.0,0.0,0.0
0.0,0.0,0.0,0.0,0.0,0.0
0.0,0.0,0.0,0.0,0.0,0.0
0.0,0.0,0.0,0.0,0.0,0.0
0.0,0.0,0.0,0.0,0.0,0.0
0.0,0.0,0.0,0.0,0.0,0.0
0.0,0.0,0.0,0.0,0.0,0.0
0.0,0.0,0.0,0.0,0.0,0.0
0.0,0.0,0.0,0.0,0.0,0.0
0.0,0.0,0.0,0.0,0.0,0.0
0.0,0.0,0.0,0.0,0.0,0.0
0.0,0.0,0.0,0.0,0.0,0.0
0.0,0.0,0.0,0.0,0.0,0.0
0.0,0.0,0.0,0.0,0.0,0.0
0.0,0.0,0.0,0.0,0.0,0.0
0.0,0.0,0.0,0.0,0.0,0.0
0.0,0.0,0.0,0.0,0.0,0.0
0.0,0.0,0.0,0.0,0.0,0.0
0.0,0.0,0.0,0.0,0.0,0.0
0.0,0.0,0.0,0.0,0.0,0.0
0.0,0.0,0.0,0.0,0.0,0.0
0.0,0.0,0.0,0.0,0.0,0.0
0.0,0.0,0.0,0.0,0.0,0.0
0.0,0.0,0.0,0.0,0.0,0.0
0.0,0.0,0.0,0.0,0.0,0.0
0.0,0.0,0.0,0.0,0.0,0.0
0.0,0.0,0.0,0.0,0.0,0.0
0.0,0.0,0.0,0.0,0.0,0.0
0.0,0.0,0.0,0.0,0.0,0.0
0.0,0.0,0.0,0.0,0.0,0.0
0.0,0.0,0.0,0.0,0.0,0.0
0.0,0.0,0.0,0.0,0.0,0.0
0.0,0.0,0.0,0.0,0.0,0.0
0.0,0.0,0.0,0.0,0.0,0.0
0.0,0.0,0.0,0.0,0.0,0.0
0.0,0.0,0.0,0.0,0.0,0.0
0.0,0.0,0.0,0.0,0.0,0.0
0.0,0.0,0.0,0.0,0.0,0.0
0.0,0.0,0.0,0.0,0.0,0.0
0.0,0.0,0.0,0.0,0.0,0.0
0.0,0.0,0.0,0.0,0.0,0.0
0.0,0.0,0.0,0.0,0.0,0.0
0.0,0.0,0.0,0.0,0.0,0.0
0.0,0.0,0.0,0.0,0.0,0.0
0.0,0.0,0.0,0.0,0.0,0.0
0.0,0.0,0.0,0.0,0.0,0.0
0.0,0.0,0.0,0.0,0.0,0.0
0.0,0.0,0.0,0.0,0.0,0.0
0.0,0.0,0.0,0.0,0.0,0.0
0.0,0.0,0.0,0.0,0.0,0.0
0.0,0.0,0.0,0.0,0.0,0.0
0.0,0.0,0.0,0.0,0.0,0.0
0.0,0.0,0.0,0.0,0.0,0.0
0.0,0.0,0.0,0.0,0.0,0.0
0.0,0.0,0.0,0.0,0.0,0.0
0.0,0.0,0.0,0.0,0.0,0.0
0.0,0.0,0.0,0.0,0.0,0.0
0.0,0.0,0.0,0.0,0.0,0.0
0.0,0.0,0.0,0.0,0.0,0.0
0.0,0.0,0.0,0.0,0.0,0.0
40.5,38.1,41.8,41.1,40.4,40.5
130.3,10.3,24.6,20.5,23.8,32.8
130.9,0.0,0.0,0.0,111.4,0.0
40.4,40.4,40.4,40.4,40.4,40.4
90.6,90.6,90.6,90.6,90.6,90.6
90.6,90.6,90.6,90.6,90.6,90.6
90.6,90.6,90.6,90.6,90.6,90.6
90.6,90.6,90.6,90.6,90.6,90.6
80.4,80.4,80.4,80.4,80.4,80.4
80.4,80.4,80.4,80.4,80.4,80.4
80.4,80.4,80.4,80.4,80.4,80.4
80.4,80.4,80.4,80.4,80.4,80.4
0.0,0.0,0.0,0.0,0.0,0.0
0.0,0.0,0.0,0.0,0.0,0.0
0.0,0.0,0.0,0.0,0.0,0.0
3.8,0.0,0.0,0.0,2003.3,0.0
9.8,0.0,0.0,38.0,494.5,0.0
90.4,90.4,90.4,90.4,90.4,90.4
44.9,14.7,104.7,297.1,34.0,46.9
90.4,90.4,90.4,90.4,90.4,90.4
70.3,70.3,70.3,70.3,70.3,70.3
70.3,70.3,70.3,70.3,70.3,70.3
70.3,70.3,70.3,70.3,70.3,70.3
70.3,70.3,70.3,70.3,70.3,70.3
70.4,70.4,70.4,70.4,70.4,70.4
95.0,34.7,97.7,11.7,164.2,18.8
70.4,70.4,70.4,70.4,70.4,70.4
79.7,75.0,206.9,5.9,45.3,9.4
418.9,44.0,678.2,87.9,200.9,140.7
322.8,2.9,460.3,5.9,1347.7,9.4
327.5,251.4,581.1,8.8,109.1,14.1
320.5,504.4,575.5,5.9,105.7,9.4
163.0,175.3,185.8,67.4,143.7,107.8
0.0,0.0,0.0,0.0,0.0,0.0
0.0,0.0,0.0,0.0,0.0,0.0
0.0,0.0,0.0,0.0,0.0,0.0
0.0,0.0,0.0,0.0,0.0,0.0
0.0,0.0,0.0,0.0,0.0,0.0
0.0,0.0,0.0,0.0,0.0,0.0
0.0,0.0,0.0,0.0,0.0,0.0
0.0,0.0,0.0,0.0,0.0,0.0
0.0,0.0,0.0,0.0,0.0,0.0
0.0,0.0,0.0,0.0,0.0,0.0
0.0,0.0,0.0,0.0,0.0,0.0
0.0,0.0,0.0,0.0,0.0,0.0
0.0,0.0,0.0,0.0,0.0,0.0
0.0,0.0,0.0,0.0,0.0,0.0
0.0,0.0,0.0,0.0,0.0,0.0
0.0,0.0,0.0,0.0,0.0,0.0
0.0,0.0,0.0,0.0,0.0,0.0
0.0,0.0,0.0,0.0,0.0,0.0
0.0,0.0,0.0,0.0,0.0,0.0
0.0,0.0,0.0,0.0,0.0,0.0
0.0,0.0,0.0,0.0,0.0,0.0
0.0,0.0,0.0,0.0,0.0,0.0
0.0,0.0,0.0,0.0,0.0,0.0
0.0,0.0,0.0,0.0,0.0,0.0
0.0,0.0,0.0,0.0,0.0,0.0
0.0,0.0,0.0,0.0,0.0,0.0
0.0,0.0,0.0,0.0,0.0,0.0
0.0,0.0,0.0,0.0,0.0,0.0
0.0,0.0,0.0,0.0,0.0,0.0
0.0,0.0,0.0,0.0,0.0,0.0
0.0,0.0,0.0,0.0,0.0,0.0
0.0,0.0,0.0,0.0,0.0,0.0
0.0,0.0,0.0,0.0,0.0,0.0
0.0,0.0,0.0,0.0,0.0,0.0
0.0,0.0,0.0,0.0,0.0,0.0
0.0,0.0,0.0,0.0,0.0,0.0
0.0,0.0,0.0,0.0,0.0,0.0
0.0,0.0,0.0,0.0,0.0,0.0
0.0,0.0,0.0,0.0,0.0,0.0
0.0,0.0,0.0,0.0,0.0,0.0
0.0,0.0,0.0,0.0,0.0,0.0
0.0,0.0,0.0,0.0,0.0,0.0
0.0,0.0,0.0,0.0,0.0,0.0
0.0,0.0,0.0,0.0,0.0,0.0
0.0,0.0,0.0,0.0,0.0,0.0
0.0,0.0,0.0,0.0,0.0,0.0
0.0,0.0,0.0,0.0,0.0,0.0
0.0,0.0,0.0,0.0,0.0,0.0
0.0,0.0,0.0,0.0,0.0,0.0
0.0,0.0,0.0,0.0,0.0,0.0
0.0,0.0,0.0,0.0,0.0,0.0
0.0,0.0,0.0,0.0,0.0,0.0
0.0,0.0,0.0,0.0,0.0,0.0
0.0,0.0,0.0,0.0,0.0,0.0
0.0,0.0,0.0,0.0,0.0,0.0
0.0,0.0,0.0,0.0,0.0,0.0
0.0,0.0,0.0,0.0,0.0,0.0
0.0,0.0,0.0,0.0,0.0,0.0
0.0,0.0,0.0,0.0,0.0,0.0
0.0,0.0,0.0,0.0,0.0,0.0
0.0,0.0,0.0,0.0,0.0,0.0
0.0,0.0,0.0,0.0,0.0,0.0
0.0,0.0,0.0,0.0,0.0,0.0
0.0,0.0,0.0,75.9,76.1,88.9
0.0,0.0,0.0,96.9,68.1,76.0
0.0,42.4,0.0,83.7,46.3,68.4
28.1,45.1,28.1,61.1,27.2,51.3
70.1,70.4,70.1,71.1,68.0,71.0
70.1,70.1,70.1,70.1,70.1,70.1
70.1,70.1,70.1,70.1,70.1,70.1
70.1,70.1,70.1,70.1,70.1,70.1
89.9,89.9,89.9,89.9,89.9,89.9
89.9,89.9,89.9,89.9,89.9,89.9
89.9,89.9,89.9,89.9,89.9,89.9
89.9,89.9,89.9,89.9,89.9,89.9
169.5,169.5,169.5,169.5,169.5,169.5
169.5,169.5,169.5,169.5,169.5,169.5
169.5,169.5,169.5,169.5,169.5,169.5
169.5,169.5,169.5,169.5,169.5,169.5
182.6,199.9,239.8,5.9,318.7,9.4
159.4,159.4,159.4,159.4,159.4,159.4
159.4,159.4,159.4,159.4,159.4,159.4
159.4,159.4,159.4,159.4,159.4,159.4
1100.0,864.3,2123.5,527.0,2844.1,575.4
652.7,1064.4,2574.1,500.3,3559.5,497.6
453.2,1300.4,1562.7,464.3,4373.9,438.7
353.7,759.9,1075.8,380.2,2558.6,354.4
215.6,647.7,1102.9,565.7,2181.0,527.3
156.1,487.7,405.6,409.5,1642.0,381.7
148.2,198.1,385.2,388.9,667.0,362.4
0.0,0.0,0.0,0.0,0.0,0.0
59.8,24.9,59.8,49.8,57.8,79.7
42.2,17.6,42.2,35.2,40.8,56.3
0.0,0.0,0.0,0.0,0.0,0.0
0.0,0.0,0.0,0.0,0.0,0.0
0.0,0.0,0.0,0.0,0.0,0.0
0.0,0.0,0.0,0.0,0.0,0.0
0.0,0.0,0.0,0.0,0.0,0.0
0.0,0.0,0.0,0.0,0.0,0.0
14.1,5.9,14.1,11.7,13.6,18.8
73.8,30.8,73.8,61.5,71.4,98.5
14.1,5.9,14.1,405.8,1369.9,18.8
0.0,0.0,0.0,681.8,1410.3,0.0
179.1,286.6,0.0,668.8,1712.6,179.1
150.2,156.5,0.0,188.9,221.9,150.2
0.0,0.0,0.0,0.0,0.0,0.0
0.0,0.0,0.0,0.0,0.0,0.0
0.0,0.0,0.0,0.0,0.0,0.0
0.0,0.0,0.0,0.0,0.0,0.0
0.0,0.0,0.0,0.0,0.0,0.0
0.0,0.0,0.0,0.0,0.0,0.0
0.0,0.0,0.0,0.0,0.0,0.0
0.0,0.0,0.0,0.0,0.0,0.0
0.0,0.0,0.0,0.0,0.0,0.0
0.0,0.0,0.0,0.0,0.0,0.0
0.0,0.0,0.0,0.0,0.0,0.0
0.0,0.0,0.0,0.0,0.0,0.0
0.0,0.0,0.0,0.0,0.0,0.0
0.0,0.0,0.0,0.0,0.0,0.0
0.0,0.0,0.0,0.0,0.0,0.0
0.0,0.0,0.0,0.0,0.0,0.0
0.0,0.0,0.0,0.0,0.0,0.0
0.0,0.0,0.0,0.0,0.0,0.0
